50.000000 50.000000 50.000000 50.000000 50.000000 50.000000 50.000000 50.000000 50.000000 50.000000 50.000000 50.000000 50.000000 50.000000 50.000000 50.000000 50.000000 50.000000 50.000000 50.000000 50.000000 50.000000 50.000000 50.000000 50.000000 50.000000 50.000000 50.000000 50.000000 50.000000 50.000000 50.000000 50.000000 50.000000 50.000000 50.000000 50.000000 50.000000 50.000000 50.000000 50.000000 50.000000 50.000000 50.000000 50.000000 50.000000 50.000000 50.000000 50.000000 50.000000 
50.000000 49.061384 48.150427 47.292344 46.507824 45.811588 45.211755 44.710013 44.302473 43.980977 43.734611 43.551181 43.418456 43.325103 43.261261 43.218797 43.191320 43.174018 43.163412 43.157081 43.153400 43.151315 43.150163 43.149541 43.149210 43.149033 43.148928 43.148842 43.148730 43.148539 43.148182 43.147511 43.146264 43.143990 43.139923 43.132779 43.120453 43.099531 43.064546 43.006786 42.912376 42.759012 42.510100 42.103427 41.427265 40.264755 38.149874 33.950935 24.530692 0.000000 
50.000000 48.150427 46.355357 44.664478 43.118558 41.746606 40.564621 39.575928 38.772863 38.139350 37.653885 37.292435 37.030901 36.846950 36.721149 36.637476 36.583332 36.549238 36.528340 36.515866 36.508613 36.504504 36.502233 36.501008 36.500358 36.500009 36.499803 36.499636 36.499424 36.499061 36.498385 36.497114 36.494757 36.490467 36.482802 36.469369 36.446245 36.407115 36.341938 36.234884 36.061103 35.781488 35.333861 34.617455 33.464309 31.584791 28.463596 23.177678 14.199491 0.000000 
50.000000 47.292344 44.664478 42.189144 39.926022 37.917581 36.187242 34.739873 33.564251 32.636843 31.926167 31.397039 31.014181 30.744897 30.560740 30.438253 30.358994 30.309086 30.278493 30.260233 30.249617 30.243602 30.240279 30.238485 30.237534 30.237026 30.236727 30.236491 30.236196 30.235696 30.234769 30.233031 30.229813 30.223967 30.213551 30.195351 30.164142 30.111583 30.024558 29.882718 29.654785 29.292974 28.724433 27.837976 26.463684 24.343235 21.094572 16.200882 9.142470 0.000000 
50.000000 46.507824 43.118558 39.926022 37.007190 34.416835 32.185164 30.318454 28.802229 27.606136 26.689572 26.007154 25.513384 25.166093 24.928590 24.770621 24.668405 24.604041 24.564588 24.541039 24.527348 24.519591 24.515306 24.512994 24.511768 24.511116 24.510738 24.510446 24.510091 24.509501 24.508410 24.506371 24.502606 24.495785 24.483675 24.462600 24.426638 24.366438 24.267505 24.107768 23.854144 23.457779 22.847557 21.921634 20.537493 18.503595 15.582788 11.533767 6.243069 0.000000 
50.000000 45.811588 41.746606 37.917581 34.416835 31.310062 28.633489 26.394645 24.576164 23.141641 22.042374 21.223933 20.631745 20.215236 19.930399 19.740949 19.618364 19.541174 19.493859 19.465619 19.449200 19.439899 19.434760 19.431988 19.430521 19.429742 19.429298 19.428966 19.428578 19.427944 19.426782 19.424617 19.420634 19.413442 19.400725 19.378696 19.341321 19.279183 19.177920 19.016101 18.762455 18.372399 17.783993 16.913914 15.655031 13.879343 11.453898 8.282297 4.384322 0.000000 
50.000000 45.211755 40.564621 36.187242 32.185164 28.633489 25.573633 23.014198 20.935332 19.295412 18.038759 17.103145 16.426182 15.950051 15.624443 15.407879 15.267750 15.179514 15.125430 15.093149 15.074381 15.063749 15.057876 15.054709 15.053034 15.052150 15.051652 15.051296 15.050898 15.050265 15.049115 15.046985 15.043078 15.036054 15.023686 15.002375 14.966439 14.907130 14.811323 14.659843 14.425445 14.070600 13.545463 12.786816 11.719575 10.263530 8.349266 5.947166 3.108328 0.000000 
50.000000 44.710013 39.575928 34.739873 30.318454 26.394645 23.014198 20.186618 17.889967 16.078258 14.689974 13.656366 12.908506 12.382515 12.022813 11.783575 11.628777 11.531306 11.471561 11.435902 11.415171 11.403427 11.396941 11.393443 11.391596 11.390625 11.390087 11.389719 11.389331 11.388735 11.387666 11.385694 11.382096 11.375651 11.364358 11.345005 11.312578 11.259460 11.174410 11.041336 10.837955 10.534562 10.093309 9.468735 8.610652 7.470897 6.015440 4.242067 2.199914 0.000000 
50.000000 44.302473 38.772863 33.564251 28.802229 24.576164 20.935332 17.889967 15.416438 13.465212 11.970028 10.856840 10.051406 9.484928 9.097543 8.839895 8.673187 8.568217 8.503877 8.465477 8.443152 8.430505 8.423521 8.419756 8.417769 8.416730 8.416164 8.415794 8.415431 8.414895 8.413951 8.412222 8.409081 8.403480 8.393714 8.377069 8.349358 8.304300 8.232774 8.121972 7.954585 7.708219 7.355405 6.864732 6.203765 5.344450 4.271277 2.991375 1.543461 0.000000 
50.000000 43.980977 38.139350 32.636843 27.606136 23.141641 19.295412 16.078258 13.465212 11.403940 9.824443 8.648490 7.797651 7.199244 6.790028 6.517863 6.341764 6.230882 6.162920 6.122357 6.098776 6.085418 6.078041 6.074067 6.071971 6.070879 6.070294 6.069930 6.069598 6.069137 6.068341 6.066895 6.064282 6.059644 6.051596 6.037955 6.015387 5.978953 5.921589 5.833554 5.701970 5.510626 5.240303 4.869967 4.379186 3.751993 2.982058 2.078247 1.068601 0.000000 
50.000000 43.734611 37.653885 31.926167 26.689572 22.042374 18.038759 14.689974 11.970028 9.824443 8.180348 6.956311 6.070688 5.447821 5.021883 4.738600 4.555308 4.439899 4.369162 4.326944 4.302401 4.288499 4.280822 4.276686 4.274508 4.273377 4.272780 4.272425 4.272129 4.271744 4.271100 4.269943 4.267862 4.264187 4.257839 4.247139 4.229543 4.201329 4.157245 4.090174 3.990889 3.848056 3.648639 3.378915 3.026273 2.581804 2.043449 1.419001 0.727826 0.000000 
50.000000 43.551181 37.292435 31.397039 26.007154 21.223933 17.103145 13.656366 10.856840 8.648490 6.956311 5.696482 4.784969 4.143899 3.705516 3.413959 3.225315 3.106537 3.033736 2.990287 2.965028 2.950720 2.942820 2.938565 2.936326 2.935167 2.934563 2.934219 2.933957 2.933645 2.933142 2.932252 2.930661 2.927865 2.923058 2.914997 2.901817 2.880818 2.848241 2.799065 2.726901 2.624066 2.481956 2.291821 2.046013 1.739649 1.372481 0.950497 0.486635 0.000000 
50.000000 43.418456 37.030901 31.014181 25.513384 20.631745 16.426182 12.908506 10.051406 7.797651 6.070688 4.784969 3.854731 3.200494 2.753111 2.455570 2.263056 2.141842 2.067549 2.023210 1.997434 1.982834 1.974772 1.970431 1.968148 1.966970 1.966362 1.966029 1.965797 1.965548 1.965168 1.964508 1.963337 1.961289 1.957785 1.951937 1.942427 1.927365 1.904151 1.869359 1.818698 1.747106 1.649045 1.519052 1.352562 1.146946 0.902598 0.623785 0.318925 0.000000 
50.000000 43.325104 36.846950 30.744897 25.166093 20.215236 15.950051 12.382515 9.484928 7.199244 5.447821 4.143899 3.200495 2.537002 2.083292 1.781545 1.586311 1.463385 1.388043 1.343078 1.316939 1.302133 1.293959 1.289557 1.287243 1.286052 1.285443 1.285120 1.284913 1.284716 1.284436 1.283963 1.283131 1.281684 1.279219 1.275125 1.268501 1.258068 1.242082 1.218279 1.183857 1.135570 1.069937 0.983612 0.873915 0.739454 0.580755 0.400705 0.204650 0.000000 
50.000000 43.261261 36.721149 30.560740 24.928590 19.930399 15.624443 12.022814 9.097543 6.790028 5.021884 3.705517 2.753112 2.083292 1.625258 1.320636 1.123543 0.999448 0.923389 0.877997 0.851610 0.836664 0.828412 0.823969 0.821634 0.820434 0.819825 0.819510 0.819323 0.819166 0.818964 0.818635 0.818063 0.817075 0.815400 0.812629 0.808167 0.801175 0.790520 0.774745 0.752073 0.720474 0.677809 0.622068 0.551703 0.465990 0.365390 0.251781 0.128482 0.000000 
50.000000 43.218798 36.637476 30.438253 24.770622 19.740950 15.407879 11.783576 8.839896 6.517864 4.738601 3.413959 2.455571 1.781545 1.320636 1.014104 0.815775 0.690903 0.614368 0.568692 0.542140 0.527100 0.518797 0.514327 0.511979 0.510773 0.510165 0.509855 0.509683 0.509557 0.509412 0.509189 0.508808 0.508155 0.507053 0.505238 0.502327 0.497786 0.490902 0.480762 0.466269 0.446183 0.419218 0.384194 0.340226 0.286947 0.224702 0.154674 0.078875 0.000000 
50.000000 43.191320 36.583333 30.358995 24.668406 19.618365 15.267751 11.628779 8.673188 6.341766 4.555310 3.225316 2.263058 1.586312 1.123544 0.815776 0.616649 0.491274 0.414432 0.368572 0.341914 0.326814 0.318478 0.313990 0.311633 0.310424 0.309816 0.309511 0.309350 0.309245 0.309141 0.308992 0.308746 0.308327 0.307624 0.306471 0.304630 0.301770 0.297453 0.291125 0.282123 0.269710 0.253129 0.231698 0.204924 0.172622 0.135029 0.092867 0.047330 0.000000 
50.000000 43.174018 36.549240 30.309087 24.604043 19.541176 15.179517 11.531309 8.568221 6.230886 4.439903 3.106541 2.141846 1.463389 0.999451 0.690906 0.491277 0.365585 0.288550 0.242575 0.215849 0.200711 0.192354 0.187855 0.185493 0.184282 0.183674 0.183372 0.183219 0.183128 0.183052 0.182954 0.182799 0.182538 0.182103 0.181393 0.180262 0.178513 0.175883 0.172045 0.166608 0.159143 0.149217 0.136441 0.120545 0.101439 0.079276 0.054483 0.027755 0.000000 
50.000000 43.163413 36.528342 30.278497 24.564593 19.493866 15.125437 11.471569 8.503886 6.162929 4.369171 3.033745 2.067559 1.388053 0.923399 0.614377 0.414440 0.288555 0.211401 0.165356 0.138589 0.123428 0.115058 0.110553 0.108187 0.106975 0.106367 0.106068 0.105919 0.105838 0.105780 0.105716 0.105619 0.105462 0.105200 0.104775 0.104100 0.103060 0.101503 0.099238 0.096042 0.091672 0.085882 0.078459 0.069255 0.058228 0.045471 0.031231 0.015904 0.000000 
50.000000 43.157084 36.515872 30.260243 24.541051 19.465634 15.093166 11.435921 8.465496 6.122378 4.326966 2.990309 2.023232 1.343101 0.878020 0.568715 0.368594 0.242594 0.165369 0.119281 0.092490 0.077315 0.068938 0.064429 0.062061 0.060848 0.060241 0.059942 0.059797 0.059722 0.059676 0.059632 0.059573 0.059480 0.059327 0.059079 0.058688 0.058087 0.057189 0.055888 0.054059 0.051565 0.048274 0.044067 0.038867 0.032654 0.025483 0.017494 0.008905 0.000000 
50.000000 43.153408 36.508628 30.249639 24.527376 19.449234 15.074420 11.415213 8.443197 6.098824 4.302451 2.965079 1.997486 1.316991 0.851662 0.542192 0.341965 0.215898 0.138632 0.092520 0.065715 0.050532 0.042150 0.037638 0.035270 0.034056 0.033449 0.033152 0.033008 0.032937 0.032898 0.032867 0.032831 0.032777 0.032689 0.032549 0.032328 0.031989 0.031485 0.030756 0.029735 0.028347 0.026521 0.024193 0.021324 0.017904 0.013964 0.009582 0.004877 0.000000 
50.000000 43.151332 36.504537 30.243651 24.519654 19.439974 15.063835 11.403521 8.430606 6.085525 4.288609 2.950834 1.982949 1.302250 0.836781 0.527218 0.326931 0.200826 0.123537 0.077411 0.050598 0.035410 0.027026 0.022513 0.020144 0.018930 0.018323 0.018026 0.017884 0.017815 0.017780 0.017757 0.017734 0.017703 0.017654 0.017576 0.017454 0.017267 0.016990 0.016591 0.016033 0.015277 0.014284 0.013023 0.011471 0.009626 0.007504 0.005147 0.002619 0.000000 
50.000000 43.150200 36.502307 30.240386 24.515444 19.434925 15.058064 11.397147 8.423742 6.078274 4.281063 2.943068 1.975024 1.294214 0.828668 0.519055 0.318735 0.192609 0.115308 0.069175 0.042357 0.027167 0.018782 0.014268 0.011898 0.010684 0.010077 0.009781 0.009639 0.009572 0.009539 0.009520 0.009505 0.009487 0.009459 0.009416 0.009349 0.009247 0.009096 0.008880 0.008578 0.008169 0.007635 0.006957 0.006124 0.005137 0.004003 0.002745 0.001396 0.000000 
50.000000 43.149621 36.501166 30.238716 24.513290 19.432343 15.055112 11.393886 8.420230 6.074565 4.277203 2.939095 1.970970 1.290102 0.824518 0.514879 0.314542 0.188406 0.111098 0.064961 0.038141 0.022950 0.014564 0.010050 0.007680 0.006466 0.005859 0.005563 0.005421 0.005355 0.005323 0.005307 0.005295 0.005284 0.005268 0.005243 0.005205 0.005147 0.005062 0.004940 0.004770 0.004541 0.004241 0.003863 0.003399 0.002849 0.002219 0.001521 0.000774 0.000000 
50.000000 43.149379 36.500689 30.238018 24.512390 19.431263 15.053878 11.392523 8.418763 6.073015 4.275589 2.937435 1.969276 1.288384 0.822784 0.513133 0.312790 0.186649 0.109339 0.063200 0.036379 0.021188 0.012801 0.008287 0.005917 0.004703 0.004096 0.003800 0.003658 0.003592 0.003561 0.003545 0.003536 0.003527 0.003516 0.003499 0.003473 0.003434 0.003377 0.003294 0.003180 0.003026 0.002825 0.002572 0.002262 0.001896 0.001476 0.001012 0.000514 0.000000 
50.000000 43.149379 36.500689 30.238018 24.512390 19.431263 15.053878 11.392523 8.418763 6.073015 4.275589 2.937435 1.969276 1.288384 0.822784 0.513133 0.312790 0.186649 0.109339 0.063200 0.036379 0.021188 0.012801 0.008287 0.005917 0.004703 0.004096 0.003800 0.003658 0.003592 0.003561 0.003545 0.003536 0.003527 0.003516 0.003499 0.003473 0.003434 0.003377 0.003294 0.003180 0.003026 0.002825 0.002572 0.002262 0.001896 0.001476 0.001012 0.000514 0.000000 
50.000000 43.149621 36.501166 30.238716 24.513290 19.432343 15.055112 11.393886 8.420230 6.074565 4.277203 2.939095 1.970970 1.290102 0.824518 0.514879 0.314542 0.188406 0.111098 0.064961 0.038141 0.022950 0.014564 0.010050 0.007680 0.006466 0.005859 0.005563 0.005421 0.005355 0.005323 0.005307 0.005295 0.005284 0.005268 0.005243 0.005205 0.005147 0.005062 0.004940 0.004770 0.004541 0.004241 0.003863 0.003399 0.002849 0.002219 0.001521 0.000774 0.000000 
50.000000 43.150200 36.502307 30.240386 24.515444 19.434925 15.058064 11.397147 8.423742 6.078274 4.281063 2.943068 1.975024 1.294214 0.828668 0.519055 0.318735 0.192609 0.115308 0.069175 0.042357 0.027167 0.018782 0.014268 0.011898 0.010684 0.010077 0.009781 0.009639 0.009572 0.009539 0.009520 0.009505 0.009487 0.009459 0.009416 0.009349 0.009247 0.009096 0.008880 0.008578 0.008169 0.007635 0.006957 0.006124 0.005137 0.004003 0.002745 0.001396 0.000000 
50.000000 43.151332 36.504537 30.243651 24.519654 19.439974 15.063835 11.403521 8.430606 6.085525 4.288609 2.950834 1.982949 1.302250 0.836781 0.527218 0.326931 0.200826 0.123537 0.077411 0.050598 0.035410 0.027026 0.022513 0.020144 0.018930 0.018323 0.018026 0.017884 0.017815 0.017780 0.017757 0.017734 0.017703 0.017654 0.017576 0.017454 0.017267 0.016990 0.016591 0.016033 0.015277 0.014284 0.013023 0.011471 0.009626 0.007504 0.005147 0.002619 0.000000 
50.000000 43.153408 36.508628 30.249639 24.527376 19.449234 15.074420 11.415213 8.443197 6.098824 4.302451 2.965079 1.997486 1.316991 0.851662 0.542192 0.341965 0.215898 0.138632 0.092520 0.065715 0.050532 0.042150 0.037638 0.035270 0.034056 0.033449 0.033152 0.033008 0.032937 0.032898 0.032867 0.032831 0.032777 0.032689 0.032549 0.032328 0.031989 0.031485 0.030756 0.029735 0.028347 0.026521 0.024193 0.021324 0.017904 0.013964 0.009582 0.004877 0.000000 
50.000000 43.157084 36.515872 30.260243 24.541051 19.465634 15.093166 11.435921 8.465496 6.122378 4.326966 2.990309 2.023232 1.343101 0.878020 0.568715 0.368594 0.242594 0.165369 0.119281 0.092490 0.077315 0.068938 0.064429 0.062061 0.060848 0.060241 0.059942 0.059797 0.059722 0.059676 0.059632 0.059573 0.059480 0.059327 0.059079 0.058688 0.058087 0.057189 0.055888 0.054059 0.051565 0.048274 0.044067 0.038867 0.032654 0.025483 0.017494 0.008905 0.000000 
50.000000 43.163413 36.528342 30.278497 24.564593 19.493866 15.125437 11.471569 8.503886 6.162929 4.369171 3.033745 2.067559 1.388053 0.923399 0.614377 0.414440 0.288555 0.211401 0.165356 0.138589 0.123428 0.115058 0.110553 0.108187 0.106975 0.106367 0.106068 0.105919 0.105838 0.105780 0.105716 0.105619 0.105462 0.105200 0.104775 0.104100 0.103060 0.101503 0.099238 0.096042 0.091672 0.085882 0.078459 0.069255 0.058228 0.045471 0.031231 0.015904 0.000000 
50.000000 43.174018 36.549240 30.309087 24.604043 19.541176 15.179517 11.531309 8.568221 6.230886 4.439903 3.106541 2.141846 1.463389 0.999451 0.690906 0.491277 0.365585 0.288550 0.242575 0.215849 0.200711 0.192354 0.187855 0.185493 0.184282 0.183674 0.183372 0.183219 0.183128 0.183052 0.182954 0.182799 0.182538 0.182103 0.181393 0.180262 0.178513 0.175883 0.172045 0.166608 0.159143 0.149217 0.136441 0.120545 0.101439 0.079276 0.054483 0.027755 0.000000 
50.000000 43.191320 36.583333 30.358995 24.668406 19.618365 15.267751 11.628779 8.673188 6.341766 4.555310 3.225316 2.263058 1.586312 1.123544 0.815776 0.616649 0.491274 0.414432 0.368572 0.341914 0.326814 0.318478 0.313990 0.311633 0.310424 0.309816 0.309511 0.309350 0.309245 0.309141 0.308992 0.308746 0.308327 0.307624 0.306471 0.304630 0.301770 0.297453 0.291125 0.282123 0.269710 0.253129 0.231698 0.204924 0.172622 0.135029 0.092867 0.047330 0.000000 
50.000000 43.218798 36.637476 30.438253 24.770622 19.740950 15.407879 11.783576 8.839896 6.517864 4.738601 3.413959 2.455571 1.781545 1.320636 1.014104 0.815775 0.690903 0.614368 0.568692 0.542140 0.527100 0.518797 0.514327 0.511979 0.510773 0.510165 0.509855 0.509683 0.509557 0.509412 0.509189 0.508808 0.508155 0.507053 0.505238 0.502327 0.497786 0.490902 0.480762 0.466269 0.446183 0.419218 0.384194 0.340226 0.286947 0.224702 0.154674 0.078875 0.000000 
50.000000 43.261261 36.721149 30.560740 24.928590 19.930399 15.624443 12.022814 9.097543 6.790028 5.021884 3.705517 2.753112 2.083292 1.625258 1.320636 1.123543 0.999448 0.923389 0.877997 0.851610 0.836664 0.828412 0.823969 0.821634 0.820434 0.819825 0.819510 0.819323 0.819166 0.818964 0.818635 0.818063 0.817075 0.815400 0.812629 0.808167 0.801175 0.790520 0.774745 0.752073 0.720474 0.677809 0.622068 0.551703 0.465990 0.365390 0.251781 0.128482 0.000000 
50.000000 43.325104 36.846950 30.744897 25.166093 20.215236 15.950051 12.382515 9.484928 7.199244 5.447821 4.143899 3.200495 2.537002 2.083292 1.781545 1.586311 1.463385 1.388043 1.343078 1.316939 1.302133 1.293959 1.289557 1.287243 1.286052 1.285443 1.285120 1.284913 1.284716 1.284436 1.283963 1.283131 1.281684 1.279219 1.275125 1.268501 1.258068 1.242082 1.218279 1.183857 1.135570 1.069937 0.983612 0.873915 0.739454 0.580755 0.400705 0.204650 0.000000 
50.000000 43.418456 37.030901 31.014181 25.513384 20.631745 16.426182 12.908506 10.051406 7.797651 6.070688 4.784969 3.854731 3.200494 2.753111 2.455570 2.263056 2.141842 2.067549 2.023210 1.997434 1.982834 1.974772 1.970431 1.968148 1.966970 1.966362 1.966029 1.965797 1.965548 1.965168 1.964508 1.963337 1.961289 1.957785 1.951937 1.942427 1.927365 1.904151 1.869359 1.818698 1.747106 1.649045 1.519052 1.352562 1.146946 0.902598 0.623785 0.318925 0.000000 
50.000000 43.551181 37.292435 31.397039 26.007154 21.223933 17.103145 13.656366 10.856840 8.648490 6.956311 5.696482 4.784969 4.143899 3.705516 3.413959 3.225315 3.106537 3.033736 2.990287 2.965028 2.950720 2.942820 2.938565 2.936326 2.935167 2.934563 2.934219 2.933957 2.933645 2.933142 2.932252 2.930661 2.927865 2.923058 2.914997 2.901817 2.880818 2.848241 2.799065 2.726901 2.624066 2.481956 2.291821 2.046013 1.739649 1.372481 0.950497 0.486635 0.000000 
50.000000 43.734611 37.653885 31.926167 26.689572 22.042374 18.038759 14.689974 11.970028 9.824443 8.180348 6.956311 6.070688 5.447821 5.021883 4.738600 4.555308 4.439899 4.369162 4.326944 4.302401 4.288499 4.280822 4.276686 4.274508 4.273377 4.272780 4.272425 4.272129 4.271744 4.271100 4.269943 4.267862 4.264187 4.257839 4.247139 4.229543 4.201329 4.157245 4.090174 3.990889 3.848056 3.648639 3.378915 3.026273 2.581804 2.043449 1.419001 0.727826 0.000000 
50.000000 43.980977 38.139350 32.636843 27.606136 23.141641 19.295412 16.078258 13.465212 11.403940 9.824443 8.648490 7.797651 7.199244 6.790028 6.517863 6.341764 6.230882 6.162920 6.122357 6.098776 6.085418 6.078041 6.074067 6.071971 6.070879 6.070294 6.069930 6.069598 6.069137 6.068341 6.066895 6.064282 6.059644 6.051596 6.037955 6.015387 5.978953 5.921589 5.833554 5.701970 5.510626 5.240303 4.869967 4.379186 3.751993 2.982058 2.078247 1.068601 0.000000 
50.000000 44.302473 38.772863 33.564251 28.802229 24.576164 20.935332 17.889967 15.416438 13.465212 11.970028 10.856840 10.051406 9.484928 9.097543 8.839895 8.673187 8.568217 8.503877 8.465477 8.443152 8.430505 8.423521 8.419756 8.417769 8.416730 8.416164 8.415794 8.415431 8.414895 8.413951 8.412222 8.409081 8.403480 8.393714 8.377069 8.349358 8.304300 8.232774 8.121972 7.954585 7.708219 7.355405 6.864732 6.203765 5.344450 4.271277 2.991375 1.543461 0.000000 
50.000000 44.710013 39.575928 34.739873 30.318454 26.394645 23.014198 20.186618 17.889967 16.078258 14.689974 13.656366 12.908506 12.382515 12.022813 11.783575 11.628777 11.531306 11.471561 11.435902 11.415171 11.403427 11.396941 11.393443 11.391596 11.390625 11.390087 11.389719 11.389331 11.388735 11.387666 11.385694 11.382096 11.375651 11.364358 11.345005 11.312578 11.259460 11.174410 11.041336 10.837955 10.534562 10.093309 9.468735 8.610652 7.470897 6.015440 4.242067 2.199914 0.000000 
50.000000 45.211755 40.564621 36.187242 32.185164 28.633489 25.573633 23.014198 20.935332 19.295412 18.038759 17.103145 16.426182 15.950051 15.624443 15.407879 15.267750 15.179514 15.125430 15.093149 15.074381 15.063749 15.057876 15.054709 15.053034 15.052150 15.051652 15.051296 15.050898 15.050265 15.049115 15.046985 15.043078 15.036054 15.023686 15.002375 14.966439 14.907130 14.811323 14.659843 14.425445 14.070600 13.545463 12.786816 11.719575 10.263530 8.349266 5.947166 3.108328 0.000000 
50.000000 45.811588 41.746606 37.917581 34.416835 31.310062 28.633489 26.394645 24.576164 23.141641 22.042374 21.223933 20.631745 20.215236 19.930399 19.740949 19.618364 19.541174 19.493859 19.465619 19.449200 19.439899 19.434760 19.431988 19.430521 19.429742 19.429298 19.428966 19.428578 19.427944 19.426782 19.424617 19.420634 19.413442 19.400725 19.378696 19.341321 19.279183 19.177920 19.016101 18.762455 18.372399 17.783993 16.913914 15.655031 13.879343 11.453898 8.282297 4.384322 0.000000 
50.000000 46.507824 43.118558 39.926022 37.007190 34.416835 32.185164 30.318454 28.802229 27.606136 26.689572 26.007154 25.513384 25.166093 24.928590 24.770621 24.668405 24.604041 24.564588 24.541039 24.527348 24.519591 24.515306 24.512994 24.511768 24.511116 24.510738 24.510446 24.510091 24.509501 24.508410 24.506371 24.502606 24.495785 24.483675 24.462600 24.426638 24.366438 24.267505 24.107768 23.854144 23.457779 22.847557 21.921634 20.537493 18.503595 15.582788 11.533767 6.243069 0.000000 
50.000000 47.292344 44.664478 42.189144 39.926022 37.917581 36.187242 34.739873 33.564251 32.636843 31.926167 31.397039 31.014181 30.744897 30.560740 30.438253 30.358994 30.309086 30.278493 30.260233 30.249617 30.243602 30.240279 30.238485 30.237534 30.237026 30.236727 30.236491 30.236196 30.235696 30.234769 30.233031 30.229813 30.223967 30.213551 30.195351 30.164142 30.111583 30.024558 29.882718 29.654785 29.292974 28.724433 27.837976 26.463684 24.343235 21.094572 16.200882 9.142470 0.000000 
50.000000 48.150427 46.355357 44.664478 43.118558 41.746606 40.564621 39.575928 38.772863 38.139350 37.653885 37.292435 37.030901 36.846950 36.721149 36.637476 36.583332 36.549238 36.528340 36.515866 36.508613 36.504504 36.502233 36.501008 36.500358 36.500009 36.499803 36.499636 36.499424 36.499061 36.498385 36.497114 36.494757 36.490467 36.482802 36.469369 36.446245 36.407115 36.341938 36.234884 36.061103 35.781488 35.333861 34.617455 33.464309 31.584791 28.463596 23.177678 14.199491 0.000000 
50.000000 49.061384 48.150427 47.292344 46.507824 45.811588 45.211755 44.710013 44.302473 43.980977 43.734611 43.551181 43.418456 43.325103 43.261261 43.218797 43.191320 43.174018 43.163412 43.157081 43.153400 43.151315 43.150163 43.149541 43.149210 43.149033 43.148928 43.148842 43.148730 43.148539 43.148182 43.147511 43.146264 43.143990 43.139923 43.132779 43.120453 43.099531 43.064546 43.006786 42.912376 42.759012 42.510100 42.103427 41.427265 40.264755 38.149874 33.950935 24.530692 0.000000 
50.000000 50.000000 50.000000 50.000000 50.000000 50.000000 50.000000 50.000000 50.000000 50.000000 50.000000 50.000000 50.000000 50.000000 50.000000 50.000000 50.000000 50.000000 50.000000 50.000000 50.000000 50.000000 50.000000 50.000000 50.000000 50.000000 50.000000 50.000000 50.000000 50.000000 50.000000 50.000000 50.000000 50.000000 50.000000 50.000000 50.000000 50.000000 50.000000 50.000000 50.000000 50.000000 50.000000 50.000000 50.000000 50.000000 50.000000 50.000000 50.000000 50.000000 
