50.000000 50.000000 50.000000 50.000000 50.000000 50.000000 50.000000 50.000000 50.000000 50.000000 50.000000 50.000000 50.000000 50.000000 50.000000 50.000000 50.000000 50.000000 50.000000 50.000000 50.000000 50.000000 50.000000 50.000000 50.000000 50.000000 50.000000 50.000000 50.000000 50.000000 50.000000 50.000000 50.000000 50.000000 50.000000 50.000000 50.000000 50.000000 50.000000 50.000000 50.000000 50.000000 50.000000 50.000000 50.000000 50.000000 50.000000 50.000000 50.000000 50.000000 
50.000000 49.763668 49.529089 49.297981 49.071979 48.852612 48.641262 48.439145 48.247288 48.066515 47.897440 47.740467 47.595796 47.463428 47.343184 47.234722 47.137557 47.051083 46.974591 46.907296 46.848349 46.796858 46.751897 46.712515 46.677741 46.646578 46.618000 46.590932 46.564233 46.536658 46.506820 46.473128 46.433714 46.386323 46.328171 46.255740 46.164489 46.048414 45.899385 45.706084 45.452246 45.113600 44.652234 44.005482 43.062230 41.607436 39.178153 34.646968 24.881942 0.000000 
50.000000 49.529099 49.061693 48.601201 48.150885 47.713787 47.292665 46.889941 46.507658 46.147461 45.810575 45.497803 45.209542 44.945797 44.706211 44.490104 44.296508 44.124217 43.971822 43.837757 43.720336 43.617781 43.528253 43.449862 43.380679 43.318729 43.261978 43.208303 43.155451 43.100975 43.042152 42.975874 42.898501 42.805660 42.691978 42.550708 42.373194 42.148089 41.860191 41.488617 41.003898 40.363132 39.501599 38.317677 36.644617 34.196327 30.463473 24.531306 14.882573 0.000000 
50.000000 49.298020 48.601250 47.914785 47.243492 46.591903 45.964130 45.363782 44.793909 44.256959 43.754759 43.288509 42.858800 42.465638 42.108495 41.786356 41.497782 41.240975 41.013839 40.814044 40.639079 40.486305 40.352987 40.236321 40.133448 40.041447 39.957315 39.877930 39.799986 39.719910 39.633748 39.537007 39.424460 39.289870 39.125637 38.922301 38.667858 38.346781 37.938600 37.415778 36.740484 35.859565 34.696593 33.139215 31.019282 28.083558 23.958521 18.139194 10.120550 0.000000 
50.000000 49.072080 48.151047 47.243637 46.356281 45.494972 44.665145 43.871570 43.118279 42.408510 41.744677 41.128368 40.560362 40.040672 39.568600 39.142806 38.761392 38.421985 38.121819 37.857821 37.626683 37.424927 37.248957 37.095088 36.959572 36.838587 36.728217 36.624408 36.522886 36.419061 36.307883 36.183661 36.039827 35.868620 35.660681 35.404503 35.085692 34.685945 34.181635 33.541793 32.725249 31.676551 30.320229 28.553074 26.234848 23.180395 19.163205 13.956689 7.465594 0.000000 
50.000000 48.852820 47.714156 46.592333 45.495303 44.430476 43.404569 42.423483 41.492200 40.614725 39.794042 39.032116 38.329913 37.687448 37.103862 36.577502 36.106027 35.686506 35.315530 34.989312 34.703775 34.454640 34.237486 34.047794 33.880972 33.732359 33.597196 33.470574 33.347359 33.222067 33.088721 32.940646 32.770215 32.568525 32.324976 32.026725 31.657982 31.199071 30.625198 29.904816 28.997494 27.851219 26.399204 24.556697 22.219287 19.266353 15.577160 11.072137 5.791849 0.000000 
50.000000 48.641644 47.293371 45.965040 44.666066 43.405224 42.190467 41.028783 39.926072 38.887077 37.915332 37.013166 36.181722 35.421023 34.730054 34.106864 33.548685 33.052057 32.612955 32.226907 31.889110 31.594523 31.337944 31.114072 30.917533 30.742889 30.584614 30.437044 30.294289 30.150119 29.997802 29.829905 29.638039 29.412540 29.142072 28.813137 28.409448 27.911166 27.293942 26.527769 25.575649 24.392204 22.922533 21.102050 18.858752 16.120494 12.831083 8.979035 4.637785 0.000000 
50.000000 48.439789 46.891161 45.365437 43.873434 42.425230 41.029962 39.695653 38.429085 37.235703 36.119571 35.083362 34.128395 33.254698 32.461109 31.745394 31.104381 30.534109 30.029968 29.586842 29.199239 28.861403 28.567408 28.311221 28.086752 27.887857 27.708327 27.541839 27.381867 27.221575 27.053653 26.870131 26.662135 26.419596 26.130897 25.782459 25.358236 24.839146 24.202413 23.420883 22.462380 21.289301 19.858806 18.124231 16.038744 13.562613 10.675484 7.393803 3.789623 0.000000 
50.000000 48.248314 46.509631 44.796665 43.121559 41.495628 39.929130 38.431076 37.009079 35.669254 34.416164 33.252814 32.180687 31.199820 30.308912 29.505463 28.785923 28.145856 27.580106 27.082952 26.648261 26.269612 25.940405 25.653942 25.403477 25.182239 24.983419 24.800131 24.625331 24.451710 24.271549 24.076541 23.857576 23.604481 23.305733 22.948121 22.516377 21.992789 21.356819 20.584787 19.649735 18.521652 17.168358 15.557483 13.660126 11.456738 8.945443 6.151858 3.137334 0.000000 
50.000000 48.068081 46.150504 44.261290 42.413832 40.620610 38.892939 37.240755 35.672458 34.194793 32.812794 31.529778 30.347384 29.265657 28.283170 27.397173 26.603764 25.898067 25.274413 24.726524 24.247671 23.830821 23.468758 23.154178 22.879750 22.638147 22.422045 22.224088 22.036820 21.852587 21.663408 21.460812 21.235657 20.977912 20.676425 20.318672 19.890506 19.375929 18.756921 18.013395 17.123379 16.063570 14.810477 13.342401 11.642522 9.703202 7.531283 5.153373 2.619157 0.000000 
50.000000 47.899756 45.815104 43.761287 41.752865 39.803406 37.925211 36.129084 34.424156 32.817762 31.315378 29.920612 28.635249 27.459344 26.391354 25.428299 24.565950 23.799023 23.121381 22.526228 22.006292 21.553979 21.161516 20.821055 20.524744 20.264775 20.033384 19.822834 19.625354 19.433054 19.237814 19.031145 18.804031 18.546760 18.248743 17.898340 17.482703 16.987675 16.397764 15.696274 14.865650 13.888160 12.747035 11.428190 9.922613 8.229342 6.358703 4.335057 2.197892 0.000000 
50.000000 47.743808 45.504365 43.298047 41.140496 39.046288 37.028638 35.099153 33.267644 31.541991 29.928079 28.429789 27.049041 25.785902 24.638720 23.604308 22.678134 21.854544 21.126970 20.488146 19.930302 19.445342 19.024990 18.660913 18.344805 18.068440 17.823690 17.602514 17.396910 17.198846 17.000161 16.792455 16.566957 16.314391 16.024845 15.687656 15.291328 14.823518 14.271104 13.620402 12.857583 11.969347 10.943937 9.772525 8.450967 6.981792 5.376127 3.655064 1.849802 0.000000 
50.000000 47.600515 45.218843 42.872401 40.577825 38.350616 36.204829 34.152811 32.204995 30.369766 28.653385 27.059980 25.591601 24.248324 23.028403 21.928456 20.943683 20.068089 19.294718 18.615878 18.023351 17.508589 17.062871 16.677435 16.343580 16.052726 15.796446 15.566461 15.354610 15.152791 14.952882 14.746649 14.525639 14.281079 14.003785 13.684087 13.311807 12.876289 12.366526 11.771409 11.080138 10.282835 9.371380 8.340477 7.188903 5.920799 4.546797 3.084646 1.558983 0.000000 
50.000000 47.469983 44.958749 42.484661 40.065262 37.716898 35.454387 33.290750 31.236989 29.301946 27.492226 25.812187 24.263993 22.847731 21.561570 20.401957 19.363846 18.440937 17.625924 16.910733 16.286749 15.745021 15.276432 14.871851 14.522233 14.218703 13.952589 13.715434 13.498974 13.295095 13.095768 12.892973 12.678618 12.444460 12.182041 11.882651 11.537332 11.136940 10.672292 10.134412 9.514903 8.806468 8.003570 7.103227 6.105878 5.016209 3.843794 2.603336 1.314325 0.000000 
50.000000 47.352161 44.723981 42.134678 39.602611 37.144889 34.777022 32.512636 30.363249 28.338116 26.444152 24.685921 23.065695 21.583571 20.237641 19.024200 17.937982 16.972418 16.119887 15.371979 14.719725 14.153818 13.664800 13.243215 12.879729 12.565219 12.290818 12.047938 11.828258 11.623691 11.426337 11.228418 11.022216 10.800013 10.554046 10.276490 9.959483 9.595194 9.175973 8.694571 8.144462 7.520259 6.818229 6.036862 5.177468 4.244695 3.246877 2.196084 1.107774 0.000000 
50.000000 47.246867 44.514175 41.821907 39.189152 36.633701 34.171680 31.817259 29.582415 27.476775 25.507529 23.679428 21.994838 20.453868 19.054543 17.793022 16.663848 15.660209 14.774212 13.997147 13.319737 12.732366 12.225277 11.788737 11.413170 11.089246 10.807945 10.560586 10.338823 10.134628 9.940245 9.748149 9.550989 9.341544 9.112691 8.857402 8.568767 8.240072 7.864928 7.437461 6.952578 6.406289 5.796094 5.121392 4.383876 3.587859 2.740446 1.851497 0.933306 0.000000 
50.000000 47.153811 44.328754 41.545488 38.823748 36.181926 33.636696 31.202706 28.892340 26.715552 24.679778 22.789933 21.048469 19.455504 18.009006 16.705016 15.537907 14.500659 13.585139 12.782377 12.082828 11.476609 10.953708 10.504157 10.118175 9.786266 9.499291 9.248504 9.025559 8.822500 8.631727 8.445959 8.258193 8.061662 7.849818 7.616326 7.355092 7.060331 6.726674 6.349329 5.924282 5.448553 4.920473 4.339972 3.708843 3.030932 2.312219 1.560732 0.786283 0.000000 
50.000000 47.072624 44.166983 41.304327 38.504953 35.787778 33.169952 30.666544 28.290291 26.051432 23.957621 22.013913 20.222837 18.584519 17.096878 15.755854 14.555674 13.489138 12.547904 11.722782 11.003995 10.381434 9.844869 9.384136 8.989284 8.650682 8.359100 8.105750 7.882303 7.680881 7.494036 7.314719 7.136241 6.952242 6.756673 6.543792 6.308190 6.044840 5.749190 5.417282 5.045914 4.632823 4.176891 3.678335 3.138886 2.561894 1.952347 1.316784 0.663060 0.000000 
50.000000 47.002889 44.028031 41.097182 38.231125 35.449226 32.769046 30.206012 27.773167 25.480995 23.337335 21.347366 19.513681 17.836416 16.313447 14.940628 13.712062 12.620395 11.657111 10.812829 10.077581 9.441063 8.892866 8.422663 8.020362 7.676228 7.380959 7.125743 6.902275 6.702758 6.519887 6.346819 6.177144 6.004856 5.824330 5.630322 5.417984 5.182902 4.921163 4.629451 4.305163 3.946544 3.552828 3.124371 2.662760 2.170868 1.652845 1.114022 0.560724 0.000000 
50.000000 46.944166 43.911022 40.922749 38.000538 35.164136 32.431449 29.818205 27.337706 25.000642 22.815007 20.786086 18.916525 17.206469 15.653759 14.254178 13.001724 11.888916 10.907092 10.046713 9.297650 8.649442 8.091530 7.613454 7.205011 6.856381 6.558211 6.301675 6.078497 5.880955 5.701871 5.534584 5.372924 5.211180 5.044083 4.866795 4.674921 4.464529 4.232206 3.975119 3.691103 3.378755 3.037533 2.667838 2.271085 1.849721 1.407198 0.947890 0.476930 0.000000 
50.000000 46.896022 43.815090 40.779738 37.811489 34.930403 32.154667 29.500259 26.980691 24.606823 22.386776 20.325922 18.426952 16.690016 15.112929 13.691414 12.419388 11.289262 10.292257 9.418707 8.658353 8.000605 7.434786 6.950329 6.536944 6.184745 5.884342 5.626903 5.404178 5.208516 5.032847 4.870662 4.715989 4.563359 4.407791 4.244771 4.070258 3.880696 3.673050 3.444846 3.194234 2.920055 2.621901 2.300169 1.956102 1.591785 1.210113 0.814707 0.409787 0.000000 
50.000000 46.858052 43.739433 40.666951 37.662395 34.746068 31.936381 29.249510 26.699130 24.296237 22.049053 19.963016 18.040853 16.282723 14.686415 13.247608 11.960152 10.816379 9.807415 8.923496 8.154260 7.489019 6.917002 6.427562 6.010341 5.655405 5.353337 5.095303 4.873079 4.679070 4.506295 4.348368 4.199473 4.054333 3.908187 3.756772 3.596316 3.423546 3.235703 3.030576 2.806537 2.562587 2.298397 2.014340 1.711504 1.391684 1.057343 0.711534 0.357794 0.000000 
50.000000 46.829907 43.683352 40.583347 37.551878 34.609429 31.774576 29.063641 26.490422 24.066015 21.798715 19.694013 17.754660 15.980820 14.370267 12.918646 11.619758 10.465875 9.448055 8.556460 7.780654 7.109876 6.533288 6.040183 5.620156 5.263236 4.959991 4.701584 4.479815 4.287131 4.116618 3.961983 3.817525 3.678109 3.539135 3.396522 3.246693 3.086572 2.913598 2.725739 2.521517 2.300038 2.061017 1.804792 1.532332 1.245215 0.945587 0.636095 0.319788 0.000000 
50.000000 46.811306 43.646289 40.528096 37.478840 34.519127 31.667643 28.940805 26.352493 23.913867 21.633274 19.516236 17.565524 15.781303 14.161337 12.701249 11.394808 10.234246 9.210577 8.313915 7.533773 6.859345 6.279747 5.784235 5.362370 5.004161 4.700164 4.441545 4.220116 4.028355 3.859393 3.706997 3.565544 3.429992 3.295846 3.159144 3.016432 2.864765 2.701704 2.525330 2.334258 2.127656 1.905261 1.667385 1.414911 1.149275 0.872415 0.586716 0.294916 0.000000 
50.000000 46.802056 43.627857 40.500618 37.442516 34.474218 31.614463 28.879716 26.283898 23.838201 21.550997 19.427825 17.471464 15.682080 14.057434 12.593135 11.282939 10.119056 9.092480 8.193298 7.411003 6.734762 6.153671 5.656965 5.234191 4.875349 4.570986 4.312270 4.091023 3.899735 3.731561 3.580298 3.440362 3.306754 3.175036 3.041301 2.902157 2.754721 2.596616 2.425975 2.241458 2.042262 1.828133 1.599367 1.356807 1.101814 0.836227 0.562300 0.282618 0.000000 
50.000000 46.802056 43.627857 40.500618 37.442516 34.474218 31.614463 28.879716 26.283898 23.838201 21.550997 19.427825 17.471464 15.682080 14.057434 12.593135 11.282939 10.119056 9.092480 8.193298 7.411003 6.734762 6.153671 5.656965 5.234191 4.875349 4.570986 4.312270 4.091023 3.899735 3.731561 3.580298 3.440362 3.306754 3.175036 3.041301 2.902157 2.754721 2.596616 2.425975 2.241458 2.042262 1.828133 1.599367 1.356807 1.101814 0.836227 0.562300 0.282618 0.000000 
50.000000 46.811306 43.646289 40.528096 37.478840 34.519127 31.667643 28.940805 26.352493 23.913867 21.633274 19.516236 17.565524 15.781303 14.161337 12.701249 11.394808 10.234246 9.210577 8.313915 7.533773 6.859345 6.279747 5.784235 5.362370 5.004161 4.700164 4.441545 4.220116 4.028355 3.859393 3.706997 3.565544 3.429992 3.295846 3.159144 3.016432 2.864765 2.701704 2.525330 2.334258 2.127656 1.905261 1.667385 1.414911 1.149275 0.872415 0.586716 0.294916 0.000000 
50.000000 46.829907 43.683352 40.583347 37.551878 34.609429 31.774576 29.063641 26.490422 24.066015 21.798715 19.694013 17.754660 15.980820 14.370267 12.918646 11.619758 10.465875 9.448055 8.556460 7.780654 7.109876 6.533288 6.040183 5.620156 5.263236 4.959991 4.701584 4.479815 4.287131 4.116618 3.961983 3.817525 3.678109 3.539135 3.396522 3.246693 3.086572 2.913598 2.725739 2.521517 2.300038 2.061017 1.804792 1.532332 1.245215 0.945587 0.636095 0.319788 0.000000 
50.000000 46.858052 43.739433 40.666951 37.662395 34.746068 31.936381 29.249510 26.699130 24.296237 22.049053 19.963016 18.040853 16.282723 14.686415 13.247608 11.960152 10.816379 9.807415 8.923496 8.154260 7.489019 6.917002 6.427562 6.010341 5.655405 5.353337 5.095303 4.873079 4.679070 4.506295 4.348368 4.199473 4.054333 3.908187 3.756772 3.596316 3.423546 3.235703 3.030576 2.806537 2.562587 2.298397 2.014340 1.711504 1.391684 1.057343 0.711534 0.357794 0.000000 
50.000000 46.896022 43.815090 40.779738 37.811489 34.930403 32.154667 29.500259 26.980691 24.606823 22.386776 20.325922 18.426952 16.690016 15.112929 13.691414 12.419388 11.289262 10.292257 9.418707 8.658353 8.000605 7.434786 6.950329 6.536944 6.184745 5.884342 5.626903 5.404178 5.208516 5.032847 4.870662 4.715989 4.563359 4.407791 4.244771 4.070258 3.880696 3.673050 3.444846 3.194234 2.920055 2.621901 2.300169 1.956102 1.591785 1.210113 0.814707 0.409787 0.000000 
50.000000 46.944166 43.911022 40.922749 38.000538 35.164136 32.431449 29.818205 27.337706 25.000642 22.815007 20.786086 18.916525 17.206469 15.653759 14.254178 13.001724 11.888916 10.907092 10.046713 9.297650 8.649442 8.091530 7.613454 7.205011 6.856381 6.558211 6.301675 6.078497 5.880955 5.701871 5.534584 5.372924 5.211180 5.044083 4.866795 4.674921 4.464529 4.232206 3.975119 3.691103 3.378755 3.037533 2.667838 2.271085 1.849721 1.407198 0.947890 0.476930 0.000000 
50.000000 47.002889 44.028031 41.097182 38.231125 35.449226 32.769046 30.206012 27.773167 25.480995 23.337335 21.347366 19.513681 17.836416 16.313447 14.940628 13.712062 12.620395 11.657111 10.812829 10.077581 9.441063 8.892866 8.422663 8.020362 7.676228 7.380959 7.125743 6.902275 6.702758 6.519887 6.346819 6.177144 6.004856 5.824330 5.630322 5.417984 5.182902 4.921163 4.629451 4.305163 3.946544 3.552828 3.124371 2.662760 2.170868 1.652845 1.114022 0.560724 0.000000 
50.000000 47.072624 44.166983 41.304327 38.504953 35.787778 33.169952 30.666544 28.290291 26.051432 23.957621 22.013913 20.222837 18.584519 17.096878 15.755854 14.555674 13.489138 12.547904 11.722782 11.003995 10.381434 9.844869 9.384136 8.989284 8.650682 8.359100 8.105750 7.882303 7.680881 7.494036 7.314719 7.136241 6.952242 6.756673 6.543792 6.308190 6.044840 5.749190 5.417282 5.045914 4.632823 4.176891 3.678335 3.138886 2.561894 1.952347 1.316784 0.663060 0.000000 
50.000000 47.153811 44.328754 41.545488 38.823748 36.181926 33.636696 31.202706 28.892340 26.715552 24.679778 22.789933 21.048469 19.455504 18.009006 16.705016 15.537907 14.500659 13.585139 12.782377 12.082828 11.476609 10.953708 10.504157 10.118175 9.786266 9.499291 9.248504 9.025559 8.822500 8.631727 8.445959 8.258193 8.061662 7.849818 7.616326 7.355092 7.060331 6.726674 6.349329 5.924282 5.448553 4.920473 4.339972 3.708843 3.030932 2.312219 1.560732 0.786283 0.000000 
50.000000 47.246867 44.514175 41.821907 39.189152 36.633701 34.171680 31.817259 29.582415 27.476775 25.507529 23.679428 21.994838 20.453868 19.054543 17.793022 16.663848 15.660209 14.774212 13.997147 13.319737 12.732366 12.225277 11.788737 11.413170 11.089246 10.807945 10.560586 10.338823 10.134628 9.940245 9.748149 9.550989 9.341544 9.112691 8.857402 8.568767 8.240072 7.864928 7.437461 6.952578 6.406289 5.796094 5.121392 4.383876 3.587859 2.740446 1.851497 0.933306 0.000000 
50.000000 47.352161 44.723981 42.134678 39.602611 37.144889 34.777022 32.512636 30.363249 28.338116 26.444152 24.685921 23.065695 21.583571 20.237641 19.024200 17.937982 16.972418 16.119887 15.371979 14.719725 14.153818 13.664800 13.243215 12.879729 12.565219 12.290818 12.047938 11.828258 11.623691 11.426337 11.228418 11.022216 10.800013 10.554046 10.276490 9.959483 9.595194 9.175973 8.694571 8.144462 7.520259 6.818229 6.036862 5.177468 4.244695 3.246877 2.196084 1.107774 0.000000 
50.000000 47.469983 44.958749 42.484661 40.065262 37.716898 35.454387 33.290750 31.236989 29.301946 27.492226 25.812187 24.263993 22.847731 21.561570 20.401957 19.363846 18.440937 17.625924 16.910733 16.286749 15.745021 15.276432 14.871851 14.522233 14.218703 13.952589 13.715434 13.498974 13.295095 13.095768 12.892973 12.678618 12.444460 12.182041 11.882651 11.537332 11.136940 10.672292 10.134412 9.514903 8.806468 8.003570 7.103227 6.105878 5.016209 3.843794 2.603336 1.314325 0.000000 
50.000000 47.600515 45.218843 42.872401 40.577825 38.350616 36.204829 34.152811 32.204995 30.369766 28.653385 27.059980 25.591601 24.248324 23.028403 21.928456 20.943683 20.068089 19.294718 18.615878 18.023351 17.508589 17.062871 16.677435 16.343580 16.052726 15.796446 15.566461 15.354610 15.152791 14.952882 14.746649 14.525639 14.281079 14.003785 13.684087 13.311807 12.876289 12.366526 11.771409 11.080138 10.282835 9.371380 8.340477 7.188903 5.920799 4.546797 3.084646 1.558983 0.000000 
50.000000 47.743808 45.504365 43.298047 41.140496 39.046288 37.028638 35.099153 33.267644 31.541991 29.928079 28.429789 27.049041 25.785902 24.638720 23.604308 22.678134 21.854544 21.126970 20.488146 19.930302 19.445342 19.024990 18.660913 18.344805 18.068440 17.823690 17.602514 17.396910 17.198846 17.000161 16.792455 16.566957 16.314391 16.024845 15.687656 15.291328 14.823518 14.271104 13.620402 12.857583 11.969347 10.943937 9.772525 8.450967 6.981792 5.376127 3.655064 1.849802 0.000000 
50.000000 47.899756 45.815104 43.761287 41.752865 39.803406 37.925211 36.129084 34.424156 32.817762 31.315378 29.920612 28.635249 27.459344 26.391354 25.428299 24.565950 23.799023 23.121381 22.526228 22.006292 21.553979 21.161516 20.821055 20.524744 20.264775 20.033384 19.822834 19.625354 19.433054 19.237814 19.031145 18.804031 18.546760 18.248743 17.898340 17.482703 16.987675 16.397764 15.696274 14.865650 13.888160 12.747035 11.428190 9.922613 8.229342 6.358703 4.335057 2.197892 0.000000 
50.000000 48.068081 46.150504 44.261290 42.413832 40.620610 38.892939 37.240755 35.672458 34.194793 32.812794 31.529778 30.347384 29.265657 28.283170 27.397173 26.603764 25.898067 25.274413 24.726524 24.247671 23.830821 23.468758 23.154178 22.879750 22.638147 22.422045 22.224088 22.036820 21.852587 21.663408 21.460812 21.235657 20.977912 20.676425 20.318672 19.890506 19.375929 18.756921 18.013395 17.123379 16.063570 14.810477 13.342401 11.642522 9.703202 7.531283 5.153373 2.619157 0.000000 
50.000000 48.248314 46.509631 44.796665 43.121559 41.495628 39.929130 38.431076 37.009079 35.669254 34.416164 33.252814 32.180687 31.199820 30.308912 29.505463 28.785923 28.145856 27.580106 27.082952 26.648261 26.269612 25.940405 25.653942 25.403477 25.182239 24.983419 24.800131 24.625331 24.451710 24.271549 24.076541 23.857576 23.604481 23.305733 22.948121 22.516377 21.992789 21.356819 20.584787 19.649735 18.521652 17.168358 15.557483 13.660126 11.456738 8.945443 6.151858 3.137334 0.000000 
50.000000 48.439789 46.891161 45.365437 43.873434 42.425230 41.029962 39.695653 38.429085 37.235703 36.119571 35.083362 34.128395 33.254698 32.461109 31.745394 31.104381 30.534109 30.029968 29.586842 29.199239 28.861403 28.567408 28.311221 28.086752 27.887857 27.708327 27.541839 27.381867 27.221575 27.053653 26.870131 26.662135 26.419596 26.130897 25.782459 25.358236 24.839146 24.202413 23.420883 22.462380 21.289301 19.858806 18.124231 16.038744 13.562613 10.675484 7.393803 3.789623 0.000000 
50.000000 48.641644 47.293371 45.965040 44.666066 43.405224 42.190467 41.028783 39.926072 38.887077 37.915332 37.013166 36.181722 35.421023 34.730054 34.106864 33.548685 33.052057 32.612955 32.226907 31.889110 31.594523 31.337944 31.114072 30.917533 30.742889 30.584614 30.437044 30.294289 30.150119 29.997802 29.829905 29.638039 29.412540 29.142072 28.813137 28.409448 27.911166 27.293942 26.527769 25.575649 24.392204 22.922533 21.102050 18.858752 16.120494 12.831083 8.979035 4.637785 0.000000 
50.000000 48.852820 47.714156 46.592333 45.495303 44.430476 43.404569 42.423483 41.492200 40.614725 39.794042 39.032116 38.329913 37.687448 37.103862 36.577502 36.106027 35.686506 35.315530 34.989312 34.703775 34.454640 34.237486 34.047794 33.880972 33.732359 33.597196 33.470574 33.347359 33.222067 33.088721 32.940646 32.770215 32.568525 32.324976 32.026725 31.657982 31.199071 30.625198 29.904816 28.997494 27.851219 26.399204 24.556697 22.219287 19.266353 15.577160 11.072137 5.791849 0.000000 
50.000000 49.072080 48.151047 47.243637 46.356281 45.494972 44.665145 43.871570 43.118279 42.408510 41.744677 41.128368 40.560362 40.040672 39.568600 39.142806 38.761392 38.421985 38.121819 37.857821 37.626683 37.424927 37.248957 37.095088 36.959572 36.838587 36.728217 36.624408 36.522886 36.419061 36.307883 36.183661 36.039827 35.868620 35.660681 35.404503 35.085692 34.685945 34.181635 33.541793 32.725249 31.676551 30.320229 28.553074 26.234848 23.180395 19.163205 13.956689 7.465594 0.000000 
50.000000 49.298020 48.601250 47.914785 47.243492 46.591903 45.964130 45.363782 44.793909 44.256959 43.754759 43.288509 42.858800 42.465638 42.108495 41.786356 41.497782 41.240975 41.013839 40.814044 40.639079 40.486305 40.352987 40.236321 40.133448 40.041447 39.957315 39.877930 39.799986 39.719910 39.633748 39.537007 39.424460 39.289870 39.125637 38.922301 38.667858 38.346781 37.938600 37.415778 36.740484 35.859565 34.696593 33.139215 31.019282 28.083558 23.958521 18.139194 10.120550 0.000000 
50.000000 49.529099 49.061693 48.601201 48.150885 47.713787 47.292665 46.889941 46.507658 46.147461 45.810575 45.497803 45.209542 44.945797 44.706211 44.490104 44.296508 44.124217 43.971822 43.837757 43.720336 43.617781 43.528253 43.449862 43.380679 43.318729 43.261978 43.208303 43.155451 43.100975 43.042152 42.975874 42.898501 42.805660 42.691978 42.550708 42.373194 42.148089 41.860191 41.488617 41.003898 40.363132 39.501599 38.317677 36.644617 34.196327 30.463473 24.531306 14.882573 0.000000 
50.000000 49.763668 49.529089 49.297981 49.071979 48.852612 48.641262 48.439145 48.247288 48.066515 47.897440 47.740467 47.595796 47.463428 47.343184 47.234722 47.137557 47.051083 46.974591 46.907296 46.848349 46.796858 46.751897 46.712515 46.677741 46.646578 46.618000 46.590932 46.564233 46.536658 46.506820 46.473128 46.433714 46.386323 46.328171 46.255740 46.164489 46.048414 45.899385 45.706084 45.452246 45.113600 44.652234 44.005482 43.062230 41.607436 39.178153 34.646968 24.881942 0.000000 
50.000000 50.000000 50.000000 50.000000 50.000000 50.000000 50.000000 50.000000 50.000000 50.000000 50.000000 50.000000 50.000000 50.000000 50.000000 50.000000 50.000000 50.000000 50.000000 50.000000 50.000000 50.000000 50.000000 50.000000 50.000000 50.000000 50.000000 50.000000 50.000000 50.000000 50.000000 50.000000 50.000000 50.000000 50.000000 50.000000 50.000000 50.000000 50.000000 50.000000 50.000000 50.000000 50.000000 50.000000 50.000000 50.000000 50.000000 50.000000 50.000000 50.000000 
