50.000000 50.000000 50.000000 50.000000 50.000000 50.000000 50.000000 50.000000 50.000000 50.000000 50.000000 50.000000 50.000000 50.000000 50.000000 50.000000 50.000000 50.000000 50.000000 50.000000 50.000000 50.000000 50.000000 50.000000 50.000000 50.000000 50.000000 50.000000 50.000000 50.000000 50.000000 50.000000 50.000000 50.000000 50.000000 50.000000 50.000000 50.000000 50.000000 50.000000 50.000000 50.000000 50.000000 50.000000 50.000000 50.000000 50.000000 50.000000 50.000000 50.000000 
50.000000 49.808317 49.617788 49.429544 49.244677 49.064217 48.889115 48.720229 48.558312 48.403998 48.257800 48.120103 47.991165 47.871116 47.759965 47.657605 47.563820 47.478293 47.400619 47.330309 47.266801 47.209469 47.157625 47.110523 47.067362 47.027279 46.989342 46.952538 46.915754 46.877746 46.837102 46.792189 46.741081 46.681458 46.610465 46.524517 46.419010 46.287887 46.122978 45.912938 45.641498 45.284397 44.803753 44.136953 43.172952 41.696796 39.245638 34.692183 24.904618 0.000000 
50.000000 49.617815 49.237929 48.862602 48.494006 48.134198 47.785073 47.448343 47.125507 46.817831 46.526339 46.251797 45.994720 45.755368 45.533761 45.329683 45.142707 44.972202 44.817360 44.677210 44.550636 44.436390 44.333105 44.239303 44.153391 44.073660 43.998267 43.925211 43.852295 43.777072 43.696773 43.608204 43.507611 43.390491 43.251333 43.083253 42.877471 42.622535 42.303159 41.898413 41.378814 40.701480 39.801754 38.578114 36.863949 34.373339 30.597153 24.620872 14.927491 0.000000 
50.000000 49.429654 48.862740 48.302628 47.752564 47.215612 46.694604 46.192094 45.710320 45.251172 44.816176 44.406478 44.022847 43.665673 43.334984 43.030464 42.751473 42.497077 42.266072 42.057015 41.868245 41.697910 41.543983 41.404270 41.276416 41.157894 41.045986 40.937753 40.829972 40.719074 40.601033 40.471230 40.324269 40.153720 39.951777 39.708778 39.412534 39.047359 38.592662 38.020832 37.294016 36.359091 35.139721 33.523697 31.343075 28.344871 24.155864 18.271413 10.186858 0.000000 
50.000000 49.244957 48.494458 47.752963 47.024771 46.313937 45.624213 44.958978 44.321195 43.713369 43.137518 42.595164 42.087323 41.614514 41.176779 40.773699 40.404435 40.067753 39.762068 39.485478 39.235797 39.010590 38.807191 38.622725 38.454106 38.298036 38.150978 38.009115 37.868288 37.723910 37.570840 37.403221 37.214263 36.995950 36.738654 36.430601 36.057151 35.599795 35.034743 34.330927 33.447145 32.327985 30.898090 29.054442 26.657067 23.521135 19.420527 14.129092 7.552055 0.000000 
50.000000 49.064790 48.135207 47.216779 46.314828 45.434379 44.580078 43.756112 42.966152 42.213299 41.500059 40.828315 40.199328 39.613746 39.071622 38.572445 38.115180 37.698309 37.319879 36.977547 36.668627 36.390125 36.138771 35.911042 35.703172 35.511142 35.330661 35.157119 34.985521 34.810393 34.625643 34.424394 34.198748 33.939490 33.635686 33.274167 32.838840 32.309772 31.661968 30.863758 29.874665 28.642724 27.101281 25.165814 22.732227 19.680296 15.889758 11.281571 5.896880 0.000000 
50.000000 48.890145 47.786970 46.697033 45.626650 44.581787 43.567957 42.590130 41.652663 40.759239 39.912832 39.115681 38.369285 37.674416 37.031143 36.438867 35.896369 35.401859 34.953035 34.547138 34.181003 33.851111 33.553626 33.284422 33.039101 32.812988 32.601110 32.398158 32.198413 31.995653 31.783017 31.552836 31.296400 31.003680 30.662950 30.260324 29.779160 29.199313 28.496198 27.639655 26.592632 25.309796 23.736400 21.808118 19.453311 16.600289 13.193401 9.221777 4.759519 0.000000 
50.000000 48.721932 47.451556 46.196425 44.963814 43.760593 42.593111 41.467094 40.387558 39.358749 38.384092 37.466169 36.606711 35.806613 35.065961 34.384074 33.759560 33.190373 32.673883 32.206938 31.785928 31.406841 31.065317 30.756674 30.475939 30.217848 29.976827 29.746961 29.521924 29.294891 29.058410 28.804242 28.523151 28.204651 27.836680 27.405218 26.893812 26.283028 25.549817 24.666848 23.601873 22.317336 20.770563 18.915175 16.704741 14.100035 11.081308 7.665686 3.925969 0.000000 
50.000000 48.560961 47.130583 45.717371 44.329518 42.974759 41.660244 40.392420 39.176941 38.018585 36.921214 35.887739 34.920114 34.019353 33.185562 32.417985 31.715070 31.074534 30.493438 29.968264 29.494989 29.069148 28.685898 28.340054 28.026126 27.738326 27.470565 27.216414 26.969057 26.721203 26.464976 26.191774 25.892085 25.555273 25.169320 24.720523 24.193159 23.569121 22.827563 21.944600 20.893190 19.643360 18.163104 16.420357 14.386646 12.042973 9.388111 6.448418 3.286054 0.000000 
50.000000 48.407939 46.825462 45.261977 43.726548 42.227737 40.773453 39.370833 38.026130 36.744636 35.530627 34.387327 33.316904 32.320489 31.398208 30.549241 29.771886 29.063638 28.421277 27.840948 27.318246 26.848293 26.425806 26.045150 25.700376 25.385245 25.093223 24.817465 24.550768 24.285504 24.013523 23.726037 23.413466 23.065275 22.669769 22.213889 21.682986 21.060628 20.328451 19.466140 18.451616 17.261610 15.872806 14.263821 12.418284 10.329137 8.003911 5.469996 2.777935 0.000000 
50.000000 48.263466 46.537386 44.832023 43.157266 41.522452 39.936212 38.406329 36.939630 35.541889 34.217772 32.970803 31.803354 30.716667 29.710891 28.785148 27.937599 27.165540 26.465490 25.833285 25.264174 24.752906 24.293802 23.880827 23.507633 23.167590 22.853798 22.559078 22.275939 21.996524 21.712537 21.415148 21.094877 20.741468 20.343750 19.889504 19.365341 18.756630 18.047506 17.221015 16.259477 15.145183 13.861534 12.394766 10.736330 8.885861 6.854401 4.667124 2.364412 0.000000 
50.000000 48.128031 46.267332 44.428968 42.623599 40.861293 39.151355 37.502178 35.921121 34.414416 32.987095 31.642964 30.384587 29.213312 28.129316 27.131665 26.218403 25.386640 24.632659 23.952018 23.339654 22.789977 22.296963 21.854221 21.455060 21.092519 20.759402 20.448269 20.151423 19.860874 19.568283 19.264889 18.941430 18.588055 18.194234 17.748686 17.239338 16.653338 15.977160 15.196835 14.298389 13.268529 12.095661 10.771276 9.291698 7.660059 5.888220 3.998102 2.021820 0.000000 
50.000000 48.002016 46.016063 44.053950 42.127055 40.246127 38.421098 36.660929 34.973478 33.365398 31.842067 30.407551 29.064598 27.814657 26.657929 25.593437 24.619116 23.731912 22.927895 22.202373 21.550003 20.964898 20.440724 19.970787 19.548097 19.165425 18.815331 18.490182 18.182148 17.883179 17.584969 17.278909 16.956037 16.606973 16.221884 15.790452 15.301885 14.744988 14.108319 13.380458 12.550442 11.608378 10.546299 9.359219 8.046376 6.612521 5.069018 3.434455 1.734391 0.000000 
50.000000 47.885703 45.784137 43.707801 41.668738 39.678322 37.747065 35.884454 34.098805 32.397164 30.785228 29.267305 27.846312 26.523795 25.299980 24.173854 23.143253 22.204979 21.354912 20.588138 19.899064 19.281542 18.728971 18.234391 17.790565 17.390039 17.025186 16.688234 16.371273 16.066251 15.764953 15.458978 15.139701 14.798252 14.425496 14.012045 13.548298 13.024543 12.431135 11.758761 10.998838 10.144036 9.188953 8.130903 6.970777 5.713862 4.370459 2.956106 1.491213 0.000000 
50.000000 47.779276 45.571925 43.391077 41.249381 39.158785 37.130334 35.173992 33.298500 31.511260 29.818263 28.224041 26.731666 25.342773 24.057616 22.875149 21.793126 20.808217 19.916137 19.111774 18.389319 17.742393 17.164165 16.647450 16.184804 15.768590 15.391039 15.044282 14.720375 14.411305 14.108987 13.805251 13.491835 13.160372 12.802401 12.409392 11.972814 11.484245 10.935543 10.319101 9.628180 8.857344 8.002971 7.063831 6.041671 4.941721 3.773031 2.548495 1.284478 0.000000 
50.000000 47.682839 45.379632 43.104081 40.869386 38.688015 36.571495 34.530224 32.573327 30.708532 28.942094 27.278750 25.721713 24.272703 22.932000 21.698530 20.569975 19.542894 18.612853 17.774568 17.022043 16.348701 15.747511 15.211101 14.731852 14.301986 13.913624 13.558837 13.229678 12.918202 12.616472 12.316564 12.010573 11.690613 11.348844 10.977511 10.569013 10.116021 9.611630 9.049587 8.424561 7.732490 6.970965 6.139643 5.240633 4.278811 3.261977 2.200793 1.108442 0.000000 
50.000000 47.596421 45.207318 42.846905 40.528874 38.266161 36.070723 33.953352 31.923513 29.989227 28.156988 26.431717 24.816757 23.313901 21.923454 20.644324 19.474129 18.409328 17.445364 16.576803 15.797486 15.100667 14.479147 13.925395 13.431653 12.990028 12.592563 12.231294 11.898295 11.585702 11.285737 10.990720 10.693081 10.385379 10.060330 9.710857 9.330155 8.911801 8.449893 7.939233 7.375551 6.755770 6.078290 5.343274 4.552908 3.711576 2.825928 1.904771 0.958778 0.000000 
50.000000 47.519995 45.054927 42.619463 40.227732 37.893083 35.627855 33.443185 31.348841 29.353106 27.462683 25.682657 24.016485 22.466030 21.031619 19.712144 18.505169 17.407073 16.413186 15.517951 14.715067 13.997647 13.358351 12.789517 12.283274 11.831639 11.426600 11.060179 10.724481 10.411735 10.114318 9.824777 9.535853 9.240502 8.931926 8.603627 8.249467 7.863765 7.441415 6.978034 6.470141 5.915355 5.312602 4.662310 3.966575 3.229259 2.455992 1.654063 0.832160 0.000000 
50.000000 47.453488 44.922315 42.421541 39.965676 37.568429 35.242470 32.999237 30.848765 28.799561 26.858513 25.030847 23.320124 21.728263 20.255617 18.901063 17.662121 16.535099 15.515238 14.596870 13.773582 13.038365 12.383763 11.802007 11.285136 10.825099 10.413845 10.043395 9.705894 9.393662 9.099221 8.815327 8.534996 8.251526 7.958540 7.650020 7.320380 6.964532 6.577995 6.157009 5.698674 5.201091 4.663519 4.086499 3.471957 2.823250 2.145142 1.443682 0.725999 0.000000 
50.000000 47.396798 44.809277 42.252834 39.742302 37.291697 34.913973 32.620824 30.422512 28.327734 26.343539 24.475274 22.726585 21.099444 19.594224 18.209791 16.943631 15.791991 14.750038 13.812016 12.971414 12.221127 11.553602 10.960987 10.435247 9.968282 9.552015 9.178472 8.839842 8.528529 8.237188 7.958755 7.686484 7.413965 7.135165 6.844467 6.536723 6.207318 5.852253 5.468236 5.052785 4.604338 4.122353 3.607393 3.061186 2.486638 1.887786 1.269691 0.638258 0.000000 
50.000000 47.349806 44.715578 42.112990 39.557145 37.062310 34.641678 32.307155 30.069188 27.936638 25.916681 24.014767 22.234615 20.578240 19.046032 17.636848 16.348147 15.176130 14.115900 13.161631 12.306735 11.544028 10.865883 10.264377 9.731423 9.258883 8.838663 8.462800 8.123524 7.813313 7.524934 7.251482 6.986402 6.723525 6.457099 6.181824 5.892898 5.586071 5.257708 4.904863 4.525357 4.117849 3.681913 3.218088 2.727908 2.213890 1.679487 1.128982 0.567339 0.000000 
50.000000 47.312393 44.640976 42.001648 39.409725 36.879677 34.424883 32.057418 29.787882 27.625258 25.576831 23.648132 21.842933 20.163289 18.609602 17.180724 15.874091 14.685868 13.611110 12.643937 11.777699 11.005151 10.318610 9.710100 9.171494 8.694626 8.271393 7.893843 7.554242 7.245131 6.959369 6.690174 6.431149 6.176312 5.920130 5.657546 5.384020 5.095576 4.788849 4.461141 4.110481 3.735678 3.336367 2.913041 2.467063 2.000639 1.516764 1.019131 0.511993 0.000000 
50.000000 47.284444 44.585248 41.918475 39.299602 36.743249 34.262936 31.870865 29.577746 27.392659 25.322967 23.374259 21.550355 19.853332 18.283605 16.840022 15.520003 14.319685 13.234089 12.257294 11.382607 10.602737 9.909959 9.296262 8.753487 8.273452 7.848047 7.469331 7.129598 6.821438 6.537781 6.271936 6.017623 5.769000 5.520693 5.267821 5.006036 4.731552 4.441194 4.132435 3.803445 3.453124 3.081139 2.687938 2.274743 1.843528 1.396954 0.938287 0.471274 0.000000 
50.000000 47.265868 44.548208 41.863193 39.226407 36.652571 34.155297 31.746871 29.438077 27.238061 25.154235 23.192230 21.355894 19.647323 18.066936 16.613583 15.284670 14.076319 12.983527 12.000345 11.120052 10.335330 9.638424 9.021300 8.475781 7.993671 7.566861 7.187415 6.847648 6.540181 6.257993 5.994456 5.743365 5.498970 5.256001 5.009694 4.755820 4.490720 4.211336 3.915250 3.600715 3.266688 2.912848 2.539605 2.148088 1.740114 1.318127 0.885114 0.444497 0.000000 
50.000000 47.256597 44.529723 41.835604 39.189878 36.607317 34.101578 31.684990 29.368374 27.160907 25.070027 23.101387 21.258846 19.544512 17.958807 16.500578 15.167229 13.954870 12.858488 11.872122 10.989035 10.201895 9.502934 8.884106 8.337226 7.854090 7.426590 7.046793 6.707024 6.399923 6.118490 5.856127 5.606671 5.364415 5.124141 4.881142 4.631249 4.370863 4.096984 3.807244 3.499939 3.174049 2.829258 2.465956 2.085225 1.688802 1.279024 0.858742 0.431218 0.000000 
50.000000 47.256597 44.529723 41.835604 39.189878 36.607317 34.101578 31.684990 29.368374 27.160907 25.070027 23.101387 21.258846 19.544512 17.958807 16.500578 15.167229 13.954870 12.858488 11.872122 10.989035 10.201895 9.502934 8.884106 8.337226 7.854090 7.426590 7.046793 6.707024 6.399923 6.118490 5.856127 5.606671 5.364415 5.124141 4.881142 4.631249 4.370863 4.096984 3.807244 3.499939 3.174049 2.829258 2.465956 2.085225 1.688802 1.279024 0.858742 0.431218 0.000000 
50.000000 47.265868 44.548208 41.863193 39.226407 36.652571 34.155297 31.746871 29.438077 27.238061 25.154235 23.192230 21.355894 19.647323 18.066936 16.613583 15.284670 14.076319 12.983527 12.000345 11.120052 10.335330 9.638424 9.021300 8.475781 7.993671 7.566861 7.187415 6.847648 6.540181 6.257993 5.994456 5.743365 5.498970 5.256001 5.009694 4.755820 4.490720 4.211336 3.915250 3.600715 3.266688 2.912848 2.539605 2.148088 1.740114 1.318127 0.885114 0.444497 0.000000 
50.000000 47.284444 44.585248 41.918475 39.299602 36.743249 34.262936 31.870865 29.577746 27.392659 25.322967 23.374259 21.550355 19.853332 18.283605 16.840022 15.520003 14.319685 13.234089 12.257294 11.382607 10.602737 9.909959 9.296262 8.753487 8.273452 7.848047 7.469331 7.129598 6.821438 6.537781 6.271936 6.017623 5.769000 5.520693 5.267821 5.006036 4.731552 4.441194 4.132435 3.803445 3.453124 3.081139 2.687938 2.274743 1.843528 1.396954 0.938287 0.471274 0.000000 
50.000000 47.312393 44.640976 42.001648 39.409725 36.879677 34.424883 32.057418 29.787882 27.625258 25.576831 23.648132 21.842933 20.163289 18.609602 17.180724 15.874091 14.685868 13.611110 12.643937 11.777699 11.005151 10.318610 9.710100 9.171494 8.694626 8.271393 7.893843 7.554242 7.245131 6.959369 6.690174 6.431149 6.176312 5.920130 5.657546 5.384020 5.095576 4.788849 4.461141 4.110481 3.735678 3.336367 2.913041 2.467063 2.000639 1.516764 1.019131 0.511993 0.000000 
50.000000 47.349806 44.715578 42.112990 39.557145 37.062310 34.641678 32.307155 30.069188 27.936638 25.916681 24.014767 22.234615 20.578240 19.046032 17.636848 16.348147 15.176130 14.115900 13.161631 12.306735 11.544028 10.865883 10.264377 9.731423 9.258883 8.838663 8.462800 8.123524 7.813313 7.524934 7.251482 6.986402 6.723525 6.457099 6.181824 5.892898 5.586071 5.257708 4.904863 4.525357 4.117849 3.681913 3.218088 2.727908 2.213890 1.679487 1.128982 0.567339 0.000000 
50.000000 47.396798 44.809277 42.252834 39.742302 37.291697 34.913973 32.620824 30.422512 28.327734 26.343539 24.475274 22.726585 21.099444 19.594224 18.209791 16.943631 15.791991 14.750038 13.812016 12.971414 12.221127 11.553602 10.960987 10.435247 9.968282 9.552015 9.178472 8.839842 8.528529 8.237188 7.958755 7.686484 7.413965 7.135165 6.844467 6.536723 6.207318 5.852253 5.468236 5.052785 4.604338 4.122353 3.607393 3.061186 2.486638 1.887786 1.269691 0.638258 0.000000 
50.000000 47.453488 44.922315 42.421541 39.965676 37.568429 35.242470 32.999237 30.848765 28.799561 26.858513 25.030847 23.320124 21.728263 20.255617 18.901063 17.662121 16.535099 15.515238 14.596870 13.773582 13.038365 12.383763 11.802007 11.285136 10.825099 10.413845 10.043395 9.705894 9.393662 9.099221 8.815327 8.534996 8.251526 7.958540 7.650020 7.320380 6.964532 6.577995 6.157009 5.698674 5.201091 4.663519 4.086499 3.471957 2.823250 2.145142 1.443682 0.725999 0.000000 
50.000000 47.519995 45.054927 42.619463 40.227732 37.893083 35.627855 33.443185 31.348841 29.353106 27.462683 25.682657 24.016485 22.466030 21.031619 19.712144 18.505169 17.407073 16.413186 15.517951 14.715067 13.997647 13.358351 12.789517 12.283274 11.831639 11.426600 11.060179 10.724481 10.411735 10.114318 9.824777 9.535853 9.240502 8.931926 8.603627 8.249467 7.863765 7.441415 6.978034 6.470141 5.915355 5.312602 4.662310 3.966575 3.229259 2.455992 1.654063 0.832160 0.000000 
50.000000 47.596421 45.207318 42.846905 40.528874 38.266161 36.070723 33.953352 31.923513 29.989227 28.156988 26.431717 24.816757 23.313901 21.923454 20.644324 19.474129 18.409328 17.445364 16.576803 15.797486 15.100667 14.479147 13.925395 13.431653 12.990028 12.592563 12.231294 11.898295 11.585702 11.285737 10.990720 10.693081 10.385379 10.060330 9.710857 9.330155 8.911801 8.449893 7.939233 7.375551 6.755770 6.078290 5.343274 4.552908 3.711576 2.825928 1.904771 0.958778 0.000000 
50.000000 47.682839 45.379632 43.104081 40.869386 38.688015 36.571495 34.530224 32.573327 30.708532 28.942094 27.278750 25.721713 24.272703 22.932000 21.698530 20.569975 19.542894 18.612853 17.774568 17.022043 16.348701 15.747511 15.211101 14.731852 14.301986 13.913624 13.558837 13.229678 12.918202 12.616472 12.316564 12.010573 11.690613 11.348844 10.977511 10.569013 10.116021 9.611630 9.049587 8.424561 7.732490 6.970965 6.139643 5.240633 4.278811 3.261977 2.200793 1.108442 0.000000 
50.000000 47.779276 45.571925 43.391077 41.249381 39.158785 37.130334 35.173992 33.298500 31.511260 29.818263 28.224041 26.731666 25.342773 24.057616 22.875149 21.793126 20.808217 19.916137 19.111774 18.389319 17.742393 17.164165 16.647450 16.184804 15.768590 15.391039 15.044282 14.720375 14.411305 14.108987 13.805251 13.491835 13.160372 12.802401 12.409392 11.972814 11.484245 10.935543 10.319101 9.628180 8.857344 8.002971 7.063831 6.041671 4.941721 3.773031 2.548495 1.284478 0.000000 
50.000000 47.885703 45.784137 43.707801 41.668738 39.678322 37.747065 35.884454 34.098805 32.397164 30.785228 29.267305 27.846312 26.523795 25.299980 24.173854 23.143253 22.204979 21.354912 20.588138 19.899064 19.281542 18.728971 18.234391 17.790565 17.390039 17.025186 16.688234 16.371273 16.066251 15.764953 15.458978 15.139701 14.798252 14.425496 14.012045 13.548298 13.024543 12.431135 11.758761 10.998838 10.144036 9.188953 8.130903 6.970777 5.713862 4.370459 2.956106 1.491213 0.000000 
50.000000 48.002016 46.016063 44.053950 42.127055 40.246127 38.421098 36.660929 34.973478 33.365398 31.842067 30.407551 29.064598 27.814657 26.657929 25.593437 24.619116 23.731912 22.927895 22.202373 21.550003 20.964898 20.440724 19.970787 19.548097 19.165425 18.815331 18.490182 18.182148 17.883179 17.584969 17.278909 16.956037 16.606973 16.221884 15.790452 15.301885 14.744988 14.108319 13.380458 12.550442 11.608378 10.546299 9.359219 8.046376 6.612521 5.069018 3.434455 1.734391 0.000000 
50.000000 48.128031 46.267332 44.428968 42.623599 40.861293 39.151355 37.502178 35.921121 34.414416 32.987095 31.642964 30.384587 29.213312 28.129316 27.131665 26.218403 25.386640 24.632659 23.952018 23.339654 22.789977 22.296963 21.854221 21.455060 21.092519 20.759402 20.448269 20.151423 19.860874 19.568283 19.264889 18.941430 18.588055 18.194234 17.748686 17.239338 16.653338 15.977160 15.196835 14.298389 13.268529 12.095661 10.771276 9.291698 7.660059 5.888220 3.998102 2.021820 0.000000 
50.000000 48.263466 46.537386 44.832023 43.157266 41.522452 39.936212 38.406329 36.939630 35.541889 34.217772 32.970803 31.803354 30.716667 29.710891 28.785148 27.937599 27.165540 26.465490 25.833285 25.264174 24.752906 24.293802 23.880827 23.507633 23.167590 22.853798 22.559078 22.275939 21.996524 21.712537 21.415148 21.094877 20.741468 20.343750 19.889504 19.365341 18.756630 18.047506 17.221015 16.259477 15.145183 13.861534 12.394766 10.736330 8.885861 6.854401 4.667124 2.364412 0.000000 
50.000000 48.407939 46.825462 45.261977 43.726548 42.227737 40.773453 39.370833 38.026130 36.744636 35.530627 34.387327 33.316904 32.320489 31.398208 30.549241 29.771886 29.063638 28.421277 27.840948 27.318246 26.848293 26.425806 26.045150 25.700376 25.385245 25.093223 24.817465 24.550768 24.285504 24.013523 23.726037 23.413466 23.065275 22.669769 22.213889 21.682986 21.060628 20.328451 19.466140 18.451616 17.261610 15.872806 14.263821 12.418284 10.329137 8.003911 5.469996 2.777935 0.000000 
50.000000 48.560961 47.130583 45.717371 44.329518 42.974759 41.660244 40.392420 39.176941 38.018585 36.921214 35.887739 34.920114 34.019353 33.185562 32.417985 31.715070 31.074534 30.493438 29.968264 29.494989 29.069148 28.685898 28.340054 28.026126 27.738326 27.470565 27.216414 26.969057 26.721203 26.464976 26.191774 25.892085 25.555273 25.169320 24.720523 24.193159 23.569121 22.827563 21.944600 20.893190 19.643360 18.163104 16.420357 14.386646 12.042973 9.388111 6.448418 3.286054 0.000000 
50.000000 48.721932 47.451556 46.196425 44.963814 43.760593 42.593111 41.467094 40.387558 39.358749 38.384092 37.466169 36.606711 35.806613 35.065961 34.384074 33.759560 33.190373 32.673883 32.206938 31.785928 31.406841 31.065317 30.756674 30.475939 30.217848 29.976827 29.746961 29.521924 29.294891 29.058410 28.804242 28.523151 28.204651 27.836680 27.405218 26.893812 26.283028 25.549817 24.666848 23.601873 22.317336 20.770563 18.915175 16.704741 14.100035 11.081308 7.665686 3.925969 0.000000 
50.000000 48.890145 47.786970 46.697033 45.626650 44.581787 43.567957 42.590130 41.652663 40.759239 39.912832 39.115681 38.369285 37.674416 37.031143 36.438867 35.896369 35.401859 34.953035 34.547138 34.181003 33.851111 33.553626 33.284422 33.039101 32.812988 32.601110 32.398158 32.198413 31.995653 31.783017 31.552836 31.296400 31.003680 30.662950 30.260324 29.779160 29.199313 28.496198 27.639655 26.592632 25.309796 23.736400 21.808118 19.453311 16.600289 13.193401 9.221777 4.759519 0.000000 
50.000000 49.064790 48.135207 47.216779 46.314828 45.434379 44.580078 43.756112 42.966152 42.213299 41.500059 40.828315 40.199328 39.613746 39.071622 38.572445 38.115180 37.698309 37.319879 36.977547 36.668627 36.390125 36.138771 35.911042 35.703172 35.511142 35.330661 35.157119 34.985521 34.810393 34.625643 34.424394 34.198748 33.939490 33.635686 33.274167 32.838840 32.309772 31.661968 30.863758 29.874665 28.642724 27.101281 25.165814 22.732227 19.680296 15.889758 11.281571 5.896880 0.000000 
50.000000 49.244957 48.494458 47.752963 47.024771 46.313937 45.624213 44.958978 44.321195 43.713369 43.137518 42.595164 42.087323 41.614514 41.176779 40.773699 40.404435 40.067753 39.762068 39.485478 39.235797 39.010590 38.807191 38.622725 38.454106 38.298036 38.150978 38.009115 37.868288 37.723910 37.570840 37.403221 37.214263 36.995950 36.738654 36.430601 36.057151 35.599795 35.034743 34.330927 33.447145 32.327985 30.898090 29.054442 26.657067 23.521135 19.420527 14.129092 7.552055 0.000000 
50.000000 49.429654 48.862740 48.302628 47.752564 47.215612 46.694604 46.192094 45.710320 45.251172 44.816176 44.406478 44.022847 43.665673 43.334984 43.030464 42.751473 42.497077 42.266072 42.057015 41.868245 41.697910 41.543983 41.404270 41.276416 41.157894 41.045986 40.937753 40.829972 40.719074 40.601033 40.471230 40.324269 40.153720 39.951777 39.708778 39.412534 39.047359 38.592662 38.020832 37.294016 36.359091 35.139721 33.523697 31.343075 28.344871 24.155864 18.271413 10.186858 0.000000 
50.000000 49.617815 49.237929 48.862602 48.494006 48.134198 47.785073 47.448343 47.125507 46.817831 46.526339 46.251797 45.994720 45.755368 45.533761 45.329683 45.142707 44.972202 44.817360 44.677210 44.550636 44.436390 44.333105 44.239303 44.153391 44.073660 43.998267 43.925211 43.852295 43.777072 43.696773 43.608204 43.507611 43.390491 43.251333 43.083253 42.877471 42.622535 42.303159 41.898413 41.378814 40.701480 39.801754 38.578114 36.863949 34.373339 30.597153 24.620872 14.927491 0.000000 
50.000000 49.808317 49.617788 49.429544 49.244677 49.064217 48.889115 48.720229 48.558312 48.403998 48.257800 48.120103 47.991165 47.871116 47.759965 47.657605 47.563820 47.478293 47.400619 47.330309 47.266801 47.209469 47.157625 47.110523 47.067362 47.027279 46.989342 46.952538 46.915754 46.877746 46.837102 46.792189 46.741081 46.681458 46.610465 46.524517 46.419010 46.287887 46.122978 45.912938 45.641498 45.284397 44.803753 44.136953 43.172952 41.696796 39.245638 34.692183 24.904618 0.000000 
50.000000 50.000000 50.000000 50.000000 50.000000 50.000000 50.000000 50.000000 50.000000 50.000000 50.000000 50.000000 50.000000 50.000000 50.000000 50.000000 50.000000 50.000000 50.000000 50.000000 50.000000 50.000000 50.000000 50.000000 50.000000 50.000000 50.000000 50.000000 50.000000 50.000000 50.000000 50.000000 50.000000 50.000000 50.000000 50.000000 50.000000 50.000000 50.000000 50.000000 50.000000 50.000000 50.000000 50.000000 50.000000 50.000000 50.000000 50.000000 50.000000 50.000000 
