50.000000 50.000000 50.000000 50.000000 50.000000 50.000000 50.000000 50.000000 50.000000 50.000000 50.000000 50.000000 50.000000 50.000000 50.000000 50.000000 50.000000 50.000000 50.000000 50.000000 50.000000 50.000000 50.000000 50.000000 50.000000 50.000000 50.000000 50.000000 50.000000 50.000000 50.000000 50.000000 50.000000 50.000000 50.000000 50.000000 50.000000 50.000000 50.000000 50.000000 50.000000 50.000000 50.000000 50.000000 50.000000 50.000000 50.000000 50.000000 50.000000 50.000000 
50.000000 49.477936 48.964432 48.467626 47.994849 47.552304 47.144832 46.775781 46.446978 46.158803 45.910338 45.699583 45.523705 45.379298 45.262636 45.169898 45.097354 45.041508 44.999193 44.967630 44.944448 44.927667 44.915680 44.907197 44.901202 44.896894 44.893633 44.890883 44.888156 44.884955 44.880705 44.874684 44.865923 44.853090 44.834324 44.807011 44.767469 44.710479 44.628592 44.511031 44.341899 44.097084 43.738596 43.203440 42.379905 41.052091 38.755939 34.362713 24.738968 0.000000 
50.000000 48.964432 47.945843 46.960376 46.022574 45.144740 44.336477 43.604426 42.952212 42.380587 41.887732 41.469678 41.120806 40.834361 40.602952 40.418998 40.275100 40.164323 40.080388 40.017782 39.971798 39.938516 39.914741 39.897921 39.886040 39.877513 39.871074 39.865667 39.860333 39.854101 39.845858 39.834208 39.817289 39.792544 39.756420 39.703946 39.628158 39.519256 39.363373 39.140693 38.822464 38.366097 37.706724 36.742072 35.304223 33.105394 29.634078 23.972922 14.601720 0.000000 
50.000000 48.467626 46.960376 45.502138 44.114433 42.815466 41.619446 40.536200 39.571093 38.725238 37.995941 37.377332 36.861094 36.437231 36.094806 35.822604 35.609675 35.445755 35.321555 35.228918 35.160878 35.111635 35.076464 35.051590 35.034036 35.021462 35.012004 35.004114 34.996401 34.987463 34.975714 34.959173 34.935222 34.900284 34.849418 34.775764 34.669784 34.518209 34.302516 33.996720 33.564035 32.951763 32.083261 30.845227 29.067810 26.495318 22.751069 17.326298 9.711687 0.000000 
50.000000 47.994849 46.022574 44.114433 42.298585 40.598855 39.033835 37.616382 36.353519 35.246699 34.292399 33.482938 32.807432 32.252801 31.804734 31.448554 31.169934 30.955445 30.792931 30.671718 30.582693 30.518268 30.472263 30.439744 30.416820 30.400442 30.388189 30.378061 30.368282 30.357082 30.342485 30.322051 30.292582 30.249750 30.187617 30.098020 29.969732 29.787344 29.529725 29.167889 28.662006 27.957206 26.977738 25.619185 23.739134 21.149293 17.619115 12.917180 6.942758 0.000000 
50.000000 47.552304 45.144740 42.815466 40.598855 38.523990 36.613567 34.883282 33.341705 31.990611 30.825700 29.837594 29.013008 28.335974 27.789023 27.354239 27.014133 26.752311 26.553936 26.405978 26.297316 26.218689 26.162557 26.122902 26.094988 26.075108 26.060331 26.048259 26.036783 26.023839 26.007158 25.983979 25.950725 25.902603 25.833107 25.733383 25.591415 25.390966 25.110211 24.719953 24.181350 23.443077 22.438017 21.079985 19.261996 16.859722 13.747657 9.840518 5.172399 0.000000 
50.000000 47.144832 44.336478 41.619446 39.033835 36.613567 34.385118 32.366796 30.568597 28.992593 27.633766 26.481178 25.519331 24.729599 24.091605 23.584450 23.187733 22.882334 22.650943 22.478366 22.351629 22.259934 22.194493 22.148294 22.115824 22.092782 22.075785 22.062088 22.049310 22.035167 22.017197 21.992458 21.957190 21.906417 21.833462 21.729350 21.582068 21.375665 21.089139 20.695134 20.158438 19.434446 18.467885 17.192561 15.533585 13.414652 10.774221 7.594406 3.941393 0.000000 
50.000000 46.775781 43.604427 40.536202 37.616384 34.883284 32.366797 30.087600 28.056980 26.277277 24.742823 23.441266 22.355105 21.463306 20.742858 20.170159 19.722174 19.377310 19.116021 18.921150 18.778050 18.674530 18.600673 18.548571 18.512017 18.486179 18.467278 18.452278 18.438586 18.423772 18.405272 18.380089 18.344459 18.293467 18.220604 18.117234 17.971972 17.769963 17.492068 17.114004 16.605529 15.929876 15.043806 13.898920 12.445271 10.638650 8.452943 5.897704 3.037186 0.000000 
50.000000 46.446979 42.952214 39.571096 36.353523 33.341709 30.568601 28.056983 25.819294 23.858111 22.167188 20.732914 19.536001 18.553271 17.759365 17.128276 16.634617 16.254597 15.966674 15.751946 15.594274 15.480229 15.398890 15.341554 15.301402 15.273139 15.252646 15.236651 15.222405 15.207392 15.189030 15.164373 15.129794 15.080635 15.010808 14.912352 14.774932 14.585299 14.326743 13.978603 13.515953 12.909659 12.127122 11.134166 9.898639 8.396323 6.619337 4.586120 2.349897 0.000000 
50.000000 46.158805 42.380591 38.725244 35.246707 31.990620 28.992603 26.277286 23.858117 21.737882 19.909830 18.359241 17.065266 16.002845 15.144562 14.462302 13.928618 13.517788 13.206528 12.974401 12.803964 12.680704 12.592822 12.530924 12.487657 12.457330 12.435542 12.418828 12.404337 12.389518 12.371835 12.348475 12.316052 12.270297 12.205715 12.115224 11.989773 11.817960 11.585699 11.275999 10.868966 10.342196 9.671780 8.834182 7.809283 6.584710 5.161216 3.558132 1.816908 0.000000 
50.000000 45.910342 41.887740 37.995953 34.292415 30.825719 27.633787 24.742845 22.167208 19.909843 17.963561 16.312691 14.935034 13.803908 12.890125 12.163748 11.595558 11.158168 10.826790 10.579667 10.398231 10.267034 10.173526 10.107716 10.061799 10.029749 10.006932 9.989740 9.975251 9.960927 9.944322 9.922808 9.893308 9.852018 9.794127 9.713526 9.602526 9.451608 9.249239 8.981830 8.633910 8.188652 7.628876 6.938682 6.105789 5.124544 3.999246 2.747056 1.399315 0.000000 
50.000000 45.699591 41.469694 37.377355 33.482968 29.837630 26.481219 23.441310 20.732958 18.359280 16.312718 14.576792 13.128158 11.938759 10.977903 10.214109 9.616654 9.156739 8.808300 8.548461 8.357701 8.219782 8.121512 8.052405 8.004271 7.970809 7.947198 7.929720 7.915419 7.901795 7.886521 7.867186 7.841052 7.804811 7.754356 7.684556 7.589053 7.460101 7.288493 7.063609 6.773676 6.406288 5.949301 5.392128 4.727459 3.953275 3.074862 2.106337 1.071007 0.000000 
50.000000 45.523719 41.120836 36.861137 32.807488 29.013075 25.519408 22.355190 19.536090 17.065353 14.935111 13.128210 11.620349 10.382326 9.382190 8.587176 7.965302 7.486594 7.123921 6.853475 6.654938 6.511415 6.409185 6.337342 6.287385 6.252788 6.228579 6.210965 6.196976 6.184169 6.170350 6.153334 6.130723 6.099700 6.056836 5.997920 5.917814 5.810359 5.668361 5.483688 5.247538 4.950910 4.585327 4.143829 3.622181 3.020202 2.342972 1.601609 0.813256 0.000000 
50.000000 45.379324 40.834414 36.437309 32.252903 28.336098 24.729742 21.463464 18.553440 16.003019 13.804077 11.938906 10.382423 9.104481 8.072100 7.251456 6.609536 6.115400 5.741044 5.461892 5.256975 5.108858 5.003384 4.929310 4.877879 4.842384 4.817740 4.800097 4.786490 4.774542 4.762192 4.747477 4.728320 4.702361 4.666790 4.618221 4.552586 4.465086 4.350206 4.201830 4.013480 3.778709 3.491667 3.147825 2.744811 2.283275 1.767604 1.206310 0.611883 0.000000 
50.000000 45.262684 40.603047 36.094947 31.804918 27.789247 24.091864 20.743146 17.759677 15.144890 12.890456 10.978219 9.382462 8.072277 7.013851 6.172506 5.514397 5.007801 4.624010 4.337828 4.127761 3.975938 3.867851 3.791985 3.739382 3.703190 3.678238 3.660638 3.647440 3.636333 3.625385 3.612835 3.596898 3.575619 3.546731 3.507559 3.454940 3.385202 3.294190 3.177374 3.030054 2.847669 2.626217 2.362781 2.056091 1.707084 1.319326 0.899196 0.455721 0.000000 
50.000000 45.169984 40.419167 35.822854 31.448880 27.354635 23.584910 20.170674 17.128837 14.462897 12.164362 10.214722 8.587754 7.251946 6.172823 5.315029 4.644054 4.127558 3.736270 3.444504 3.230347 3.075582 2.965425 2.888145 2.834624 2.797901 2.772738 2.755224 2.742428 2.732101 2.722431 2.711832 2.698775 2.681650 2.658653 2.627697 2.586365 2.531891 2.461193 2.370964 2.257838 2.118621 1.950601 1.751915 1.521928 1.261591 0.973687 0.662917 0.335745 0.000000 
50.000000 45.097503 40.275395 35.610111 31.170504 27.014826 23.188538 19.723077 16.635604 13.929671 11.596658 9.617774 7.966406 6.610567 5.515263 4.644609 3.963577 3.439342 3.042194 2.746063 2.528711 2.371649 2.259878 2.181500 2.127272 2.090150 2.064848 2.047441 2.035017 2.025386 2.016836 2.007932 1.997360 1.983798 1.965819 1.941815 1.909964 1.868211 1.814302 1.745856 1.660489 1.555988 1.430529 1.282934 1.112919 0.921326 0.710265 0.483147 0.244562 0.000000 
50.000000 45.041765 40.164832 35.446508 30.956428 26.753506 22.883722 19.378869 16.256303 13.519616 11.160089 9.158719 7.488588 6.117346 5.009600 4.129058 3.440293 2.910108 2.508455 2.208970 1.989161 1.830336 1.717327 1.638110 1.583347 1.545931 1.520542 1.503245 1.491150 1.482116 1.474514 1.467036 1.458542 1.447942 1.434110 1.415818 1.391705 1.360264 1.319867 1.268821 1.205454 1.128248 1.035986 0.927929 0.803980 0.664829 0.512040 0.348053 0.176099 0.000000 
50.000000 44.999630 40.081254 35.322835 30.794601 26.555967 22.653303 19.118673 15.969580 13.209646 10.830078 8.811711 7.127398 5.744513 4.627364 3.739348 3.044739 2.510057 2.104999 1.802979 1.581316 1.421158 1.307217 1.227369 1.172208 1.134580 1.109138 1.091945 1.080129 1.071590 1.064767 1.058452 1.051645 1.043437 1.032937 1.019209 1.001244 0.977948 0.948157 0.910677 0.864352 0.808145 0.741253 0.663214 0.574024 0.474221 0.364942 0.247912 0.125384 0.000000 
50.000000 44.968364 40.019235 35.231063 30.674517 26.409384 22.482322 18.925597 15.756820 12.979636 10.585198 8.554219 6.859383 5.467860 4.343734 3.450173 2.751228 2.213210 1.805627 1.501726 1.278687 1.117543 1.002912 0.922599 0.867146 0.829366 0.803895 0.786795 0.775207 0.767065 0.760863 0.755470 0.749992 0.743661 0.735765 0.725587 0.712379 0.695351 0.673679 0.646527 0.613099 0.572696 0.524788 0.469090 0.405636 0.334834 0.257496 0.174830 0.088392 0.000000 
50.000000 44.945661 39.974201 35.164426 30.587322 26.302947 22.358170 18.785401 15.602331 12.812623 10.407388 8.367253 6.664776 5.266981 4.137789 3.240203 2.538110 1.997670 1.588254 1.282989 1.058952 0.897092 0.781960 0.701312 0.645651 0.607765 0.582280 0.565256 0.553847 0.546014 0.540290 0.535605 0.531143 0.526242 0.520320 0.512822 0.503191 0.490856 0.475232 0.455738 0.431828 0.403030 0.368996 0.329551 0.284743 0.234871 0.180512 0.122504 0.061919 0.000000 
50.000000 44.929646 39.942436 35.117422 30.525817 26.227870 22.270597 18.686511 15.493361 12.694819 10.281969 8.235375 6.527509 5.125291 3.992527 3.092101 2.387788 1.845640 1.434931 1.128704 0.903963 0.741600 0.626116 0.545232 0.489426 0.451468 0.425977 0.409013 0.397740 0.390137 0.384768 0.380605 0.376891 0.373040 0.368561 0.363016 0.355981 0.347039 0.335772 0.321771 0.304661 0.284122 0.259923 0.231958 0.200273 0.165088 0.126810 0.086024 0.043469 0.000000 
50.000000 44.918864 39.921048 35.085775 30.484407 26.177321 22.211635 18.619931 15.419994 12.615504 10.197526 8.146584 6.435091 5.029895 3.894725 2.992388 2.286581 1.743283 1.331704 1.024829 0.799615 0.636913 0.521193 0.440150 0.384248 0.346244 0.320750 0.303831 0.292654 0.285213 0.280093 0.276295 0.273102 0.269979 0.266501 0.262304 0.257058 0.250446 0.242160 0.231908 0.219422 0.204481 0.186929 0.166698 0.143831 0.118492 0.090973 0.061690 0.031166 0.000000 
50.000000 44.912251 39.907931 35.066365 30.459009 26.146319 22.175473 18.579096 15.374996 12.566859 10.145737 8.092128 6.378410 4.971387 3.834743 2.931234 2.224510 1.680507 1.268395 0.961123 0.735618 0.572708 0.456843 0.375704 0.319743 0.281711 0.256218 0.239327 0.228211 0.220873 0.215910 0.212342 0.209477 0.206811 0.203959 0.200606 0.196475 0.191312 0.184877 0.176945 0.167316 0.155825 0.142360 0.126876 0.109409 0.090088 0.069137 0.046868 0.023673 0.000000 
50.000000 44.909115 39.901711 35.057160 30.446965 26.131617 22.158324 18.559731 15.353658 12.543791 10.121177 8.066304 6.351531 4.943642 3.806298 2.902233 2.195075 1.650738 1.238372 0.930912 0.705270 0.542261 0.426328 0.345143 0.289154 0.251109 0.225616 0.208739 0.197654 0.190365 0.185478 0.182021 0.179314 0.176868 0.174317 0.171368 0.167771 0.163302 0.157751 0.150926 0.142658 0.132808 0.121284 0.108051 0.093142 0.076670 0.058823 0.039869 0.020135 0.000000 
50.000000 44.909115 39.901711 35.057160 30.446965 26.131617 22.158324 18.559731 15.353658 12.543791 10.121177 8.066304 6.351531 4.943642 3.806298 2.902233 2.195075 1.650738 1.238372 0.930912 0.705270 0.542261 0.426328 0.345143 0.289154 0.251109 0.225616 0.208739 0.197654 0.190365 0.185478 0.182021 0.179314 0.176868 0.174317 0.171368 0.167771 0.163302 0.157751 0.150926 0.142658 0.132808 0.121284 0.108051 0.093142 0.076670 0.058823 0.039869 0.020135 0.000000 
50.000000 44.912251 39.907931 35.066365 30.459009 26.146319 22.175473 18.579096 15.374996 12.566859 10.145737 8.092128 6.378410 4.971387 3.834743 2.931234 2.224510 1.680507 1.268395 0.961123 0.735618 0.572708 0.456843 0.375704 0.319743 0.281711 0.256218 0.239327 0.228211 0.220873 0.215910 0.212342 0.209477 0.206811 0.203959 0.200606 0.196475 0.191312 0.184877 0.176945 0.167316 0.155825 0.142360 0.126876 0.109409 0.090088 0.069137 0.046868 0.023673 0.000000 
50.000000 44.918864 39.921048 35.085775 30.484407 26.177321 22.211635 18.619931 15.419994 12.615504 10.197526 8.146584 6.435091 5.029895 3.894725 2.992388 2.286581 1.743283 1.331704 1.024829 0.799615 0.636913 0.521193 0.440150 0.384248 0.346244 0.320750 0.303831 0.292654 0.285213 0.280093 0.276295 0.273102 0.269979 0.266501 0.262304 0.257058 0.250446 0.242160 0.231908 0.219422 0.204481 0.186929 0.166698 0.143831 0.118492 0.090973 0.061690 0.031166 0.000000 
50.000000 44.929646 39.942436 35.117422 30.525817 26.227870 22.270597 18.686511 15.493361 12.694819 10.281969 8.235375 6.527509 5.125291 3.992527 3.092101 2.387788 1.845640 1.434931 1.128704 0.903963 0.741600 0.626116 0.545232 0.489426 0.451468 0.425977 0.409013 0.397740 0.390137 0.384768 0.380605 0.376891 0.373040 0.368561 0.363016 0.355981 0.347039 0.335772 0.321771 0.304661 0.284122 0.259923 0.231958 0.200273 0.165088 0.126810 0.086024 0.043469 0.000000 
50.000000 44.945661 39.974201 35.164426 30.587322 26.302947 22.358170 18.785401 15.602331 12.812623 10.407388 8.367253 6.664776 5.266981 4.137789 3.240203 2.538110 1.997670 1.588254 1.282989 1.058952 0.897092 0.781960 0.701312 0.645651 0.607765 0.582280 0.565256 0.553847 0.546014 0.540290 0.535605 0.531143 0.526242 0.520320 0.512822 0.503191 0.490856 0.475232 0.455738 0.431828 0.403030 0.368996 0.329551 0.284743 0.234871 0.180512 0.122504 0.061919 0.000000 
50.000000 44.968364 40.019235 35.231063 30.674517 26.409384 22.482322 18.925597 15.756820 12.979636 10.585198 8.554219 6.859383 5.467860 4.343734 3.450173 2.751228 2.213210 1.805627 1.501726 1.278687 1.117543 1.002912 0.922599 0.867146 0.829366 0.803895 0.786795 0.775207 0.767065 0.760863 0.755470 0.749992 0.743661 0.735765 0.725587 0.712379 0.695351 0.673679 0.646527 0.613099 0.572696 0.524788 0.469090 0.405636 0.334834 0.257496 0.174830 0.088392 0.000000 
50.000000 44.999630 40.081254 35.322835 30.794601 26.555967 22.653303 19.118673 15.969580 13.209646 10.830078 8.811711 7.127398 5.744513 4.627364 3.739348 3.044739 2.510057 2.104999 1.802979 1.581316 1.421158 1.307217 1.227369 1.172208 1.134580 1.109138 1.091945 1.080129 1.071590 1.064767 1.058452 1.051645 1.043437 1.032937 1.019209 1.001244 0.977948 0.948157 0.910677 0.864352 0.808145 0.741253 0.663214 0.574024 0.474221 0.364942 0.247912 0.125384 0.000000 
50.000000 45.041765 40.164832 35.446508 30.956428 26.753506 22.883722 19.378869 16.256303 13.519616 11.160089 9.158719 7.488588 6.117346 5.009600 4.129058 3.440293 2.910108 2.508455 2.208970 1.989161 1.830336 1.717327 1.638110 1.583347 1.545931 1.520542 1.503245 1.491150 1.482116 1.474514 1.467036 1.458542 1.447942 1.434110 1.415818 1.391705 1.360264 1.319867 1.268821 1.205454 1.128248 1.035986 0.927929 0.803980 0.664829 0.512040 0.348053 0.176099 0.000000 
50.000000 45.097503 40.275395 35.610111 31.170504 27.014826 23.188538 19.723077 16.635604 13.929671 11.596658 9.617774 7.966406 6.610567 5.515263 4.644609 3.963577 3.439342 3.042194 2.746063 2.528711 2.371649 2.259878 2.181500 2.127272 2.090150 2.064848 2.047441 2.035017 2.025386 2.016836 2.007932 1.997360 1.983798 1.965819 1.941815 1.909964 1.868211 1.814302 1.745856 1.660489 1.555988 1.430529 1.282934 1.112919 0.921326 0.710265 0.483147 0.244562 0.000000 
50.000000 45.169984 40.419167 35.822854 31.448880 27.354635 23.584910 20.170674 17.128837 14.462897 12.164362 10.214722 8.587754 7.251946 6.172823 5.315029 4.644054 4.127558 3.736270 3.444504 3.230347 3.075582 2.965425 2.888145 2.834624 2.797901 2.772738 2.755224 2.742428 2.732101 2.722431 2.711832 2.698775 2.681650 2.658653 2.627697 2.586365 2.531891 2.461193 2.370964 2.257838 2.118621 1.950601 1.751915 1.521928 1.261591 0.973687 0.662917 0.335745 0.000000 
50.000000 45.262684 40.603047 36.094947 31.804918 27.789247 24.091864 20.743146 17.759677 15.144890 12.890456 10.978219 9.382462 8.072277 7.013851 6.172506 5.514397 5.007801 4.624010 4.337828 4.127761 3.975938 3.867851 3.791985 3.739382 3.703190 3.678238 3.660638 3.647440 3.636333 3.625385 3.612835 3.596898 3.575619 3.546731 3.507559 3.454940 3.385202 3.294190 3.177374 3.030054 2.847669 2.626217 2.362781 2.056091 1.707084 1.319326 0.899196 0.455721 0.000000 
50.000000 45.379324 40.834414 36.437309 32.252903 28.336098 24.729742 21.463464 18.553440 16.003019 13.804077 11.938906 10.382423 9.104481 8.072100 7.251456 6.609536 6.115400 5.741044 5.461892 5.256975 5.108858 5.003384 4.929310 4.877879 4.842384 4.817740 4.800097 4.786490 4.774542 4.762192 4.747477 4.728320 4.702361 4.666790 4.618221 4.552586 4.465086 4.350206 4.201830 4.013480 3.778709 3.491667 3.147825 2.744811 2.283275 1.767604 1.206310 0.611883 0.000000 
50.000000 45.523719 41.120836 36.861137 32.807488 29.013075 25.519408 22.355190 19.536090 17.065353 14.935111 13.128210 11.620349 10.382326 9.382190 8.587176 7.965302 7.486594 7.123921 6.853475 6.654938 6.511415 6.409185 6.337342 6.287385 6.252788 6.228579 6.210965 6.196976 6.184169 6.170350 6.153334 6.130723 6.099700 6.056836 5.997920 5.917814 5.810359 5.668361 5.483688 5.247538 4.950910 4.585327 4.143829 3.622181 3.020202 2.342972 1.601609 0.813256 0.000000 
50.000000 45.699591 41.469694 37.377355 33.482968 29.837630 26.481219 23.441310 20.732958 18.359280 16.312718 14.576792 13.128158 11.938759 10.977903 10.214109 9.616654 9.156739 8.808300 8.548461 8.357701 8.219782 8.121512 8.052405 8.004271 7.970809 7.947198 7.929720 7.915419 7.901795 7.886521 7.867186 7.841052 7.804811 7.754356 7.684556 7.589053 7.460101 7.288493 7.063609 6.773676 6.406288 5.949301 5.392128 4.727459 3.953275 3.074862 2.106337 1.071007 0.000000 
50.000000 45.910342 41.887740 37.995953 34.292415 30.825719 27.633787 24.742845 22.167208 19.909843 17.963561 16.312691 14.935034 13.803908 12.890125 12.163748 11.595558 11.158168 10.826790 10.579667 10.398231 10.267034 10.173526 10.107716 10.061799 10.029749 10.006932 9.989740 9.975251 9.960927 9.944322 9.922808 9.893308 9.852018 9.794127 9.713526 9.602526 9.451608 9.249239 8.981830 8.633910 8.188652 7.628876 6.938682 6.105789 5.124544 3.999246 2.747056 1.399315 0.000000 
50.000000 46.158805 42.380591 38.725244 35.246707 31.990620 28.992603 26.277286 23.858117 21.737882 19.909830 18.359241 17.065266 16.002845 15.144562 14.462302 13.928618 13.517788 13.206528 12.974401 12.803964 12.680704 12.592822 12.530924 12.487657 12.457330 12.435542 12.418828 12.404337 12.389518 12.371835 12.348475 12.316052 12.270297 12.205715 12.115224 11.989773 11.817960 11.585699 11.275999 10.868966 10.342196 9.671780 8.834182 7.809283 6.584710 5.161216 3.558132 1.816908 0.000000 
50.000000 46.446979 42.952214 39.571096 36.353523 33.341709 30.568601 28.056983 25.819294 23.858111 22.167188 20.732914 19.536001 18.553271 17.759365 17.128276 16.634617 16.254597 15.966674 15.751946 15.594274 15.480229 15.398890 15.341554 15.301402 15.273139 15.252646 15.236651 15.222405 15.207392 15.189030 15.164373 15.129794 15.080635 15.010808 14.912352 14.774932 14.585299 14.326743 13.978603 13.515953 12.909659 12.127122 11.134166 9.898639 8.396323 6.619337 4.586120 2.349897 0.000000 
50.000000 46.775781 43.604427 40.536202 37.616384 34.883284 32.366797 30.087600 28.056980 26.277277 24.742823 23.441266 22.355105 21.463306 20.742858 20.170159 19.722174 19.377310 19.116021 18.921150 18.778050 18.674530 18.600673 18.548571 18.512017 18.486179 18.467278 18.452278 18.438586 18.423772 18.405272 18.380089 18.344459 18.293467 18.220604 18.117234 17.971972 17.769963 17.492068 17.114004 16.605529 15.929876 15.043806 13.898920 12.445271 10.638650 8.452943 5.897704 3.037186 0.000000 
50.000000 47.144832 44.336478 41.619446 39.033835 36.613567 34.385118 32.366796 30.568597 28.992593 27.633766 26.481178 25.519331 24.729599 24.091605 23.584450 23.187733 22.882334 22.650943 22.478366 22.351629 22.259934 22.194493 22.148294 22.115824 22.092782 22.075785 22.062088 22.049310 22.035167 22.017197 21.992458 21.957190 21.906417 21.833462 21.729350 21.582068 21.375665 21.089139 20.695134 20.158438 19.434446 18.467885 17.192561 15.533585 13.414652 10.774221 7.594406 3.941393 0.000000 
50.000000 47.552304 45.144740 42.815466 40.598855 38.523990 36.613567 34.883282 33.341705 31.990611 30.825700 29.837594 29.013008 28.335974 27.789023 27.354239 27.014133 26.752311 26.553936 26.405978 26.297316 26.218689 26.162557 26.122902 26.094988 26.075108 26.060331 26.048259 26.036783 26.023839 26.007158 25.983979 25.950725 25.902603 25.833107 25.733383 25.591415 25.390966 25.110211 24.719953 24.181350 23.443077 22.438017 21.079985 19.261996 16.859722 13.747657 9.840518 5.172399 0.000000 
50.000000 47.994849 46.022574 44.114433 42.298585 40.598855 39.033835 37.616382 36.353519 35.246699 34.292399 33.482938 32.807432 32.252801 31.804734 31.448554 31.169934 30.955445 30.792931 30.671718 30.582693 30.518268 30.472263 30.439744 30.416820 30.400442 30.388189 30.378061 30.368282 30.357082 30.342485 30.322051 30.292582 30.249750 30.187617 30.098020 29.969732 29.787344 29.529725 29.167889 28.662006 27.957206 26.977738 25.619185 23.739134 21.149293 17.619115 12.917180 6.942758 0.000000 
50.000000 48.467626 46.960376 45.502138 44.114433 42.815466 41.619446 40.536200 39.571093 38.725238 37.995941 37.377332 36.861094 36.437231 36.094806 35.822604 35.609675 35.445755 35.321555 35.228918 35.160878 35.111635 35.076464 35.051590 35.034036 35.021462 35.012004 35.004114 34.996401 34.987463 34.975714 34.959173 34.935222 34.900284 34.849418 34.775764 34.669784 34.518209 34.302516 33.996720 33.564035 32.951763 32.083261 30.845227 29.067810 26.495318 22.751069 17.326298 9.711687 0.000000 
50.000000 48.964432 47.945843 46.960376 46.022574 45.144740 44.336477 43.604426 42.952212 42.380587 41.887732 41.469678 41.120806 40.834361 40.602952 40.418998 40.275100 40.164323 40.080388 40.017782 39.971798 39.938516 39.914741 39.897921 39.886040 39.877513 39.871074 39.865667 39.860333 39.854101 39.845858 39.834208 39.817289 39.792544 39.756420 39.703946 39.628158 39.519256 39.363373 39.140693 38.822464 38.366097 37.706724 36.742072 35.304223 33.105394 29.634078 23.972922 14.601720 0.000000 
50.000000 49.477936 48.964432 48.467626 47.994849 47.552304 47.144832 46.775781 46.446978 46.158803 45.910338 45.699583 45.523705 45.379298 45.262636 45.169898 45.097354 45.041508 44.999193 44.967630 44.944448 44.927667 44.915680 44.907197 44.901202 44.896894 44.893633 44.890883 44.888156 44.884955 44.880705 44.874684 44.865923 44.853090 44.834324 44.807011 44.767469 44.710479 44.628592 44.511031 44.341899 44.097084 43.738596 43.203440 42.379905 41.052091 38.755939 34.362713 24.738968 0.000000 
50.000000 50.000000 50.000000 50.000000 50.000000 50.000000 50.000000 50.000000 50.000000 50.000000 50.000000 50.000000 50.000000 50.000000 50.000000 50.000000 50.000000 50.000000 50.000000 50.000000 50.000000 50.000000 50.000000 50.000000 50.000000 50.000000 50.000000 50.000000 50.000000 50.000000 50.000000 50.000000 50.000000 50.000000 50.000000 50.000000 50.000000 50.000000 50.000000 50.000000 50.000000 50.000000 50.000000 50.000000 50.000000 50.000000 50.000000 50.000000 50.000000 50.000000 
