50.000000 50.000000 50.000000 50.000000 50.000000 50.000000 50.000000 50.000000 50.000000 50.000000 50.000000 50.000000 50.000000 50.000000 50.000000 50.000000 50.000000 50.000000 50.000000 50.000000 50.000000 50.000000 50.000000 50.000000 50.000000 50.000000 50.000000 50.000000 50.000000 50.000000 50.000000 50.000000 50.000000 50.000000 50.000000 50.000000 50.000000 50.000000 50.000000 50.000000 50.000000 50.000000 50.000000 50.000000 50.000000 50.000000 50.000000 50.000000 50.000000 50.000000 
50.000000 49.765656 49.533038 49.303831 49.079646 48.861988 48.652219 48.451537 48.260958 48.081299 47.913169 47.756976 47.612921 47.481016 47.361092 47.252821 47.155731 47.069232 46.992630 46.925154 46.865971 46.814199 46.768923 46.729202 46.694071 46.662538 46.633580 46.606125 46.579029 46.551048 46.520790 46.486664 46.446795 46.398924 46.340264 46.267293 46.175466 46.058775 45.909089 45.715087 45.460506 45.121073 44.658878 44.011258 43.067103 41.611375 39.181130 34.648964 24.882944 0.000000 
50.000000 49.533048 49.069532 48.612815 48.166106 47.732401 47.314416 46.914539 46.534792 46.176804 45.841791 45.530562 45.243522 44.980691 44.741736 44.526002 44.332551 44.160205 44.007586 43.873158 43.755262 43.652145 43.561988 43.482921 43.413026 43.350339 43.292832 43.238386 43.184746 43.129461 43.069806 43.002665 42.924389 42.830597 42.715910 42.573570 42.394914 42.168591 41.879392 41.506432 41.020241 40.377917 39.514745 38.329106 36.654258 34.204118 30.469363 24.535256 14.884555 0.000000 
50.000000 49.303871 48.612867 47.931996 47.266047 46.619483 45.996354 45.400222 44.834101 44.300416 43.800985 43.337012 42.909101 42.517283 42.161063 41.839465 41.551093 41.294192 41.066712 40.866367 40.690688 40.537069 40.402810 40.285132 40.181197 40.088097 40.002841 39.922308 39.843193 39.761919 39.674523 39.576504 39.462621 39.326626 39.160907 38.955992 38.699865 38.376990 37.966891 37.442026 36.764562 35.881348 34.715961 33.156053 31.033485 28.095036 23.967199 18.145013 10.123469 0.000000 
50.000000 49.079752 48.166277 47.266199 46.385847 45.531121 44.707376 43.919320 43.170938 42.465436 41.805219 41.191877 40.626209 40.108262 39.637378 39.212271 38.831098 38.491544 38.190905 37.926164 37.694068 37.491187 37.313965 37.158753 37.021830 36.899393 36.787539 36.682217 36.579156 36.473756 36.360961 36.235065 36.089484 35.916442 35.706564 35.448326 35.127320 34.725233 34.218426 33.575925 32.756559 31.704876 30.345411 28.574965 26.253315 23.195319 19.174488 13.964254 7.469390 0.000000 
50.000000 48.862207 47.732788 46.619933 45.531468 44.474688 43.456213 42.481864 41.556569 40.684295 39.868012 39.109689 38.410316 37.769951 37.187784 36.662229 36.191012 35.771276 35.399686 35.072525 34.785783 34.535240 34.316527 34.125166 33.956601 33.806193 33.669198 33.540715 33.415607 33.288386 33.153061 33.002940 32.830379 32.626455 32.380547 32.079794 31.708387 31.246637 30.669738 29.946134 29.035392 27.885503 26.429683 24.583193 22.241637 19.284415 15.590815 11.081293 5.796443 0.000000 
50.000000 48.652619 47.315155 45.997306 44.708340 43.456897 42.250816 41.096991 40.001257 38.968313 38.001678 37.103685 36.275508 35.517218 34.827860 34.205560 33.647631 33.150701 32.710830 32.323631 31.984378 31.688101 31.429659 31.203801 31.005192 30.828422 30.667984 30.518220 30.373241 30.226809 30.072176 29.901893 29.707546 29.479449 29.206244 28.874408 28.467636 27.966069 27.345346 26.575450 25.619382 24.431763 22.957700 21.132620 18.884539 16.141332 12.846837 8.989598 4.643085 0.000000 
50.000000 48.452211 46.915815 45.401953 43.921269 42.483690 41.098222 39.772784 38.514080 37.327508 36.217113 35.185577 34.234250 33.363217 32.571387 31.856612 31.215814 30.645131 30.140052 29.695557 29.306244 28.966438 28.670280 28.411798 28.184943 27.983606 27.801599 27.632606 27.470102 27.307240 27.136696 26.950479 26.739688 26.494229 26.202459 25.850771 25.423098 24.900337 24.259697 23.474013 22.511106 21.333373 19.897983 18.158286 16.067469 13.585825 10.693032 7.405569 3.795526 0.000000 
50.000000 48.262030 46.536854 44.836980 43.174362 41.560147 40.004447 38.516155 37.102801 35.770446 34.523634 33.365378 32.297199 31.319194 30.430146 29.627649 28.908259 28.267651 27.700780 27.202032 26.765374 26.384474 26.052812 25.763752 25.510600 25.286621 25.085028 24.898946 24.721330 24.544861 24.361804 24.163827 23.941792 23.685498 23.383393 23.022235 22.586733 22.059151 21.418934 20.642390 19.702558 18.569427 17.210823 15.594394 13.691258 11.481895 8.964461 6.164609 3.143732 0.000000 
50.000000 48.082934 46.179979 44.304934 42.470987 40.690430 38.974421 37.332769 35.773780 34.304143 32.928871 31.651291 30.473083 29.394360 28.413786 27.528716 26.735364 26.028973 25.404001 24.854285 24.373206 23.953829 23.589025 23.271559 22.994156 22.749530 22.530380 22.329363 22.139023 21.951694 21.759376 21.553573 21.325115 21.063937 20.758856 20.397317 19.965143 19.446314 18.822790 18.074471 17.179379 16.114212 14.855488 13.381523 11.675517 9.729864 7.551438 5.166886 2.625937 0.000000 
50.000000 47.915584 45.846511 43.807786 41.813747 39.877760 38.011958 36.227007 34.531940 32.934031 31.438731 30.049663 28.768657 27.595842 26.529771 25.567580 24.705166 23.937376 23.258205 22.660986 22.138563 21.683452 21.287970 20.944347 20.644789 20.381532 20.146841 19.932989 19.732207 19.536593 19.338006 19.127931 18.897320 18.636428 18.334630 17.980253 17.560419 17.060945 16.466319 15.759830 14.923916 13.940846 12.793857 11.468883 9.956931 8.257071 6.379663 4.349110 2.204943 0.000000 
50.000000 47.760452 45.537390 43.346935 41.204492 39.124425 37.119767 35.201982 33.380774 31.663962 30.057405 28.564998 27.188713 25.928693 24.783394 23.749749 22.823364 21.998722 21.269399 20.628265 20.067677 19.579652 19.156014 18.788511 18.468901 18.189004 17.940722 17.716028 17.506919 17.305352 17.103145 16.891870 16.662722 16.406390 16.112923 15.771625 15.370969 14.898582 14.341320 13.685485 12.917240 12.023283 10.991865 9.814174 8.486090 7.010170 5.397578 3.669446 1.857017 0.000000 
50.000000 47.617825 45.253185 42.923231 40.644347 38.431813 36.299493 34.259583 32.322406 30.496279 28.787440 27.200033 25.736162 24.395986 23.177870 22.078564 21.093410 20.216562 19.441215 18.759819 18.164293 17.646208 17.196947 16.807836 16.470241 16.175630 15.915609 15.681913 15.466381 15.260900 15.057327 14.847395 14.622619 14.374189 14.092880 13.768989 13.392301 12.952132 12.437452 11.837136 11.140374 10.337286 9.419760 8.382516 7.224351 5.949438 4.568445 3.099159 1.566264 0.000000 
50.000000 47.487817 44.994127 42.537016 40.133764 37.800485 35.551801 33.400573 31.357690 29.431926 27.629860 25.955868 24.412172 22.998949 21.714482 20.555357 19.516678 18.592303 17.775081 17.057091 16.429859 15.884559 15.412185 15.003694 14.650116 14.342625 14.072583 13.831548 13.611257 13.403584 13.200478 12.993888 12.775686 12.537591 12.271105 11.967480 11.617722 11.212658 10.743080 10.199994 9.574993 8.860778 8.051819 7.145147 6.141223 5.044763 3.865376 2.617805 1.321583 0.000000 
50.000000 47.370391 44.760141 42.188179 39.672596 37.230258 34.876473 32.624702 30.486347 28.470593 26.584329 24.832140 23.216356 21.737170 20.392796 19.179671 18.092687 17.125437 16.270466 15.519519 14.863776 14.294060 13.801027 13.375316 13.007668 12.689012 12.410517 12.163610 11.939972 11.731505 11.530285 11.328503 11.118404 10.892230 10.642179 10.360385 10.038951 9.670014 9.245897 8.759334 8.203788 7.573869 6.865849 6.078231 5.212345 4.272869 3.268170 2.210358 1.114936 0.000000 
50.000000 47.265380 44.550892 41.876223 39.260185 36.720319 34.272545 31.930863 29.707132 27.610905 25.649350 23.827238 22.146998 20.608838 19.210909 17.949518 16.819372 15.813828 14.925162 14.144826 13.463697 12.872294 12.360977 11.920112 11.540198 11.211963 10.926422 10.674911 10.449087 10.240907 10.042595 9.846592 9.645511 9.432090 9.199166 8.939668 8.646650 8.313368 7.933403 7.500863 7.010642 6.458748 5.842683 5.161859 4.417990 3.615414 2.761271 1.865457 0.940309 0.000000 
50.000000 47.172511 44.365838 41.600337 38.895459 36.269343 33.738448 31.317253 29.018019 26.850627 24.822491 22.938547 21.201313 19.611010 18.165734 16.861682 15.693395 14.654025 13.735614 12.929362 12.225877 11.615418 11.088093 10.634036 10.243544 9.907177 9.615836 9.360791 9.133699 8.926592 8.731846 8.542150 8.350460 8.149971 7.934091 7.696444 7.430899 7.131638 6.793265 6.410965 5.980714 5.499526 4.965734 4.379281 3.741976 3.057693 2.332441 1.574288 0.793083 0.000000 
50.000000 47.091433 44.204280 41.359479 38.577042 35.875626 33.272166 30.781554 28.416406 26.186887 24.100627 22.162708 20.375724 18.739908 17.253312 15.912034 14.710473 13.641607 12.697275 11.868455 11.145533 10.518542 9.977376 9.511974 9.112465 8.769279 8.473222 8.215527 7.987865 7.782348 7.591504 7.408252 7.225865 7.037941 6.838388 6.621425 6.381601 6.113859 5.813616 5.476894 5.100477 4.682096 4.220634 3.716319 3.170899 2.587747 1.971883 1.329878 0.669629 0.000000 
50.000000 47.021747 44.065420 41.152461 38.303361 35.537226 32.871395 30.321121 27.899321 25.616406 23.480192 21.495885 19.666146 17.991220 16.469121 15.095862 13.865724 12.771533 11.804958 10.956791 10.217226 9.576107 9.023152 8.548136 8.141052 7.792223 7.492389 7.232755 7.005020 6.801375 6.614491 6.437494 6.263936 6.087767 5.903321 5.705312 5.488853 5.249494 4.983297 4.686921 4.357750 3.994020 3.594967 3.160957 2.693591 2.195764 1.671656 1.126630 0.567049 0.000000 
50.000000 46.963028 43.948416 40.978028 38.072758 35.252091 32.533707 29.933162 27.463627 25.135723 22.957420 20.934030 19.068271 17.360397 15.808391 14.408198 13.153997 12.038489 11.053200 10.188768 9.435229 8.782270 8.219462 7.736450 7.323116 6.969699 6.666888 6.405877 6.178391 5.976699 5.793598 5.622397 5.456885 5.291310 5.120361 4.939157 4.743263 4.528714 4.292067 4.030466 3.741731 3.424452 3.078085 2.703040 2.300746 1.873670 1.425292 0.960017 0.483013 0.000000 
50.000000 46.914861 43.852436 40.834937 37.883591 35.018190 32.256697 29.614913 27.106223 24.741415 22.528587 20.473139 18.577835 16.842939 15.266407 13.844127 12.570198 11.437220 10.436600 9.558853 8.793886 8.131261 7.560430 7.070933 6.652567 6.295505 5.990401 5.728440 5.501379 5.301553 5.121870 4.955788 4.797297 4.640888 4.481533 4.314678 4.136242 3.942635 3.730791 3.498214 3.243038 2.964095 2.660974 2.334083 1.984673 1.614852 1.227539 0.826386 0.415646 0.000000 
50.000000 46.876855 43.776704 40.722033 37.734331 34.833633 32.038125 29.363805 26.824220 24.430293 22.190225 20.109484 18.190871 16.434656 14.838776 13.399075 12.109588 10.962835 9.950133 9.061898 8.287938 7.617716 7.040594 6.546032 6.123757 5.763899 5.457083 5.194492 4.967911 4.769730 4.592947 4.431142 4.278462 4.129587 3.979713 3.824536 3.660244 3.483527 3.291597 3.082220 2.853751 2.605183 2.336184 2.047131 1.739127 1.413984 1.074189 0.722824 0.363457 0.000000 
50.000000 46.848672 43.720545 40.638310 37.623647 34.696776 31.876045 29.177596 26.615101 24.199582 21.939315 19.839819 17.903922 16.131901 14.521676 13.069060 11.768041 10.611079 9.589426 8.693425 7.912810 7.236973 6.655209 6.156920 5.731785 5.369900 5.061870 4.798883 4.572742 4.375883 4.201367 4.042871 3.894656 3.751542 3.608890 3.462573 3.308976 3.144988 2.968017 2.776006 2.567462 2.341481 2.097775 1.836688 1.559198 1.266902 0.961969 0.647073 0.325294 0.000000 
50.000000 46.830041 43.683420 40.582962 37.550477 34.606303 31.768898 29.054499 26.476859 24.047067 21.773447 19.661553 17.714231 15.931761 14.312055 12.850903 11.542263 10.378556 9.350989 8.449859 7.664851 6.985312 6.400491 5.899751 5.472744 5.109540 4.800737 4.537521 4.311712 4.115773 3.942814 3.786569 3.641379 3.502156 3.364366 3.224001 3.077570 2.922091 2.755095 2.574638 2.379320 2.168297 1.941304 1.698657 1.441250 1.170535 0.888474 0.597478 0.300313 0.000000 
50.000000 46.820773 43.664954 40.555432 37.514082 34.561302 31.715602 28.993269 26.408097 23.971204 21.690943 19.572883 17.619878 15.832211 14.207789 12.742392 11.429961 10.262900 9.232393 8.328713 7.541523 6.860144 6.273806 5.771852 5.343919 4.980066 4.670886 4.407567 4.181934 3.986468 3.814300 3.659195 3.515531 3.378268 3.242923 3.105546 2.962708 2.811488 2.649479 2.474791 2.286066 2.082492 1.863809 1.630319 1.382875 1.122855 0.852120 0.572950 0.287960 0.000000 
50.000000 46.820773 43.664954 40.555432 37.514082 34.561302 31.715602 28.993269 26.408097 23.971204 21.690943 19.572883 17.619878 15.832211 14.207789 12.742392 11.429961 10.262900 9.232393 8.328713 7.541523 6.860144 6.273806 5.771852 5.343919 4.980066 4.670886 4.407567 4.181934 3.986468 3.814300 3.659195 3.515531 3.378268 3.242923 3.105546 2.962708 2.811488 2.649479 2.474791 2.286066 2.082492 1.863809 1.630319 1.382875 1.122855 0.852120 0.572950 0.287960 0.000000 
50.000000 46.830041 43.683420 40.582962 37.550477 34.606303 31.768898 29.054499 26.476859 24.047067 21.773447 19.661553 17.714231 15.931761 14.312055 12.850903 11.542263 10.378556 9.350989 8.449859 7.664851 6.985312 6.400491 5.899751 5.472744 5.109540 4.800737 4.537521 4.311712 4.115773 3.942814 3.786569 3.641379 3.502156 3.364366 3.224001 3.077570 2.922091 2.755095 2.574638 2.379320 2.168297 1.941304 1.698657 1.441250 1.170535 0.888474 0.597478 0.300313 0.000000 
50.000000 46.848672 43.720545 40.638310 37.623647 34.696776 31.876045 29.177596 26.615101 24.199582 21.939315 19.839819 17.903922 16.131901 14.521676 13.069060 11.768041 10.611079 9.589426 8.693425 7.912810 7.236973 6.655209 6.156920 5.731785 5.369900 5.061870 4.798883 4.572742 4.375883 4.201367 4.042871 3.894656 3.751542 3.608890 3.462573 3.308976 3.144988 2.968017 2.776006 2.567462 2.341481 2.097775 1.836688 1.559198 1.266902 0.961969 0.647073 0.325294 0.000000 
50.000000 46.876855 43.776704 40.722033 37.734331 34.833633 32.038125 29.363805 26.824220 24.430293 22.190225 20.109484 18.190871 16.434656 14.838776 13.399075 12.109588 10.962835 9.950133 9.061898 8.287938 7.617716 7.040594 6.546032 6.123757 5.763899 5.457083 5.194492 4.967911 4.769730 4.592947 4.431142 4.278462 4.129587 3.979713 3.824536 3.660244 3.483527 3.291597 3.082220 2.853751 2.605183 2.336184 2.047131 1.739127 1.413984 1.074189 0.722824 0.363457 0.000000 
50.000000 46.914861 43.852436 40.834937 37.883591 35.018190 32.256697 29.614913 27.106223 24.741415 22.528587 20.473139 18.577835 16.842939 15.266407 13.844127 12.570198 11.437220 10.436600 9.558853 8.793886 8.131261 7.560430 7.070933 6.652567 6.295505 5.990401 5.728440 5.501379 5.301553 5.121870 4.955788 4.797297 4.640888 4.481533 4.314678 4.136242 3.942635 3.730791 3.498214 3.243038 2.964095 2.660974 2.334083 1.984673 1.614852 1.227539 0.826386 0.415646 0.000000 
50.000000 46.963028 43.948416 40.978028 38.072758 35.252091 32.533707 29.933162 27.463627 25.135723 22.957420 20.934030 19.068271 17.360397 15.808391 14.408198 13.153997 12.038489 11.053200 10.188768 9.435229 8.782270 8.219462 7.736450 7.323116 6.969699 6.666888 6.405877 6.178391 5.976699 5.793598 5.622397 5.456885 5.291310 5.120361 4.939157 4.743263 4.528714 4.292067 4.030466 3.741731 3.424452 3.078085 2.703040 2.300746 1.873670 1.425292 0.960017 0.483013 0.000000 
50.000000 47.021747 44.065420 41.152461 38.303361 35.537226 32.871395 30.321121 27.899321 25.616406 23.480192 21.495885 19.666146 17.991220 16.469121 15.095862 13.865724 12.771533 11.804958 10.956791 10.217226 9.576107 9.023152 8.548136 8.141052 7.792223 7.492389 7.232755 7.005020 6.801375 6.614491 6.437494 6.263936 6.087767 5.903321 5.705312 5.488853 5.249494 4.983297 4.686921 4.357750 3.994020 3.594967 3.160957 2.693591 2.195764 1.671656 1.126630 0.567049 0.000000 
50.000000 47.091433 44.204280 41.359479 38.577042 35.875626 33.272166 30.781554 28.416406 26.186887 24.100627 22.162708 20.375724 18.739908 17.253312 15.912034 14.710473 13.641607 12.697275 11.868455 11.145533 10.518542 9.977376 9.511974 9.112465 8.769279 8.473222 8.215527 7.987865 7.782348 7.591504 7.408252 7.225865 7.037941 6.838388 6.621425 6.381601 6.113859 5.813616 5.476894 5.100477 4.682096 4.220634 3.716319 3.170899 2.587747 1.971883 1.329878 0.669629 0.000000 
50.000000 47.172511 44.365838 41.600337 38.895459 36.269343 33.738448 31.317253 29.018019 26.850627 24.822491 22.938547 21.201313 19.611010 18.165734 16.861682 15.693395 14.654025 13.735614 12.929362 12.225877 11.615418 11.088093 10.634036 10.243544 9.907177 9.615836 9.360791 9.133699 8.926592 8.731846 8.542150 8.350460 8.149971 7.934091 7.696444 7.430899 7.131638 6.793265 6.410965 5.980714 5.499526 4.965734 4.379281 3.741976 3.057693 2.332441 1.574288 0.793083 0.000000 
50.000000 47.265380 44.550892 41.876223 39.260185 36.720319 34.272545 31.930863 29.707132 27.610905 25.649350 23.827238 22.146998 20.608838 19.210909 17.949518 16.819372 15.813828 14.925162 14.144826 13.463697 12.872294 12.360977 11.920112 11.540198 11.211963 10.926422 10.674911 10.449087 10.240907 10.042595 9.846592 9.645511 9.432090 9.199166 8.939668 8.646650 8.313368 7.933403 7.500863 7.010642 6.458748 5.842683 5.161859 4.417990 3.615414 2.761271 1.865457 0.940309 0.000000 
50.000000 47.370391 44.760141 42.188179 39.672596 37.230258 34.876473 32.624702 30.486347 28.470593 26.584329 24.832140 23.216356 21.737170 20.392796 19.179671 18.092687 17.125437 16.270466 15.519519 14.863776 14.294060 13.801027 13.375316 13.007668 12.689012 12.410517 12.163610 11.939972 11.731505 11.530285 11.328503 11.118404 10.892230 10.642179 10.360385 10.038951 9.670014 9.245897 8.759334 8.203788 7.573869 6.865849 6.078231 5.212345 4.272869 3.268170 2.210358 1.114936 0.000000 
50.000000 47.487817 44.994127 42.537016 40.133764 37.800485 35.551801 33.400573 31.357690 29.431926 27.629860 25.955868 24.412172 22.998949 21.714482 20.555357 19.516678 18.592303 17.775081 17.057091 16.429859 15.884559 15.412185 15.003694 14.650116 14.342625 14.072583 13.831548 13.611257 13.403584 13.200478 12.993888 12.775686 12.537591 12.271105 11.967480 11.617722 11.212658 10.743080 10.199994 9.574993 8.860778 8.051819 7.145147 6.141223 5.044763 3.865376 2.617805 1.321583 0.000000 
50.000000 47.617825 45.253185 42.923231 40.644347 38.431813 36.299493 34.259583 32.322406 30.496279 28.787440 27.200033 25.736162 24.395986 23.177870 22.078564 21.093410 20.216562 19.441215 18.759819 18.164293 17.646208 17.196947 16.807836 16.470241 16.175630 15.915609 15.681913 15.466381 15.260900 15.057327 14.847395 14.622619 14.374189 14.092880 13.768989 13.392301 12.952132 12.437452 11.837136 11.140374 10.337286 9.419760 8.382516 7.224351 5.949438 4.568445 3.099159 1.566264 0.000000 
50.000000 47.760452 45.537390 43.346935 41.204492 39.124425 37.119767 35.201982 33.380774 31.663962 30.057405 28.564998 27.188713 25.928693 24.783394 23.749749 22.823364 21.998722 21.269399 20.628265 20.067677 19.579652 19.156014 18.788511 18.468901 18.189004 17.940722 17.716028 17.506919 17.305352 17.103145 16.891870 16.662722 16.406390 16.112923 15.771625 15.370969 14.898582 14.341320 13.685485 12.917240 12.023283 10.991865 9.814174 8.486090 7.010170 5.397578 3.669446 1.857017 0.000000 
50.000000 47.915584 45.846511 43.807786 41.813747 39.877760 38.011958 36.227007 34.531940 32.934031 31.438731 30.049663 28.768657 27.595842 26.529771 25.567580 24.705166 23.937376 23.258205 22.660986 22.138563 21.683452 21.287970 20.944347 20.644789 20.381532 20.146841 19.932989 19.732207 19.536593 19.338006 19.127931 18.897320 18.636428 18.334630 17.980253 17.560419 17.060945 16.466319 15.759830 14.923916 13.940846 12.793857 11.468883 9.956931 8.257071 6.379663 4.349110 2.204943 0.000000 
50.000000 48.082934 46.179979 44.304934 42.470987 40.690430 38.974421 37.332769 35.773780 34.304143 32.928871 31.651291 30.473083 29.394360 28.413786 27.528716 26.735364 26.028973 25.404001 24.854285 24.373206 23.953829 23.589025 23.271559 22.994156 22.749530 22.530380 22.329363 22.139023 21.951694 21.759376 21.553573 21.325115 21.063937 20.758856 20.397317 19.965143 19.446314 18.822790 18.074471 17.179379 16.114212 14.855488 13.381523 11.675517 9.729864 7.551438 5.166886 2.625937 0.000000 
50.000000 48.262030 46.536854 44.836980 43.174362 41.560147 40.004447 38.516155 37.102801 35.770446 34.523634 33.365378 32.297199 31.319194 30.430146 29.627649 28.908259 28.267651 27.700780 27.202032 26.765374 26.384474 26.052812 25.763752 25.510600 25.286621 25.085028 24.898946 24.721330 24.544861 24.361804 24.163827 23.941792 23.685498 23.383393 23.022235 22.586733 22.059151 21.418934 20.642390 19.702558 18.569427 17.210823 15.594394 13.691258 11.481895 8.964461 6.164609 3.143732 0.000000 
50.000000 48.452211 46.915815 45.401953 43.921269 42.483690 41.098222 39.772784 38.514080 37.327508 36.217113 35.185577 34.234250 33.363217 32.571387 31.856612 31.215814 30.645131 30.140052 29.695557 29.306244 28.966438 28.670280 28.411798 28.184943 27.983606 27.801599 27.632606 27.470102 27.307240 27.136696 26.950479 26.739688 26.494229 26.202459 25.850771 25.423098 24.900337 24.259697 23.474013 22.511106 21.333373 19.897983 18.158286 16.067469 13.585825 10.693032 7.405569 3.795526 0.000000 
50.000000 48.652619 47.315155 45.997306 44.708340 43.456897 42.250816 41.096991 40.001257 38.968313 38.001678 37.103685 36.275508 35.517218 34.827860 34.205560 33.647631 33.150701 32.710830 32.323631 31.984378 31.688101 31.429659 31.203801 31.005192 30.828422 30.667984 30.518220 30.373241 30.226809 30.072176 29.901893 29.707546 29.479449 29.206244 28.874408 28.467636 27.966069 27.345346 26.575450 25.619382 24.431763 22.957700 21.132620 18.884539 16.141332 12.846837 8.989598 4.643085 0.000000 
50.000000 48.862207 47.732788 46.619933 45.531468 44.474688 43.456213 42.481864 41.556569 40.684295 39.868012 39.109689 38.410316 37.769951 37.187784 36.662229 36.191012 35.771276 35.399686 35.072525 34.785783 34.535240 34.316527 34.125166 33.956601 33.806193 33.669198 33.540715 33.415607 33.288386 33.153061 33.002940 32.830379 32.626455 32.380547 32.079794 31.708387 31.246637 30.669738 29.946134 29.035392 27.885503 26.429683 24.583193 22.241637 19.284415 15.590815 11.081293 5.796443 0.000000 
50.000000 49.079752 48.166277 47.266199 46.385847 45.531121 44.707376 43.919320 43.170938 42.465436 41.805219 41.191877 40.626209 40.108262 39.637378 39.212271 38.831098 38.491544 38.190905 37.926164 37.694068 37.491187 37.313965 37.158753 37.021830 36.899393 36.787539 36.682217 36.579156 36.473756 36.360961 36.235065 36.089484 35.916442 35.706564 35.448326 35.127320 34.725233 34.218426 33.575925 32.756559 31.704876 30.345411 28.574965 26.253315 23.195319 19.174488 13.964254 7.469390 0.000000 
50.000000 49.303871 48.612867 47.931996 47.266047 46.619483 45.996354 45.400222 44.834101 44.300416 43.800985 43.337012 42.909101 42.517283 42.161063 41.839465 41.551093 41.294192 41.066712 40.866367 40.690688 40.537069 40.402810 40.285132 40.181197 40.088097 40.002841 39.922308 39.843193 39.761919 39.674523 39.576504 39.462621 39.326626 39.160907 38.955992 38.699865 38.376990 37.966891 37.442026 36.764562 35.881348 34.715961 33.156053 31.033485 28.095036 23.967199 18.145013 10.123469 0.000000 
50.000000 49.533048 49.069532 48.612815 48.166106 47.732401 47.314416 46.914539 46.534792 46.176804 45.841791 45.530562 45.243522 44.980691 44.741736 44.526002 44.332551 44.160205 44.007586 43.873158 43.755262 43.652145 43.561988 43.482921 43.413026 43.350339 43.292832 43.238386 43.184746 43.129461 43.069806 43.002665 42.924389 42.830597 42.715910 42.573570 42.394914 42.168591 41.879392 41.506432 41.020241 40.377917 39.514745 38.329106 36.654258 34.204118 30.469363 24.535256 14.884555 0.000000 
50.000000 49.765656 49.533038 49.303831 49.079646 48.861988 48.652219 48.451537 48.260958 48.081299 47.913169 47.756976 47.612921 47.481016 47.361092 47.252821 47.155731 47.069232 46.992630 46.925154 46.865971 46.814199 46.768923 46.729202 46.694071 46.662538 46.633580 46.606125 46.579029 46.551048 46.520790 46.486664 46.446795 46.398924 46.340264 46.267293 46.175466 46.058775 45.909089 45.715087 45.460506 45.121073 44.658878 44.011258 43.067103 41.611375 39.181130 34.648964 24.882944 0.000000 
50.000000 50.000000 50.000000 50.000000 50.000000 50.000000 50.000000 50.000000 50.000000 50.000000 50.000000 50.000000 50.000000 50.000000 50.000000 50.000000 50.000000 50.000000 50.000000 50.000000 50.000000 50.000000 50.000000 50.000000 50.000000 50.000000 50.000000 50.000000 50.000000 50.000000 50.000000 50.000000 50.000000 50.000000 50.000000 50.000000 50.000000 50.000000 50.000000 50.000000 50.000000 50.000000 50.000000 50.000000 50.000000 50.000000 50.000000 50.000000 50.000000 50.000000 
