50.000000 50.000000 50.000000 50.000000 50.000000 50.000000 50.000000 50.000000 50.000000 50.000000 50.000000 50.000000 50.000000 50.000000 50.000000 50.000000 50.000000 50.000000 50.000000 50.000000 50.000000 50.000000 50.000000 50.000000 50.000000 50.000000 50.000000 50.000000 50.000000 50.000000 50.000000 50.000000 50.000000 50.000000 50.000000 50.000000 50.000000 50.000000 50.000000 50.000000 50.000000 50.000000 50.000000 50.000000 50.000000 50.000000 50.000000 50.000000 50.000000 50.000000 
50.000000 49.758307 49.518449 49.282219 49.051327 48.827364 48.611771 48.405806 48.210528 48.026783 47.855192 47.696156 47.549859 47.416280 47.295210 47.186269 47.088933 47.002554 46.926382 46.859590 46.801293 46.750566 46.706453 46.667980 46.634158 46.603977 46.576403 46.550360 46.524705 46.498199 46.469464 46.436918 46.398702 46.352575 46.295764 46.224764 46.135042 46.020604 45.873326 45.681893 45.430044 45.093506 44.634361 43.989939 43.049114 41.596834 39.170136 34.641592 24.879245 0.000000 
50.000000 49.518458 49.040571 48.569911 48.109888 47.663671 47.234129 46.823770 46.434704 46.068615 45.726744 45.409886 45.118410 44.852274 44.611060 44.394016 44.200095 44.028006 43.876259 43.743206 43.627088 43.526061 43.438227 43.361651 43.294367 43.234374 43.179623 43.127985 43.077209 43.024857 42.968223 42.904217 42.829221 42.738885 42.627862 42.489425 42.314938 42.093073 41.808639 41.440764 40.959980 40.323383 39.466246 38.286932 36.618674 34.175356 30.447615 24.520672 14.877237 0.000000 
50.000000 49.282253 48.569955 47.868429 47.182757 46.517664 45.877424 45.265778 44.685871 44.140211 43.630648 43.158371 42.723926 42.327254 41.967731 41.644238 41.355216 41.098744 40.872601 40.674338 40.501336 40.350854 40.220072 40.106119 40.006080 39.916996 39.835842 39.759485 39.684625 39.607702 39.524783 39.431405 39.322372 39.191485 39.031177 38.832021 38.582043 38.265743 37.862669 37.345297 36.675801 35.801023 34.644527 33.093936 30.981075 28.052673 23.935168 18.123533 10.112692 0.000000 
50.000000 49.051415 48.110031 47.182885 46.276691 45.397694 44.551545 43.743185 42.976774 42.255626 41.582185 40.958023 40.383865 39.859630 39.384499 38.956993 38.575055 38.236149 37.937346 37.675417 37.446907 37.248209 37.075613 36.925343 36.793579 36.676449 36.570009 36.470189 36.372723 36.273036 36.166110 36.046290 35.907051 35.740678 35.537858 35.287128 34.974133 34.580604 34.082939 33.450185 32.641180 31.600468 30.252562 28.494229 26.185196 23.140260 19.132856 13.936337 7.455382 0.000000 
50.000000 48.827548 47.663996 46.518043 45.397987 44.311547 43.265707 42.266577 41.319295 40.427960 39.595594 38.824140 38.114495 37.466562 36.879330 36.350974 35.878956 35.460148 35.090937 34.767343 34.485110 34.239798 34.026846 33.841623 33.679451 33.535604 33.405286 33.283576 33.165341 33.045123 32.916978 32.774277 32.609447 32.413640 32.176312 31.884675 31.522987 31.071613 30.505790 29.793991 28.895795 27.759184 26.317354 24.485520 22.159230 19.217808 15.540454 11.047522 5.779498 0.000000 
50.000000 48.612108 47.234752 45.878228 44.552360 43.266287 42.028274 40.845555 39.724213 38.669102 37.683797 36.770603 35.930581 35.163619 34.468525 33.843140 33.284469 32.788816 32.351915 31.969069 31.635261 31.345260 31.093702 30.875152 30.684131 30.515130 30.362577 30.220791 30.083888 29.945663 29.799427 29.637799 29.452451 29.233785 28.970534 28.649259 28.253732 27.764162 27.156237 26.399973 25.458385 24.286089 22.828164 21.019990 18.789515 16.064529 12.788767 8.950659 4.623547 0.000000 
50.000000 48.406376 46.824850 45.267244 43.744839 42.268129 40.846604 39.488571 38.201016 36.989511 35.858166 34.809625 33.845112 32.964500 32.166424 31.448413 30.807034 30.238053 29.736588 29.297263 28.914343 28.581854 28.293684 28.043649 27.825536 27.633121 27.460144 27.300259 27.146949 26.993403 26.832362 26.655915 26.455257 26.220393 25.939784 25.599919 25.184819 24.675456 24.049096 23.278614 22.331846 21.171186 19.753771 18.032901 15.961687 13.500329 10.628391 7.362223 3.773777 0.000000 
50.000000 48.211439 46.436456 44.688320 42.979692 41.322349 39.726942 38.202796 36.757752 35.398064 34.128347 32.951570 31.869110 30.880827 29.985196 29.179450 28.459745 27.821343 27.258782 26.766051 26.336743 25.964197 25.641604 25.362094 25.118790 24.904826 24.713337 24.537412 24.370015 24.203867 24.031302 23.844080 23.633167 23.388474 23.098559 22.750291 22.328474 21.815457 21.190749 20.430703 19.508376 18.393752 17.054629 15.458598 13.576699 11.389307 8.894459 6.117670 3.120180 0.000000 
50.000000 48.028178 46.071327 44.144073 42.260375 40.433219 38.674347 36.994040 35.400943 33.901952 32.502156 31.204834 30.011502 28.922015 27.934695 27.046501 26.253207 25.549602 24.929687 24.386861 23.914097 23.504097 23.149416 22.842562 22.576059 22.342478 22.134430 21.944533 21.765339 21.589227 21.408270 21.214073 20.997575 20.748836 20.456793 20.109009 19.691414 19.188077 18.581030 17.850222 16.973698 15.928154 14.690074 13.237720 11.554209 9.631825 7.477317 5.117186 2.601000 0.000000 
50.000000 47.857263 45.730795 43.636490 41.589517 39.603988 37.692664 35.866718 34.135544 32.506639 30.985535 29.575795 28.279074 27.095217 26.022409 25.057353 24.195471 23.431118 22.757796 22.168362 21.655220 21.210492 20.826156 20.494161 20.206498 19.955246 19.732575 19.530718 19.341910 19.158298 18.971819 18.774062 18.556102 18.308321 18.020226 17.680269 17.275688 16.792394 16.214955 15.526712 14.710130 13.747476 12.621960 11.319454 9.830884 8.155207 6.302653 4.297473 2.179035 0.000000 
50.000000 47.699155 45.415778 43.166939 40.968926 38.836891 36.784539 34.823868 32.964966 31.215886 29.582567 28.068842 26.676490 25.405350 24.253483 23.217356 22.292070 21.471579 20.748933 20.116492 19.566145 19.089488 18.677980 18.323072 18.016290 17.749288 17.513866 17.301950 17.105544 16.916653 16.727179 16.528804 16.312850 16.070141 15.790866 15.464461 15.079519 14.623771 14.084157 13.447035 12.698598 11.825547 10.816104 9.661401 8.357229 6.906037 5.318855 3.616662 1.830534 0.000000 
50.000000 47.554113 45.126796 42.736194 40.399624 38.133193 35.951470 33.867209 31.891139 30.031819 28.295566 26.686458 25.206390 23.855198 22.630827 21.529534 20.546125 19.674193 18.906376 18.234587 17.650249 17.144486 16.708297 16.332694 16.008797 15.727899 15.481495 15.261272 15.059074 14.866838 14.676507 14.479930 14.268753 14.034308 13.767515 13.458807 13.098100 12.674816 12.178014 11.596628 10.919886 10.137910 9.242563 8.228507 7.094458 5.844477 4.489099 3.045959 1.539572 0.000000 
50.000000 47.422215 44.864001 42.344484 39.881913 37.493265 35.193895 32.997247 30.914629 28.955062 27.125209 25.429369 23.869545 22.445569 21.155286 19.994761 18.958535 18.039877 17.231053 16.523579 15.908458 15.376397 14.917990 14.523862 14.184786 13.891752 13.636004 13.409051 13.202633 13.008674 12.819212 12.626315 12.421990 12.198103 11.946307 11.657996 11.324307 10.936183 10.484505 9.960347 9.355339 8.662189 7.875343 6.991782 6.011884 4.940257 3.786378 2.564839 1.295010 0.000000 
50.000000 47.303373 44.627221 41.991549 39.415450 36.916684 34.511315 32.213406 30.034789 27.984903 26.070720 24.296741 22.665066 21.175526 19.825873 18.612006 17.528227 16.567517 15.721811 14.982270 14.339529 13.783928 13.305703 12.895149 12.542739 12.239210 11.975610 11.743312 11.533998 11.339622 11.152350 10.964494 10.768439 10.556577 10.321259 10.054768 9.749339 9.397231 8.990861 8.523033 7.987249 7.378133 6.691934 5.927110 5.084910 4.169908 3.190344 2.158181 1.088758 0.000000 
50.000000 47.197363 44.416004 41.676720 38.999351 36.402356 33.902433 31.514198 29.249949 27.119499 25.130095 23.286419 21.590659 20.042646 18.640052 17.378624 16.252458 15.254278 14.375730 13.607661 12.940385 12.363919 11.868192 11.443214 11.079207 10.766699 10.496579 10.260126 10.048998 9.855203 9.671057 9.489124 9.302157 9.103050 8.884794 8.640470 8.363271 8.046573 7.684057 7.269904 6.799052 6.267523 5.672806 5.014265 4.293542 3.514875 2.685280 1.814512 0.914750 0.000000 
50.000000 47.103847 44.229683 41.398997 38.632294 35.948649 33.365317 30.897404 28.557617 26.356101 24.300346 22.395195 20.642911 19.043327 17.594045 16.290683 15.127153 14.095957 13.188487 12.395319 11.706486 11.111729 10.600714 10.163207 9.789220 9.469110 9.193645 8.954037 8.741942 8.549442 8.369007 8.193448 8.015866 7.829611 7.628250 7.405559 7.155550 6.872527 6.551197 6.186822 5.775424 5.314036 4.800981 4.236159 3.621313 2.960219 2.258772 1.524902 0.768307 0.000000 
50.000000 47.022409 44.067426 41.157144 38.312645 35.553542 32.897574 30.360273 27.954707 25.691306 23.577773 21.619090 19.817589 18.173104 16.683177 15.343314 14.147269 13.087352 12.154737 11.339765 10.632233 10.021643 9.497437 9.049179 8.666707 8.340238 8.060448 7.818503 7.606076 7.415327 7.238880 7.069774 6.901429 6.727600 6.542356 6.340069 6.115433 5.863516 5.579839 5.260504 4.902345 4.503117 4.061693 3.578269 3.054525 2.493747 1.900844 1.282257 0.645738 0.000000 
50.000000 46.952582 43.928303 40.949774 38.038571 35.214768 32.496521 29.899728 27.437763 25.121301 22.958231 20.953653 19.109958 17.426981 15.902214 14.531068 13.307162 12.222644 11.268502 10.434881 9.711372 9.087283 8.551866 8.094518 7.704932 7.373217 7.089977 6.846350 6.634034 6.445270 6.272820 6.109936 5.950314 5.788064 5.617679 5.434031 5.232376 5.008394 4.758251 4.478690 4.167146 3.821884 3.442134 3.028232 2.581720 2.105410 1.603377 1.080861 0.544089 0.000000 
50.000000 46.893880 43.811345 40.775442 37.808163 34.929969 32.159367 29.512560 27.003182 24.642115 22.437402 20.394244 18.515081 16.799751 15.245703 13.848268 12.600955 11.495774 10.523561 9.674295 8.937401 8.302022 7.757256 7.292362 6.896919 6.560951 6.275004 6.030205 5.818278 5.631538 5.462878 5.305727 5.154024 5.002173 4.845024 4.677856 4.496378 4.296754 4.075650 3.830293 3.558560 3.259069 2.931278 2.575569 2.193316 1.786911 1.359735 0.916075 0.460970 0.000000 
50.000000 46.845826 43.715602 40.632732 37.619549 34.696830 31.883368 29.195620 26.647430 24.249851 22.011050 19.936312 18.028118 16.286307 14.708295 13.289348 12.022884 10.900802 9.913815 9.051767 8.303948 7.659368 7.107003 6.636002 6.235854 5.896514 5.608491 5.362904 5.151504 4.966674 4.801414 4.649309 4.504491 4.361612 4.215805 4.062675 3.898287 3.719181 3.522399 3.305533 3.066775 2.804987 2.519765 2.211491 1.881369 1.531433 1.164510 0.784140 0.394454 0.000000 
50.000000 46.807978 43.640194 40.520333 37.470995 34.513208 31.665990 28.945997 26.367239 23.940902 21.675255 19.575646 17.644588 15.881924 14.285041 12.849156 11.567615 10.432232 9.433621 8.561522 7.805120 7.153322 6.595008 6.119244 5.715449 5.373527 5.083961 4.837866 4.627018 4.443857 4.281471 4.133566 3.994433 3.858912 3.722361 3.580633 3.430063 3.267474 3.090188 2.896056 2.683495 2.451532 2.199842 1.928782 1.639409 1.333467 1.013356 0.682052 0.343005 0.000000 
50.000000 46.779954 43.584359 40.437107 37.360998 34.377244 31.505033 28.761163 26.159772 23.712142 21.426617 19.308593 17.360608 15.582504 13.971651 12.523227 11.230527 10.085301 9.078090 8.198559 7.435815 6.778689 6.215992 5.736728 5.330267 4.986478 4.695823 4.449418 4.239059 4.057229 3.897083 3.752420 3.617646 3.487742 3.358228 3.225138 3.085003 2.934843 2.772179 2.595041 2.401998 2.192182 1.965314 1.721721 1.462339 1.188700 0.902888 0.607477 0.305433 0.000000 
50.000000 46.761448 43.547488 40.382149 37.288362 34.287462 31.398746 28.639110 26.022773 23.561083 21.262432 19.132248 17.173085 15.384787 13.764710 12.308008 11.007941 9.856218 8.843331 7.958898 7.191972 6.531336 5.965755 5.484193 5.075989 4.730987 4.439639 4.193060 3.983063 3.802158 3.643546 3.501085 3.369260 3.243144 3.118363 2.991069 2.857917 2.716057 2.563133 2.397290 2.217189 2.022025 1.811543 1.586043 1.346380 1.093942 0.830612 0.558699 0.280862 0.000000 
50.000000 46.752250 43.529160 40.354831 37.252257 34.242834 31.345914 28.578441 25.954674 23.485996 21.180820 19.044592 17.079874 15.286508 13.661847 12.201030 10.897302 9.742350 8.726644 7.839775 7.070772 6.408393 5.841382 5.358683 4.949616 4.604018 4.312334 4.065678 3.855872 3.675440 3.517606 3.376259 3.245921 3.121712 2.999309 2.874922 2.745269 2.607562 2.459504 2.299297 2.125644 1.937771 1.735431 1.518911 1.289024 1.047087 0.794882 0.534590 0.268719 0.000000 
50.000000 46.752250 43.529160 40.354831 37.252257 34.242834 31.345914 28.578441 25.954674 23.485996 21.180820 19.044592 17.079874 15.286508 13.661847 12.201030 10.897302 9.742350 8.726644 7.839775 7.070772 6.408393 5.841382 5.358683 4.949616 4.604018 4.312334 4.065678 3.855872 3.675440 3.517606 3.376259 3.245921 3.121712 2.999309 2.874922 2.745269 2.607562 2.459504 2.299297 2.125644 1.937771 1.735431 1.518911 1.289024 1.047087 0.794882 0.534590 0.268719 0.000000 
50.000000 46.761448 43.547488 40.382149 37.288362 34.287462 31.398746 28.639110 26.022773 23.561083 21.262432 19.132248 17.173085 15.384787 13.764710 12.308008 11.007941 9.856218 8.843331 7.958898 7.191972 6.531336 5.965755 5.484193 5.075989 4.730987 4.439639 4.193060 3.983063 3.802158 3.643546 3.501085 3.369260 3.243144 3.118363 2.991069 2.857917 2.716057 2.563133 2.397290 2.217189 2.022025 1.811543 1.586043 1.346380 1.093942 0.830612 0.558699 0.280862 0.000000 
50.000000 46.779954 43.584359 40.437107 37.360998 34.377244 31.505033 28.761163 26.159772 23.712142 21.426617 19.308593 17.360608 15.582504 13.971651 12.523227 11.230527 10.085301 9.078090 8.198559 7.435815 6.778689 6.215992 5.736728 5.330267 4.986478 4.695823 4.449418 4.239059 4.057229 3.897083 3.752420 3.617646 3.487742 3.358228 3.225138 3.085003 2.934843 2.772179 2.595041 2.401998 2.192182 1.965314 1.721721 1.462339 1.188700 0.902888 0.607477 0.305433 0.000000 
50.000000 46.807978 43.640194 40.520333 37.470995 34.513208 31.665990 28.945997 26.367239 23.940902 21.675255 19.575646 17.644588 15.881924 14.285041 12.849156 11.567615 10.432232 9.433621 8.561522 7.805120 7.153322 6.595008 6.119244 5.715449 5.373527 5.083961 4.837866 4.627018 4.443857 4.281471 4.133566 3.994433 3.858912 3.722361 3.580633 3.430063 3.267474 3.090188 2.896056 2.683495 2.451532 2.199842 1.928782 1.639409 1.333467 1.013356 0.682052 0.343005 0.000000 
50.000000 46.845826 43.715602 40.632732 37.619549 34.696830 31.883368 29.195620 26.647430 24.249851 22.011050 19.936312 18.028118 16.286307 14.708295 13.289348 12.022884 10.900802 9.913815 9.051767 8.303948 7.659368 7.107003 6.636002 6.235854 5.896514 5.608491 5.362904 5.151504 4.966674 4.801414 4.649309 4.504491 4.361612 4.215805 4.062675 3.898287 3.719181 3.522399 3.305533 3.066775 2.804987 2.519765 2.211491 1.881369 1.531433 1.164510 0.784140 0.394454 0.000000 
50.000000 46.893880 43.811345 40.775442 37.808163 34.929969 32.159367 29.512560 27.003182 24.642115 22.437402 20.394244 18.515081 16.799751 15.245703 13.848268 12.600955 11.495774 10.523561 9.674295 8.937401 8.302022 7.757256 7.292362 6.896919 6.560951 6.275004 6.030205 5.818278 5.631538 5.462878 5.305727 5.154024 5.002173 4.845024 4.677856 4.496378 4.296754 4.075650 3.830293 3.558560 3.259069 2.931278 2.575569 2.193316 1.786911 1.359735 0.916075 0.460970 0.000000 
50.000000 46.952582 43.928303 40.949774 38.038571 35.214768 32.496521 29.899728 27.437763 25.121301 22.958231 20.953653 19.109958 17.426981 15.902214 14.531068 13.307162 12.222644 11.268502 10.434881 9.711372 9.087283 8.551866 8.094518 7.704932 7.373217 7.089977 6.846350 6.634034 6.445270 6.272820 6.109936 5.950314 5.788064 5.617679 5.434031 5.232376 5.008394 4.758251 4.478690 4.167146 3.821884 3.442134 3.028232 2.581720 2.105410 1.603377 1.080861 0.544089 0.000000 
50.000000 47.022409 44.067426 41.157144 38.312645 35.553542 32.897574 30.360273 27.954707 25.691306 23.577773 21.619090 19.817589 18.173104 16.683177 15.343314 14.147269 13.087352 12.154737 11.339765 10.632233 10.021643 9.497437 9.049179 8.666707 8.340238 8.060448 7.818503 7.606076 7.415327 7.238880 7.069774 6.901429 6.727600 6.542356 6.340069 6.115433 5.863516 5.579839 5.260504 4.902345 4.503117 4.061693 3.578269 3.054525 2.493747 1.900844 1.282257 0.645738 0.000000 
50.000000 47.103847 44.229683 41.398997 38.632294 35.948649 33.365317 30.897404 28.557617 26.356101 24.300346 22.395195 20.642911 19.043327 17.594045 16.290683 15.127153 14.095957 13.188487 12.395319 11.706486 11.111729 10.600714 10.163207 9.789220 9.469110 9.193645 8.954037 8.741942 8.549442 8.369007 8.193448 8.015866 7.829611 7.628250 7.405559 7.155550 6.872527 6.551197 6.186822 5.775424 5.314036 4.800981 4.236159 3.621313 2.960219 2.258772 1.524902 0.768307 0.000000 
50.000000 47.197363 44.416004 41.676720 38.999351 36.402356 33.902433 31.514198 29.249949 27.119499 25.130095 23.286419 21.590659 20.042646 18.640052 17.378624 16.252458 15.254278 14.375730 13.607661 12.940385 12.363919 11.868192 11.443214 11.079207 10.766699 10.496579 10.260126 10.048998 9.855203 9.671057 9.489124 9.302157 9.103050 8.884794 8.640470 8.363271 8.046573 7.684057 7.269904 6.799052 6.267523 5.672806 5.014265 4.293542 3.514875 2.685280 1.814512 0.914750 0.000000 
50.000000 47.303373 44.627221 41.991549 39.415450 36.916684 34.511315 32.213406 30.034789 27.984903 26.070720 24.296741 22.665066 21.175526 19.825873 18.612006 17.528227 16.567517 15.721811 14.982270 14.339529 13.783928 13.305703 12.895149 12.542739 12.239210 11.975610 11.743312 11.533998 11.339622 11.152350 10.964494 10.768439 10.556577 10.321259 10.054768 9.749339 9.397231 8.990861 8.523033 7.987249 7.378133 6.691934 5.927110 5.084910 4.169908 3.190344 2.158181 1.088758 0.000000 
50.000000 47.422215 44.864001 42.344484 39.881913 37.493265 35.193895 32.997247 30.914629 28.955062 27.125209 25.429369 23.869545 22.445569 21.155286 19.994761 18.958535 18.039877 17.231053 16.523579 15.908458 15.376397 14.917990 14.523862 14.184786 13.891752 13.636004 13.409051 13.202633 13.008674 12.819212 12.626315 12.421990 12.198103 11.946307 11.657996 11.324307 10.936183 10.484505 9.960347 9.355339 8.662189 7.875343 6.991782 6.011884 4.940257 3.786378 2.564839 1.295010 0.000000 
50.000000 47.554113 45.126796 42.736194 40.399624 38.133193 35.951470 33.867209 31.891139 30.031819 28.295566 26.686458 25.206390 23.855198 22.630827 21.529534 20.546125 19.674193 18.906376 18.234587 17.650249 17.144486 16.708297 16.332694 16.008797 15.727899 15.481495 15.261272 15.059074 14.866838 14.676507 14.479930 14.268753 14.034308 13.767515 13.458807 13.098100 12.674816 12.178014 11.596628 10.919886 10.137910 9.242563 8.228507 7.094458 5.844477 4.489099 3.045959 1.539572 0.000000 
50.000000 47.699155 45.415778 43.166939 40.968926 38.836891 36.784539 34.823868 32.964966 31.215886 29.582567 28.068842 26.676490 25.405350 24.253483 23.217356 22.292070 21.471579 20.748933 20.116492 19.566145 19.089488 18.677980 18.323072 18.016290 17.749288 17.513866 17.301950 17.105544 16.916653 16.727179 16.528804 16.312850 16.070141 15.790866 15.464461 15.079519 14.623771 14.084157 13.447035 12.698598 11.825547 10.816104 9.661401 8.357229 6.906037 5.318855 3.616662 1.830534 0.000000 
50.000000 47.857263 45.730795 43.636490 41.589517 39.603988 37.692664 35.866718 34.135544 32.506639 30.985535 29.575795 28.279074 27.095217 26.022409 25.057353 24.195471 23.431118 22.757796 22.168362 21.655220 21.210492 20.826156 20.494161 20.206498 19.955246 19.732575 19.530718 19.341910 19.158298 18.971819 18.774062 18.556102 18.308321 18.020226 17.680269 17.275688 16.792394 16.214955 15.526712 14.710130 13.747476 12.621960 11.319454 9.830884 8.155207 6.302653 4.297473 2.179035 0.000000 
50.000000 48.028178 46.071327 44.144073 42.260375 40.433219 38.674347 36.994040 35.400943 33.901952 32.502156 31.204834 30.011502 28.922015 27.934695 27.046501 26.253207 25.549602 24.929687 24.386861 23.914097 23.504097 23.149416 22.842562 22.576059 22.342478 22.134430 21.944533 21.765339 21.589227 21.408270 21.214073 20.997575 20.748836 20.456793 20.109009 19.691414 19.188077 18.581030 17.850222 16.973698 15.928154 14.690074 13.237720 11.554209 9.631825 7.477317 5.117186 2.601000 0.000000 
50.000000 48.211439 46.436456 44.688320 42.979692 41.322349 39.726942 38.202796 36.757752 35.398064 34.128347 32.951570 31.869110 30.880827 29.985196 29.179450 28.459745 27.821343 27.258782 26.766051 26.336743 25.964197 25.641604 25.362094 25.118790 24.904826 24.713337 24.537412 24.370015 24.203867 24.031302 23.844080 23.633167 23.388474 23.098559 22.750291 22.328474 21.815457 21.190749 20.430703 19.508376 18.393752 17.054629 15.458598 13.576699 11.389307 8.894459 6.117670 3.120180 0.000000 
50.000000 48.406376 46.824850 45.267244 43.744839 42.268129 40.846604 39.488571 38.201016 36.989511 35.858166 34.809625 33.845112 32.964500 32.166424 31.448413 30.807034 30.238053 29.736588 29.297263 28.914343 28.581854 28.293684 28.043649 27.825536 27.633121 27.460144 27.300259 27.146949 26.993403 26.832362 26.655915 26.455257 26.220393 25.939784 25.599919 25.184819 24.675456 24.049096 23.278614 22.331846 21.171186 19.753771 18.032901 15.961687 13.500329 10.628391 7.362223 3.773777 0.000000 
50.000000 48.612108 47.234752 45.878228 44.552360 43.266287 42.028274 40.845555 39.724213 38.669102 37.683797 36.770603 35.930581 35.163619 34.468525 33.843140 33.284469 32.788816 32.351915 31.969069 31.635261 31.345260 31.093702 30.875152 30.684131 30.515130 30.362577 30.220791 30.083888 29.945663 29.799427 29.637799 29.452451 29.233785 28.970534 28.649259 28.253732 27.764162 27.156237 26.399973 25.458385 24.286089 22.828164 21.019990 18.789515 16.064529 12.788767 8.950659 4.623547 0.000000 
50.000000 48.827548 47.663996 46.518043 45.397987 44.311547 43.265707 42.266577 41.319295 40.427960 39.595594 38.824140 38.114495 37.466562 36.879330 36.350974 35.878956 35.460148 35.090937 34.767343 34.485110 34.239798 34.026846 33.841623 33.679451 33.535604 33.405286 33.283576 33.165341 33.045123 32.916978 32.774277 32.609447 32.413640 32.176312 31.884675 31.522987 31.071613 30.505790 29.793991 28.895795 27.759184 26.317354 24.485520 22.159230 19.217808 15.540454 11.047522 5.779498 0.000000 
50.000000 49.051415 48.110031 47.182885 46.276691 45.397694 44.551545 43.743185 42.976774 42.255626 41.582185 40.958023 40.383865 39.859630 39.384499 38.956993 38.575055 38.236149 37.937346 37.675417 37.446907 37.248209 37.075613 36.925343 36.793579 36.676449 36.570009 36.470189 36.372723 36.273036 36.166110 36.046290 35.907051 35.740678 35.537858 35.287128 34.974133 34.580604 34.082939 33.450185 32.641180 31.600468 30.252562 28.494229 26.185196 23.140260 19.132856 13.936337 7.455382 0.000000 
50.000000 49.282253 48.569955 47.868429 47.182757 46.517664 45.877424 45.265778 44.685871 44.140211 43.630648 43.158371 42.723926 42.327254 41.967731 41.644238 41.355216 41.098744 40.872601 40.674338 40.501336 40.350854 40.220072 40.106119 40.006080 39.916996 39.835842 39.759485 39.684625 39.607702 39.524783 39.431405 39.322372 39.191485 39.031177 38.832021 38.582043 38.265743 37.862669 37.345297 36.675801 35.801023 34.644527 33.093936 30.981075 28.052673 23.935168 18.123533 10.112692 0.000000 
50.000000 49.518458 49.040571 48.569911 48.109888 47.663671 47.234129 46.823770 46.434704 46.068615 45.726744 45.409886 45.118410 44.852274 44.611060 44.394016 44.200095 44.028006 43.876259 43.743206 43.627088 43.526061 43.438227 43.361651 43.294367 43.234374 43.179623 43.127985 43.077209 43.024857 42.968223 42.904217 42.829221 42.738885 42.627862 42.489425 42.314938 42.093073 41.808639 41.440764 40.959980 40.323383 39.466246 38.286932 36.618674 34.175356 30.447615 24.520672 14.877237 0.000000 
50.000000 49.758307 49.518449 49.282219 49.051327 48.827364 48.611771 48.405806 48.210528 48.026783 47.855192 47.696156 47.549859 47.416280 47.295210 47.186269 47.088933 47.002554 46.926382 46.859590 46.801293 46.750566 46.706453 46.667980 46.634158 46.603977 46.576403 46.550360 46.524705 46.498199 46.469464 46.436918 46.398702 46.352575 46.295764 46.224764 46.135042 46.020604 45.873326 45.681893 45.430044 45.093506 44.634361 43.989939 43.049114 41.596834 39.170136 34.641592 24.879245 0.000000 
50.000000 50.000000 50.000000 50.000000 50.000000 50.000000 50.000000 50.000000 50.000000 50.000000 50.000000 50.000000 50.000000 50.000000 50.000000 50.000000 50.000000 50.000000 50.000000 50.000000 50.000000 50.000000 50.000000 50.000000 50.000000 50.000000 50.000000 50.000000 50.000000 50.000000 50.000000 50.000000 50.000000 50.000000 50.000000 50.000000 50.000000 50.000000 50.000000 50.000000 50.000000 50.000000 50.000000 50.000000 50.000000 50.000000 50.000000 50.000000 50.000000 50.000000 
