50.000000 50.000000 50.000000 50.000000 50.000000 50.000000 50.000000 50.000000 50.000000 50.000000 50.000000 50.000000 50.000000 50.000000 50.000000 50.000000 50.000000 50.000000 50.000000 50.000000 50.000000 50.000000 50.000000 50.000000 50.000000 50.000000 50.000000 50.000000 50.000000 50.000000 50.000000 50.000000 50.000000 50.000000 50.000000 50.000000 50.000000 50.000000 50.000000 50.000000 50.000000 50.000000 50.000000 50.000000 50.000000 50.000000 50.000000 50.000000 50.000000 50.000000 
50.000000 49.801633 49.604501 49.409817 49.218747 49.032389 48.851758 48.677762 48.511195 48.352722 48.202875 48.062047 47.930493 47.808332 47.695553 47.592020 47.497485 47.411596 47.333907 47.263889 47.200943 47.144403 47.093548 47.047600 47.005731 46.967055 46.930624 46.895411 46.860295 46.824026 46.785192 46.742161 46.693011 46.635428 46.566563 46.482839 46.379657 46.250966 46.088600 45.881217 45.612547 45.258328 44.780674 44.116964 43.156143 41.683247 39.235416 34.685339 24.901188 0.000000 
50.000000 49.604524 49.211512 48.823379 48.442451 48.070920 47.710804 47.363918 47.031841 46.715903 46.417162 46.136403 45.874135 45.630594 45.405759 45.199362 45.010908 44.839694 44.684835 44.545280 44.419833 44.307174 44.205865 44.114367 44.031033 43.954109 43.881717 43.811830 43.742233 43.670470 43.593771 43.508944 43.412242 43.299175 43.164244 43.000580 42.799413 42.549303 42.234974 41.835499 41.321396 40.649779 39.755982 38.538471 36.830614 34.346470 30.576882 24.607300 14.920688 0.000000 
50.000000 49.409912 48.823499 48.244367 47.675986 47.121626 46.584299 46.066713 45.571225 45.099819 44.654074 44.235162 43.843843 43.480473 43.145018 42.837080 42.555925 42.300506 42.069507 41.861362 41.674297 41.506348 41.355383 41.219116 41.095113 40.980779 40.873346 40.769832 40.666992 40.561240 40.448548 40.324302 40.183117 40.018581 39.822906 39.586450 39.297043 38.939016 38.491791 37.927764 37.209081 36.282616 35.072018 33.465061 31.293770 28.305131 24.125883 18.251341 10.176796 0.000000 
50.000000 49.218988 48.442841 47.676332 46.924052 46.190330 45.479154 44.794105 44.138309 43.514386 42.924431 42.369995 41.852085 41.371173 40.927219 40.519699 40.147642 39.809672 39.504050 39.228716 38.981332 38.759314 38.559860 38.379971 38.216458 38.065932 37.924788 37.789157 37.654846 37.517249 37.371220 37.210908 37.029540 36.819121 36.570048 36.270574 35.906084 35.458092 34.902823 34.209219 33.336081 32.227987 30.809567 28.977776 26.592604 23.469179 19.381329 14.102849 7.538900 0.000000 
50.000000 49.032885 48.071794 47.122638 46.191103 45.282548 44.401913 43.553634 42.741579 41.968997 41.238481 40.551955 39.910666 39.315203 38.765519 38.260970 37.800362 37.381997 37.003732 36.663033 36.357019 36.082515 35.836083 35.614048 35.412513 35.227349 35.054180 34.888332 34.724767 34.557986 34.381894 34.189620 33.973287 33.723703 33.429968 33.078946 32.654575 32.136948 31.501093 30.715349 29.739245 28.520806 26.993359 25.072351 22.653643 19.616961 15.841977 11.249582 5.880845 0.000000 
50.000000 48.852652 47.712451 46.586410 45.481274 44.403403 43.358656 42.352298 41.388919 40.472374 39.605742 38.791306 38.030550 37.324175 36.672133 36.073664 35.527361 35.031222 34.582719 34.178864 33.816266 33.491188 33.199595 32.937183 32.699395 32.481429 32.278211 32.084353 31.894087 31.701163 31.498712 31.279073 31.033562 30.752179 30.423234 30.032882 29.564517 28.998027 28.308852 27.466846 26.434962 25.167858 23.610765 21.699321 19.361839 16.526568 13.137787 9.184544 4.740855 0.000000 
50.000000 48.679244 47.366715 46.070486 44.798324 43.557549 42.354908 41.196461 40.087494 39.032446 38.034863 37.097377 36.221699 35.408643 34.658158 33.969380 33.340699 32.769827 32.253872 31.789418 31.372595 30.999145 30.664473 30.363695 30.091657 29.842946 29.611872 29.392431 29.178238 28.962437 28.737567 28.495397 28.226720 27.921082 27.566467 27.148897 26.651963 26.056268 25.338793 24.472223 23.424319 22.157513 20.629109 18.792687 16.601764 14.017046 11.018704 7.623775 3.904961 0.000000 
50.000000 48.513507 47.036275 45.577389 44.145591 42.749122 41.395575 40.091772 38.843664 37.656249 36.533521 35.478446 34.492956 33.577971 32.733442 31.958408 31.251072 30.608875 30.028587 29.506394 29.037979 28.618599 28.243149 27.906216 27.602106 27.324867 27.068274 26.825802 26.590566 26.355240 26.111938 25.852067 25.566145 25.243576 24.872388 24.438929 23.927525 23.320111 22.595873 21.730950 20.698304 19.467956 18.007874 16.285951 14.273657 11.951919 9.319426 6.402437 3.263005 0.000000 
50.000000 48.356174 46.722590 45.109295 43.525957 41.981690 40.484891 39.043108 37.662921 36.349860 35.108347 33.941664 32.851954 31.840242 30.906483 30.049629 29.267706 28.557907 27.916689 27.339868 26.822716 26.360048 25.946294 25.575563 25.241685 24.938234 24.658531 24.395620 24.142227 23.890681 23.632821 23.359869 23.062277 22.729554 22.350057 21.910782 21.397133 20.792726 20.079235 19.236367 18.242056 17.073023 15.705927 14.119342 12.296835 10.231272 7.930091 5.420579 2.753164 0.000000 
50.000000 48.207857 46.426881 44.668025 42.941832 41.258238 39.626400 38.054547 36.549856 35.118360 33.764882 32.493005 31.305072 30.202210 29.184381 28.250456 27.398302 26.624883 25.926367 25.298234 24.735380 24.232217 23.782757 23.380686 23.019413 22.692107 22.391709 22.110919 21.842166 21.577548 21.308756 21.026972 20.722747 20.385874 20.005239 19.568680 19.062869 18.473228 17.783931 16.978052 16.037925 14.945833 13.685152 12.242075 10.607989 8.782449 6.776401 4.614911 2.338241 0.000000 
50.000000 48.069047 46.150125 44.255040 42.395150 40.581161 38.822942 37.129361 35.508154 33.965823 32.507570 31.137261 29.857427 28.669291 27.572826 26.566831 25.649028 24.816173 24.064170 23.388194 22.782802 22.242044 21.759560 21.328660 20.942391 20.593579 20.274850 19.978639 19.697162 19.422378 19.145933 18.859080 18.552590 18.216663 17.840828 17.413870 16.923779 16.357760 15.702330 14.943554 14.067472 13.060787 11.911880 10.612197 9.158000 7.552339 5.806974 3.943718 1.994561 0.000000 
50.000000 47.940116 45.893068 43.871450 41.887379 39.952278 38.076677 36.270036 34.540613 32.895345 31.339787 29.878069 28.512900 27.245593 26.076133 25.003255 24.024553 23.136594 22.335045 21.614804 20.970125 20.394736 19.881948 19.424746 19.015863 18.647839 18.313049 18.003724 17.711940 17.429592 17.148360 16.859646 16.554523 16.223667 15.857307 15.445193 14.976602 14.440398 13.825190 13.119594 12.312660 11.394499 10.357116 9.195485 7.908780 6.501668 4.985415 3.378495 1.706343 0.000000 
50.000000 47.821327 45.656231 43.518032 41.419549 39.372864 37.389115 35.478313 33.649191 31.909092 30.263895 28.717975 27.274205 25.933986 24.697313 23.562869 22.528131 21.589496 20.742421 19.981559 19.300891 18.693863 18.153497 17.672496 17.243330 16.858301 16.509586 16.189268 15.889338 15.601688 15.318083 15.030133 14.729253 14.406627 14.053190 13.659622 13.216396 12.713864 12.142434 11.492833 10.756496 9.926097 8.996211 7.964111 6.830627 5.600962 4.285318 2.899119 1.462651 0.000000 
50.000000 47.712837 45.439928 43.195258 40.992284 38.843692 36.761176 34.755247 32.835076 31.008377 29.281325 27.658520 26.142986 24.736204 23.438185 22.247564 21.161713 20.176884 19.288345 18.490528 17.777181 17.141498 16.576253 16.073908 15.626711 15.226770 14.866110 14.536710 14.230520 13.939467 13.655446 13.370300 13.075804 12.763649 12.425444 12.052736 11.637067 11.170083 10.643701 10.050355 9.383331 8.637196 7.808310 6.895404 5.900162 4.827738 3.687079 2.490969 1.255647 0.000000 
50.000000 47.614716 45.244297 42.903331 40.605852 38.365093 36.193251 34.101290 32.098777 30.193760 28.392686 26.700357 25.119936 23.652979 22.299510 21.058124 19.926106 18.899575 17.973633 17.142525 16.399787 15.738401 15.150925 14.629618 14.166543 13.753651 13.382853 13.046059 12.735211 12.442302 12.159372 11.878511 11.591850 11.291565 10.969887 10.619139 10.231801 9.800612 9.318732 8.779949 8.178963 7.511717 6.775788 5.970795 5.098789 4.164568 3.175836 2.143143 1.079550 0.000000 
50.000000 47.526953 45.069319 42.642223 40.260218 37.937023 35.685287 33.516379 31.440221 29.465162 27.597889 25.843389 24.204947 22.684190 21.281155 19.994404 18.821143 17.757379 16.798070 15.937296 15.168415 14.484222 13.877093 13.339117 12.862203 12.438182 12.058875 11.716153 11.401974 11.108409 10.827656 10.552046 10.274048 9.986284 9.681545 9.352832 8.993423 8.596971 8.157636 7.670269 7.130633 6.535659 5.883735 5.174991 4.411557 3.597742 2.740102 1.847335 0.929993 0.000000 
50.000000 47.449478 44.914853 42.411724 39.955102 37.559137 35.236874 33.000042 30.858877 28.821992 26.896288 25.086914 23.397268 21.829036 20.382271 19.055505 17.845880 16.749303 15.760612 14.873743 14.081902 13.377727 12.753442 12.200990 11.712161 11.278686 10.892324 10.544925 10.228477 9.935140 9.657263 9.387408 9.118353 8.843117 8.554981 8.247526 7.914701 7.550902 7.151089 6.710932 6.226985 5.696879 5.119530 4.495337 3.826344 3.116338 2.370862 1.597095 0.803611 0.000000 
50.000000 47.382175 44.780668 42.211489 39.690047 37.230866 34.847338 32.551503 30.353868 28.263278 26.286821 24.429788 22.695672 21.086213 19.601479 18.239979 16.998799 15.873764 14.859607 13.950144 13.138454 12.417043 11.778006 11.213172 10.714230 10.272835 9.880704 9.529679 9.211785 8.919269 8.644628 8.380627 8.120323 7.857078 7.584591 7.296933 6.988599 6.654585 6.290479 5.892576 5.458011 4.984905 4.472509 3.921336 3.333263 2.711580 2.060960 1.387352 0.697771 0.000000 
50.000000 47.324899 44.666473 42.041084 39.464479 36.951501 34.515836 32.169788 29.924099 27.787809 25.768165 23.870578 22.098626 20.454094 18.937064 17.546025 16.278017 15.128799 14.093015 13.164383 12.335875 11.599888 10.948415 10.373189 9.865821 9.417910 9.021141 8.667357 8.348625 8.057273 7.785929 7.527540 7.275399 7.023161 6.764872 6.495003 6.208491 5.900806 5.568022 5.206902 4.815006 4.390790 3.933708 3.444300 2.924249 2.376393 1.804685 1.214087 0.610395 0.000000 
50.000000 47.277489 44.571950 41.900036 39.277771 36.720264 34.241445 31.853837 29.568374 27.394259 25.338871 23.407722 21.604458 19.930905 18.387154 16.971679 15.681486 14.512276 13.458623 12.514167 11.671791 10.923808 10.262126 9.678404 9.164192 8.711047 8.310632 7.954799 7.635651 7.345591 7.077358 6.824053 6.579165 6.336590 6.090654 5.836147 5.568354 5.283112 4.976860 4.646712 4.290529 3.906994 3.495680 3.057105 2.592757 2.105093 1.597484 1.074116 0.539845 0.000000 
50.000000 47.239790 44.496787 41.787874 39.129301 36.536385 34.023250 31.602594 29.285504 27.081313 24.997504 23.039670 21.211511 19.514886 17.949894 16.514999 15.207178 14.022087 12.954248 11.997236 11.143869 10.386391 9.716647 9.126240 8.606673 8.149471 7.746285 7.388976 7.069680 6.780862 6.515351 6.266374 6.027574 5.793037 5.557307 5.315418 5.062923 4.795928 4.511147 4.205943 3.878388 3.527316 3.152363 2.754004 2.333560 1.893177 1.435772 0.964943 0.484841 0.000000 
50.000000 47.211656 44.440695 41.704173 39.018505 36.399165 33.860421 31.415103 29.074412 26.847777 24.742760 22.765014 20.918280 19.204440 17.623602 16.174221 14.853252 13.656320 12.577908 11.611543 10.749995 9.985459 9.309732 8.714377 8.190865 7.730698 7.325520 6.967199 6.647900 6.360134 6.096800 5.851217 5.617145 5.388808 5.160913 4.928669 4.687820 4.434668 4.166114 3.879696 3.573626 3.246833 2.898987 2.530517 2.142608 1.737173 1.316801 0.884663 0.444404 0.000000 
50.000000 47.192970 44.403440 41.648581 38.944917 36.308026 33.752275 31.290578 28.934211 26.692670 24.573568 22.582598 20.723529 18.998257 17.406896 15.947896 14.618199 13.413409 12.327980 11.355411 10.488440 9.719229 9.039545 8.440924 7.914815 7.452709 7.046244 6.687295 6.368045 6.081036 5.819217 5.575966 5.345121 5.120998 4.898408 4.672678 4.439671 4.195816 3.938133 3.664269 3.372522 3.061877 2.732017 2.383337 2.016928 1.634550 1.238572 0.831891 0.417829 0.000000 
50.000000 47.183649 44.384856 41.620849 38.908208 36.262563 33.698327 31.228459 28.864274 26.615297 24.489169 22.491602 20.626380 18.895406 17.298797 15.835000 14.500950 13.292240 12.203314 11.227653 10.357979 9.586440 8.904787 8.304543 7.777147 7.314082 6.906986 6.547736 6.228526 5.941913 5.680869 5.438805 5.209596 4.987604 4.767691 4.545240 4.316177 4.076990 3.824758 3.557178 3.272592 2.970007 2.649115 2.310288 1.954572 1.583649 1.199780 0.805728 0.404655 0.000000 
50.000000 47.183649 44.384856 41.620849 38.908208 36.262563 33.698327 31.228459 28.864274 26.615297 24.489169 22.491602 20.626380 18.895406 17.298797 15.835000 14.500950 13.292240 12.203314 11.227653 10.357979 9.586440 8.904787 8.304543 7.777147 7.314082 6.906986 6.547736 6.228526 5.941913 5.680869 5.438805 5.209596 4.987604 4.767691 4.545240 4.316177 4.076990 3.824758 3.557178 3.272592 2.970007 2.649115 2.310288 1.954572 1.583649 1.199780 0.805728 0.404655 0.000000 
50.000000 47.192970 44.403440 41.648581 38.944917 36.308026 33.752275 31.290578 28.934211 26.692670 24.573568 22.582598 20.723529 18.998257 17.406896 15.947896 14.618199 13.413409 12.327980 11.355411 10.488440 9.719229 9.039545 8.440924 7.914815 7.452709 7.046244 6.687295 6.368045 6.081036 5.819217 5.575966 5.345121 5.120998 4.898408 4.672678 4.439671 4.195816 3.938133 3.664269 3.372522 3.061877 2.732017 2.383337 2.016928 1.634550 1.238572 0.831891 0.417829 0.000000 
50.000000 47.211656 44.440695 41.704173 39.018505 36.399165 33.860421 31.415103 29.074412 26.847777 24.742760 22.765014 20.918280 19.204440 17.623602 16.174221 14.853252 13.656320 12.577908 11.611543 10.749995 9.985459 9.309732 8.714377 8.190865 7.730698 7.325520 6.967199 6.647900 6.360134 6.096800 5.851217 5.617145 5.388808 5.160913 4.928669 4.687820 4.434668 4.166114 3.879696 3.573626 3.246833 2.898987 2.530517 2.142608 1.737173 1.316801 0.884663 0.444404 0.000000 
50.000000 47.239790 44.496787 41.787874 39.129301 36.536385 34.023250 31.602594 29.285504 27.081313 24.997504 23.039670 21.211511 19.514886 17.949894 16.514999 15.207178 14.022087 12.954248 11.997236 11.143869 10.386391 9.716647 9.126240 8.606673 8.149471 7.746285 7.388976 7.069680 6.780862 6.515351 6.266374 6.027574 5.793037 5.557307 5.315418 5.062923 4.795928 4.511147 4.205943 3.878388 3.527316 3.152363 2.754004 2.333560 1.893177 1.435772 0.964943 0.484841 0.000000 
50.000000 47.277489 44.571950 41.900036 39.277771 36.720264 34.241445 31.853837 29.568374 27.394259 25.338871 23.407722 21.604458 19.930905 18.387154 16.971679 15.681486 14.512276 13.458623 12.514167 11.671791 10.923808 10.262126 9.678404 9.164192 8.711047 8.310632 7.954799 7.635651 7.345591 7.077358 6.824053 6.579165 6.336590 6.090654 5.836147 5.568354 5.283112 4.976860 4.646712 4.290529 3.906994 3.495680 3.057105 2.592757 2.105093 1.597484 1.074116 0.539845 0.000000 
50.000000 47.324899 44.666473 42.041084 39.464479 36.951501 34.515836 32.169788 29.924099 27.787809 25.768165 23.870578 22.098626 20.454094 18.937064 17.546025 16.278017 15.128799 14.093015 13.164383 12.335875 11.599888 10.948415 10.373189 9.865821 9.417910 9.021141 8.667357 8.348625 8.057273 7.785929 7.527540 7.275399 7.023161 6.764872 6.495003 6.208491 5.900806 5.568022 5.206902 4.815006 4.390790 3.933708 3.444300 2.924249 2.376393 1.804685 1.214087 0.610395 0.000000 
50.000000 47.382175 44.780668 42.211489 39.690047 37.230866 34.847338 32.551503 30.353868 28.263278 26.286821 24.429788 22.695672 21.086213 19.601479 18.239979 16.998799 15.873764 14.859607 13.950144 13.138454 12.417043 11.778006 11.213172 10.714230 10.272835 9.880704 9.529679 9.211785 8.919269 8.644628 8.380627 8.120323 7.857078 7.584591 7.296933 6.988599 6.654585 6.290479 5.892576 5.458011 4.984905 4.472509 3.921336 3.333263 2.711580 2.060960 1.387352 0.697771 0.000000 
50.000000 47.449478 44.914853 42.411724 39.955102 37.559137 35.236874 33.000042 30.858877 28.821992 26.896288 25.086914 23.397268 21.829036 20.382271 19.055505 17.845880 16.749303 15.760612 14.873743 14.081902 13.377727 12.753442 12.200990 11.712161 11.278686 10.892324 10.544925 10.228477 9.935140 9.657263 9.387408 9.118353 8.843117 8.554981 8.247526 7.914701 7.550902 7.151089 6.710932 6.226985 5.696879 5.119530 4.495337 3.826344 3.116338 2.370862 1.597095 0.803611 0.000000 
50.000000 47.526953 45.069319 42.642223 40.260218 37.937023 35.685287 33.516379 31.440221 29.465162 27.597889 25.843389 24.204947 22.684190 21.281155 19.994404 18.821143 17.757379 16.798070 15.937296 15.168415 14.484222 13.877093 13.339117 12.862203 12.438182 12.058875 11.716153 11.401974 11.108409 10.827656 10.552046 10.274048 9.986284 9.681545 9.352832 8.993423 8.596971 8.157636 7.670269 7.130633 6.535659 5.883735 5.174991 4.411557 3.597742 2.740102 1.847335 0.929993 0.000000 
50.000000 47.614716 45.244297 42.903331 40.605852 38.365093 36.193251 34.101290 32.098777 30.193760 28.392686 26.700357 25.119936 23.652979 22.299510 21.058124 19.926106 18.899575 17.973633 17.142525 16.399787 15.738401 15.150925 14.629618 14.166543 13.753651 13.382853 13.046059 12.735211 12.442302 12.159372 11.878511 11.591850 11.291565 10.969887 10.619139 10.231801 9.800612 9.318732 8.779949 8.178963 7.511717 6.775788 5.970795 5.098789 4.164568 3.175836 2.143143 1.079550 0.000000 
50.000000 47.712837 45.439928 43.195258 40.992284 38.843692 36.761176 34.755247 32.835076 31.008377 29.281325 27.658520 26.142986 24.736204 23.438185 22.247564 21.161713 20.176884 19.288345 18.490528 17.777181 17.141498 16.576253 16.073908 15.626711 15.226770 14.866110 14.536710 14.230520 13.939467 13.655446 13.370300 13.075804 12.763649 12.425444 12.052736 11.637067 11.170083 10.643701 10.050355 9.383331 8.637196 7.808310 6.895404 5.900162 4.827738 3.687079 2.490969 1.255647 0.000000 
50.000000 47.821327 45.656231 43.518032 41.419549 39.372864 37.389115 35.478313 33.649191 31.909092 30.263895 28.717975 27.274205 25.933986 24.697313 23.562869 22.528131 21.589496 20.742421 19.981559 19.300891 18.693863 18.153497 17.672496 17.243330 16.858301 16.509586 16.189268 15.889338 15.601688 15.318083 15.030133 14.729253 14.406627 14.053190 13.659622 13.216396 12.713864 12.142434 11.492833 10.756496 9.926097 8.996211 7.964111 6.830627 5.600962 4.285318 2.899119 1.462651 0.000000 
50.000000 47.940116 45.893068 43.871450 41.887379 39.952278 38.076677 36.270036 34.540613 32.895345 31.339787 29.878069 28.512900 27.245593 26.076133 25.003255 24.024553 23.136594 22.335045 21.614804 20.970125 20.394736 19.881948 19.424746 19.015863 18.647839 18.313049 18.003724 17.711940 17.429592 17.148360 16.859646 16.554523 16.223667 15.857307 15.445193 14.976602 14.440398 13.825190 13.119594 12.312660 11.394499 10.357116 9.195485 7.908780 6.501668 4.985415 3.378495 1.706343 0.000000 
50.000000 48.069047 46.150125 44.255040 42.395150 40.581161 38.822942 37.129361 35.508154 33.965823 32.507570 31.137261 29.857427 28.669291 27.572826 26.566831 25.649028 24.816173 24.064170 23.388194 22.782802 22.242044 21.759560 21.328660 20.942391 20.593579 20.274850 19.978639 19.697162 19.422378 19.145933 18.859080 18.552590 18.216663 17.840828 17.413870 16.923779 16.357760 15.702330 14.943554 14.067472 13.060787 11.911880 10.612197 9.158000 7.552339 5.806974 3.943718 1.994561 0.000000 
50.000000 48.207857 46.426881 44.668025 42.941832 41.258238 39.626400 38.054547 36.549856 35.118360 33.764882 32.493005 31.305072 30.202210 29.184381 28.250456 27.398302 26.624883 25.926367 25.298234 24.735380 24.232217 23.782757 23.380686 23.019413 22.692107 22.391709 22.110919 21.842166 21.577548 21.308756 21.026972 20.722747 20.385874 20.005239 19.568680 19.062869 18.473228 17.783931 16.978052 16.037925 14.945833 13.685152 12.242075 10.607989 8.782449 6.776401 4.614911 2.338241 0.000000 
50.000000 48.356174 46.722590 45.109295 43.525957 41.981690 40.484891 39.043108 37.662921 36.349860 35.108347 33.941664 32.851954 31.840242 30.906483 30.049629 29.267706 28.557907 27.916689 27.339868 26.822716 26.360048 25.946294 25.575563 25.241685 24.938234 24.658531 24.395620 24.142227 23.890681 23.632821 23.359869 23.062277 22.729554 22.350057 21.910782 21.397133 20.792726 20.079235 19.236367 18.242056 17.073023 15.705927 14.119342 12.296835 10.231272 7.930091 5.420579 2.753164 0.000000 
50.000000 48.513507 47.036275 45.577389 44.145591 42.749122 41.395575 40.091772 38.843664 37.656249 36.533521 35.478446 34.492956 33.577971 32.733442 31.958408 31.251072 30.608875 30.028587 29.506394 29.037979 28.618599 28.243149 27.906216 27.602106 27.324867 27.068274 26.825802 26.590566 26.355240 26.111938 25.852067 25.566145 25.243576 24.872388 24.438929 23.927525 23.320111 22.595873 21.730950 20.698304 19.467956 18.007874 16.285951 14.273657 11.951919 9.319426 6.402437 3.263005 0.000000 
50.000000 48.679244 47.366715 46.070486 44.798324 43.557549 42.354908 41.196461 40.087494 39.032446 38.034863 37.097377 36.221699 35.408643 34.658158 33.969380 33.340699 32.769827 32.253872 31.789418 31.372595 30.999145 30.664473 30.363695 30.091657 29.842946 29.611872 29.392431 29.178238 28.962437 28.737567 28.495397 28.226720 27.921082 27.566467 27.148897 26.651963 26.056268 25.338793 24.472223 23.424319 22.157513 20.629109 18.792687 16.601764 14.017046 11.018704 7.623775 3.904961 0.000000 
50.000000 48.852652 47.712451 46.586410 45.481274 44.403403 43.358656 42.352298 41.388919 40.472374 39.605742 38.791306 38.030550 37.324175 36.672133 36.073664 35.527361 35.031222 34.582719 34.178864 33.816266 33.491188 33.199595 32.937183 32.699395 32.481429 32.278211 32.084353 31.894087 31.701163 31.498712 31.279073 31.033562 30.752179 30.423234 30.032882 29.564517 28.998027 28.308852 27.466846 26.434962 25.167858 23.610765 21.699321 19.361839 16.526568 13.137787 9.184544 4.740855 0.000000 
50.000000 49.032885 48.071794 47.122638 46.191103 45.282548 44.401913 43.553634 42.741579 41.968997 41.238481 40.551955 39.910666 39.315203 38.765519 38.260970 37.800362 37.381997 37.003732 36.663033 36.357019 36.082515 35.836083 35.614048 35.412513 35.227349 35.054180 34.888332 34.724767 34.557986 34.381894 34.189620 33.973287 33.723703 33.429968 33.078946 32.654575 32.136948 31.501093 30.715349 29.739245 28.520806 26.993359 25.072351 22.653643 19.616961 15.841977 11.249582 5.880845 0.000000 
50.000000 49.218988 48.442841 47.676332 46.924052 46.190330 45.479154 44.794105 44.138309 43.514386 42.924431 42.369995 41.852085 41.371173 40.927219 40.519699 40.147642 39.809672 39.504050 39.228716 38.981332 38.759314 38.559860 38.379971 38.216458 38.065932 37.924788 37.789157 37.654846 37.517249 37.371220 37.210908 37.029540 36.819121 36.570048 36.270574 35.906084 35.458092 34.902823 34.209219 33.336081 32.227987 30.809567 28.977776 26.592604 23.469179 19.381329 14.102849 7.538900 0.000000 
50.000000 49.409912 48.823499 48.244367 47.675986 47.121626 46.584299 46.066713 45.571225 45.099819 44.654074 44.235162 43.843843 43.480473 43.145018 42.837080 42.555925 42.300506 42.069507 41.861362 41.674297 41.506348 41.355383 41.219116 41.095113 40.980779 40.873346 40.769832 40.666992 40.561240 40.448548 40.324302 40.183117 40.018581 39.822906 39.586450 39.297043 38.939016 38.491791 37.927764 37.209081 36.282616 35.072018 33.465061 31.293770 28.305131 24.125883 18.251341 10.176796 0.000000 
50.000000 49.604524 49.211512 48.823379 48.442451 48.070920 47.710804 47.363918 47.031841 46.715903 46.417162 46.136403 45.874135 45.630594 45.405759 45.199362 45.010908 44.839694 44.684835 44.545280 44.419833 44.307174 44.205865 44.114367 44.031033 43.954109 43.881717 43.811830 43.742233 43.670470 43.593771 43.508944 43.412242 43.299175 43.164244 43.000580 42.799413 42.549303 42.234974 41.835499 41.321396 40.649779 39.755982 38.538471 36.830614 34.346470 30.576882 24.607300 14.920688 0.000000 
50.000000 49.801633 49.604501 49.409817 49.218747 49.032389 48.851758 48.677762 48.511195 48.352722 48.202875 48.062047 47.930493 47.808332 47.695553 47.592020 47.497485 47.411596 47.333907 47.263889 47.200943 47.144403 47.093548 47.047600 47.005731 46.967055 46.930624 46.895411 46.860295 46.824026 46.785192 46.742161 46.693011 46.635428 46.566563 46.482839 46.379657 46.250966 46.088600 45.881217 45.612547 45.258328 44.780674 44.116964 43.156143 41.683247 39.235416 34.685339 24.901188 0.000000 
50.000000 50.000000 50.000000 50.000000 50.000000 50.000000 50.000000 50.000000 50.000000 50.000000 50.000000 50.000000 50.000000 50.000000 50.000000 50.000000 50.000000 50.000000 50.000000 50.000000 50.000000 50.000000 50.000000 50.000000 50.000000 50.000000 50.000000 50.000000 50.000000 50.000000 50.000000 50.000000 50.000000 50.000000 50.000000 50.000000 50.000000 50.000000 50.000000 50.000000 50.000000 50.000000 50.000000 50.000000 50.000000 50.000000 50.000000 50.000000 50.000000 50.000000 
