50.000000 50.000000 50.000000 50.000000 50.000000 50.000000 50.000000 50.000000 50.000000 50.000000 50.000000 50.000000 50.000000 50.000000 50.000000 50.000000 50.000000 50.000000 50.000000 50.000000 50.000000 50.000000 50.000000 50.000000 50.000000 50.000000 50.000000 50.000000 50.000000 50.000000 50.000000 50.000000 50.000000 50.000000 50.000000 50.000000 50.000000 50.000000 50.000000 50.000000 50.000000 50.000000 50.000000 50.000000 50.000000 50.000000 50.000000 50.000000 50.000000 50.000000 
50.000000 49.792810 49.586967 49.383795 49.184561 48.990459 48.802585 48.621917 48.449304 48.285449 48.130908 47.986083 47.851220 47.726421 47.611642 47.506708 47.411323 47.325083 47.247487 47.177951 47.115821 47.060381 47.010861 46.966445 46.926268 46.889417 46.854921 46.821740 46.788740 46.754670 46.718120 46.677461 46.630779 46.575771 46.509598 46.428695 46.328472 46.202887 46.043781 45.839816 45.574723 45.224237 44.750466 44.090780 43.134111 41.665479 39.222005 34.676358 24.896684 0.000000 
50.000000 49.586986 49.176660 48.771655 48.374502 47.987580 47.613072 47.252929 46.908842 46.582216 46.274156 45.985463 45.716632 45.467862 45.239069 45.029904 44.839777 44.667884 44.513227 44.374647 44.250839 44.140380 44.041743 43.953303 43.873345 43.800058 43.731522 43.665678 43.600294 43.532907 43.460747 43.380634 43.288836 43.180882 43.051296 42.893229 42.697933 42.453986 42.146123 41.753427 41.246416 40.582200 39.696103 38.486568 36.786943 34.311251 30.550299 24.589497 14.911762 0.000000 
50.000000 49.383872 48.771753 48.167573 47.575106 46.997901 46.439216 45.901963 45.388661 44.901408 44.441854 44.011193 43.610164 43.239066 42.897773 42.585768 42.302173 42.045789 41.815134 41.608479 41.423889 41.259247 41.112284 40.980592 40.861631 40.752725 40.651038 40.553545 40.456972 40.357725 40.251776 40.134527 40.000617 39.843660 39.655904 39.427738 39.147022 38.798115 38.360455 37.806454 37.098259 36.182736 34.983519 33.388354 31.229229 28.253082 24.086599 18.225031 10.163605 0.000000 
50.000000 49.184759 48.374823 47.575391 46.791458 46.027720 45.288488 44.577613 43.898433 43.253722 42.645663 42.075839 41.545229 41.054227 40.602672 40.189881 39.814697 39.475537 39.170448 38.897152 38.653097 38.435498 38.241372 38.067559 37.910729 37.767386 37.633836 37.506151 37.380103 37.251070 37.113910 36.962793 36.790974 36.590498 36.351804 36.063188 35.710075 35.274013 34.731255 34.050758 33.191327 32.097534 30.693983 28.877596 26.508314 23.401205 19.330026 14.068491 7.521673 0.000000 
50.000000 48.990867 47.988300 46.998736 46.028359 45.082980 44.167935 43.287996 42.447290 41.649255 40.896593 40.191265 39.534484 38.926743 38.367844 37.856945 37.392622 36.972923 36.595438 36.257363 35.955555 35.686590 35.446805 35.232325 35.039082 34.862810 34.699026 34.542982 34.389597 34.233352 34.068157 33.887164 33.682533 33.445121 33.164078 32.826323 32.415842 31.912773 31.292175 30.522408 29.563008 28.361988 26.852652 24.950401 22.551040 19.534221 15.779531 11.207762 5.859877 0.000000 
50.000000 48.803323 47.614433 46.440963 45.290245 44.169173 43.084075 42.040608 41.043671 40.097337 39.204816 38.368433 37.589630 36.868995 36.206297 35.600546 35.050059 34.552534 34.105126 33.704528 33.347038 33.028626 32.744988 32.491582 32.263654 32.056234 31.864124 31.681849 31.503586 31.323063 31.133418 30.927015 30.695214 30.428071 30.113959 29.739094 29.286929 28.737404 28.065996 27.242588 26.230137 24.983293 23.447256 21.557617 19.242621 16.430433 13.065233 9.135956 4.716494 0.000000 
50.000000 48.623145 47.255250 45.905097 44.581123 43.291261 42.042791 40.842223 39.695194 38.606394 37.579517 36.617239 35.721227 34.892158 34.129774 33.432944 32.799742 32.227532 31.713062 31.252548 30.841762 30.476108 30.150685 29.860335 29.599674 29.363100 29.144779 28.938606 28.738134 28.536480 28.326188 28.099060 27.845937 27.556429 27.218590 26.818514 26.339861 25.763290 25.065831 24.220196 23.194157 21.950136 20.445405 18.633492 16.467836 13.909054 10.937204 7.569197 3.877597 0.000000 
50.000000 48.451229 46.912536 45.393802 43.904518 42.453605 41.049256 39.698794 38.408562 37.183836 36.028773 34.946390 33.938562 33.006059 32.148598 31.364916 30.652861 30.009484 29.431149 28.913628 28.452203 28.041752 27.676826 27.351704 27.060435 26.796852 26.554570 26.326949 26.107033 25.887468 25.660371 25.417186 25.148483 24.843739 24.491059 24.076873 23.585581 22.999186 22.296925 21.454972 20.446301 19.240926 17.806778 16.111696 14.127070 11.833725 9.230230 6.342706 3.233059 0.000000 
50.000000 48.288338 46.587814 44.909350 43.263434 41.659928 40.107886 38.615403 37.189490 35.835982 34.559475 33.363306 32.249555 31.219078 30.271571 29.405651 28.618953 27.908241 27.269520 26.698151 26.188965 25.736358 25.334379 24.976800 24.657163 24.368809 24.104880 23.858294 23.621697 23.387385 23.147203 22.892408 22.613515 22.300107 21.940629 21.522164 21.030201 20.448430 19.758582 18.940403 17.971844 16.829618 15.490350 13.932555 12.139717 10.104594 7.834495 5.356564 2.721071 0.000000 
50.000000 48.135099 46.282335 44.453606 42.660341 40.913285 39.222305 37.596221 36.042674 34.568022 33.177280 31.874085 30.660708 29.538093 28.505917 27.562686 26.705842 25.931881 25.236479 24.614622 24.060726 23.568748 23.132285 22.744656 22.398959 22.088107 21.804847 21.541740 21.291129 21.045075 20.795274 20.532945 20.248706 19.932431 19.573100 19.158648 18.675835 18.110166 17.445878 16.666090 15.753155 14.689351 13.458021 12.045297 10.442479 8.649013 6.675710 4.547487 2.304439 0.000000 
50.000000 47.992004 45.997077 44.028029 42.097170 40.216068 38.395348 36.644511 34.971783 33.384016 31.886610 30.483489 29.177104 27.968479 26.857278 25.841907 24.919631 24.086702 23.338497 22.669658 22.074225 21.545761 21.077460 20.662238 20.292807 19.961718 19.661388 19.384100 19.121979 18.866943 18.610642 18.344368 18.058962 17.744711 17.391244 16.987449 16.521413 15.980428 15.351081 14.619486 13.771708 12.794445 11.676049 10.407904 8.986184 7.413829 5.702460 3.873737 1.959477 0.000000 
50.000000 47.859410 45.732751 43.633684 41.575327 39.570018 37.629082 35.762649 33.979493 32.286919 30.690689 29.194989 27.802442 26.514147 25.329759 24.247594 23.264756 22.377277 21.580262 20.868045 20.234329 19.672322 19.174861 18.734512 18.343652 17.994527 17.679291 17.390012 17.118667 16.857108 16.597015 16.329835 16.046711 15.738411 15.395270 15.007147 14.563421 14.053052 13.464722 12.787102 12.009272 11.121340 10.115285 8.986019 7.732632 6.359676 4.878281 3.306762 1.670382 0.000000 
50.000000 47.737548 45.489823 43.271260 41.095728 38.976266 36.924848 34.952181 33.067540 31.278650 29.591605 28.010836 26.539122 25.177632 23.926017 22.782513 21.744080 20.806551 19.964790 19.212852 18.544140 17.951550 17.427605 16.964567 16.554528 16.189482 15.861370 15.562103 15.283568 15.017607 14.755988 14.490365 14.212225 13.912850 13.583284 13.214322 12.796545 12.320407 11.776394 11.155292 10.448572 9.648908 8.750851 7.751619 6.651953 5.456946 4.176663 2.826371 1.426183 0.000000 
50.000000 47.626538 45.268526 42.941108 40.658836 38.435388 36.283327 34.213888 32.236804 30.360182 28.590419 26.932169 25.388355 23.960214 22.647391 21.448054 20.359036 19.375991 18.493570 17.705580 17.005159 16.384932 15.837146 15.353801 14.926751 14.547782 14.208667 13.901209 13.617246 13.348653 13.087324 12.825147 12.553973 12.265595 11.951733 11.604054 11.214216 10.773967 10.275312 9.710748 9.073598 8.358438 7.561604 6.681776 5.720555 4.682983 3.577875 2.417856 1.218996 0.000000 
50.000000 47.526397 45.068896 42.643283 40.264721 37.947470 35.704623 33.547890 31.487419 29.531660 27.687287 25.959154 24.350316 22.862072 21.494064 20.244401 19.109801 18.085768 17.166756 16.346362 15.617490 14.972525 14.403481 13.902136 13.460141 13.069113 12.720701 12.406630 12.118725 11.848923 11.589263 11.331879 11.068980 10.792846 10.495825 10.170363 9.809059 9.404762 8.950722 8.440797 7.869727 7.233469 6.529580 5.757631 4.919594 4.020160 3.066901 2.070214 1.042993 0.000000 
50.000000 47.437060 44.890803 42.377587 39.913125 37.512191 35.188354 32.953748 30.818888 28.792536 26.881609 25.091143 23.424310 21.882466 20.465253 19.170726 17.995509 16.934967 15.983392 15.134190 14.380066 13.713200 13.125405 12.608270 12.153281 11.751921 11.395741 11.076418 10.785789 10.515866 10.258845 10.007100 9.753182 9.489816 9.209913 8.906604 8.573288 8.203731 7.792191 7.333590 6.823736 6.259580 5.639495 4.963566 4.233847 3.454545 2.632089 1.775027 0.893749 0.000000 
50.000000 47.358394 44.733984 42.143630 39.603529 37.128909 34.733758 32.430582 30.230224 28.141716 26.172191 24.326848 22.608959 21.019934 19.559415 18.225414 17.014469 15.921830 14.941646 14.067161 13.290911 12.604898 12.000768 11.469952 11.003802 10.593690 10.231099 9.907677 9.615288 9.346027 9.092244 8.846540 8.601778 8.351081 8.087854 7.805810 7.499023 7.162006 6.789819 6.378210 5.923782 5.424189 4.878337 4.286584 3.650903 2.974985 2.264248 1.525728 0.767839 0.000000 
50.000000 47.290220 44.598082 41.940880 39.335229 36.796753 34.339800 31.977204 29.720086 27.577716 25.557416 23.664521 21.902397 20.272497 18.774467 17.406279 16.164404 15.043989 14.039065 13.142738 12.347400 11.644906 11.026760 10.484266 10.008664 9.591243 9.223433 8.896872 8.603454 8.335363 8.085089 7.845443 7.609561 7.370916 7.123330 6.861008 6.578576 6.271149 5.934418 5.564760 5.159365 4.716378 4.235045 3.715844 3.160587 2.572469 1.956046 1.317127 0.662572 0.000000 
50.000000 47.232333 44.482685 41.768720 39.107411 36.514713 34.005285 31.592233 29.286923 27.098821 25.035409 23.102143 21.302465 19.637869 18.108000 16.710803 15.442687 14.298719 13.272828 12.358008 11.546528 10.830125 10.200187 9.647911 9.164451 8.741032 8.369047 8.040129 7.746211 7.479555 7.232781 6.998882 6.771231 6.543594 6.310144 6.065484 5.804689 5.523348 5.217642 4.884420 4.521300 4.126766 3.700272 3.242328 2.754552 2.239696 1.701599 1.145090 0.575813 0.000000 
50.000000 47.184515 44.387360 41.626506 38.919219 36.281732 33.728956 31.274228 28.929108 26.703230 24.604210 22.637599 20.806906 19.113655 17.557496 16.136348 14.846574 13.683173 12.639991 11.709932 10.885167 10.157337 9.517734 8.957476 8.467647 8.039422 7.664169 7.333526 7.039457 6.774299 6.530782 6.302052 6.081678 5.863668 5.642476 5.413028 5.170746 4.911590 4.632110 4.329506 4.001702 3.647412 3.266214 2.858596 2.425991 1.970770 1.496195 1.006325 0.505869 0.000000 
50.000000 47.146555 44.311689 41.513614 38.769829 36.096788 33.509602 31.021790 28.645069 26.389207 24.261921 22.268843 20.413533 18.697541 17.120519 15.680368 14.373412 13.194600 12.137712 11.195582 10.360304 9.623443 8.976222 8.409693 7.914888 7.482947 7.105221 6.773352 6.479337 6.215573 5.974879 5.750524 5.536236 5.326209 5.115120 4.898139 4.670955 4.429803 4.171507 3.893521 3.593980 3.271755 2.926487 2.558628 2.169443 1.760998 1.336107 0.898242 0.451411 0.000000 
50.000000 47.118268 44.255298 41.429485 38.658502 35.958965 33.346138 30.833672 28.433403 26.155196 24.006848 21.994048 20.120395 18.387459 16.794894 15.340587 14.020835 12.830547 11.763458 10.812347 9.969254 9.225689 8.572820 8.001656 7.503191 7.068539 6.689040 6.356343 6.062471 5.799863 5.561411 5.340476 5.130900 4.927019 4.723670 4.516201 4.300494 4.072979 3.830671 3.571199 3.292843 2.994568 2.676053 2.337705 1.980658 1.606750 1.218464 0.818852 0.411422 0.000000 
50.000000 47.099499 44.217884 41.373668 38.584639 35.867523 33.237682 30.708859 28.292967 25.999935 23.837612 21.811729 19.925907 18.181730 16.578855 15.115158 13.786919 12.589022 11.515170 10.558108 9.709839 8.961837 8.305237 7.731015 7.230144 6.793722 6.413081 6.079876 5.786146 5.524363 5.287464 5.068872 4.862506 4.662795 4.464680 4.263626 4.055638 3.837272 3.605664 3.358553 3.094306 2.811945 2.511165 2.192340 1.856513 1.505368 1.141175 0.766712 0.385163 0.000000 
50.000000 47.090143 44.199232 41.345841 38.547816 35.821936 33.183614 30.646637 28.222956 25.922533 23.753245 21.720839 19.828951 18.079171 16.471156 15.002779 13.670310 12.468621 11.391399 10.431373 9.580527 8.830316 8.171860 7.596120 7.094057 6.656760 6.275561 5.942114 5.648469 5.387114 5.151009 4.933608 4.728868 4.531263 4.335786 4.137961 3.933852 3.720077 3.493830 3.252903 2.995704 2.721283 2.429340 2.120230 1.794951 1.455110 1.102869 0.740875 0.372153 0.000000 
50.000000 47.090143 44.199232 41.345841 38.547816 35.821936 33.183614 30.646637 28.222956 25.922533 23.753245 21.720839 19.828951 18.079171 16.471156 15.002779 13.670310 12.468621 11.391399 10.431373 9.580527 8.830316 8.171860 7.596120 7.094057 6.656760 6.275561 5.942114 5.648469 5.387114 5.151009 4.933608 4.728868 4.531263 4.335786 4.137961 3.933852 3.720077 3.493830 3.252903 2.995704 2.721283 2.429340 2.120230 1.794951 1.455110 1.102869 0.740875 0.372153 0.000000 
50.000000 47.099499 44.217884 41.373668 38.584639 35.867523 33.237682 30.708859 28.292967 25.999935 23.837612 21.811729 19.925907 18.181730 16.578855 15.115158 13.786919 12.589022 11.515170 10.558108 9.709839 8.961837 8.305237 7.731015 7.230144 6.793722 6.413081 6.079876 5.786146 5.524363 5.287464 5.068872 4.862506 4.662795 4.464680 4.263626 4.055638 3.837272 3.605664 3.358553 3.094306 2.811945 2.511165 2.192340 1.856513 1.505368 1.141175 0.766712 0.385163 0.000000 
50.000000 47.118268 44.255298 41.429485 38.658502 35.958965 33.346138 30.833672 28.433403 26.155196 24.006848 21.994048 20.120395 18.387459 16.794894 15.340587 14.020835 12.830547 11.763458 10.812347 9.969254 9.225689 8.572820 8.001656 7.503191 7.068539 6.689040 6.356343 6.062471 5.799863 5.561411 5.340476 5.130900 4.927019 4.723670 4.516201 4.300494 4.072979 3.830671 3.571199 3.292843 2.994568 2.676053 2.337705 1.980658 1.606750 1.218464 0.818852 0.411422 0.000000 
50.000000 47.146555 44.311689 41.513614 38.769829 36.096788 33.509602 31.021790 28.645069 26.389207 24.261921 22.268843 20.413533 18.697541 17.120519 15.680368 14.373412 13.194600 12.137712 11.195582 10.360304 9.623443 8.976222 8.409693 7.914888 7.482947 7.105221 6.773352 6.479337 6.215573 5.974879 5.750524 5.536236 5.326209 5.115120 4.898139 4.670955 4.429803 4.171507 3.893521 3.593980 3.271755 2.926487 2.558628 2.169443 1.760998 1.336107 0.898242 0.451411 0.000000 
50.000000 47.184515 44.387360 41.626506 38.919219 36.281732 33.728956 31.274228 28.929108 26.703230 24.604210 22.637599 20.806906 19.113655 17.557496 16.136348 14.846574 13.683173 12.639991 11.709932 10.885167 10.157337 9.517734 8.957476 8.467647 8.039422 7.664169 7.333526 7.039457 6.774299 6.530782 6.302052 6.081678 5.863668 5.642476 5.413028 5.170746 4.911590 4.632110 4.329506 4.001702 3.647412 3.266214 2.858596 2.425991 1.970770 1.496195 1.006325 0.505869 0.000000 
50.000000 47.232333 44.482685 41.768720 39.107411 36.514713 34.005285 31.592233 29.286923 27.098821 25.035409 23.102143 21.302465 19.637869 18.108000 16.710803 15.442687 14.298719 13.272828 12.358008 11.546528 10.830125 10.200187 9.647911 9.164451 8.741032 8.369047 8.040129 7.746211 7.479555 7.232781 6.998882 6.771231 6.543594 6.310144 6.065484 5.804689 5.523348 5.217642 4.884420 4.521300 4.126766 3.700272 3.242328 2.754552 2.239696 1.701599 1.145090 0.575813 0.000000 
50.000000 47.290220 44.598082 41.940880 39.335229 36.796753 34.339800 31.977204 29.720086 27.577716 25.557416 23.664521 21.902397 20.272497 18.774467 17.406279 16.164404 15.043989 14.039065 13.142738 12.347400 11.644906 11.026760 10.484266 10.008664 9.591243 9.223433 8.896872 8.603454 8.335363 8.085089 7.845443 7.609561 7.370916 7.123330 6.861008 6.578576 6.271149 5.934418 5.564760 5.159365 4.716378 4.235045 3.715844 3.160587 2.572469 1.956046 1.317127 0.662572 0.000000 
50.000000 47.358394 44.733984 42.143630 39.603529 37.128909 34.733758 32.430582 30.230224 28.141716 26.172191 24.326848 22.608959 21.019934 19.559415 18.225414 17.014469 15.921830 14.941646 14.067161 13.290911 12.604898 12.000768 11.469952 11.003802 10.593690 10.231099 9.907677 9.615288 9.346027 9.092244 8.846540 8.601778 8.351081 8.087854 7.805810 7.499023 7.162006 6.789819 6.378210 5.923782 5.424189 4.878337 4.286584 3.650903 2.974985 2.264248 1.525728 0.767839 0.000000 
50.000000 47.437060 44.890803 42.377587 39.913125 37.512191 35.188354 32.953748 30.818888 28.792536 26.881609 25.091143 23.424310 21.882466 20.465253 19.170726 17.995509 16.934967 15.983392 15.134190 14.380066 13.713200 13.125405 12.608270 12.153281 11.751921 11.395741 11.076418 10.785789 10.515866 10.258845 10.007100 9.753182 9.489816 9.209913 8.906604 8.573288 8.203731 7.792191 7.333590 6.823736 6.259580 5.639495 4.963566 4.233847 3.454545 2.632089 1.775027 0.893749 0.000000 
50.000000 47.526397 45.068896 42.643283 40.264721 37.947470 35.704623 33.547890 31.487419 29.531660 27.687287 25.959154 24.350316 22.862072 21.494064 20.244401 19.109801 18.085768 17.166756 16.346362 15.617490 14.972525 14.403481 13.902136 13.460141 13.069113 12.720701 12.406630 12.118725 11.848923 11.589263 11.331879 11.068980 10.792846 10.495825 10.170363 9.809059 9.404762 8.950722 8.440797 7.869727 7.233469 6.529580 5.757631 4.919594 4.020160 3.066901 2.070214 1.042993 0.000000 
50.000000 47.626538 45.268526 42.941108 40.658836 38.435388 36.283327 34.213888 32.236804 30.360182 28.590419 26.932169 25.388355 23.960214 22.647391 21.448054 20.359036 19.375991 18.493570 17.705580 17.005159 16.384932 15.837146 15.353801 14.926751 14.547782 14.208667 13.901209 13.617246 13.348653 13.087324 12.825147 12.553973 12.265595 11.951733 11.604054 11.214216 10.773967 10.275312 9.710748 9.073598 8.358438 7.561604 6.681776 5.720555 4.682983 3.577875 2.417856 1.218996 0.000000 
50.000000 47.737548 45.489823 43.271260 41.095728 38.976266 36.924848 34.952181 33.067540 31.278650 29.591605 28.010836 26.539122 25.177632 23.926017 22.782513 21.744080 20.806551 19.964790 19.212852 18.544140 17.951550 17.427605 16.964567 16.554528 16.189482 15.861370 15.562103 15.283568 15.017607 14.755988 14.490365 14.212225 13.912850 13.583284 13.214322 12.796545 12.320407 11.776394 11.155292 10.448572 9.648908 8.750851 7.751619 6.651953 5.456946 4.176663 2.826371 1.426183 0.000000 
50.000000 47.859410 45.732751 43.633684 41.575327 39.570018 37.629082 35.762649 33.979493 32.286919 30.690689 29.194989 27.802442 26.514147 25.329759 24.247594 23.264756 22.377277 21.580262 20.868045 20.234329 19.672322 19.174861 18.734512 18.343652 17.994527 17.679291 17.390012 17.118667 16.857108 16.597015 16.329835 16.046711 15.738411 15.395270 15.007147 14.563421 14.053052 13.464722 12.787102 12.009272 11.121340 10.115285 8.986019 7.732632 6.359676 4.878281 3.306762 1.670382 0.000000 
50.000000 47.992004 45.997077 44.028029 42.097170 40.216068 38.395348 36.644511 34.971783 33.384016 31.886610 30.483489 29.177104 27.968479 26.857278 25.841907 24.919631 24.086702 23.338497 22.669658 22.074225 21.545761 21.077460 20.662238 20.292807 19.961718 19.661388 19.384100 19.121979 18.866943 18.610642 18.344368 18.058962 17.744711 17.391244 16.987449 16.521413 15.980428 15.351081 14.619486 13.771708 12.794445 11.676049 10.407904 8.986184 7.413829 5.702460 3.873737 1.959477 0.000000 
50.000000 48.135099 46.282335 44.453606 42.660341 40.913285 39.222305 37.596221 36.042674 34.568022 33.177280 31.874085 30.660708 29.538093 28.505917 27.562686 26.705842 25.931881 25.236479 24.614622 24.060726 23.568748 23.132285 22.744656 22.398959 22.088107 21.804847 21.541740 21.291129 21.045075 20.795274 20.532945 20.248706 19.932431 19.573100 19.158648 18.675835 18.110166 17.445878 16.666090 15.753155 14.689351 13.458021 12.045297 10.442479 8.649013 6.675710 4.547487 2.304439 0.000000 
50.000000 48.288338 46.587814 44.909350 43.263434 41.659928 40.107886 38.615403 37.189490 35.835982 34.559475 33.363306 32.249555 31.219078 30.271571 29.405651 28.618953 27.908241 27.269520 26.698151 26.188965 25.736358 25.334379 24.976800 24.657163 24.368809 24.104880 23.858294 23.621697 23.387385 23.147203 22.892408 22.613515 22.300107 21.940629 21.522164 21.030201 20.448430 19.758582 18.940403 17.971844 16.829618 15.490350 13.932555 12.139717 10.104594 7.834495 5.356564 2.721071 0.000000 
50.000000 48.451229 46.912536 45.393802 43.904518 42.453605 41.049256 39.698794 38.408562 37.183836 36.028773 34.946390 33.938562 33.006059 32.148598 31.364916 30.652861 30.009484 29.431149 28.913628 28.452203 28.041752 27.676826 27.351704 27.060435 26.796852 26.554570 26.326949 26.107033 25.887468 25.660371 25.417186 25.148483 24.843739 24.491059 24.076873 23.585581 22.999186 22.296925 21.454972 20.446301 19.240926 17.806778 16.111696 14.127070 11.833725 9.230230 6.342706 3.233059 0.000000 
50.000000 48.623145 47.255250 45.905097 44.581123 43.291261 42.042791 40.842223 39.695194 38.606394 37.579517 36.617239 35.721227 34.892158 34.129774 33.432944 32.799742 32.227532 31.713062 31.252548 30.841762 30.476108 30.150685 29.860335 29.599674 29.363100 29.144779 28.938606 28.738134 28.536480 28.326188 28.099060 27.845937 27.556429 27.218590 26.818514 26.339861 25.763290 25.065831 24.220196 23.194157 21.950136 20.445405 18.633492 16.467836 13.909054 10.937204 7.569197 3.877597 0.000000 
50.000000 48.803323 47.614433 46.440963 45.290245 44.169173 43.084075 42.040608 41.043671 40.097337 39.204816 38.368433 37.589630 36.868995 36.206297 35.600546 35.050059 34.552534 34.105126 33.704528 33.347038 33.028626 32.744988 32.491582 32.263654 32.056234 31.864124 31.681849 31.503586 31.323063 31.133418 30.927015 30.695214 30.428071 30.113959 29.739094 29.286929 28.737404 28.065996 27.242588 26.230137 24.983293 23.447256 21.557617 19.242621 16.430433 13.065233 9.135956 4.716494 0.000000 
50.000000 48.990867 47.988300 46.998736 46.028359 45.082980 44.167935 43.287996 42.447290 41.649255 40.896593 40.191265 39.534484 38.926743 38.367844 37.856945 37.392622 36.972923 36.595438 36.257363 35.955555 35.686590 35.446805 35.232325 35.039082 34.862810 34.699026 34.542982 34.389597 34.233352 34.068157 33.887164 33.682533 33.445121 33.164078 32.826323 32.415842 31.912773 31.292175 30.522408 29.563008 28.361988 26.852652 24.950401 22.551040 19.534221 15.779531 11.207762 5.859877 0.000000 
50.000000 49.184759 48.374823 47.575391 46.791458 46.027720 45.288488 44.577613 43.898433 43.253722 42.645663 42.075839 41.545229 41.054227 40.602672 40.189881 39.814697 39.475537 39.170448 38.897152 38.653097 38.435498 38.241372 38.067559 37.910729 37.767386 37.633836 37.506151 37.380103 37.251070 37.113910 36.962793 36.790974 36.590498 36.351804 36.063188 35.710075 35.274013 34.731255 34.050758 33.191327 32.097534 30.693983 28.877596 26.508314 23.401205 19.330026 14.068491 7.521673 0.000000 
50.000000 49.383872 48.771753 48.167573 47.575106 46.997901 46.439216 45.901963 45.388661 44.901408 44.441854 44.011193 43.610164 43.239066 42.897773 42.585768 42.302173 42.045789 41.815134 41.608479 41.423889 41.259247 41.112284 40.980592 40.861631 40.752725 40.651038 40.553545 40.456972 40.357725 40.251776 40.134527 40.000617 39.843660 39.655904 39.427738 39.147022 38.798115 38.360455 37.806454 37.098259 36.182736 34.983519 33.388354 31.229229 28.253082 24.086599 18.225031 10.163605 0.000000 
50.000000 49.586986 49.176660 48.771655 48.374502 47.987580 47.613072 47.252929 46.908842 46.582216 46.274156 45.985463 45.716632 45.467862 45.239069 45.029904 44.839777 44.667884 44.513227 44.374647 44.250839 44.140380 44.041743 43.953303 43.873345 43.800058 43.731522 43.665678 43.600294 43.532907 43.460747 43.380634 43.288836 43.180882 43.051296 42.893229 42.697933 42.453986 42.146123 41.753427 41.246416 40.582200 39.696103 38.486568 36.786943 34.311251 30.550299 24.589497 14.911762 0.000000 
50.000000 49.792810 49.586967 49.383795 49.184561 48.990459 48.802585 48.621917 48.449304 48.285449 48.130908 47.986083 47.851220 47.726421 47.611642 47.506708 47.411323 47.325083 47.247487 47.177951 47.115821 47.060381 47.010861 46.966445 46.926268 46.889417 46.854921 46.821740 46.788740 46.754670 46.718120 46.677461 46.630779 46.575771 46.509598 46.428695 46.328472 46.202887 46.043781 45.839816 45.574723 45.224237 44.750466 44.090780 43.134111 41.665479 39.222005 34.676358 24.896684 0.000000 
50.000000 50.000000 50.000000 50.000000 50.000000 50.000000 50.000000 50.000000 50.000000 50.000000 50.000000 50.000000 50.000000 50.000000 50.000000 50.000000 50.000000 50.000000 50.000000 50.000000 50.000000 50.000000 50.000000 50.000000 50.000000 50.000000 50.000000 50.000000 50.000000 50.000000 50.000000 50.000000 50.000000 50.000000 50.000000 50.000000 50.000000 50.000000 50.000000 50.000000 50.000000 50.000000 50.000000 50.000000 50.000000 50.000000 50.000000 50.000000 50.000000 50.000000 
