50.000000 50.000000 50.000000 50.000000 50.000000 50.000000 50.000000 50.000000 50.000000 50.000000 50.000000 50.000000 50.000000 50.000000 50.000000 50.000000 50.000000 50.000000 50.000000 50.000000 50.000000 50.000000 50.000000 50.000000 50.000000 50.000000 50.000000 50.000000 50.000000 50.000000 50.000000 50.000000 50.000000 50.000000 50.000000 50.000000 50.000000 50.000000 50.000000 50.000000 50.000000 50.000000 50.000000 50.000000 50.000000 50.000000 50.000000 50.000000 50.000000 50.000000 
50.000000 49.576215 49.158071 48.750983 48.359930 47.989276 47.642626 47.322727 47.031432 46.769696 46.537631 46.334590 46.159286 46.009921 45.884327 45.780103 45.694739 45.625726 45.570647 45.527240 45.493442 45.467418 45.447562 45.432491 45.421022 45.412145 45.404982 45.398744 45.392681 45.386027 45.377929 45.367374 45.353092 45.333431 45.306198 45.268437 45.216120 45.143692 45.043392 44.904170 44.709915 44.436382 44.045544 43.474481 42.611676 41.241546 38.900472 34.460262 24.788108 0.000000 
50.000000 49.158071 48.327348 47.518590 46.741690 46.005316 45.316629 44.681090 44.102377 43.582390 43.121348 42.717970 42.369696 42.072955 41.823439 41.616378 41.446787 41.309682 41.200260 41.114025 41.046884 40.995189 40.955751 40.925825 40.903065 40.885467 40.871293 40.858987 40.847073 40.834047 40.818249 40.797712 40.769980 40.731872 40.679183 40.606272 40.505498 40.366404 40.174511 39.909468 39.542110 39.029585 38.306952 37.272084 35.757441 33.475865 29.916705 24.163675 14.697810 0.000000 
50.000000 48.750983 47.518590 46.318782 45.166237 44.073813 43.052133 42.109301 41.250771 40.479361 39.795399 39.196981 38.680312 38.240092 37.869933 37.562757 37.311167 37.107773 36.945447 36.817524 36.717930 36.641255 36.582774 36.538416 36.504710 36.478693 36.457804 36.439756 36.422394 36.403537 36.380797 36.351364 36.311751 36.257479 36.182660 36.079463 35.937373 35.742167 35.474440 35.107433 34.603762 33.910350 32.950448 31.610965 29.722598 27.030556 23.159394 17.601889 9.850512 0.000000 
50.000000 48.359931 46.741691 45.166238 43.652845 42.218398 40.876844 39.638824 38.511500 37.498572 36.600472 35.814700 35.136271 34.558226 34.072178 33.668832 33.338478 33.071410 32.858270 32.690308 32.559551 32.458899 32.382152 32.323975 32.279821 32.245819 32.218633 32.195302 32.173055 32.149117 32.120478 32.083635 32.034283 31.966939 31.874465 31.747464 31.573469 31.335865 31.012400 30.573113 29.977413 29.169950 28.074843 26.587939 24.567520 21.826430 18.135691 13.265832 7.118388 0.000000 
50.000000 47.989278 46.005319 44.073817 42.218401 40.459772 38.815031 37.297222 35.915128 34.673284 33.572218 32.608867 31.777118 31.068441 30.472552 29.978056 29.573050 29.245634 28.984338 28.778436 28.618156 28.494800 28.400775 28.329553 28.275578 28.234132 28.201167 28.173111 28.146658 28.118532 28.085228 28.042722 27.986126 27.909285 27.804278 27.660805 27.465397 27.200404 26.842689 26.361914 25.718349 24.860109 23.719921 22.211909 20.229903 17.650903 14.351233 10.247886 5.377606 0.000000 
50.000000 47.642629 45.316635 43.052142 40.876853 38.815038 36.886744 35.107268 33.486904 32.030970 30.740085 29.610657 28.635520 27.804673 27.106060 26.526321 26.051500 25.667650 25.361325 25.119950 24.932077 24.787514 24.677369 24.594007 24.530940 24.482673 24.444514 24.412357 24.382441 24.351093 24.314446 24.268128 24.206907 24.124284 24.012006 23.859486 23.653102 23.375334 23.003731 22.509671 21.856962 21.000379 19.884478 18.443408 16.603175 14.288945 11.441198 8.044564 4.168154 0.000000 
50.000000 47.322734 44.681103 42.109319 39.638844 37.297243 35.107283 33.086337 31.246094 29.592595 28.126543 26.843858 25.736402 24.792818 23.999411 23.341012 22.801771 22.365848 22.017977 21.743880 21.530561 21.366455 21.241477 21.146976 21.075616 21.021203 20.978476 20.942866 20.910246 20.876645 20.837962 20.789644 20.726333 20.641477 20.526881 20.372192 20.164308 19.886713 19.518724 19.034721 18.403421 17.587401 16.543239 15.222901 13.577388 11.564047 9.158902 6.374170 3.277199 0.000000 
50.000000 47.031444 44.102401 41.250805 38.511541 35.915174 33.486947 31.246124 29.205666 27.372271 25.746719 24.324485 23.096545 22.050307 21.170587 20.440565 19.842669 19.359337 18.973643 18.669763 18.433292 18.251418 18.112977 18.008400 17.929588 17.869728 17.823064 17.784643 17.750048 17.715107 17.675597 17.626929 17.563805 17.479860 17.367261 17.216277 17.014807 16.747895 16.397251 15.940847 15.352688 14.602970 13.658910 12.486700 11.055161 9.341660 7.340504 5.072848 2.595078 0.000000 
50.000000 46.769718 43.582432 40.479422 37.498650 34.673373 32.031063 29.592680 27.372329 25.377298 23.608436 22.060818 20.724625 19.586156 18.628886 17.834515 17.183922 16.657998 16.238329 15.907701 15.650446 15.452636 15.302139 15.188572 15.103163 15.038554 14.988568 14.947939 14.912034 14.876561 14.837272 14.789656 14.728620 14.648164 14.541034 14.398374 14.209368 13.960914 13.637354 13.220335 12.688905 12.019997 11.189515 10.174291 8.955168 7.521345 5.875738 4.040373 2.059828 0.000000 
50.000000 46.537668 43.121422 39.795507 36.600611 33.572382 30.740264 28.126724 25.746881 23.608544 21.712624 20.053842 18.621674 17.401435 16.375413 15.523993 14.826682 14.263002 13.813219 13.458887 13.183223 12.971310 12.810166 12.688689 12.597520 12.528836 12.476106 12.433813 12.397174 12.361843 12.323621 12.278161 12.220677 12.145649 12.046534 11.915485 11.743095 11.518192 11.227722 10.856777 10.388864 9.806513 9.092367 8.230876 7.210689 6.027669 4.688199 3.212037 1.633540 0.000000 
50.000000 46.334654 42.718096 39.197167 35.814940 32.609154 29.610980 26.844201 24.324823 22.061114 20.054036 18.298003 16.781872 15.490097 14.403928 13.502602 12.764424 12.167718 11.691597 11.316539 11.024785 10.800559 10.630135 10.501793 10.405668 10.333543 10.278593 10.235109 10.198207 10.163541 10.127014 10.084503 10.031585 9.963283 9.873820 9.756399 9.603025 9.404385 9.149827 8.827490 8.424633 7.928245 7.326013 6.607682 5.766814 4.802814 3.722931 2.543721 1.291330 0.000000 
50.000000 46.159394 42.369908 38.680624 35.136677 31.777608 28.636080 25.737012 23.097177 20.725236 18.622200 16.782213 15.193600 13.840071 12.701982 11.757575 10.984121 10.358910 9.860058 9.467117 9.161488 8.926653 8.748253 8.614034 8.513704 8.438715 8.382008 8.337724 8.300925 8.267297 8.232883 8.193811 8.146050 8.085182 8.006194 7.903310 7.769862 7.598234 7.379893 7.105559 6.765536 6.350264 5.851111 5.261420 4.577758 3.801253 2.938789 2.003726 1.015813 0.000000 
50.000000 46.010099 42.073306 38.240611 34.558902 31.069261 27.805618 24.793863 22.051417 19.587283 17.402507 15.491006 13.840652 12.434522 11.252207 10.271106 9.467606 8.818117 8.299908 7.891743 7.574308 7.330456 7.145288 7.006106 6.902257 6.824923 6.766854 6.722084 6.685648 6.653294 6.621217 6.585809 6.543428 6.490197 6.421828 6.333486 6.219701 6.074341 5.890676 5.661546 5.379666 5.038084 4.630808 4.153579 3.604750 2.986146 2.303776 1.568169 0.794160 0.000000 
50.000000 45.884616 41.824012 37.870781 34.073285 30.473898 27.107620 24.001152 21.172465 18.630843 16.377367 14.405761 12.703517 11.253177 10.033694 9.021754 8.193004 7.523114 6.988642 6.567689 6.240341 5.988926 5.798096 5.654777 5.548025 5.468797 5.409696 5.364679 5.328777 5.297810 5.268133 5.236392 5.199315 5.153526 5.095395 5.020922 4.925679 4.804795 4.653031 4.464929 4.235068 3.958439 3.630915 3.249816 2.814508 2.326966 1.792186 1.218325 0.616473 0.000000 
50.000000 45.780569 41.617303 37.564124 33.670620 29.980235 26.528853 23.343852 20.443657 17.837786 15.527346 13.505905 11.760635 10.273641 9.023340 7.985831 7.136147 6.449345 5.901392 5.469842 5.134285 4.876613 4.681107 4.534389 4.425272 4.344539 4.284674 4.239582 4.204304 4.174740 4.147397 4.119158 4.087086 4.048253 3.999604 3.937862 3.859476 3.760623 3.637265 3.485282 3.300679 3.079870 2.820031 2.519505 2.178206 1.797982 1.382853 0.939055 0.474841 0.000000 
50.000000 45.695481 41.448260 37.313346 33.341329 29.576528 26.055551 22.806328 19.847656 17.189244 14.832222 12.770027 10.989575 9.472606 8.197105 7.138689 6.271889 5.571258 5.012286 4.572074 4.229811 3.967034 3.767721 3.618247 3.507232 3.425318 3.364901 3.319851 3.285228 3.257007 3.231837 3.206816 3.179298 3.146742 3.106585 3.056155 2.992627 2.913023 2.814258 2.693249 2.547071 2.373172 2.169632 1.935445 1.670794 1.377281 1.058068 0.717871 0.362796 0.000000 
50.000000 45.626895 41.312000 37.111204 33.075901 29.251116 25.674042 22.373053 19.367245 16.666483 14.271914 12.176871 10.368060 8.826932 7.531120 6.455854 5.575258 4.863484 4.295632 3.848443 3.500782 3.233897 3.031529 2.879853 2.767335 2.684508 2.623703 2.578766 2.544779 2.517792 2.494575 2.472409 2.448904 2.421841 2.389065 2.348400 2.297608 2.234381 2.156377 2.061302 1.947026 1.811742 1.654151 1.473654 1.270545 1.046149 0.802906 0.544349 0.274975 0.000000 
50.000000 45.572465 41.203866 36.950787 32.865260 28.992873 25.371281 22.029211 18.985998 16.251628 13.827264 11.706154 9.874839 8.314540 7.002610 5.913973 5.022431 4.301816 3.726919 3.274198 2.922256 2.652119 2.447336 2.293926 2.180238 2.096717 2.035645 1.990857 1.957457 1.931558 1.910038 1.890332 1.870257 1.847863 1.821325 1.788865 1.748706 1.699064 1.638167 1.564313 1.475958 1.371823 1.251032 1.113239 0.958759 0.788655 0.604784 0.409772 0.206914 0.000000 
50.000000 45.530036 41.119573 36.825736 32.701059 28.791565 25.135270 21.761178 18.688807 15.928239 13.480649 11.339220 9.490364 7.915120 6.590628 5.491568 4.591495 3.863989 3.283603 2.826571 2.471296 2.198630 1.991971 1.837221 1.722634 1.638594 1.577346 1.532717 1.499833 1.474861 1.454768 1.437116 1.419888 1.401349 1.379935 1.354180 1.322666 1.284007 1.236861 1.179965 1.112197 1.032655 0.940744 0.836275 0.719540 0.591373 0.453173 0.306883 0.154908 0.000000 
50.000000 45.497694 41.055319 36.730415 32.575896 28.638117 24.955370 21.556868 18.462272 15.681736 13.216442 11.059525 9.197298 7.610665 6.276597 5.169594 4.263018 3.530261 2.945692 2.485376 2.127563 1.852972 1.644888 1.489124 1.373864 1.289444 1.228083 1.183604 1.151154 1.126943 1.108008 1.092013 1.077071 1.061614 1.044280 1.023839 0.999145 0.969110 0.932710 0.889000 0.837160 0.776549 0.706764 0.627703 0.539621 0.443165 0.339386 0.229719 0.115923 0.000000 
50.000000 45.473809 41.007869 36.660023 32.483465 28.524798 24.822517 21.405990 18.294980 15.499698 13.021331 10.852977 8.980877 7.385832 6.044694 4.931825 4.020448 3.283814 2.696157 2.233416 1.873731 1.597721 1.388589 1.232080 1.116330 1.031638 0.970208 0.925859 0.893755 0.870141 0.852107 0.837393 0.824213 0.811122 0.796908 0.780517 0.761001 0.737489 0.709182 0.675364 0.635425 0.588901 0.535513 0.475212 0.408213 0.335017 0.256419 0.173488 0.087524 0.000000 
50.000000 45.457062 40.974598 36.610665 32.418654 28.445342 24.729364 21.300197 18.177680 15.372058 12.884524 10.708151 8.829128 7.228186 5.882090 4.765109 3.850366 3.111013 2.521191 2.056752 1.695754 1.418750 1.208886 1.051858 0.935768 0.850892 0.789420 0.745174 0.713328 0.690151 0.672776 0.658994 0.647090 0.635709 0.623743 0.610262 0.594455 0.575602 0.553057 0.526259 0.494738 0.458147 0.416286 0.369134 0.316872 0.259896 0.198823 0.134469 0.067824 0.000000 
50.000000 45.446454 40.953523 36.579400 32.377601 28.395012 24.670358 21.233185 18.103378 15.291207 12.797867 10.616414 8.733007 7.128329 5.779093 4.659507 3.742632 3.001558 2.410364 1.944849 1.583022 1.305389 1.095061 0.937706 0.821402 0.736412 0.674919 0.630742 0.599067 0.576177 0.559230 0.546054 0.534979 0.524704 0.514191 0.502585 0.489165 0.473300 0.454446 0.432132 0.405976 0.375701 0.341153 0.302327 0.259378 0.212636 0.162603 0.109939 0.055441 0.000000 
50.000000 45.441317 40.943317 36.564260 32.357722 28.370640 24.641785 21.200735 18.067398 15.252056 12.755904 10.571992 8.686461 7.079975 5.729218 4.608371 3.690463 2.948555 2.356699 1.890662 1.528433 1.250496 1.039944 0.882431 0.766024 0.680980 0.619477 0.575336 0.543745 0.520997 0.504262 0.491383 0.480715 0.470983 0.461182 0.450494 0.438239 0.423834 0.406778 0.386646 0.363098 0.335888 0.304886 0.270090 0.231645 0.189846 0.145140 0.098115 0.049473 0.000000 
50.000000 45.441317 40.943317 36.564260 32.357722 28.370640 24.641785 21.200735 18.067398 15.252056 12.755904 10.571992 8.686461 7.079975 5.729218 4.608371 3.690463 2.948555 2.356699 1.890662 1.528433 1.250496 1.039944 0.882431 0.766024 0.680980 0.619477 0.575336 0.543745 0.520997 0.504262 0.491383 0.480715 0.470983 0.461182 0.450494 0.438239 0.423834 0.406778 0.386646 0.363098 0.335888 0.304886 0.270090 0.231645 0.189846 0.145140 0.098115 0.049473 0.000000 
50.000000 45.446454 40.953523 36.579400 32.377601 28.395012 24.670358 21.233185 18.103378 15.291207 12.797867 10.616414 8.733007 7.128329 5.779093 4.659507 3.742632 3.001558 2.410364 1.944849 1.583022 1.305389 1.095061 0.937706 0.821402 0.736412 0.674919 0.630742 0.599067 0.576177 0.559230 0.546054 0.534979 0.524704 0.514191 0.502585 0.489165 0.473300 0.454446 0.432132 0.405976 0.375701 0.341153 0.302327 0.259378 0.212636 0.162603 0.109939 0.055441 0.000000 
50.000000 45.457062 40.974598 36.610665 32.418654 28.445342 24.729364 21.300197 18.177680 15.372058 12.884524 10.708151 8.829128 7.228186 5.882090 4.765109 3.850366 3.111013 2.521191 2.056752 1.695754 1.418750 1.208886 1.051858 0.935768 0.850892 0.789420 0.745174 0.713328 0.690151 0.672776 0.658994 0.647090 0.635709 0.623743 0.610262 0.594455 0.575602 0.553057 0.526259 0.494738 0.458147 0.416286 0.369134 0.316872 0.259896 0.198823 0.134469 0.067824 0.000000 
50.000000 45.473809 41.007869 36.660023 32.483465 28.524798 24.822517 21.405990 18.294980 15.499698 13.021331 10.852977 8.980877 7.385832 6.044694 4.931825 4.020448 3.283814 2.696157 2.233416 1.873731 1.597721 1.388589 1.232080 1.116330 1.031638 0.970208 0.925859 0.893755 0.870141 0.852107 0.837393 0.824213 0.811122 0.796908 0.780517 0.761001 0.737489 0.709182 0.675364 0.635425 0.588901 0.535513 0.475212 0.408213 0.335017 0.256419 0.173488 0.087524 0.000000 
50.000000 45.497694 41.055319 36.730415 32.575896 28.638117 24.955370 21.556868 18.462272 15.681736 13.216442 11.059525 9.197298 7.610665 6.276597 5.169594 4.263018 3.530261 2.945692 2.485376 2.127563 1.852972 1.644888 1.489124 1.373864 1.289444 1.228083 1.183604 1.151154 1.126943 1.108008 1.092013 1.077071 1.061614 1.044280 1.023839 0.999145 0.969110 0.932710 0.889000 0.837160 0.776549 0.706764 0.627703 0.539621 0.443165 0.339386 0.229719 0.115923 0.000000 
50.000000 45.530036 41.119573 36.825736 32.701059 28.791565 25.135270 21.761178 18.688807 15.928239 13.480649 11.339220 9.490364 7.915120 6.590628 5.491568 4.591495 3.863989 3.283603 2.826571 2.471296 2.198630 1.991971 1.837221 1.722634 1.638594 1.577346 1.532717 1.499833 1.474861 1.454768 1.437116 1.419888 1.401349 1.379935 1.354180 1.322666 1.284007 1.236861 1.179965 1.112197 1.032655 0.940744 0.836275 0.719540 0.591373 0.453173 0.306883 0.154908 0.000000 
50.000000 45.572465 41.203866 36.950787 32.865260 28.992873 25.371281 22.029211 18.985998 16.251628 13.827264 11.706154 9.874839 8.314540 7.002610 5.913973 5.022431 4.301816 3.726919 3.274198 2.922256 2.652119 2.447336 2.293926 2.180238 2.096717 2.035645 1.990857 1.957457 1.931558 1.910038 1.890332 1.870257 1.847863 1.821325 1.788865 1.748706 1.699064 1.638167 1.564313 1.475958 1.371823 1.251032 1.113239 0.958759 0.788655 0.604784 0.409772 0.206914 0.000000 
50.000000 45.626895 41.312000 37.111204 33.075901 29.251116 25.674042 22.373053 19.367245 16.666483 14.271914 12.176871 10.368060 8.826932 7.531120 6.455854 5.575258 4.863484 4.295632 3.848443 3.500782 3.233897 3.031529 2.879853 2.767335 2.684508 2.623703 2.578766 2.544779 2.517792 2.494575 2.472409 2.448904 2.421841 2.389065 2.348400 2.297608 2.234381 2.156377 2.061302 1.947026 1.811742 1.654151 1.473654 1.270545 1.046149 0.802906 0.544349 0.274975 0.000000 
50.000000 45.695481 41.448260 37.313346 33.341329 29.576528 26.055551 22.806328 19.847656 17.189244 14.832222 12.770027 10.989575 9.472606 8.197105 7.138689 6.271889 5.571258 5.012286 4.572074 4.229811 3.967034 3.767721 3.618247 3.507232 3.425318 3.364901 3.319851 3.285228 3.257007 3.231837 3.206816 3.179298 3.146742 3.106585 3.056155 2.992627 2.913023 2.814258 2.693249 2.547071 2.373172 2.169632 1.935445 1.670794 1.377281 1.058068 0.717871 0.362796 0.000000 
50.000000 45.780569 41.617303 37.564124 33.670620 29.980235 26.528853 23.343852 20.443657 17.837786 15.527346 13.505905 11.760635 10.273641 9.023340 7.985831 7.136147 6.449345 5.901392 5.469842 5.134285 4.876613 4.681107 4.534389 4.425272 4.344539 4.284674 4.239582 4.204304 4.174740 4.147397 4.119158 4.087086 4.048253 3.999604 3.937862 3.859476 3.760623 3.637265 3.485282 3.300679 3.079870 2.820031 2.519505 2.178206 1.797982 1.382853 0.939055 0.474841 0.000000 
50.000000 45.884616 41.824012 37.870781 34.073285 30.473898 27.107620 24.001152 21.172465 18.630843 16.377367 14.405761 12.703517 11.253177 10.033694 9.021754 8.193004 7.523114 6.988642 6.567689 6.240341 5.988926 5.798096 5.654777 5.548025 5.468797 5.409696 5.364679 5.328777 5.297810 5.268133 5.236392 5.199315 5.153526 5.095395 5.020922 4.925679 4.804795 4.653031 4.464929 4.235068 3.958439 3.630915 3.249816 2.814508 2.326966 1.792186 1.218325 0.616473 0.000000 
50.000000 46.010099 42.073306 38.240611 34.558902 31.069261 27.805618 24.793863 22.051417 19.587283 17.402507 15.491006 13.840652 12.434522 11.252207 10.271106 9.467606 8.818117 8.299908 7.891743 7.574308 7.330456 7.145288 7.006106 6.902257 6.824923 6.766854 6.722084 6.685648 6.653294 6.621217 6.585809 6.543428 6.490197 6.421828 6.333486 6.219701 6.074341 5.890676 5.661546 5.379666 5.038084 4.630808 4.153579 3.604750 2.986146 2.303776 1.568169 0.794160 0.000000 
50.000000 46.159394 42.369908 38.680624 35.136677 31.777608 28.636080 25.737012 23.097177 20.725236 18.622200 16.782213 15.193600 13.840071 12.701982 11.757575 10.984121 10.358910 9.860058 9.467117 9.161488 8.926653 8.748253 8.614034 8.513704 8.438715 8.382008 8.337724 8.300925 8.267297 8.232883 8.193811 8.146050 8.085182 8.006194 7.903310 7.769862 7.598234 7.379893 7.105559 6.765536 6.350264 5.851111 5.261420 4.577758 3.801253 2.938789 2.003726 1.015813 0.000000 
50.000000 46.334654 42.718096 39.197167 35.814940 32.609154 29.610980 26.844201 24.324823 22.061114 20.054036 18.298003 16.781872 15.490097 14.403928 13.502602 12.764424 12.167718 11.691597 11.316539 11.024785 10.800559 10.630135 10.501793 10.405668 10.333543 10.278593 10.235109 10.198207 10.163541 10.127014 10.084503 10.031585 9.963283 9.873820 9.756399 9.603025 9.404385 9.149827 8.827490 8.424633 7.928245 7.326013 6.607682 5.766814 4.802814 3.722931 2.543721 1.291330 0.000000 
50.000000 46.537668 43.121422 39.795507 36.600611 33.572382 30.740264 28.126724 25.746881 23.608544 21.712624 20.053842 18.621674 17.401435 16.375413 15.523993 14.826682 14.263002 13.813219 13.458887 13.183223 12.971310 12.810166 12.688689 12.597520 12.528836 12.476106 12.433813 12.397174 12.361843 12.323621 12.278161 12.220677 12.145649 12.046534 11.915485 11.743095 11.518192 11.227722 10.856777 10.388864 9.806513 9.092367 8.230876 7.210689 6.027669 4.688199 3.212037 1.633540 0.000000 
50.000000 46.769718 43.582432 40.479422 37.498650 34.673373 32.031063 29.592680 27.372329 25.377298 23.608436 22.060818 20.724625 19.586156 18.628886 17.834515 17.183922 16.657998 16.238329 15.907701 15.650446 15.452636 15.302139 15.188572 15.103163 15.038554 14.988568 14.947939 14.912034 14.876561 14.837272 14.789656 14.728620 14.648164 14.541034 14.398374 14.209368 13.960914 13.637354 13.220335 12.688905 12.019997 11.189515 10.174291 8.955168 7.521345 5.875738 4.040373 2.059828 0.000000 
50.000000 47.031444 44.102401 41.250805 38.511541 35.915174 33.486947 31.246124 29.205666 27.372271 25.746719 24.324485 23.096545 22.050307 21.170587 20.440565 19.842669 19.359337 18.973643 18.669763 18.433292 18.251418 18.112977 18.008400 17.929588 17.869728 17.823064 17.784643 17.750048 17.715107 17.675597 17.626929 17.563805 17.479860 17.367261 17.216277 17.014807 16.747895 16.397251 15.940847 15.352688 14.602970 13.658910 12.486700 11.055161 9.341660 7.340504 5.072848 2.595078 0.000000 
50.000000 47.322734 44.681103 42.109319 39.638844 37.297243 35.107283 33.086337 31.246094 29.592595 28.126543 26.843858 25.736402 24.792818 23.999411 23.341012 22.801771 22.365848 22.017977 21.743880 21.530561 21.366455 21.241477 21.146976 21.075616 21.021203 20.978476 20.942866 20.910246 20.876645 20.837962 20.789644 20.726333 20.641477 20.526881 20.372192 20.164308 19.886713 19.518724 19.034721 18.403421 17.587401 16.543239 15.222901 13.577388 11.564047 9.158902 6.374170 3.277199 0.000000 
50.000000 47.642629 45.316635 43.052142 40.876853 38.815038 36.886744 35.107268 33.486904 32.030970 30.740085 29.610657 28.635520 27.804673 27.106060 26.526321 26.051500 25.667650 25.361325 25.119950 24.932077 24.787514 24.677369 24.594007 24.530940 24.482673 24.444514 24.412357 24.382441 24.351093 24.314446 24.268128 24.206907 24.124284 24.012006 23.859486 23.653102 23.375334 23.003731 22.509671 21.856962 21.000379 19.884478 18.443408 16.603175 14.288945 11.441198 8.044564 4.168154 0.000000 
50.000000 47.989278 46.005319 44.073817 42.218401 40.459772 38.815031 37.297222 35.915128 34.673284 33.572218 32.608867 31.777118 31.068441 30.472552 29.978056 29.573050 29.245634 28.984338 28.778436 28.618156 28.494800 28.400775 28.329553 28.275578 28.234132 28.201167 28.173111 28.146658 28.118532 28.085228 28.042722 27.986126 27.909285 27.804278 27.660805 27.465397 27.200404 26.842689 26.361914 25.718349 24.860109 23.719921 22.211909 20.229903 17.650903 14.351233 10.247886 5.377606 0.000000 
50.000000 48.359931 46.741691 45.166238 43.652845 42.218398 40.876844 39.638824 38.511500 37.498572 36.600472 35.814700 35.136271 34.558226 34.072178 33.668832 33.338478 33.071410 32.858270 32.690308 32.559551 32.458899 32.382152 32.323975 32.279821 32.245819 32.218633 32.195302 32.173055 32.149117 32.120478 32.083635 32.034283 31.966939 31.874465 31.747464 31.573469 31.335865 31.012400 30.573113 29.977413 29.169950 28.074843 26.587939 24.567520 21.826430 18.135691 13.265832 7.118388 0.000000 
50.000000 48.750983 47.518590 46.318782 45.166237 44.073813 43.052133 42.109301 41.250771 40.479361 39.795399 39.196981 38.680312 38.240092 37.869933 37.562757 37.311167 37.107773 36.945447 36.817524 36.717930 36.641255 36.582774 36.538416 36.504710 36.478693 36.457804 36.439756 36.422394 36.403537 36.380797 36.351364 36.311751 36.257479 36.182660 36.079463 35.937373 35.742167 35.474440 35.107433 34.603762 33.910350 32.950448 31.610965 29.722598 27.030556 23.159394 17.601889 9.850512 0.000000 
50.000000 49.158071 48.327348 47.518590 46.741690 46.005316 45.316629 44.681090 44.102377 43.582390 43.121348 42.717970 42.369696 42.072955 41.823439 41.616378 41.446787 41.309682 41.200260 41.114025 41.046884 40.995189 40.955751 40.925825 40.903065 40.885467 40.871293 40.858987 40.847073 40.834047 40.818249 40.797712 40.769980 40.731872 40.679183 40.606272 40.505498 40.366404 40.174511 39.909468 39.542110 39.029585 38.306952 37.272084 35.757441 33.475865 29.916705 24.163675 14.697810 0.000000 
50.000000 49.576215 49.158071 48.750983 48.359930 47.989276 47.642626 47.322727 47.031432 46.769696 46.537631 46.334590 46.159286 46.009921 45.884327 45.780103 45.694739 45.625726 45.570647 45.527240 45.493442 45.467418 45.447562 45.432491 45.421022 45.412145 45.404982 45.398744 45.392681 45.386027 45.377929 45.367374 45.353092 45.333431 45.306198 45.268437 45.216120 45.143692 45.043392 44.904170 44.709915 44.436382 44.045544 43.474481 42.611676 41.241546 38.900472 34.460262 24.788108 0.000000 
50.000000 50.000000 50.000000 50.000000 50.000000 50.000000 50.000000 50.000000 50.000000 50.000000 50.000000 50.000000 50.000000 50.000000 50.000000 50.000000 50.000000 50.000000 50.000000 50.000000 50.000000 50.000000 50.000000 50.000000 50.000000 50.000000 50.000000 50.000000 50.000000 50.000000 50.000000 50.000000 50.000000 50.000000 50.000000 50.000000 50.000000 50.000000 50.000000 50.000000 50.000000 50.000000 50.000000 50.000000 50.000000 50.000000 50.000000 50.000000 50.000000 50.000000 
