50.000000 50.000000 50.000000 50.000000 50.000000 50.000000 50.000000 50.000000 50.000000 50.000000 50.000000 50.000000 50.000000 50.000000 50.000000 50.000000 50.000000 50.000000 50.000000 50.000000 50.000000 50.000000 50.000000 50.000000 50.000000 50.000000 50.000000 50.000000 50.000000 50.000000 50.000000 50.000000 50.000000 50.000000 50.000000 50.000000 50.000000 50.000000 50.000000 50.000000 50.000000 50.000000 50.000000 50.000000 50.000000 50.000000 50.000000 50.000000 50.000000 50.000000 
50.000000 49.211563 48.442644 47.711313 47.032921 46.419159 45.877535 45.411297 45.019766 44.698977 44.442519 44.242436 44.090078 43.976826 43.894636 43.836391 43.796079 43.768823 43.750818 43.739195 43.731860 43.727334 43.724601 43.722981 43.722032 43.721469 43.721106 43.720811 43.720475 43.719971 43.719129 43.717680 43.715197 43.710993 43.703981 43.692450 43.673750 43.643799 43.596345 43.521810 43.405410 43.223972 42.940159 42.491244 41.765312 40.545732 38.367167 34.099079 24.605781 0.000000 
50.000000 48.442644 46.923841 45.479284 44.139297 42.926969 41.857132 40.936202 40.162835 39.529202 39.022639 38.627429 38.326487 38.102790 37.940447 37.825401 37.745775 37.691939 37.656376 37.633419 37.618931 37.609992 37.604592 37.601394 37.599521 37.598411 37.597698 37.597125 37.596476 37.595512 37.593903 37.591139 37.586410 37.578415 37.565098 37.543245 37.507889 37.451432 37.362329 37.223084 37.007107 36.673623 36.159027 35.361565 34.112924 32.123903 28.880515 23.461920 14.343565 0.000000 
50.000000 47.711313 45.479284 43.356369 41.387129 39.605501 38.033276 36.679886 35.543356 34.612179 33.867743 33.286951 32.844695 32.515957 32.277384 32.108317 31.991302 31.912188 31.859927 31.826190 31.804900 31.791763 31.783830 31.779131 31.776381 31.774756 31.773719 31.772898 31.771982 31.770635 31.768398 31.764568 31.758026 31.746992 31.728660 31.698670 31.650332 31.573510 31.452986 31.266074 30.979064 30.541836 29.879541 28.879613 27.371636 25.097898 21.678185 16.598769 9.344146 0.000000 
50.000000 47.032921 44.139297 41.387129 38.834191 36.524476 34.486237 32.731700 31.258305 30.051132 29.086052 28.333120 27.759788 27.333619 27.024340 26.805167 26.653473 26.550914 26.483165 26.439430 26.411833 26.394804 26.384520 26.378431 26.374872 26.372774 26.371449 26.370418 26.369296 26.367669 26.364988 26.360412 26.352619 26.339514 26.317816 26.282461 26.225756 26.136174 25.996676 25.782366 25.457216 24.969544 24.245819 23.182528 21.636554 19.417095 16.289232 12.015394 6.487189 0.000000 
50.000000 46.419159 42.926969 39.605501 36.524476 33.736991 31.277143 29.159686 27.381528 25.924664 24.759972 23.851312 23.159400 22.645091 22.271849 22.007350 21.824286 21.700518 21.618760 21.565982 21.532678 21.512129 21.499722 21.492377 21.488089 21.485571 21.483997 21.482803 21.481541 21.479749 21.476821 21.471849 21.463413 21.449275 21.425963 21.388158 21.327866 21.233272 21.087203 20.865109 20.532470 20.041579 19.327834 18.306071 16.868496 14.887922 12.233865 8.814046 4.653847 0.000000 
50.000000 45.877535 41.857132 38.033276 34.486237 31.277143 28.445248 26.007536 23.960448 22.283252 20.942421 19.896347 19.099803 18.507723 18.078044 17.773552 17.562810 17.420330 17.326213 17.265457 17.227120 17.203465 17.189185 17.180734 17.175807 17.172926 17.171147 17.169836 17.168500 17.166652 17.163669 17.158634 17.150127 17.135930 17.112624 17.075029 17.015441 16.922638 16.780597 16.566927 16.251030 15.792163 15.137733 14.222624 12.971073 11.303709 9.153663 6.495567 3.386292 0.000000 
50.000000 45.411297 40.936202 36.679886 32.731700 29.159686 26.007536 23.294156 21.015580 19.148732 17.656291 16.491941 15.605340 14.946323 14.468070 14.129158 13.894596 13.736012 13.631258 13.563637 13.520968 13.494643 13.478751 13.469351 13.463877 13.460691 13.458750 13.457363 13.456012 13.454203 13.451329 13.446513 13.438415 13.424962 13.402983 13.367724 13.312198 13.226374 13.096181 12.902391 12.619454 12.214524 11.647078 10.869804 9.831852 8.485881 6.800345 4.777175 2.471138 0.000000 
50.000000 45.019766 40.162835 35.543356 31.258305 27.381529 23.960448 21.015580 18.542621 16.516522 14.896776 13.633113 12.670896 11.955677 11.436641 11.068831 10.814270 10.642167 10.528484 10.455100 10.408795 10.380228 10.362985 10.352790 10.346861 10.343425 10.341361 10.339935 10.338614 10.336917 10.334274 10.329886 10.322548 10.310415 10.290693 10.259232 10.210010 10.134497 10.020942 9.853619 9.612179 9.271311 8.801056 8.168285 7.339950 6.288761 5.001520 3.489212 1.795794 0.000000 
50.000000 44.698977 39.529202 34.612179 30.051132 25.924664 22.283252 19.148732 16.516522 14.359958 12.635919 11.290899 10.266737 9.505480 8.953037 8.561557 8.290615 8.107439 7.986443 7.908338 7.859057 7.828654 7.810305 7.799461 7.793162 7.789528 7.787373 7.785936 7.784679 7.783142 7.780808 7.776977 7.770610 7.760136 7.743198 7.716330 7.674561 7.610949 7.516083 7.377622 7.179979 6.904343 6.529279 6.032222 5.392195 4.593916 3.633115 2.522095 1.293567 0.000000 
50.000000 44.442519 39.022639 33.867744 29.086052 24.759972 20.942421 17.656291 14.896776 12.635920 10.828515 9.418462 8.344787 7.546731 6.967588 6.557190 6.273157 6.081132 5.954291 5.872415 5.820754 5.788885 5.769654 5.758291 5.751700 5.747912 5.745695 5.744266 5.743091 5.741737 5.739748 5.736529 5.731218 5.722527 5.708543 5.686486 5.652406 5.600864 5.524597 5.414257 5.258298 5.043157 4.753900 4.375494 3.894863 3.303686 2.601670 1.799555 0.920710 0.000000 
50.000000 44.242436 38.627429 33.286951 28.333120 23.851312 19.896347 16.491941 13.633114 11.290899 9.418462 7.957681 6.845385 6.018627 5.418657 4.993504 4.699261 4.500335 4.368937 4.284120 4.230605 4.197592 4.177673 4.165908 4.159090 4.155187 4.152928 4.151519 4.150433 4.149267 4.147623 4.145010 4.140736 4.133782 4.122650 4.105184 4.078358 4.038051 3.978841 3.893866 3.774817 3.612172 3.395760 3.115750 2.764109 2.336444 1.833966 1.265100 0.646091 0.000000 
50.000000 44.090078 38.326487 32.844696 27.759788 23.159400 19.099804 15.605340 12.670896 10.266738 8.344788 6.845385 5.703686 4.855077 4.239255 3.802870 3.500855 3.296676 3.161810 3.074754 3.019828 2.985945 2.965503 2.953433 2.946445 2.942456 2.940172 2.938789 2.937790 2.936799 2.935475 2.933420 2.930093 2.924713 2.916145 2.902772 2.882347 2.851844 2.807336 2.743925 2.655789 2.536400 2.378967 2.177166 1.926128 1.623615 1.271186 0.875055 0.446279 0.000000 
50.000000 43.976826 38.102790 32.515958 27.333620 22.645092 18.507724 14.946324 11.955678 9.505481 7.546733 6.018628 4.855078 3.990232 3.362629 2.917898 2.610109 2.402027 2.264584 2.175866 2.119891 2.085363 2.064533 2.052236 2.045123 2.041073 2.038774 2.037418 2.036497 2.035661 2.034616 2.033045 2.030534 2.026502 2.020113 2.010192 1.995118 1.972734 1.940272 1.894328 1.830921 1.745669 1.634127 1.492285 1.317226 1.107865 0.865626 0.594902 0.303076 0.000000 
50.000000 43.894637 37.940448 32.277386 27.024342 22.271851 18.078046 14.468072 11.436644 8.953040 6.967591 5.418660 4.239257 3.362630 2.726481 2.275696 1.963718 1.752806 1.613493 1.523569 1.466834 1.431838 1.410727 1.398266 1.391063 1.386971 1.384664 1.383333 1.382479 1.381773 1.380959 1.379787 1.377945 1.375012 1.370389 1.363245 1.352445 1.336490 1.313480 1.281109 1.236713 1.177414 1.100351 1.003020 0.883695 0.741882 0.578717 0.397204 0.202187 0.000000 
50.000000 43.836393 37.825403 32.108320 26.805171 22.007354 17.773558 14.129164 11.068838 8.561564 6.557197 4.993511 3.802876 2.917904 2.275700 1.820626 1.505682 1.292764 1.152128 1.061350 1.004077 0.968749 0.947439 0.934863 0.927597 0.923476 0.921166 0.919857 0.919056 0.918453 0.917824 0.916966 0.915650 0.913575 0.910325 0.905325 0.897801 0.886740 0.870869 0.848661 0.818373 0.778151 0.726187 0.660939 0.581397 0.487359 0.379663 0.260307 0.132413 0.000000 
50.000000 43.796081 37.745779 31.991309 26.653482 21.824296 17.562822 13.894609 10.814284 8.290630 6.273172 4.699277 3.500871 2.610124 1.963732 1.505691 1.188694 0.974390 0.832838 0.741470 0.683824 0.648267 0.626820 0.614164 0.606855 0.602715 0.600404 0.599112 0.598354 0.597830 0.597340 0.596721 0.595802 0.594373 0.592149 0.588744 0.583642 0.576176 0.565512 0.550661 0.530509 0.503883 0.469660 0.426904 0.375031 0.313976 0.244323 0.167369 0.085090 0.000000 
50.000000 43.768828 37.691949 31.912202 26.550932 21.700540 17.420356 13.736040 10.642198 8.107472 6.081165 4.500370 3.296711 2.402062 1.752839 1.292794 0.974410 0.759169 0.616999 0.525231 0.467334 0.431623 0.410082 0.397373 0.390035 0.385882 0.383572 0.382294 0.381566 0.381101 0.380714 0.380270 0.379641 0.378680 0.377197 0.374938 0.371568 0.366655 0.359669 0.349981 0.336894 0.319680 0.297653 0.270254 0.237150 0.198332 0.154191 0.105549 0.053636 0.000000 
50.000000 43.750829 37.656397 31.859957 26.483205 21.618807 17.326267 13.631319 10.528549 7.986512 5.954363 4.369011 3.161885 2.264660 1.613568 1.152199 0.832900 0.617041 0.474463 0.382432 0.324369 0.288555 0.266954 0.254209 0.246852 0.242691 0.240382 0.239114 0.238409 0.237986 0.237672 0.237351 0.236926 0.236294 0.235328 0.233867 0.231695 0.228543 0.224076 0.217906 0.209604 0.198728 0.184866 0.167687 0.147005 0.122832 0.095420 0.065279 0.033159 0.000000 
50.000000 43.739217 37.633462 31.826253 26.439513 21.566081 17.265570 13.563763 10.455235 7.908482 5.872565 4.284275 3.074912 2.176026 1.523729 1.061507 0.741618 0.525360 0.382518 0.290318 0.232148 0.196268 0.174628 0.161861 0.154491 0.150326 0.148017 0.146756 0.146067 0.145672 0.145409 0.145173 0.144887 0.144478 0.143864 0.142940 0.141574 0.139598 0.136808 0.132968 0.127819 0.121097 0.112560 0.102015 0.089359 0.074607 0.057919 0.039603 0.020110 0.000000 
50.000000 43.731906 37.619020 31.805031 26.412001 21.532881 17.227352 13.521226 10.409073 7.859352 5.821062 4.230922 3.020152 2.120219 1.467165 1.004405 0.684145 0.467636 0.324629 0.232322 0.174084 0.138164 0.116498 0.103717 0.096340 0.092172 0.089864 0.088608 0.087929 0.087554 0.087323 0.087144 0.086950 0.086688 0.086305 0.085733 0.084892 0.083679 0.081973 0.079633 0.076505 0.072434 0.067280 0.060932 0.053335 0.044500 0.034526 0.023597 0.011979 0.000000 
50.000000 43.727425 37.610170 31.792025 26.395142 21.512536 17.203932 13.495160 10.380786 7.829245 5.789502 4.198229 2.986597 2.086024 1.432504 0.969416 0.648928 0.432266 0.289157 0.196784 0.138506 0.102560 0.080879 0.068090 0.060708 0.056538 0.054231 0.052978 0.052306 0.051943 0.051734 0.051590 0.051455 0.051288 0.051051 0.050702 0.050192 0.049460 0.048433 0.047029 0.045158 0.042730 0.039664 0.035898 0.031402 0.026185 0.020306 0.013873 0.007041 0.000000 
50.000000 43.724779 37.604945 31.784346 26.385188 21.500524 17.190104 13.479769 10.364084 7.811470 5.770869 4.178927 2.966785 2.065834 1.412041 0.948758 0.628136 0.411383 0.268215 0.175804 0.117501 0.081540 0.059850 0.047055 0.039671 0.035500 0.033193 0.031942 0.031275 0.030919 0.030724 0.030602 0.030503 0.030393 0.030245 0.030032 0.029722 0.029280 0.028662 0.027819 0.026699 0.025249 0.023424 0.021187 0.018522 0.015437 0.011965 0.008172 0.004147 0.000000 
50.000000 43.723326 37.602075 31.780129 26.379721 21.493927 17.182510 13.471317 10.354912 7.801708 5.760636 4.168326 2.955906 2.054747 1.400803 0.937414 0.616719 0.399915 0.256714 0.164282 0.105966 0.069997 0.048302 0.035505 0.028119 0.023947 0.021641 0.020391 0.019726 0.019375 0.019187 0.019077 0.018999 0.018921 0.018823 0.018686 0.018488 0.018208 0.017817 0.017286 0.016583 0.015674 0.014533 0.013138 0.011479 0.009562 0.007409 0.005058 0.002566 0.000000 
50.000000 43.722687 37.600813 31.778274 26.377316 21.491025 17.179169 13.467599 10.350878 7.797414 5.756135 4.163664 2.951120 2.049870 1.395860 0.932424 0.611696 0.394871 0.251656 0.159214 0.100892 0.064920 0.043223 0.030424 0.023037 0.018866 0.016559 0.015310 0.014646 0.014297 0.014112 0.014009 0.013939 0.013876 0.013800 0.013697 0.013549 0.013341 0.013051 0.012658 0.012139 0.011470 0.010630 0.009606 0.008390 0.006986 0.005411 0.003693 0.001873 0.000000 
50.000000 43.722687 37.600813 31.778274 26.377316 21.491025 17.179169 13.467599 10.350878 7.797414 5.756135 4.163664 2.951120 2.049870 1.395860 0.932424 0.611696 0.394871 0.251656 0.159214 0.100892 0.064920 0.043223 0.030424 0.023037 0.018866 0.016559 0.015310 0.014646 0.014297 0.014112 0.014009 0.013939 0.013876 0.013800 0.013697 0.013549 0.013341 0.013051 0.012658 0.012139 0.011470 0.010630 0.009606 0.008390 0.006986 0.005411 0.003693 0.001873 0.000000 
50.000000 43.723326 37.602075 31.780129 26.379721 21.493927 17.182510 13.471317 10.354912 7.801708 5.760636 4.168326 2.955906 2.054747 1.400803 0.937414 0.616719 0.399915 0.256714 0.164282 0.105966 0.069997 0.048302 0.035505 0.028119 0.023947 0.021641 0.020391 0.019726 0.019375 0.019187 0.019077 0.018999 0.018921 0.018823 0.018686 0.018488 0.018208 0.017817 0.017286 0.016583 0.015674 0.014533 0.013138 0.011479 0.009562 0.007409 0.005058 0.002566 0.000000 
50.000000 43.724779 37.604945 31.784346 26.385188 21.500524 17.190104 13.479769 10.364084 7.811470 5.770869 4.178927 2.966785 2.065834 1.412041 0.948758 0.628136 0.411383 0.268215 0.175804 0.117501 0.081540 0.059850 0.047055 0.039671 0.035500 0.033193 0.031942 0.031275 0.030919 0.030724 0.030602 0.030503 0.030393 0.030245 0.030032 0.029722 0.029280 0.028662 0.027819 0.026699 0.025249 0.023424 0.021187 0.018522 0.015437 0.011965 0.008172 0.004147 0.000000 
50.000000 43.727425 37.610170 31.792025 26.395142 21.512536 17.203932 13.495160 10.380786 7.829245 5.789502 4.198229 2.986597 2.086024 1.432504 0.969416 0.648928 0.432266 0.289157 0.196784 0.138506 0.102560 0.080879 0.068090 0.060708 0.056538 0.054231 0.052978 0.052306 0.051943 0.051734 0.051590 0.051455 0.051288 0.051051 0.050702 0.050192 0.049460 0.048433 0.047029 0.045158 0.042730 0.039664 0.035898 0.031402 0.026185 0.020306 0.013873 0.007041 0.000000 
50.000000 43.731906 37.619020 31.805031 26.412001 21.532881 17.227352 13.521226 10.409073 7.859352 5.821062 4.230922 3.020152 2.120219 1.467165 1.004405 0.684145 0.467636 0.324629 0.232322 0.174084 0.138164 0.116498 0.103717 0.096340 0.092172 0.089864 0.088608 0.087929 0.087554 0.087323 0.087144 0.086950 0.086688 0.086305 0.085733 0.084892 0.083679 0.081973 0.079633 0.076505 0.072434 0.067280 0.060932 0.053335 0.044500 0.034526 0.023597 0.011979 0.000000 
50.000000 43.739217 37.633462 31.826253 26.439513 21.566081 17.265570 13.563763 10.455235 7.908482 5.872565 4.284275 3.074912 2.176026 1.523729 1.061507 0.741618 0.525360 0.382518 0.290318 0.232148 0.196268 0.174628 0.161861 0.154491 0.150326 0.148017 0.146756 0.146067 0.145672 0.145409 0.145173 0.144887 0.144478 0.143864 0.142940 0.141574 0.139598 0.136808 0.132968 0.127819 0.121097 0.112560 0.102015 0.089359 0.074607 0.057919 0.039603 0.020110 0.000000 
50.000000 43.750829 37.656397 31.859957 26.483205 21.618807 17.326267 13.631319 10.528549 7.986512 5.954363 4.369011 3.161885 2.264660 1.613568 1.152199 0.832900 0.617041 0.474463 0.382432 0.324369 0.288555 0.266954 0.254209 0.246852 0.242691 0.240382 0.239114 0.238409 0.237986 0.237672 0.237351 0.236926 0.236294 0.235328 0.233867 0.231695 0.228543 0.224076 0.217906 0.209604 0.198728 0.184866 0.167687 0.147005 0.122832 0.095420 0.065279 0.033159 0.000000 
50.000000 43.768828 37.691949 31.912202 26.550932 21.700540 17.420356 13.736040 10.642198 8.107472 6.081165 4.500370 3.296711 2.402062 1.752839 1.292794 0.974410 0.759169 0.616999 0.525231 0.467334 0.431623 0.410082 0.397373 0.390035 0.385882 0.383572 0.382294 0.381566 0.381101 0.380714 0.380270 0.379641 0.378680 0.377197 0.374938 0.371568 0.366655 0.359669 0.349981 0.336894 0.319680 0.297653 0.270254 0.237150 0.198332 0.154191 0.105549 0.053636 0.000000 
50.000000 43.796081 37.745779 31.991309 26.653482 21.824296 17.562822 13.894609 10.814284 8.290630 6.273172 4.699277 3.500871 2.610124 1.963732 1.505691 1.188694 0.974390 0.832838 0.741470 0.683824 0.648267 0.626820 0.614164 0.606855 0.602715 0.600404 0.599112 0.598354 0.597830 0.597340 0.596721 0.595802 0.594373 0.592149 0.588744 0.583642 0.576176 0.565512 0.550661 0.530509 0.503883 0.469660 0.426904 0.375031 0.313976 0.244323 0.167369 0.085090 0.000000 
50.000000 43.836393 37.825403 32.108320 26.805171 22.007354 17.773558 14.129164 11.068838 8.561564 6.557197 4.993511 3.802876 2.917904 2.275700 1.820626 1.505682 1.292764 1.152128 1.061350 1.004077 0.968749 0.947439 0.934863 0.927597 0.923476 0.921166 0.919857 0.919056 0.918453 0.917824 0.916966 0.915650 0.913575 0.910325 0.905325 0.897801 0.886740 0.870869 0.848661 0.818373 0.778151 0.726187 0.660939 0.581397 0.487359 0.379663 0.260307 0.132413 0.000000 
50.000000 43.894637 37.940448 32.277386 27.024342 22.271851 18.078046 14.468072 11.436644 8.953040 6.967591 5.418660 4.239257 3.362630 2.726481 2.275696 1.963718 1.752806 1.613493 1.523569 1.466834 1.431838 1.410727 1.398266 1.391063 1.386971 1.384664 1.383333 1.382479 1.381773 1.380959 1.379787 1.377945 1.375012 1.370389 1.363245 1.352445 1.336490 1.313480 1.281109 1.236713 1.177414 1.100351 1.003020 0.883695 0.741882 0.578717 0.397204 0.202187 0.000000 
50.000000 43.976826 38.102790 32.515958 27.333620 22.645092 18.507724 14.946324 11.955678 9.505481 7.546733 6.018628 4.855078 3.990232 3.362629 2.917898 2.610109 2.402027 2.264584 2.175866 2.119891 2.085363 2.064533 2.052236 2.045123 2.041073 2.038774 2.037418 2.036497 2.035661 2.034616 2.033045 2.030534 2.026502 2.020113 2.010192 1.995118 1.972734 1.940272 1.894328 1.830921 1.745669 1.634127 1.492285 1.317226 1.107865 0.865626 0.594902 0.303076 0.000000 
50.000000 44.090078 38.326487 32.844696 27.759788 23.159400 19.099804 15.605340 12.670896 10.266738 8.344788 6.845385 5.703686 4.855077 4.239255 3.802870 3.500855 3.296676 3.161810 3.074754 3.019828 2.985945 2.965503 2.953433 2.946445 2.942456 2.940172 2.938789 2.937790 2.936799 2.935475 2.933420 2.930093 2.924713 2.916145 2.902772 2.882347 2.851844 2.807336 2.743925 2.655789 2.536400 2.378967 2.177166 1.926128 1.623615 1.271186 0.875055 0.446279 0.000000 
50.000000 44.242436 38.627429 33.286951 28.333120 23.851312 19.896347 16.491941 13.633114 11.290899 9.418462 7.957681 6.845385 6.018627 5.418657 4.993504 4.699261 4.500335 4.368937 4.284120 4.230605 4.197592 4.177673 4.165908 4.159090 4.155187 4.152928 4.151519 4.150433 4.149267 4.147623 4.145010 4.140736 4.133782 4.122650 4.105184 4.078358 4.038051 3.978841 3.893866 3.774817 3.612172 3.395760 3.115750 2.764109 2.336444 1.833966 1.265100 0.646091 0.000000 
50.000000 44.442519 39.022639 33.867744 29.086052 24.759972 20.942421 17.656291 14.896776 12.635920 10.828515 9.418462 8.344787 7.546731 6.967588 6.557190 6.273157 6.081132 5.954291 5.872415 5.820754 5.788885 5.769654 5.758291 5.751700 5.747912 5.745695 5.744266 5.743091 5.741737 5.739748 5.736529 5.731218 5.722527 5.708543 5.686486 5.652406 5.600864 5.524597 5.414257 5.258298 5.043157 4.753900 4.375494 3.894863 3.303686 2.601670 1.799555 0.920710 0.000000 
50.000000 44.698977 39.529202 34.612179 30.051132 25.924664 22.283252 19.148732 16.516522 14.359958 12.635919 11.290899 10.266737 9.505480 8.953037 8.561557 8.290615 8.107439 7.986443 7.908338 7.859057 7.828654 7.810305 7.799461 7.793162 7.789528 7.787373 7.785936 7.784679 7.783142 7.780808 7.776977 7.770610 7.760136 7.743198 7.716330 7.674561 7.610949 7.516083 7.377622 7.179979 6.904343 6.529279 6.032222 5.392195 4.593916 3.633115 2.522095 1.293567 0.000000 
50.000000 45.019766 40.162835 35.543356 31.258305 27.381529 23.960448 21.015580 18.542621 16.516522 14.896776 13.633113 12.670896 11.955677 11.436641 11.068831 10.814270 10.642167 10.528484 10.455100 10.408795 10.380228 10.362985 10.352790 10.346861 10.343425 10.341361 10.339935 10.338614 10.336917 10.334274 10.329886 10.322548 10.310415 10.290693 10.259232 10.210010 10.134497 10.020942 9.853619 9.612179 9.271311 8.801056 8.168285 7.339950 6.288761 5.001520 3.489212 1.795794 0.000000 
50.000000 45.411297 40.936202 36.679886 32.731700 29.159686 26.007536 23.294156 21.015580 19.148732 17.656291 16.491941 15.605340 14.946323 14.468070 14.129158 13.894596 13.736012 13.631258 13.563637 13.520968 13.494643 13.478751 13.469351 13.463877 13.460691 13.458750 13.457363 13.456012 13.454203 13.451329 13.446513 13.438415 13.424962 13.402983 13.367724 13.312198 13.226374 13.096181 12.902391 12.619454 12.214524 11.647078 10.869804 9.831852 8.485881 6.800345 4.777175 2.471138 0.000000 
50.000000 45.877535 41.857132 38.033276 34.486237 31.277143 28.445248 26.007536 23.960448 22.283252 20.942421 19.896347 19.099803 18.507723 18.078044 17.773552 17.562810 17.420330 17.326213 17.265457 17.227120 17.203465 17.189185 17.180734 17.175807 17.172926 17.171147 17.169836 17.168500 17.166652 17.163669 17.158634 17.150127 17.135930 17.112624 17.075029 17.015441 16.922638 16.780597 16.566927 16.251030 15.792163 15.137733 14.222624 12.971073 11.303709 9.153663 6.495567 3.386292 0.000000 
50.000000 46.419159 42.926969 39.605501 36.524476 33.736991 31.277143 29.159686 27.381528 25.924664 24.759972 23.851312 23.159400 22.645091 22.271849 22.007350 21.824286 21.700518 21.618760 21.565982 21.532678 21.512129 21.499722 21.492377 21.488089 21.485571 21.483997 21.482803 21.481541 21.479749 21.476821 21.471849 21.463413 21.449275 21.425963 21.388158 21.327866 21.233272 21.087203 20.865109 20.532470 20.041579 19.327834 18.306071 16.868496 14.887922 12.233865 8.814046 4.653847 0.000000 
50.000000 47.032921 44.139297 41.387129 38.834191 36.524476 34.486237 32.731700 31.258305 30.051132 29.086052 28.333120 27.759788 27.333619 27.024340 26.805167 26.653473 26.550914 26.483165 26.439430 26.411833 26.394804 26.384520 26.378431 26.374872 26.372774 26.371449 26.370418 26.369296 26.367669 26.364988 26.360412 26.352619 26.339514 26.317816 26.282461 26.225756 26.136174 25.996676 25.782366 25.457216 24.969544 24.245819 23.182528 21.636554 19.417095 16.289232 12.015394 6.487189 0.000000 
50.000000 47.711313 45.479284 43.356369 41.387129 39.605501 38.033276 36.679886 35.543356 34.612179 33.867743 33.286951 32.844695 32.515957 32.277384 32.108317 31.991302 31.912188 31.859927 31.826190 31.804900 31.791763 31.783830 31.779131 31.776381 31.774756 31.773719 31.772898 31.771982 31.770635 31.768398 31.764568 31.758026 31.746992 31.728660 31.698670 31.650332 31.573510 31.452986 31.266074 30.979064 30.541836 29.879541 28.879613 27.371636 25.097898 21.678185 16.598769 9.344146 0.000000 
50.000000 48.442644 46.923841 45.479284 44.139297 42.926969 41.857132 40.936202 40.162835 39.529202 39.022639 38.627429 38.326487 38.102790 37.940447 37.825401 37.745775 37.691939 37.656376 37.633419 37.618931 37.609992 37.604592 37.601394 37.599521 37.598411 37.597698 37.597125 37.596476 37.595512 37.593903 37.591139 37.586410 37.578415 37.565098 37.543245 37.507889 37.451432 37.362329 37.223084 37.007107 36.673623 36.159027 35.361565 34.112924 32.123903 28.880515 23.461920 14.343565 0.000000 
50.000000 49.211563 48.442644 47.711313 47.032921 46.419159 45.877535 45.411297 45.019766 44.698977 44.442519 44.242436 44.090078 43.976826 43.894636 43.836391 43.796079 43.768823 43.750818 43.739195 43.731860 43.727334 43.724601 43.722981 43.722032 43.721469 43.721106 43.720811 43.720475 43.719971 43.719129 43.717680 43.715197 43.710993 43.703981 43.692450 43.673750 43.643799 43.596345 43.521810 43.405410 43.223972 42.940159 42.491244 41.765312 40.545732 38.367167 34.099079 24.605781 0.000000 
50.000000 50.000000 50.000000 50.000000 50.000000 50.000000 50.000000 50.000000 50.000000 50.000000 50.000000 50.000000 50.000000 50.000000 50.000000 50.000000 50.000000 50.000000 50.000000 50.000000 50.000000 50.000000 50.000000 50.000000 50.000000 50.000000 50.000000 50.000000 50.000000 50.000000 50.000000 50.000000 50.000000 50.000000 50.000000 50.000000 50.000000 50.000000 50.000000 50.000000 50.000000 50.000000 50.000000 50.000000 50.000000 50.000000 50.000000 50.000000 50.000000 50.000000 
