50.000000 50.000000 50.000000 50.000000 50.000000 50.000000 50.000000 50.000000 50.000000 50.000000 50.000000 50.000000 50.000000 50.000000 50.000000 50.000000 50.000000 50.000000 50.000000 50.000000 50.000000 50.000000 50.000000 50.000000 50.000000 50.000000 50.000000 50.000000 50.000000 50.000000 50.000000 50.000000 50.000000 50.000000 50.000000 50.000000 50.000000 50.000000 50.000000 50.000000 50.000000 50.000000 50.000000 50.000000 50.000000 50.000000 50.000000 50.000000 50.000000 50.000000 
50.000000 49.769402 49.540475 49.314852 49.094094 48.879661 48.672877 48.474910 48.286753 48.109206 47.942876 47.788169 47.645297 47.514284 47.394984 47.287091 47.190160 47.103628 47.026832 46.959027 46.899404 46.847106 46.801239 46.760876 46.725067 46.692830 46.663148 46.634950 46.607095 46.578333 46.547272 46.512310 46.471568 46.422780 46.363148 46.289145 46.196219 46.078356 45.927421 45.732090 45.476098 45.135176 44.671413 44.022154 43.076292 41.618800 39.186743 34.652727 24.884832 0.000000 
50.000000 49.540486 49.084300 48.634698 48.194792 47.767489 47.355429 46.960939 46.585996 46.232199 45.900754 45.592469 45.307768 45.046702 44.808976 44.593983 44.400839 44.228420 44.075405 43.940314 43.821536 43.717368 43.626028 43.545680 43.474434 43.410344 43.351395 43.295471 43.240320 43.183486 43.122233 43.053435 42.973427 42.877815 42.761203 42.616818 42.435986 42.207342 41.915669 41.540078 41.051097 40.405824 39.539550 38.350665 36.672442 34.218811 30.480470 24.542702 14.888291 0.000000 
50.000000 49.314896 48.634754 47.964428 47.308559 46.671480 46.057127 45.468971 44.909959 44.382474 43.888315 43.428689 43.004226 42.615003 42.260583 41.940061 41.652119 41.395087 41.166999 40.965647 40.788641 40.633444 40.497413 40.377822 40.271869 40.176678 40.089273 40.006543 39.925184 39.841610 39.751845 39.651371 39.534926 39.396241 39.227677 39.019743 38.760403 38.434105 38.020357 37.491613 36.810035 35.922474 34.752514 33.187823 31.060281 28.116687 23.983566 18.155986 10.128975 0.000000 
50.000000 49.094209 48.194978 47.308726 46.441587 45.599291 44.787042 44.009430 43.270351 42.572955 41.919622 41.311948 40.750769 40.236185 39.767621 39.343883 38.963233 38.623465 38.321985 38.055885 37.822010 37.617022 37.437444 37.279694 37.140099 37.014896 36.900207 36.791990 36.685975 36.577555 36.461652 36.332541 36.183608 36.007050 35.793458 35.531283 35.206089 34.799541 34.287983 33.640431 32.815710 31.758370 30.392957 28.616289 26.288167 23.223480 19.195774 13.978526 7.476550 0.000000 
50.000000 48.879899 47.767911 46.671971 45.599668 44.558086 43.553662 42.592070 41.678129 40.815737 40.007834 39.256398 38.562462 37.926154 37.346764 36.822818 36.352174 35.932110 35.559425 35.230536 34.941557 34.688379 34.466730 34.272215 34.100340 33.946512 33.806018 33.673971 33.545233 33.414306 33.275177 33.121127 32.944477 32.736268 32.485842 32.180303 31.803810 31.336647 30.753986 30.024259 29.107027 27.950284 26.487259 24.633232 22.283838 19.318513 15.616590 11.098573 5.805113 0.000000 
50.000000 48.673312 47.356234 46.058164 44.788091 43.554406 42.364733 41.225793 40.143295 39.121856 38.164960 37.274951 36.453054 35.699424 35.013223 34.392713 33.835359 33.337949 32.896703 32.507392 32.165436 31.865995 31.604046 31.374431 31.171891 30.991071 30.826499 30.672535 30.523289 30.372510 30.213427 30.038555 29.839443 29.606362 29.327910 28.990523 28.577858 28.070025 27.442637 26.665663 25.702094 24.506557 23.024171 21.190388 18.933256 16.180695 12.876591 9.009546 4.653093 0.000000 
50.000000 48.475643 46.962328 45.470853 44.011548 42.594052 41.227127 39.918498 38.674721 37.501105 36.401654 35.379063 34.434741 33.568872 32.780496 32.067623 31.427349 30.855995 30.349235 29.902227 29.509737 29.166240 28.866011 28.603184 28.371800 28.165811 27.979068 27.805277 27.637912 27.470113 27.294527 27.103125 26.886962 26.635896 26.338234 25.980323 25.546053 25.016284 24.368196 23.574607 22.603327 21.416760 19.972087 18.222684 16.121776 13.629702 10.726198 7.427804 3.806682 0.000000 
50.000000 48.287917 46.588234 44.913084 43.274064 41.682005 40.146746 38.676964 37.280025 35.961891 34.727062 33.578568 32.517994 31.545550 30.660165 29.859611 29.140639 28.499128 27.930240 27.428562 26.988247 26.603133 26.266846 25.972874 25.714618 25.485413 25.278520 25.087084 24.904062 24.722118 24.533487 24.329796 24.101856 23.839415 23.530864 23.162911 22.720215 22.185002 21.536682 20.751545 19.802618 18.659893 17.291212 15.664250 13.750166 11.529488 9.000434 6.188725 3.155831 0.000000 
50.000000 48.110978 46.235638 44.387366 42.578961 40.822369 39.128451 37.506779 35.965483 34.511141 33.148721 31.881568 30.711436 29.638562 28.661770 27.778612 26.985516 26.277951 25.650600 25.097521 24.612301 24.188191 23.818223 23.495297 23.212243 22.961852 22.736875 22.529992 22.333750 22.140466 21.942105 21.730129 21.495310 21.227530 20.915543 20.546738 20.106887 19.579925 18.947776 18.190318 17.285560 16.210204 14.940780 13.455634 11.738009 9.780351 7.589597 5.192468 2.638771 0.000000 
50.000000 47.945486 45.905853 43.895660 41.928827 40.018349 38.176038 36.412305 34.735993 33.154260 31.672511 30.294387 29.021800 27.855013 26.792757 25.832377 24.970003 24.200728 23.518793 22.917767 22.390718 21.930362 21.529193 21.179583 20.873857 20.604331 20.363326 20.143144 19.936016 19.734023 19.528989 19.312350 19.075002 18.807136 18.498066 18.136056 17.708173 17.200186 16.596545 15.880512 15.034513 14.040817 12.882677 11.546054 10.022000 8.309637 6.419393 4.375744 2.218305 0.000000 
50.000000 47.791916 45.599826 43.439377 41.325530 39.272253 37.292240 35.396683 33.595087 31.895146 30.302672 28.821582 27.453935 26.200020 25.058484 24.026483 23.099875 22.273405 21.540911 20.895517 20.329819 19.836049 19.406218 19.032229 18.705962 18.419329 18.164290 17.932847 17.717000 17.508687 17.299691 17.081532 16.845344 16.581751 16.280736 15.931537 15.522568 15.041405 14.474864 13.809218 13.030614 12.125750 11.082893 9.893257 8.552766 7.064031 5.438285 3.696734 1.870707 0.000000 
50.000000 47.650566 45.318152 43.019404 40.770243 38.585531 36.478776 34.461887 32.544979 30.736242 29.041861 27.466008 26.010880 24.676791 23.462310 22.364424 21.378742 20.499695 19.720754 19.034642 18.433529 17.909212 17.453274 17.057204 16.712498 16.410722 16.143541 15.902723 15.680112 15.467575 15.256929 15.039859 14.807812 14.551912 14.262865 13.930897 13.545734 13.096637 12.572532 11.962262 11.255003 10.440873 9.511771 8.462445 7.291735 6.003868 4.609579 3.126734 1.580097 0.000000 
50.000000 47.521572 45.061097 42.636138 40.263491 37.958833 35.736415 33.608801 31.586663 29.678643 27.891269 26.228946 24.693996 23.286759 22.005733 20.847755 19.808209 18.881241 18.059997 17.336835 16.703548 16.151548 15.672036 15.256143 14.895034 14.579985 14.302422 14.053938 13.826275 13.611287 13.400884 13.186961 12.961324 12.715622 12.441284 12.129492 11.771188 11.357141 10.878097 10.325031 9.689517 8.964252 8.143716 7.224968 6.208510 5.099111 3.906447 2.645335 1.335394 0.000000 
50.000000 47.404918 44.828635 42.289540 39.805221 37.392093 35.065079 32.837336 30.720039 28.722239 26.850775 25.110263 23.503141 22.029770 20.688589 19.476299 18.388083 17.417837 16.558410 15.801845 15.139594 14.562731 14.062127 13.628601 13.253037 12.926468 12.640132 12.385492 12.154235 11.938242 11.729551 11.520297 11.302658 11.068803 10.810855 10.520877 10.190904 9.813014 9.379484 8.883012 8.317041 7.676174 6.956694 6.157129 5.278848 4.326579 3.308756 2.237563 1.128583 0.000000 
50.000000 47.300466 44.620488 41.979196 39.394886 36.884635 34.463967 32.146569 29.944070 27.865885 25.919132 24.108618 22.436882 20.904310 19.509286 18.248393 17.116636 16.107688 15.214141 14.427753 13.739684 13.140712 12.621420 12.172361 11.784181 11.447715 11.154052 10.894564 10.660915 10.445043 10.239132 10.035566 9.826889 9.605767 9.364958 9.097320 8.795837 8.453702 8.064451 7.622153 7.121680 6.559031 5.931718 5.239174 4.483151 3.668037 2.801033 1.892108 0.953678 0.000000 
50.000000 47.207974 44.436175 41.704389 39.031537 36.435284 33.931687 31.534902 29.256959 27.107597 25.094182 23.221687 21.492747 19.907765 18.465082 17.161175 15.990894 14.947719 14.024016 13.211296 12.500466 11.882046 11.346375 10.883778 10.484704 10.139827 9.840119 9.576891 9.341807 9.126879 8.924445 8.727134 8.527835 8.319667 8.095961 7.850265 7.576379 7.268421 6.920945 6.529098 6.088831 5.597149 5.052391 4.454520 3.805380 3.108892 2.371126 1.600216 0.806089 0.000000 
50.000000 47.127125 44.275063 41.464173 38.713926 36.042497 33.466410 31.000233 28.656344 26.444768 24.373085 22.446418 20.667482 19.036699 17.552371 16.210884 15.006956 13.933899 12.983883 12.148211 11.417567 10.782255 10.232405 9.758154 9.349785 8.997842 8.693210 8.427159 8.191371 7.977938 7.779349 7.588464 7.398485 7.202937 6.995650 6.770763 6.522757 6.246509 5.937386 5.591368 5.205214 4.776645 4.304546 3.789164 3.232278 2.637306 2.009325 1.354972 0.682216 0.000000 
50.000000 47.057551 44.136419 41.257457 38.440608 35.704488 33.066022 30.540131 28.139495 25.874382 23.752562 21.779281 19.957328 18.287140 16.766987 15.393177 14.160318 13.061574 12.088955 11.233581 10.485953 9.836191 9.274253 8.790114 8.373926 8.016131 7.707544 7.439414 7.203447 6.991818 6.797157 6.612531 6.431423 6.247707 6.055638 5.849851 5.625388 5.377736 5.102900 4.797501 4.458894 4.085303 3.675964 3.231259 2.752819 2.243583 1.707781 1.150839 0.579192 0.000000 
50.000000 46.998861 44.019465 41.083081 38.210050 35.419360 32.728273 30.152011 27.703507 25.393236 23.229123 21.216526 19.358290 17.654869 16.104504 14.703442 13.446193 12.325805 11.334148 10.462194 9.700290 9.038406 8.466354 7.973984 7.551338 7.188776 6.877067 6.607445 6.371647 6.161924 5.971033 5.792224 5.619217 5.446183 5.267731 5.078903 4.875190 4.652562 4.407522 4.137171 3.839301 3.512487 3.156184 2.770816 2.357839 1.919759 1.460108 0.983349 0.494715 0.000000 
50.000000 46.950668 43.923427 40.939890 38.020724 35.185223 32.450928 29.833303 27.345492 24.998140 22.799301 20.754421 18.866395 17.135690 15.560523 14.137092 12.859828 11.721682 10.714414 9.828874 9.055285 8.383493 7.803198 7.304146 6.876295 6.509943 6.195822 5.925161 5.689729 5.481842 5.294367 5.120708 4.954781 4.791002 4.624263 4.449931 4.263853 4.062372 3.842366 3.601297 3.337269 3.049096 2.736367 2.399500 2.039772 1.659328 1.261134 0.848898 0.426937 0.000000 
50.000000 46.912607 43.847582 40.826806 37.871206 35.000316 32.231896 29.581607 27.062754 24.686118 22.459855 20.389482 18.477932 16.725682 15.130934 13.689842 12.396780 11.244622 10.225039 9.328788 8.545996 7.866413 7.279648 6.775372 6.343476 5.974212 5.658286 5.386928 5.151932 4.945672 4.761104 4.591754 4.431695 4.275533 4.118383 3.955861 3.784082 3.599671 3.399784 3.182141 2.945066 2.687536 2.409215 2.110491 1.792487 1.457052 1.106718 0.744621 0.374389 0.000000 
50.000000 46.884362 43.791297 40.742887 37.760249 34.863098 32.069355 29.394825 26.852937 24.454571 22.207958 20.118667 18.189662 16.421426 14.812149 13.357955 12.053174 10.890625 9.861912 8.957725 8.168117 7.482771 6.891230 6.383107 5.948248 5.576871 5.259666 4.987862 4.753277 4.548328 4.366038 4.200024 4.044479 3.894147 3.744306 3.590752 3.429795 3.258258 3.073492 2.873397 2.656446 2.421717 2.168918 1.898402 1.611168 1.308845 0.993647 0.668299 0.335940 0.000000 
50.000000 46.865680 43.754069 40.687381 37.686859 34.772338 31.961846 29.271283 26.714159 24.301419 22.041347 19.939544 17.998994 16.220186 14.601300 13.138442 11.825913 10.656493 9.621746 8.712314 7.918206 7.229057 6.634369 6.123717 5.686916 5.314165 4.996141 4.724078 4.489805 4.285772 4.105046 3.941307 3.788822 3.642429 3.497512 3.349985 3.196283 3.033357 2.858680 2.670266 2.466679 2.247058 2.011132 1.759224 1.492251 1.211694 0.919559 0.618305 0.310759 0.000000 
50.000000 46.856385 43.735545 40.659762 37.650342 34.727178 31.908352 29.209811 26.645106 24.225215 21.958446 19.850418 17.904123 16.120054 14.496388 13.029220 11.712836 10.539998 9.502250 8.590211 7.793865 7.102827 6.506577 5.994670 5.556909 5.183481 4.865059 4.592876 4.358772 4.155209 3.975279 3.812691 3.661751 3.517343 3.374903 3.230404 3.080340 2.921725 2.752095 2.569514 2.372592 2.160496 1.932962 1.690299 1.433379 1.163612 0.882900 0.593574 0.298303 0.000000 
50.000000 46.856385 43.735545 40.659762 37.650342 34.727178 31.908352 29.209811 26.645106 24.225215 21.958446 19.850418 17.904123 16.120054 14.496388 13.029220 11.712836 10.539998 9.502250 8.590211 7.793865 7.102827 6.506577 5.994670 5.556909 5.183481 4.865059 4.592876 4.358772 4.155209 3.975279 3.812691 3.661751 3.517343 3.374903 3.230404 3.080340 2.921725 2.752095 2.569514 2.372592 2.160496 1.932962 1.690299 1.433379 1.163612 0.882900 0.593574 0.298303 0.000000 
50.000000 46.865680 43.754069 40.687381 37.686859 34.772338 31.961846 29.271283 26.714159 24.301419 22.041347 19.939544 17.998994 16.220186 14.601300 13.138442 11.825913 10.656493 9.621746 8.712314 7.918206 7.229057 6.634369 6.123717 5.686916 5.314165 4.996141 4.724078 4.489805 4.285772 4.105046 3.941307 3.788822 3.642429 3.497512 3.349985 3.196283 3.033357 2.858680 2.670266 2.466679 2.247058 2.011132 1.759224 1.492251 1.211694 0.919559 0.618305 0.310759 0.000000 
50.000000 46.884362 43.791297 40.742887 37.760249 34.863098 32.069355 29.394825 26.852937 24.454571 22.207958 20.118667 18.189662 16.421426 14.812149 13.357955 12.053174 10.890625 9.861912 8.957725 8.168117 7.482771 6.891230 6.383107 5.948248 5.576871 5.259666 4.987862 4.753277 4.548328 4.366038 4.200024 4.044479 3.894147 3.744306 3.590752 3.429795 3.258258 3.073492 2.873397 2.656446 2.421717 2.168918 1.898402 1.611168 1.308845 0.993647 0.668299 0.335940 0.000000 
50.000000 46.912607 43.847582 40.826806 37.871206 35.000316 32.231896 29.581607 27.062754 24.686118 22.459855 20.389482 18.477932 16.725682 15.130934 13.689842 12.396780 11.244622 10.225039 9.328788 8.545996 7.866413 7.279648 6.775372 6.343476 5.974212 5.658286 5.386928 5.151932 4.945672 4.761104 4.591754 4.431695 4.275533 4.118383 3.955861 3.784082 3.599671 3.399784 3.182141 2.945066 2.687536 2.409215 2.110491 1.792487 1.457052 1.106718 0.744621 0.374389 0.000000 
50.000000 46.950668 43.923427 40.939890 38.020724 35.185223 32.450928 29.833303 27.345492 24.998140 22.799301 20.754421 18.866395 17.135690 15.560523 14.137092 12.859828 11.721682 10.714414 9.828874 9.055285 8.383493 7.803198 7.304146 6.876295 6.509943 6.195822 5.925161 5.689729 5.481842 5.294367 5.120708 4.954781 4.791002 4.624263 4.449931 4.263853 4.062372 3.842366 3.601297 3.337269 3.049096 2.736367 2.399500 2.039772 1.659328 1.261134 0.848898 0.426937 0.000000 
50.000000 46.998861 44.019465 41.083081 38.210050 35.419360 32.728273 30.152011 27.703507 25.393236 23.229123 21.216526 19.358290 17.654869 16.104504 14.703442 13.446193 12.325805 11.334148 10.462194 9.700290 9.038406 8.466354 7.973984 7.551338 7.188776 6.877067 6.607445 6.371647 6.161924 5.971033 5.792224 5.619217 5.446183 5.267731 5.078903 4.875190 4.652562 4.407522 4.137171 3.839301 3.512487 3.156184 2.770816 2.357839 1.919759 1.460108 0.983349 0.494715 0.000000 
50.000000 47.057551 44.136419 41.257457 38.440608 35.704488 33.066022 30.540131 28.139495 25.874382 23.752562 21.779281 19.957328 18.287140 16.766987 15.393177 14.160318 13.061574 12.088955 11.233581 10.485953 9.836191 9.274253 8.790114 8.373926 8.016131 7.707544 7.439414 7.203447 6.991818 6.797157 6.612531 6.431423 6.247707 6.055638 5.849851 5.625388 5.377736 5.102900 4.797501 4.458894 4.085303 3.675964 3.231259 2.752819 2.243583 1.707781 1.150839 0.579192 0.000000 
50.000000 47.127125 44.275063 41.464173 38.713926 36.042497 33.466410 31.000233 28.656344 26.444768 24.373085 22.446418 20.667482 19.036699 17.552371 16.210884 15.006956 13.933899 12.983883 12.148211 11.417567 10.782255 10.232405 9.758154 9.349785 8.997842 8.693210 8.427159 8.191371 7.977938 7.779349 7.588464 7.398485 7.202937 6.995650 6.770763 6.522757 6.246509 5.937386 5.591368 5.205214 4.776645 4.304546 3.789164 3.232278 2.637306 2.009325 1.354972 0.682216 0.000000 
50.000000 47.207974 44.436175 41.704389 39.031537 36.435284 33.931687 31.534902 29.256959 27.107597 25.094182 23.221687 21.492747 19.907765 18.465082 17.161175 15.990894 14.947719 14.024016 13.211296 12.500466 11.882046 11.346375 10.883778 10.484704 10.139827 9.840119 9.576891 9.341807 9.126879 8.924445 8.727134 8.527835 8.319667 8.095961 7.850265 7.576379 7.268421 6.920945 6.529098 6.088831 5.597149 5.052391 4.454520 3.805380 3.108892 2.371126 1.600216 0.806089 0.000000 
50.000000 47.300466 44.620488 41.979196 39.394886 36.884635 34.463967 32.146569 29.944070 27.865885 25.919132 24.108618 22.436882 20.904310 19.509286 18.248393 17.116636 16.107688 15.214141 14.427753 13.739684 13.140712 12.621420 12.172361 11.784181 11.447715 11.154052 10.894564 10.660915 10.445043 10.239132 10.035566 9.826889 9.605767 9.364958 9.097320 8.795837 8.453702 8.064451 7.622153 7.121680 6.559031 5.931718 5.239174 4.483151 3.668037 2.801033 1.892108 0.953678 0.000000 
50.000000 47.404918 44.828635 42.289540 39.805221 37.392093 35.065079 32.837336 30.720039 28.722239 26.850775 25.110263 23.503141 22.029770 20.688589 19.476299 18.388083 17.417837 16.558410 15.801845 15.139594 14.562731 14.062127 13.628601 13.253037 12.926468 12.640132 12.385492 12.154235 11.938242 11.729551 11.520297 11.302658 11.068803 10.810855 10.520877 10.190904 9.813014 9.379484 8.883012 8.317041 7.676174 6.956694 6.157129 5.278848 4.326579 3.308756 2.237563 1.128583 0.000000 
50.000000 47.521572 45.061097 42.636138 40.263491 37.958833 35.736415 33.608801 31.586663 29.678643 27.891269 26.228946 24.693996 23.286759 22.005733 20.847755 19.808209 18.881241 18.059997 17.336835 16.703548 16.151548 15.672036 15.256143 14.895034 14.579985 14.302422 14.053938 13.826275 13.611287 13.400884 13.186961 12.961324 12.715622 12.441284 12.129492 11.771188 11.357141 10.878097 10.325031 9.689517 8.964252 8.143716 7.224968 6.208510 5.099111 3.906447 2.645335 1.335394 0.000000 
50.000000 47.650566 45.318152 43.019404 40.770243 38.585531 36.478776 34.461887 32.544979 30.736242 29.041861 27.466008 26.010880 24.676791 23.462310 22.364424 21.378742 20.499695 19.720754 19.034642 18.433529 17.909212 17.453274 17.057204 16.712498 16.410722 16.143541 15.902723 15.680112 15.467575 15.256929 15.039859 14.807812 14.551912 14.262865 13.930897 13.545734 13.096637 12.572532 11.962262 11.255003 10.440873 9.511771 8.462445 7.291735 6.003868 4.609579 3.126734 1.580097 0.000000 
50.000000 47.791916 45.599826 43.439377 41.325530 39.272253 37.292240 35.396683 33.595087 31.895146 30.302672 28.821582 27.453935 26.200020 25.058484 24.026483 23.099875 22.273405 21.540911 20.895517 20.329819 19.836049 19.406218 19.032229 18.705962 18.419329 18.164290 17.932847 17.717000 17.508687 17.299691 17.081532 16.845344 16.581751 16.280736 15.931537 15.522568 15.041405 14.474864 13.809218 13.030614 12.125750 11.082893 9.893257 8.552766 7.064031 5.438285 3.696734 1.870707 0.000000 
50.000000 47.945486 45.905853 43.895660 41.928827 40.018349 38.176038 36.412305 34.735993 33.154260 31.672511 30.294387 29.021800 27.855013 26.792757 25.832377 24.970003 24.200728 23.518793 22.917767 22.390718 21.930362 21.529193 21.179583 20.873857 20.604331 20.363326 20.143144 19.936016 19.734023 19.528989 19.312350 19.075002 18.807136 18.498066 18.136056 17.708173 17.200186 16.596545 15.880512 15.034513 14.040817 12.882677 11.546054 10.022000 8.309637 6.419393 4.375744 2.218305 0.000000 
50.000000 48.110978 46.235638 44.387366 42.578961 40.822369 39.128451 37.506779 35.965483 34.511141 33.148721 31.881568 30.711436 29.638562 28.661770 27.778612 26.985516 26.277951 25.650600 25.097521 24.612301 24.188191 23.818223 23.495297 23.212243 22.961852 22.736875 22.529992 22.333750 22.140466 21.942105 21.730129 21.495310 21.227530 20.915543 20.546738 20.106887 19.579925 18.947776 18.190318 17.285560 16.210204 14.940780 13.455634 11.738009 9.780351 7.589597 5.192468 2.638771 0.000000 
50.000000 48.287917 46.588234 44.913084 43.274064 41.682005 40.146746 38.676964 37.280025 35.961891 34.727062 33.578568 32.517994 31.545550 30.660165 29.859611 29.140639 28.499128 27.930240 27.428562 26.988247 26.603133 26.266846 25.972874 25.714618 25.485413 25.278520 25.087084 24.904062 24.722118 24.533487 24.329796 24.101856 23.839415 23.530864 23.162911 22.720215 22.185002 21.536682 20.751545 19.802618 18.659893 17.291212 15.664250 13.750166 11.529488 9.000434 6.188725 3.155831 0.000000 
50.000000 48.475643 46.962328 45.470853 44.011548 42.594052 41.227127 39.918498 38.674721 37.501105 36.401654 35.379063 34.434741 33.568872 32.780496 32.067623 31.427349 30.855995 30.349235 29.902227 29.509737 29.166240 28.866011 28.603184 28.371800 28.165811 27.979068 27.805277 27.637912 27.470113 27.294527 27.103125 26.886962 26.635896 26.338234 25.980323 25.546053 25.016284 24.368196 23.574607 22.603327 21.416760 19.972087 18.222684 16.121776 13.629702 10.726198 7.427804 3.806682 0.000000 
50.000000 48.673312 47.356234 46.058164 44.788091 43.554406 42.364733 41.225793 40.143295 39.121856 38.164960 37.274951 36.453054 35.699424 35.013223 34.392713 33.835359 33.337949 32.896703 32.507392 32.165436 31.865995 31.604046 31.374431 31.171891 30.991071 30.826499 30.672535 30.523289 30.372510 30.213427 30.038555 29.839443 29.606362 29.327910 28.990523 28.577858 28.070025 27.442637 26.665663 25.702094 24.506557 23.024171 21.190388 18.933256 16.180695 12.876591 9.009546 4.653093 0.000000 
50.000000 48.879899 47.767911 46.671971 45.599668 44.558086 43.553662 42.592070 41.678129 40.815737 40.007834 39.256398 38.562462 37.926154 37.346764 36.822818 36.352174 35.932110 35.559425 35.230536 34.941557 34.688379 34.466730 34.272215 34.100340 33.946512 33.806018 33.673971 33.545233 33.414306 33.275177 33.121127 32.944477 32.736268 32.485842 32.180303 31.803810 31.336647 30.753986 30.024259 29.107027 27.950284 26.487259 24.633232 22.283838 19.318513 15.616590 11.098573 5.805113 0.000000 
50.000000 49.094209 48.194978 47.308726 46.441587 45.599291 44.787042 44.009430 43.270351 42.572955 41.919622 41.311948 40.750769 40.236185 39.767621 39.343883 38.963233 38.623465 38.321985 38.055885 37.822010 37.617022 37.437444 37.279694 37.140099 37.014896 36.900207 36.791990 36.685975 36.577555 36.461652 36.332541 36.183608 36.007050 35.793458 35.531283 35.206089 34.799541 34.287983 33.640431 32.815710 31.758370 30.392957 28.616289 26.288167 23.223480 19.195774 13.978526 7.476550 0.000000 
50.000000 49.314896 48.634754 47.964428 47.308559 46.671480 46.057127 45.468971 44.909959 44.382474 43.888315 43.428689 43.004226 42.615003 42.260583 41.940061 41.652119 41.395087 41.166999 40.965647 40.788641 40.633444 40.497413 40.377822 40.271869 40.176678 40.089273 40.006543 39.925184 39.841610 39.751845 39.651371 39.534926 39.396241 39.227677 39.019743 38.760403 38.434105 38.020357 37.491613 36.810035 35.922474 34.752514 33.187823 31.060281 28.116687 23.983566 18.155986 10.128975 0.000000 
50.000000 49.540486 49.084300 48.634698 48.194792 47.767489 47.355429 46.960939 46.585996 46.232199 45.900754 45.592469 45.307768 45.046702 44.808976 44.593983 44.400839 44.228420 44.075405 43.940314 43.821536 43.717368 43.626028 43.545680 43.474434 43.410344 43.351395 43.295471 43.240320 43.183486 43.122233 43.053435 42.973427 42.877815 42.761203 42.616818 42.435986 42.207342 41.915669 41.540078 41.051097 40.405824 39.539550 38.350665 36.672442 34.218811 30.480470 24.542702 14.888291 0.000000 
50.000000 49.769402 49.540475 49.314852 49.094094 48.879661 48.672877 48.474910 48.286753 48.109206 47.942876 47.788169 47.645297 47.514284 47.394984 47.287091 47.190160 47.103628 47.026832 46.959027 46.899404 46.847106 46.801239 46.760876 46.725067 46.692830 46.663148 46.634950 46.607095 46.578333 46.547272 46.512310 46.471568 46.422780 46.363148 46.289145 46.196219 46.078356 45.927421 45.732090 45.476098 45.135176 44.671413 44.022154 43.076292 41.618800 39.186743 34.652727 24.884832 0.000000 
50.000000 50.000000 50.000000 50.000000 50.000000 50.000000 50.000000 50.000000 50.000000 50.000000 50.000000 50.000000 50.000000 50.000000 50.000000 50.000000 50.000000 50.000000 50.000000 50.000000 50.000000 50.000000 50.000000 50.000000 50.000000 50.000000 50.000000 50.000000 50.000000 50.000000 50.000000 50.000000 50.000000 50.000000 50.000000 50.000000 50.000000 50.000000 50.000000 50.000000 50.000000 50.000000 50.000000 50.000000 50.000000 50.000000 50.000000 50.000000 50.000000 50.000000 
