50.000000 50.000000 50.000000 50.000000 50.000000 50.000000 50.000000 50.000000 50.000000 50.000000 50.000000 50.000000 50.000000 50.000000 50.000000 50.000000 50.000000 50.000000 50.000000 50.000000 50.000000 50.000000 50.000000 50.000000 50.000000 50.000000 50.000000 50.000000 50.000000 50.000000 50.000000 50.000000 50.000000 50.000000 50.000000 50.000000 50.000000 50.000000 50.000000 50.000000 50.000000 50.000000 50.000000 50.000000 50.000000 50.000000 50.000000 50.000000 50.000000 50.000000 
50.000000 46.211393 42.871944 40.271815 38.476506 37.371565 36.761867 36.458413 36.321367 36.264884 36.243525 36.236077 36.233671 36.232949 36.232746 36.232692 36.232679 36.232676 36.232676 36.232675 36.232675 36.232675 36.232675 36.232675 36.232675 36.232675 36.232675 36.232675 36.232675 36.232675 36.232675 36.232675 36.232675 36.232675 36.232674 36.232671 36.232658 36.232605 36.232402 36.231674 36.229211 36.221355 36.197709 36.130390 35.948132 35.474215 34.270615 31.206416 23.105697 0.000000 
50.000000 42.871944 36.589074 31.697352 28.319949 26.241438 25.094622 24.523892 24.266164 24.159954 24.119795 24.105793 24.101271 24.099913 24.099532 24.099432 24.099407 24.099401 24.099400 24.099400 24.099400 24.099400 24.099400 24.099400 24.099400 24.099400 24.099400 24.099400 24.099400 24.099400 24.099400 24.099400 24.099399 24.099399 24.099398 24.099393 24.099372 24.099287 24.098968 24.097828 24.094001 24.081929 24.046156 23.946606 23.686231 23.045053 21.555549 18.294537 11.665528 0.000000 
50.000000 40.271815 31.697352 25.021794 20.413125 17.577147 16.012580 15.234050 14.882535 14.737697 14.682941 14.663854 14.657690 14.655839 14.655320 14.655183 14.655150 14.655142 14.655140 14.655140 14.655140 14.655140 14.655140 14.655140 14.655140 14.655140 14.655140 14.655140 14.655140 14.655140 14.655140 14.655140 14.655140 14.655139 14.655138 14.655133 14.655111 14.655024 14.654698 14.653544 14.649710 14.637778 14.603061 14.508849 14.270971 13.713947 12.510897 10.141803 6.001201 0.000000 
50.000000 38.476506 28.319949 20.413125 14.954871 11.596447 9.743885 8.822178 8.406082 8.234662 8.169869 8.147286 8.139996 8.137806 8.137192 8.137031 8.136991 8.136982 8.136980 8.136979 8.136979 8.136979 8.136979 8.136979 8.136979 8.136979 8.136979 8.136979 8.136979 8.136979 8.136979 8.136979 8.136979 8.136979 8.136978 8.136974 8.136956 8.136887 8.136628 8.135721 8.132739 8.123587 8.097431 8.028104 7.858450 7.477435 6.699179 5.274897 3.002290 0.000000 
50.000000 37.371565 26.241438 17.577147 11.596447 7.916919 5.887458 4.877867 4.422161 4.234450 4.163510 4.138790 4.130810 4.128415 4.127743 4.127566 4.127523 4.127513 4.127510 4.127510 4.127510 4.127510 4.127510 4.127510 4.127510 4.127510 4.127510 4.127510 4.127510 4.127510 4.127510 4.127510 4.127510 4.127510 4.127509 4.127506 4.127495 4.127449 4.127279 4.126687 4.124763 4.118931 4.102532 4.059955 3.958459 3.737998 3.306176 2.555207 1.423433 0.000000 
50.000000 36.761867 25.094622 16.012580 9.743885 5.887458 3.760615 2.702684 2.225209 2.028554 1.954243 1.928352 1.919995 1.917486 1.916783 1.916598 1.916553 1.916542 1.916540 1.916539 1.916539 1.916539 1.916539 1.916539 1.916539 1.916539 1.916539 1.916539 1.916539 1.916539 1.916539 1.916539 1.916539 1.916539 1.916539 1.916537 1.916531 1.916505 1.916409 1.916077 1.915009 1.911810 1.902940 1.880308 1.827504 1.715781 1.503731 1.148017 0.631477 0.000000 
50.000000 36.458413 24.523892 15.234050 8.822178 4.877867 2.702684 1.620778 1.132519 0.931438 0.855461 0.828991 0.820448 0.817884 0.817165 0.816977 0.816930 0.816919 0.816917 0.816916 0.816916 0.816916 0.816916 0.816916 0.816916 0.816916 0.816916 0.816916 0.816916 0.816916 0.816916 0.816916 0.816916 0.816916 0.816916 0.816915 0.816912 0.816899 0.816851 0.816688 0.816167 0.814622 0.810389 0.799743 0.775335 0.724747 0.630989 0.477736 0.260704 0.000000 
50.000000 36.321367 24.266164 14.882535 8.406082 4.422161 2.225209 1.132519 0.639413 0.436346 0.359622 0.332893 0.324267 0.321678 0.320953 0.320762 0.320715 0.320704 0.320701 0.320701 0.320701 0.320701 0.320701 0.320701 0.320701 0.320701 0.320701 0.320701 0.320701 0.320701 0.320701 0.320701 0.320701 0.320701 0.320701 0.320700 0.320699 0.320693 0.320672 0.320601 0.320374 0.319706 0.317896 0.313399 0.303230 0.282496 0.244758 0.184236 0.100013 0.000000 
50.000000 36.264884 24.159954 14.737697 8.234662 4.234450 2.028554 0.931438 0.436346 0.232465 0.155436 0.128601 0.119942 0.117343 0.116614 0.116423 0.116376 0.116365 0.116362 0.116362 0.116362 0.116362 0.116362 0.116362 0.116362 0.116362 0.116362 0.116362 0.116362 0.116362 0.116362 0.116362 0.116362 0.116362 0.116362 0.116362 0.116361 0.116359 0.116350 0.116322 0.116233 0.115972 0.115271 0.113545 0.109688 0.101923 0.087987 0.065953 0.035673 0.000000 
50.000000 36.243525 24.119795 14.682941 8.169869 4.163510 1.954243 0.855461 0.359622 0.155436 0.078292 0.051418 0.042746 0.040143 0.039413 0.039222 0.039174 0.039163 0.039161 0.039161 0.039160 0.039160 0.039160 0.039160 0.039160 0.039160 0.039160 0.039160 0.039160 0.039160 0.039160 0.039160 0.039160 0.039160 0.039160 0.039160 0.039160 0.039159 0.039156 0.039146 0.039114 0.039021 0.038773 0.038166 0.036823 0.034147 0.029397 0.021967 0.011851 0.000000 
50.000000 36.236077 24.105793 14.663854 8.147286 4.138790 1.928352 0.828991 0.332893 0.128601 0.051418 0.024530 0.015854 0.013249 0.012520 0.012328 0.012280 0.012269 0.012267 0.012267 0.012266 0.012266 0.012266 0.012266 0.012266 0.012266 0.012266 0.012266 0.012266 0.012266 0.012266 0.012266 0.012266 0.012266 0.012266 0.012266 0.012266 0.012266 0.012265 0.012262 0.012251 0.012221 0.012140 0.011943 0.011511 0.010658 0.009156 0.006826 0.003675 0.000000 
50.000000 36.233671 24.101271 14.657690 8.139996 4.130810 1.919995 0.820448 0.324267 0.119942 0.042746 0.015854 0.007176 0.004571 0.003841 0.003650 0.003602 0.003591 0.003589 0.003588 0.003588 0.003588 0.003588 0.003588 0.003588 0.003588 0.003588 0.003588 0.003588 0.003588 0.003588 0.003588 0.003588 0.003588 0.003588 0.003588 0.003588 0.003588 0.003588 0.003587 0.003583 0.003574 0.003550 0.003491 0.003362 0.003109 0.002666 0.001984 0.001067 0.000000 
50.000000 36.232949 24.099913 14.655839 8.137806 4.128415 1.917486 0.817884 0.321678 0.117343 0.040143 0.013249 0.004571 0.001966 0.001236 0.001045 0.000997 0.000986 0.000984 0.000983 0.000983 0.000983 0.000983 0.000983 0.000983 0.000983 0.000983 0.000983 0.000983 0.000983 0.000983 0.000983 0.000983 0.000983 0.000983 0.000983 0.000983 0.000983 0.000983 0.000983 0.000982 0.000979 0.000972 0.000956 0.000920 0.000850 0.000728 0.000541 0.000291 0.000000 
50.000000 36.232746 24.099532 14.655320 8.137192 4.127743 1.916783 0.817165 0.320953 0.116614 0.039413 0.012520 0.003841 0.001236 0.000506 0.000315 0.000267 0.000256 0.000254 0.000253 0.000253 0.000253 0.000253 0.000253 0.000253 0.000253 0.000253 0.000253 0.000253 0.000253 0.000253 0.000253 0.000253 0.000253 0.000253 0.000253 0.000253 0.000253 0.000253 0.000253 0.000253 0.000252 0.000250 0.000246 0.000237 0.000218 0.000187 0.000139 0.000074 0.000000 
50.000000 36.232692 24.099432 14.655183 8.137031 4.127566 1.916598 0.816977 0.320762 0.116423 0.039222 0.012328 0.003650 0.001045 0.000315 0.000123 0.000075 0.000064 0.000062 0.000062 0.000061 0.000061 0.000061 0.000061 0.000061 0.000061 0.000061 0.000061 0.000061 0.000061 0.000061 0.000061 0.000061 0.000061 0.000061 0.000061 0.000061 0.000061 0.000061 0.000061 0.000061 0.000061 0.000061 0.000060 0.000057 0.000053 0.000045 0.000034 0.000018 0.000000 
50.000000 36.232679 24.099407 14.655150 8.136991 4.127523 1.916553 0.816930 0.320715 0.116376 0.039174 0.012280 0.003602 0.000997 0.000267 0.000075 0.000028 0.000017 0.000015 0.000014 0.000014 0.000014 0.000014 0.000014 0.000014 0.000014 0.000014 0.000014 0.000014 0.000014 0.000014 0.000014 0.000014 0.000014 0.000014 0.000014 0.000014 0.000014 0.000014 0.000014 0.000014 0.000014 0.000014 0.000014 0.000013 0.000012 0.000010 0.000008 0.000004 0.000000 
50.000000 36.232676 24.099401 14.655142 8.136982 4.127513 1.916542 0.816919 0.320704 0.116365 0.039163 0.012269 0.003591 0.000986 0.000256 0.000064 0.000017 0.000006 0.000004 0.000003 0.000003 0.000003 0.000003 0.000003 0.000003 0.000003 0.000003 0.000003 0.000003 0.000003 0.000003 0.000003 0.000003 0.000003 0.000003 0.000003 0.000003 0.000003 0.000003 0.000003 0.000003 0.000003 0.000003 0.000003 0.000003 0.000003 0.000002 0.000002 0.000001 0.000000 
50.000000 36.232676 24.099400 14.655140 8.136980 4.127510 1.916540 0.816917 0.320701 0.116362 0.039161 0.012267 0.003589 0.000984 0.000254 0.000062 0.000015 0.000004 0.000001 0.000001 0.000001 0.000001 0.000001 0.000001 0.000001 0.000001 0.000001 0.000001 0.000001 0.000001 0.000001 0.000001 0.000001 0.000001 0.000001 0.000001 0.000001 0.000001 0.000001 0.000001 0.000001 0.000001 0.000001 0.000001 0.000001 0.000001 0.000000 0.000000 0.000000 0.000000 
50.000000 36.232675 24.099400 14.655140 8.136979 4.127510 1.916539 0.816916 0.320701 0.116362 0.039161 0.012267 0.003588 0.000983 0.000253 0.000062 0.000014 0.000003 0.000001 0.000000 0.000000 0.000000 0.000000 0.000000 0.000000 0.000000 0.000000 0.000000 0.000000 0.000000 0.000000 0.000000 0.000000 0.000000 0.000000 0.000000 0.000000 0.000000 0.000000 0.000000 0.000000 0.000000 0.000000 0.000000 0.000000 0.000000 0.000000 0.000000 0.000000 0.000000 
50.000000 36.232675 24.099400 14.655140 8.136979 4.127510 1.916539 0.816916 0.320701 0.116362 0.039160 0.012266 0.003588 0.000983 0.000253 0.000061 0.000014 0.000003 0.000001 0.000000 0.000000 0.000000 0.000000 0.000000 0.000000 0.000000 0.000000 0.000000 0.000000 0.000000 0.000000 0.000000 0.000000 0.000000 0.000000 0.000000 0.000000 0.000000 0.000000 0.000000 0.000000 0.000000 0.000000 0.000000 0.000000 0.000000 0.000000 0.000000 0.000000 0.000000 
50.000000 36.232675 24.099400 14.655140 8.136979 4.127510 1.916539 0.816916 0.320701 0.116362 0.039160 0.012266 0.003588 0.000983 0.000253 0.000061 0.000014 0.000003 0.000001 0.000000 0.000000 0.000000 0.000000 0.000000 0.000000 0.000000 0.000000 0.000000 0.000000 0.000000 0.000000 0.000000 0.000000 0.000000 0.000000 0.000000 0.000000 0.000000 0.000000 0.000000 0.000000 0.000000 0.000000 0.000000 0.000000 0.000000 0.000000 0.000000 0.000000 0.000000 
50.000000 36.232675 24.099400 14.655140 8.136979 4.127510 1.916539 0.816916 0.320701 0.116362 0.039160 0.012266 0.003588 0.000983 0.000253 0.000061 0.000014 0.000003 0.000001 0.000000 0.000000 0.000000 0.000000 0.000000 0.000000 0.000000 0.000000 0.000000 0.000000 0.000000 0.000000 0.000000 0.000000 0.000000 0.000000 0.000000 0.000000 0.000000 0.000000 0.000000 0.000000 0.000000 0.000000 0.000000 0.000000 0.000000 0.000000 0.000000 0.000000 0.000000 
50.000000 36.232675 24.099400 14.655140 8.136979 4.127510 1.916539 0.816916 0.320701 0.116362 0.039160 0.012266 0.003588 0.000983 0.000253 0.000061 0.000014 0.000003 0.000001 0.000000 0.000000 0.000000 0.000000 0.000000 0.000000 0.000000 0.000000 0.000000 0.000000 0.000000 0.000000 0.000000 0.000000 0.000000 0.000000 0.000000 0.000000 0.000000 0.000000 0.000000 0.000000 0.000000 0.000000 0.000000 0.000000 0.000000 0.000000 0.000000 0.000000 0.000000 
50.000000 36.232675 24.099400 14.655140 8.136979 4.127510 1.916539 0.816916 0.320701 0.116362 0.039160 0.012266 0.003588 0.000983 0.000253 0.000061 0.000014 0.000003 0.000001 0.000000 0.000000 0.000000 0.000000 0.000000 0.000000 0.000000 0.000000 0.000000 0.000000 0.000000 0.000000 0.000000 0.000000 0.000000 0.000000 0.000000 0.000000 0.000000 0.000000 0.000000 0.000000 0.000000 0.000000 0.000000 0.000000 0.000000 0.000000 0.000000 0.000000 0.000000 
50.000000 36.232675 24.099400 14.655140 8.136979 4.127510 1.916539 0.816916 0.320701 0.116362 0.039160 0.012266 0.003588 0.000983 0.000253 0.000061 0.000014 0.000003 0.000001 0.000000 0.000000 0.000000 0.000000 0.000000 0.000000 0.000000 0.000000 0.000000 0.000000 0.000000 0.000000 0.000000 0.000000 0.000000 0.000000 0.000000 0.000000 0.000000 0.000000 0.000000 0.000000 0.000000 0.000000 0.000000 0.000000 0.000000 0.000000 0.000000 0.000000 0.000000 
50.000000 36.232675 24.099400 14.655140 8.136979 4.127510 1.916539 0.816916 0.320701 0.116362 0.039160 0.012266 0.003588 0.000983 0.000253 0.000061 0.000014 0.000003 0.000001 0.000000 0.000000 0.000000 0.000000 0.000000 0.000000 0.000000 0.000000 0.000000 0.000000 0.000000 0.000000 0.000000 0.000000 0.000000 0.000000 0.000000 0.000000 0.000000 0.000000 0.000000 0.000000 0.000000 0.000000 0.000000 0.000000 0.000000 0.000000 0.000000 0.000000 0.000000 
50.000000 36.232675 24.099400 14.655140 8.136979 4.127510 1.916539 0.816916 0.320701 0.116362 0.039160 0.012266 0.003588 0.000983 0.000253 0.000061 0.000014 0.000003 0.000001 0.000000 0.000000 0.000000 0.000000 0.000000 0.000000 0.000000 0.000000 0.000000 0.000000 0.000000 0.000000 0.000000 0.000000 0.000000 0.000000 0.000000 0.000000 0.000000 0.000000 0.000000 0.000000 0.000000 0.000000 0.000000 0.000000 0.000000 0.000000 0.000000 0.000000 0.000000 
50.000000 36.232675 24.099400 14.655140 8.136979 4.127510 1.916539 0.816916 0.320701 0.116362 0.039160 0.012266 0.003588 0.000983 0.000253 0.000061 0.000014 0.000003 0.000001 0.000000 0.000000 0.000000 0.000000 0.000000 0.000000 0.000000 0.000000 0.000000 0.000000 0.000000 0.000000 0.000000 0.000000 0.000000 0.000000 0.000000 0.000000 0.000000 0.000000 0.000000 0.000000 0.000000 0.000000 0.000000 0.000000 0.000000 0.000000 0.000000 0.000000 0.000000 
50.000000 36.232675 24.099400 14.655140 8.136979 4.127510 1.916539 0.816916 0.320701 0.116362 0.039160 0.012266 0.003588 0.000983 0.000253 0.000061 0.000014 0.000003 0.000001 0.000000 0.000000 0.000000 0.000000 0.000000 0.000000 0.000000 0.000000 0.000000 0.000000 0.000000 0.000000 0.000000 0.000000 0.000000 0.000000 0.000000 0.000000 0.000000 0.000000 0.000000 0.000000 0.000000 0.000000 0.000000 0.000000 0.000000 0.000000 0.000000 0.000000 0.000000 
50.000000 36.232675 24.099400 14.655140 8.136979 4.127510 1.916539 0.816916 0.320701 0.116362 0.039161 0.012267 0.003588 0.000983 0.000253 0.000062 0.000014 0.000003 0.000001 0.000000 0.000000 0.000000 0.000000 0.000000 0.000000 0.000000 0.000000 0.000000 0.000000 0.000000 0.000000 0.000000 0.000000 0.000000 0.000000 0.000000 0.000000 0.000000 0.000000 0.000000 0.000000 0.000000 0.000000 0.000000 0.000000 0.000000 0.000000 0.000000 0.000000 0.000000 
50.000000 36.232676 24.099400 14.655140 8.136980 4.127510 1.916540 0.816917 0.320701 0.116362 0.039161 0.012267 0.003589 0.000984 0.000254 0.000062 0.000015 0.000004 0.000001 0.000001 0.000001 0.000001 0.000001 0.000001 0.000001 0.000001 0.000001 0.000001 0.000001 0.000001 0.000001 0.000001 0.000001 0.000001 0.000001 0.000001 0.000001 0.000001 0.000001 0.000001 0.000001 0.000001 0.000001 0.000001 0.000001 0.000001 0.000000 0.000000 0.000000 0.000000 
50.000000 36.232676 24.099401 14.655142 8.136982 4.127513 1.916542 0.816919 0.320704 0.116365 0.039163 0.012269 0.003591 0.000986 0.000256 0.000064 0.000017 0.000006 0.000004 0.000003 0.000003 0.000003 0.000003 0.000003 0.000003 0.000003 0.000003 0.000003 0.000003 0.000003 0.000003 0.000003 0.000003 0.000003 0.000003 0.000003 0.000003 0.000003 0.000003 0.000003 0.000003 0.000003 0.000003 0.000003 0.000003 0.000003 0.000002 0.000002 0.000001 0.000000 
50.000000 36.232679 24.099407 14.655150 8.136991 4.127523 1.916553 0.816930 0.320715 0.116376 0.039174 0.012280 0.003602 0.000997 0.000267 0.000075 0.000028 0.000017 0.000015 0.000014 0.000014 0.000014 0.000014 0.000014 0.000014 0.000014 0.000014 0.000014 0.000014 0.000014 0.000014 0.000014 0.000014 0.000014 0.000014 0.000014 0.000014 0.000014 0.000014 0.000014 0.000014 0.000014 0.000014 0.000014 0.000013 0.000012 0.000010 0.000008 0.000004 0.000000 
50.000000 36.232692 24.099432 14.655183 8.137031 4.127566 1.916598 0.816977 0.320762 0.116423 0.039222 0.012328 0.003650 0.001045 0.000315 0.000123 0.000075 0.000064 0.000062 0.000062 0.000061 0.000061 0.000061 0.000061 0.000061 0.000061 0.000061 0.000061 0.000061 0.000061 0.000061 0.000061 0.000061 0.000061 0.000061 0.000061 0.000061 0.000061 0.000061 0.000061 0.000061 0.000061 0.000061 0.000060 0.000057 0.000053 0.000045 0.000034 0.000018 0.000000 
50.000000 36.232746 24.099532 14.655320 8.137192 4.127743 1.916783 0.817165 0.320953 0.116614 0.039413 0.012520 0.003841 0.001236 0.000506 0.000315 0.000267 0.000256 0.000254 0.000253 0.000253 0.000253 0.000253 0.000253 0.000253 0.000253 0.000253 0.000253 0.000253 0.000253 0.000253 0.000253 0.000253 0.000253 0.000253 0.000253 0.000253 0.000253 0.000253 0.000253 0.000253 0.000252 0.000250 0.000246 0.000237 0.000218 0.000187 0.000139 0.000074 0.000000 
50.000000 36.232949 24.099913 14.655839 8.137806 4.128415 1.917486 0.817884 0.321678 0.117343 0.040143 0.013249 0.004571 0.001966 0.001236 0.001045 0.000997 0.000986 0.000984 0.000983 0.000983 0.000983 0.000983 0.000983 0.000983 0.000983 0.000983 0.000983 0.000983 0.000983 0.000983 0.000983 0.000983 0.000983 0.000983 0.000983 0.000983 0.000983 0.000983 0.000983 0.000982 0.000979 0.000972 0.000956 0.000920 0.000850 0.000728 0.000541 0.000291 0.000000 
50.000000 36.233671 24.101271 14.657690 8.139996 4.130810 1.919995 0.820448 0.324267 0.119942 0.042746 0.015854 0.007176 0.004571 0.003841 0.003650 0.003602 0.003591 0.003589 0.003588 0.003588 0.003588 0.003588 0.003588 0.003588 0.003588 0.003588 0.003588 0.003588 0.003588 0.003588 0.003588 0.003588 0.003588 0.003588 0.003588 0.003588 0.003588 0.003588 0.003587 0.003583 0.003574 0.003550 0.003491 0.003362 0.003109 0.002666 0.001984 0.001067 0.000000 
50.000000 36.236077 24.105793 14.663854 8.147286 4.138790 1.928352 0.828991 0.332893 0.128601 0.051418 0.024530 0.015854 0.013249 0.012520 0.012328 0.012280 0.012269 0.012267 0.012267 0.012266 0.012266 0.012266 0.012266 0.012266 0.012266 0.012266 0.012266 0.012266 0.012266 0.012266 0.012266 0.012266 0.012266 0.012266 0.012266 0.012266 0.012266 0.012265 0.012262 0.012251 0.012221 0.012140 0.011943 0.011511 0.010658 0.009156 0.006826 0.003675 0.000000 
50.000000 36.243525 24.119795 14.682941 8.169869 4.163510 1.954243 0.855461 0.359622 0.155436 0.078292 0.051418 0.042746 0.040143 0.039413 0.039222 0.039174 0.039163 0.039161 0.039161 0.039160 0.039160 0.039160 0.039160 0.039160 0.039160 0.039160 0.039160 0.039160 0.039160 0.039160 0.039160 0.039160 0.039160 0.039160 0.039160 0.039160 0.039159 0.039156 0.039146 0.039114 0.039021 0.038773 0.038166 0.036823 0.034147 0.029397 0.021967 0.011851 0.000000 
50.000000 36.264884 24.159954 14.737697 8.234662 4.234450 2.028554 0.931438 0.436346 0.232465 0.155436 0.128601 0.119942 0.117343 0.116614 0.116423 0.116376 0.116365 0.116362 0.116362 0.116362 0.116362 0.116362 0.116362 0.116362 0.116362 0.116362 0.116362 0.116362 0.116362 0.116362 0.116362 0.116362 0.116362 0.116362 0.116362 0.116361 0.116359 0.116350 0.116322 0.116233 0.115972 0.115271 0.113545 0.109688 0.101923 0.087987 0.065953 0.035673 0.000000 
50.000000 36.321367 24.266164 14.882535 8.406082 4.422161 2.225209 1.132519 0.639413 0.436346 0.359622 0.332893 0.324267 0.321678 0.320953 0.320762 0.320715 0.320704 0.320701 0.320701 0.320701 0.320701 0.320701 0.320701 0.320701 0.320701 0.320701 0.320701 0.320701 0.320701 0.320701 0.320701 0.320701 0.320701 0.320701 0.320700 0.320699 0.320693 0.320672 0.320601 0.320374 0.319706 0.317896 0.313399 0.303230 0.282496 0.244758 0.184236 0.100013 0.000000 
50.000000 36.458413 24.523892 15.234050 8.822178 4.877867 2.702684 1.620778 1.132519 0.931438 0.855461 0.828991 0.820448 0.817884 0.817165 0.816977 0.816930 0.816919 0.816917 0.816916 0.816916 0.816916 0.816916 0.816916 0.816916 0.816916 0.816916 0.816916 0.816916 0.816916 0.816916 0.816916 0.816916 0.816916 0.816916 0.816915 0.816912 0.816899 0.816851 0.816688 0.816167 0.814622 0.810389 0.799743 0.775335 0.724747 0.630989 0.477736 0.260704 0.000000 
50.000000 36.761867 25.094622 16.012580 9.743885 5.887458 3.760615 2.702684 2.225209 2.028554 1.954243 1.928352 1.919995 1.917486 1.916783 1.916598 1.916553 1.916542 1.916540 1.916539 1.916539 1.916539 1.916539 1.916539 1.916539 1.916539 1.916539 1.916539 1.916539 1.916539 1.916539 1.916539 1.916539 1.916539 1.916539 1.916537 1.916531 1.916505 1.916409 1.916077 1.915009 1.911810 1.902940 1.880308 1.827504 1.715781 1.503731 1.148017 0.631477 0.000000 
50.000000 37.371565 26.241438 17.577147 11.596447 7.916919 5.887458 4.877867 4.422161 4.234450 4.163510 4.138790 4.130810 4.128415 4.127743 4.127566 4.127523 4.127513 4.127510 4.127510 4.127510 4.127510 4.127510 4.127510 4.127510 4.127510 4.127510 4.127510 4.127510 4.127510 4.127510 4.127510 4.127510 4.127510 4.127509 4.127506 4.127495 4.127449 4.127279 4.126687 4.124763 4.118931 4.102532 4.059955 3.958459 3.737998 3.306176 2.555207 1.423433 0.000000 
50.000000 38.476506 28.319949 20.413125 14.954871 11.596447 9.743885 8.822178 8.406082 8.234662 8.169869 8.147286 8.139996 8.137806 8.137192 8.137031 8.136991 8.136982 8.136980 8.136979 8.136979 8.136979 8.136979 8.136979 8.136979 8.136979 8.136979 8.136979 8.136979 8.136979 8.136979 8.136979 8.136979 8.136979 8.136978 8.136974 8.136956 8.136887 8.136628 8.135721 8.132739 8.123587 8.097431 8.028104 7.858450 7.477435 6.699179 5.274897 3.002290 0.000000 
50.000000 40.271815 31.697352 25.021794 20.413125 17.577147 16.012580 15.234050 14.882535 14.737697 14.682941 14.663854 14.657690 14.655839 14.655320 14.655183 14.655150 14.655142 14.655140 14.655140 14.655140 14.655140 14.655140 14.655140 14.655140 14.655140 14.655140 14.655140 14.655140 14.655140 14.655140 14.655140 14.655140 14.655139 14.655138 14.655133 14.655111 14.655024 14.654698 14.653544 14.649710 14.637778 14.603061 14.508849 14.270971 13.713947 12.510897 10.141803 6.001201 0.000000 
50.000000 42.871944 36.589074 31.697352 28.319949 26.241438 25.094622 24.523892 24.266164 24.159954 24.119795 24.105793 24.101271 24.099913 24.099532 24.099432 24.099407 24.099401 24.099400 24.099400 24.099400 24.099400 24.099400 24.099400 24.099400 24.099400 24.099400 24.099400 24.099400 24.099400 24.099400 24.099400 24.099399 24.099399 24.099398 24.099393 24.099372 24.099287 24.098968 24.097828 24.094001 24.081929 24.046156 23.946606 23.686231 23.045053 21.555549 18.294537 11.665528 0.000000 
50.000000 46.211393 42.871944 40.271815 38.476506 37.371565 36.761867 36.458413 36.321367 36.264884 36.243525 36.236077 36.233671 36.232949 36.232746 36.232692 36.232679 36.232676 36.232676 36.232675 36.232675 36.232675 36.232675 36.232675 36.232675 36.232675 36.232675 36.232675 36.232675 36.232675 36.232675 36.232675 36.232675 36.232675 36.232674 36.232671 36.232658 36.232605 36.232402 36.231674 36.229211 36.221355 36.197709 36.130390 35.948132 35.474215 34.270615 31.206416 23.105697 0.000000 
50.000000 50.000000 50.000000 50.000000 50.000000 50.000000 50.000000 50.000000 50.000000 50.000000 50.000000 50.000000 50.000000 50.000000 50.000000 50.000000 50.000000 50.000000 50.000000 50.000000 50.000000 50.000000 50.000000 50.000000 50.000000 50.000000 50.000000 50.000000 50.000000 50.000000 50.000000 50.000000 50.000000 50.000000 50.000000 50.000000 50.000000 50.000000 50.000000 50.000000 50.000000 50.000000 50.000000 50.000000 50.000000 50.000000 50.000000 50.000000 50.000000 50.000000 
