50.000000 50.000000 50.000000 50.000000 50.000000 50.000000 50.000000 50.000000 50.000000 50.000000 50.000000 50.000000 50.000000 50.000000 50.000000 50.000000 50.000000 50.000000 50.000000 50.000000 50.000000 50.000000 50.000000 50.000000 50.000000 50.000000 50.000000 50.000000 50.000000 50.000000 50.000000 50.000000 50.000000 50.000000 50.000000 50.000000 50.000000 50.000000 50.000000 50.000000 50.000000 50.000000 50.000000 50.000000 50.000000 50.000000 50.000000 50.000000 50.000000 50.000000 
50.000000 49.681538 49.366262 49.057261 48.757439 48.469431 48.195536 47.937665 47.697302 47.475493 47.272845 47.089543 46.925389 46.779836 46.652049 46.540961 46.445326 46.363781 46.294894 46.237214 46.189305 46.149779 46.117309 46.090646 46.068616 46.050115 46.034087 46.019505 46.005332 45.990482 45.973758 45.953791 45.928943 45.897199 45.856004 45.802060 45.731017 45.637038 45.512117 45.345022 45.119526 44.811346 44.382503 43.770218 42.863209 41.446221 39.056048 34.564986 24.840776 0.000000 
50.000000 49.366263 48.738865 48.123955 47.527311 46.954177 46.409128 45.895966 45.417645 44.976247 44.572979 44.208211 43.881545 43.591896 43.337604 43.116541 42.926231 42.763960 42.626882 42.512109 42.416785 42.338146 42.273559 42.220540 42.176758 42.140022 42.108241 42.079385 42.051412 42.022182 41.989358 41.950265 41.901724 41.839833 41.759680 41.654947 41.517361 41.335902 41.095618 40.775795 40.347039 39.766424 38.969105 37.853230 36.251722 33.878066 30.222422 24.369465 14.801307 0.000000 
50.000000 49.057266 48.123961 47.209233 46.321677 45.469095 44.658292 43.894922 43.183383 42.526769 41.926876 41.384256 40.898316 40.467443 40.089167 39.760323 39.477229 39.235849 39.031950 38.861237 38.719468 38.602533 38.506522 38.427749 38.362759 38.308307 38.261310 38.218778 38.177720 38.135020 38.087289 38.030677 37.960639 37.871635 37.756744 37.607139 37.411387 37.154440 36.816200 36.369381 35.776262 34.983658 33.914958 32.457473 30.442573 27.616403 23.604701 17.901641 10.001265 0.000000 
50.000000 48.757451 47.527331 46.321696 45.151874 44.028149 42.959490 41.953348 41.015522 40.150088 39.359416 38.644231 38.003752 37.435855 36.937283 36.503867 36.130755 35.812629 35.543912 35.318949 35.132152 34.978113 34.851689 34.748038 34.662627 34.591209 34.529764 34.474408 34.421279 34.366384 34.305414 34.233518 34.145019 34.033065 33.889185 33.702700 33.459958 33.143286 32.729542 32.188084 31.477891 30.543473 29.309123 27.671203 25.488854 22.576121 18.705534 13.649412 7.311300 0.000000 
50.000000 48.469458 46.954225 45.469152 44.028194 42.644016 41.327668 40.088328 38.933137 37.867118 36.893189 36.012245 35.223323 34.523808 33.909689 33.375832 32.916261 32.524430 32.193474 31.916432 31.686428 31.496816 31.341274 31.213863 31.109032 31.021596 30.946662 30.879537 30.815582 30.750046 30.677853 30.593350 30.490000 30.360005 30.193844 29.979685 29.702641 29.343802 28.878966 28.276986 27.497619 26.488808 25.183488 23.496393 21.322369 18.539836 15.026911 10.702707 5.606345 0.000000 
50.000000 48.195588 46.409224 44.658418 42.959620 41.327762 39.775872 38.314771 36.952876 35.696111 34.547913 33.509342 32.579259 31.754585 31.030591 30.401228 29.859451 29.397547 29.007430 28.680900 28.409862 28.186499 28.003380 27.853533 27.730459 27.628106 27.540793 27.463099 27.389718 27.315268 27.234070 27.139880 27.025575 26.882777 26.701407 26.469139 26.170737 25.787250 25.295023 24.664515 23.858952 22.832914 21.531187 19.888603 17.832313 15.289078 12.201394 8.556273 4.425503 0.000000 
50.000000 47.937756 45.896140 43.895162 41.953623 40.088591 38.314954 36.645078 35.088585 33.652245 32.339987 31.153021 30.090048 29.147549 28.320122 27.600854 26.981699 26.453846 26.008061 25.634982 25.325374 25.070320 24.861359 24.690562 24.550558 24.434505 24.336015 24.249039 24.167708 24.086141 23.998215 23.897300 23.775946 23.625531 23.435850 23.194641 22.887041 22.494967 21.996424 21.364788 20.568140 19.568842 18.323719 16.785470 14.906335 12.645381 9.980812 6.927417 3.555438 0.000000 
50.000000 47.697455 45.417943 43.183803 41.016030 38.933679 36.953372 35.088918 33.351060 31.747356 30.282195 28.956928 27.770105 26.717797 25.793977 24.990927 24.299670 23.710373 23.212735 22.796315 22.450821 22.166321 21.933402 21.743259 21.587728 21.459259 21.350845 21.255898 21.168094 21.081178 20.988733 20.883922 20.759197 20.605976 20.414277 20.172337 19.866181 19.479195 18.991697 18.380597 17.619226 16.677550 15.523037 14.122647 12.446491 10.473740 8.200976 5.652048 2.886368 0.000000 
50.000000 47.475742 44.976734 42.527468 40.150959 37.868099 35.697109 33.653129 31.747935 29.989815 28.383580 26.930712 25.629621 24.476005 23.463254 22.582914 21.825147 21.179180 20.633729 20.177366 19.798824 19.487244 19.232347 19.024534 18.854928 18.715355 18.598270 18.496638 18.403779 18.313171 18.218237 18.112088 17.987264 17.835439 17.647118 17.411331 17.115319 16.744264 16.281070 15.706288 14.998270 14.133704 13.088746 11.841006 10.372639 8.674677 6.752354 4.630435 2.356579 0.000000 
50.000000 47.273237 44.573750 41.927996 39.360837 36.894839 34.549688 32.341736 30.283706 28.384550 26.649465 25.080053 23.674600 22.428456 21.334487 20.383564 19.565063 18.867357 18.278267 17.785463 17.376799 17.040574 16.765726 16.541948 16.359730 16.210352 16.085812 15.978710 15.882097 15.789284 15.693638 15.588343 15.466163 15.319187 15.138579 14.914335 14.635077 14.287891 13.858270 13.330197 12.686472 11.909375 10.981792 9.888942 8.620774 7.174971 5.560220 3.799001 1.928731 0.000000 
50.000000 47.090149 44.209406 41.386004 38.646474 36.014899 33.512285 31.156084 28.959873 26.933205 25.081627 23.406849 21.907043 20.577249 19.409857 18.395128 17.521731 16.777267 16.148752 15.623042 15.187202 14.828778 14.536011 14.297961 14.104569 13.946641 13.815793 13.704333 13.605119 13.511374 13.416491 13.313820 13.196445 13.056966 12.887297 12.678480 12.420550 12.102460 11.712116 11.236555 10.662332 9.976181 9.166017 8.222328 7.139938 5.920022 4.572066 3.115274 1.578769 0.000000 
50.000000 46.926306 43.883359 40.900983 38.007202 35.227454 32.583930 30.095065 27.775198 25.634423 23.678600 21.909534 20.325296 18.920650 17.687559 16.615741 15.693232 14.906944 14.243173 13.688057 13.227951 12.849739 12.541044 12.290375 12.087192 11.921900 11.785798 11.670967 11.570133 11.476493 11.383531 11.284818 11.173815 11.043684 10.887118 10.696207 10.462342 10.176209 9.827862 9.406945 8.903072 8.306425 7.608582 6.803587 5.889208 4.868258 3.749753 2.549580 1.290325 0.000000 
50.000000 46.781206 43.594610 40.471444 37.441056 34.530087 31.761772 29.155418 26.726043 24.484215 22.436072 20.583507 18.924499 17.453568 16.162300 15.039931 14.073940 13.250630 12.555663 11.974537 11.492993 11.097325 10.774622 10.512913 10.301245 10.129687 9.989278 9.871925 9.770273 9.677540 9.587338 9.493496 9.389876 9.270210 9.127956 8.956194 8.747568 8.494305 8.188309 7.821383 7.385573 6.873670 6.279867 5.600557 4.835212 3.987232 3.064625 2.080284 1.051703 0.000000 
50.000000 46.654068 43.341607 40.095082 36.945000 33.919053 31.041397 28.332100 25.806774 23.476405 21.347374 19.421648 17.697130 16.168124 14.825887 13.659234 12.655155 11.799422 11.077142 10.473259 9.972973 9.562073 9.227182 8.955919 8.736980 8.560152 8.416266 8.297102 8.195260 8.104007 8.017111 7.928670 7.832947 7.724222 7.596671 7.444280 7.260807 7.039808 6.774742 6.459159 6.087000 5.653000 5.153192 4.585485 3.950275 3.250983 2.494445 1.690996 0.854178 0.000000 
50.000000 46.543901 43.122375 39.768956 36.515157 33.389581 30.417180 27.618682 25.010213 22.603122 20.404001 18.414883 16.633602 15.054276 13.667878 12.462859 11.425786 10.541971 9.796043 9.172468 8.655981 8.231935 7.886557 7.607116 7.382015 7.200809 7.054162 6.933761 6.832191 6.742789 6.659484 6.576642 6.488907 6.391069 6.277954 6.144350 5.984979 5.794522 5.567710 5.299487 4.985249 4.621160 4.204526 3.734218 3.211076 2.638258 2.021452 1.368872 0.690992 0.000000 
50.000000 46.449562 42.934641 39.489686 36.147071 32.936179 29.882645 27.007762 24.328096 21.855308 19.596168 17.552767 15.722880 14.100467 12.676257 11.438390 10.373072 9.465222 8.699060 8.058645 7.528317 7.093058 6.738761 6.452402 6.222140 6.037339 5.888535 5.767348 5.666365 5.579004 5.499357 5.422039 5.342044 5.254622 5.155169 5.039169 4.902158 4.739748 4.547699 4.322045 4.059289 3.756632 3.412256 3.025617 2.597721 2.131342 1.631129 1.103569 0.556758 0.000000 
50.000000 46.369822 42.775958 39.253633 35.835947 32.552943 29.430831 26.491384 23.751541 21.223223 18.913353 16.824070 14.953102 13.294273 11.838106 10.572479 9.483294 8.555137 7.771887 7.117256 6.575255 6.130556 5.768771 5.476633 5.242101 5.054388 4.903926 4.782290 4.682085 4.596810 4.520706 4.448621 4.375859 4.298069 4.211142 4.111146 3.994293 3.856953 3.695701 3.507422 3.289443 3.039717 2.757018 2.441147 2.093118 1.715287 1.311413 0.886592 0.447082 0.000000 
50.000000 46.303428 42.643834 39.057088 35.576894 32.233848 29.054637 26.061432 23.271483 20.696930 18.344822 16.217338 14.312165 12.623017 11.140245 9.851508 8.742456 7.797399 6.999931 6.333479 5.781780 5.329249 4.961269 4.664374 4.426360 4.236318 4.084604 3.962762 3.863421 3.780155 3.707346 3.640041 3.573817 3.504660 3.428876 3.343017 3.243847 3.128340 2.993712 2.837495 2.657634 2.452616 2.221611 1.964613 1.682561 1.377418 1.052194 0.710886 0.358336 0.000000 
50.000000 46.249158 42.535837 38.896433 35.365147 31.973022 28.747138 25.709992 22.879088 20.266742 17.880110 15.721402 13.788271 12.074342 10.569825 9.262202 8.136915 7.178050 6.368968 5.692866 5.133255 4.674345 4.301331 4.000588 3.759783 3.567911 3.415268 3.293382 3.194906 3.113484 3.043619 2.980529 2.920017 2.858354 2.792184 2.718450 2.634356 2.537351 2.425146 2.295761 2.147595 1.979514 1.790948 1.581990 1.353469 1.107002 0.844992 0.570576 0.287510 0.000000 
50.000000 46.205871 42.449696 38.768292 35.196254 31.764983 28.501873 25.429680 22.566109 19.923620 17.509451 15.325839 13.370410 11.636716 10.114857 8.792172 7.653939 6.684065 5.865726 5.181935 4.616025 4.152043 3.775035 3.471253 3.228260 3.034980 2.881664 2.759831 2.662156 2.582345 2.515002 2.455487 2.399786 2.344398 2.286237 2.222556 2.150900 2.069083 1.975191 1.867605 1.745054 1.606667 1.452047 1.281325 1.095220 0.895056 0.682756 0.460799 0.232123 0.000000 
50.000000 46.172552 42.383393 38.669661 35.066255 31.604853 28.313089 25.213920 22.325205 19.659515 17.224151 15.021370 13.048779 11.299872 9.764666 8.430389 7.282193 6.303848 5.478388 4.788684 4.217934 3.750058 3.369991 3.063888 2.819238 2.624907 2.471119 2.349383 2.252398 2.173919 2.108630 2.052002 2.000167 1.949799 1.898019 1.842315 1.780490 1.710629 1.631092 1.540526 1.437888 1.322491 1.194044 1.052692 0.899049 0.734209 0.559732 0.377604 0.190163 0.000000 
50.000000 46.148348 42.335226 38.598008 34.971815 31.488524 28.175945 25.057178 22.150197 19.467652 17.016892 14.800185 12.815127 11.055170 9.510268 8.167570 7.012138 6.027641 5.197010 4.503014 3.928752 3.458054 3.075773 2.767995 2.522156 2.327083 2.172977 2.051346 1.954904 1.877446 1.813714 1.759263 1.710329 1.663716 1.616694 1.566921 1.512382 1.451355 1.382391 1.304319 1.216253 1.117626 1.008213 0.888156 0.757988 0.618631 0.471384 0.317886 0.160052 0.000000 
50.000000 46.132592 42.303871 38.551366 34.910339 31.412800 28.086670 24.955146 22.036275 19.342759 16.881976 14.656205 12.663031 10.895880 9.344667 7.996489 6.836347 5.847847 5.013851 4.317062 3.740516 3.267984 2.884266 2.575404 2.328798 2.133251 1.978951 1.857404 1.761336 1.684568 1.621880 1.568883 1.521882 1.477765 1.433898 1.388048 1.338318 1.283110 1.221095 1.151214 1.072682 0.985002 0.887985 0.781770 0.666831 0.543978 0.414343 0.279341 0.140621 0.000000 
50.000000 46.124829 42.288424 38.528387 34.880052 31.375493 28.042687 24.904878 21.980150 19.281228 16.815507 14.585270 12.588097 10.817403 9.263081 7.912203 6.749741 5.759268 4.923615 4.225450 3.647781 3.174345 2.789920 2.480526 2.233545 2.037767 1.883375 1.761875 1.665997 1.589576 1.527412 1.475143 1.429107 1.386234 1.343939 1.300040 1.252700 1.200378 1.141806 1.075978 1.002157 0.919878 0.828970 0.729568 0.622117 0.507371 0.386379 0.260448 0.131098 0.000000 
50.000000 46.124829 42.288424 38.528387 34.880052 31.375493 28.042687 24.904878 21.980150 19.281228 16.815507 14.585270 12.588097 10.817403 9.263081 7.912203 6.749741 5.759268 4.923615 4.225450 3.647781 3.174345 2.789920 2.480526 2.233545 2.037767 1.883375 1.761875 1.665997 1.589576 1.527412 1.475143 1.429107 1.386234 1.343939 1.300040 1.252700 1.200378 1.141806 1.075978 1.002157 0.919878 0.828970 0.729568 0.622117 0.507371 0.386379 0.260448 0.131098 0.000000 
50.000000 46.132592 42.303871 38.551366 34.910339 31.412800 28.086670 24.955146 22.036275 19.342759 16.881976 14.656205 12.663031 10.895880 9.344667 7.996489 6.836347 5.847847 5.013851 4.317062 3.740516 3.267984 2.884266 2.575404 2.328798 2.133251 1.978951 1.857404 1.761336 1.684568 1.621880 1.568883 1.521882 1.477765 1.433898 1.388048 1.338318 1.283110 1.221095 1.151214 1.072682 0.985002 0.887985 0.781770 0.666831 0.543978 0.414343 0.279341 0.140621 0.000000 
50.000000 46.148348 42.335226 38.598008 34.971815 31.488524 28.175945 25.057178 22.150197 19.467652 17.016892 14.800185 12.815127 11.055170 9.510268 8.167570 7.012138 6.027641 5.197010 4.503014 3.928752 3.458054 3.075773 2.767995 2.522156 2.327083 2.172977 2.051346 1.954904 1.877446 1.813714 1.759263 1.710329 1.663716 1.616694 1.566921 1.512382 1.451355 1.382391 1.304319 1.216253 1.117626 1.008213 0.888156 0.757988 0.618631 0.471384 0.317886 0.160052 0.000000 
50.000000 46.172552 42.383393 38.669661 35.066255 31.604853 28.313089 25.213920 22.325205 19.659515 17.224151 15.021370 13.048779 11.299872 9.764666 8.430389 7.282193 6.303848 5.478388 4.788684 4.217934 3.750058 3.369991 3.063888 2.819238 2.624907 2.471119 2.349383 2.252398 2.173919 2.108630 2.052002 2.000167 1.949799 1.898019 1.842315 1.780490 1.710629 1.631092 1.540526 1.437888 1.322491 1.194044 1.052692 0.899049 0.734209 0.559732 0.377604 0.190163 0.000000 
50.000000 46.205871 42.449696 38.768292 35.196254 31.764983 28.501873 25.429680 22.566109 19.923620 17.509451 15.325839 13.370410 11.636716 10.114857 8.792172 7.653939 6.684065 5.865726 5.181935 4.616025 4.152043 3.775035 3.471253 3.228260 3.034980 2.881664 2.759831 2.662156 2.582345 2.515002 2.455487 2.399786 2.344398 2.286237 2.222556 2.150900 2.069083 1.975191 1.867605 1.745054 1.606667 1.452047 1.281325 1.095220 0.895056 0.682756 0.460799 0.232123 0.000000 
50.000000 46.249158 42.535837 38.896433 35.365147 31.973022 28.747138 25.709992 22.879088 20.266742 17.880110 15.721402 13.788271 12.074342 10.569825 9.262202 8.136915 7.178050 6.368968 5.692866 5.133255 4.674345 4.301331 4.000588 3.759783 3.567911 3.415268 3.293382 3.194906 3.113484 3.043619 2.980529 2.920017 2.858354 2.792184 2.718450 2.634356 2.537351 2.425146 2.295761 2.147595 1.979514 1.790948 1.581990 1.353469 1.107002 0.844992 0.570576 0.287510 0.000000 
50.000000 46.303428 42.643834 39.057088 35.576894 32.233848 29.054637 26.061432 23.271483 20.696930 18.344822 16.217338 14.312165 12.623017 11.140245 9.851508 8.742456 7.797399 6.999931 6.333479 5.781780 5.329249 4.961269 4.664374 4.426360 4.236318 4.084604 3.962762 3.863421 3.780155 3.707346 3.640041 3.573817 3.504660 3.428876 3.343017 3.243847 3.128340 2.993712 2.837495 2.657634 2.452616 2.221611 1.964613 1.682561 1.377418 1.052194 0.710886 0.358336 0.000000 
50.000000 46.369822 42.775958 39.253633 35.835947 32.552943 29.430831 26.491384 23.751541 21.223223 18.913353 16.824070 14.953102 13.294273 11.838106 10.572479 9.483294 8.555137 7.771887 7.117256 6.575255 6.130556 5.768771 5.476633 5.242101 5.054388 4.903926 4.782290 4.682085 4.596810 4.520706 4.448621 4.375859 4.298069 4.211142 4.111146 3.994293 3.856953 3.695701 3.507422 3.289443 3.039717 2.757018 2.441147 2.093118 1.715287 1.311413 0.886592 0.447082 0.000000 
50.000000 46.449562 42.934641 39.489686 36.147071 32.936179 29.882645 27.007762 24.328096 21.855308 19.596168 17.552767 15.722880 14.100467 12.676257 11.438390 10.373072 9.465222 8.699060 8.058645 7.528317 7.093058 6.738761 6.452402 6.222140 6.037339 5.888535 5.767348 5.666365 5.579004 5.499357 5.422039 5.342044 5.254622 5.155169 5.039169 4.902158 4.739748 4.547699 4.322045 4.059289 3.756632 3.412256 3.025617 2.597721 2.131342 1.631129 1.103569 0.556758 0.000000 
50.000000 46.543901 43.122375 39.768956 36.515157 33.389581 30.417180 27.618682 25.010213 22.603122 20.404001 18.414883 16.633602 15.054276 13.667878 12.462859 11.425786 10.541971 9.796043 9.172468 8.655981 8.231935 7.886557 7.607116 7.382015 7.200809 7.054162 6.933761 6.832191 6.742789 6.659484 6.576642 6.488907 6.391069 6.277954 6.144350 5.984979 5.794522 5.567710 5.299487 4.985249 4.621160 4.204526 3.734218 3.211076 2.638258 2.021452 1.368872 0.690992 0.000000 
50.000000 46.654068 43.341607 40.095082 36.945000 33.919053 31.041397 28.332100 25.806774 23.476405 21.347374 19.421648 17.697130 16.168124 14.825887 13.659234 12.655155 11.799422 11.077142 10.473259 9.972973 9.562073 9.227182 8.955919 8.736980 8.560152 8.416266 8.297102 8.195260 8.104007 8.017111 7.928670 7.832947 7.724222 7.596671 7.444280 7.260807 7.039808 6.774742 6.459159 6.087000 5.653000 5.153192 4.585485 3.950275 3.250983 2.494445 1.690996 0.854178 0.000000 
50.000000 46.781206 43.594610 40.471444 37.441056 34.530087 31.761772 29.155418 26.726043 24.484215 22.436072 20.583507 18.924499 17.453568 16.162300 15.039931 14.073940 13.250630 12.555663 11.974537 11.492993 11.097325 10.774622 10.512913 10.301245 10.129687 9.989278 9.871925 9.770273 9.677540 9.587338 9.493496 9.389876 9.270210 9.127956 8.956194 8.747568 8.494305 8.188309 7.821383 7.385573 6.873670 6.279867 5.600557 4.835212 3.987232 3.064625 2.080284 1.051703 0.000000 
50.000000 46.926306 43.883359 40.900983 38.007202 35.227454 32.583930 30.095065 27.775198 25.634423 23.678600 21.909534 20.325296 18.920650 17.687559 16.615741 15.693232 14.906944 14.243173 13.688057 13.227951 12.849739 12.541044 12.290375 12.087192 11.921900 11.785798 11.670967 11.570133 11.476493 11.383531 11.284818 11.173815 11.043684 10.887118 10.696207 10.462342 10.176209 9.827862 9.406945 8.903072 8.306425 7.608582 6.803587 5.889208 4.868258 3.749753 2.549580 1.290325 0.000000 
50.000000 47.090149 44.209406 41.386004 38.646474 36.014899 33.512285 31.156084 28.959873 26.933205 25.081627 23.406849 21.907043 20.577249 19.409857 18.395128 17.521731 16.777267 16.148752 15.623042 15.187202 14.828778 14.536011 14.297961 14.104569 13.946641 13.815793 13.704333 13.605119 13.511374 13.416491 13.313820 13.196445 13.056966 12.887297 12.678480 12.420550 12.102460 11.712116 11.236555 10.662332 9.976181 9.166017 8.222328 7.139938 5.920022 4.572066 3.115274 1.578769 0.000000 
50.000000 47.273237 44.573750 41.927996 39.360837 36.894839 34.549688 32.341736 30.283706 28.384550 26.649465 25.080053 23.674600 22.428456 21.334487 20.383564 19.565063 18.867357 18.278267 17.785463 17.376799 17.040574 16.765726 16.541948 16.359730 16.210352 16.085812 15.978710 15.882097 15.789284 15.693638 15.588343 15.466163 15.319187 15.138579 14.914335 14.635077 14.287891 13.858270 13.330197 12.686472 11.909375 10.981792 9.888942 8.620774 7.174971 5.560220 3.799001 1.928731 0.000000 
50.000000 47.475742 44.976734 42.527468 40.150959 37.868099 35.697109 33.653129 31.747935 29.989815 28.383580 26.930712 25.629621 24.476005 23.463254 22.582914 21.825147 21.179180 20.633729 20.177366 19.798824 19.487244 19.232347 19.024534 18.854928 18.715355 18.598270 18.496638 18.403779 18.313171 18.218237 18.112088 17.987264 17.835439 17.647118 17.411331 17.115319 16.744264 16.281070 15.706288 14.998270 14.133704 13.088746 11.841006 10.372639 8.674677 6.752354 4.630435 2.356579 0.000000 
50.000000 47.697455 45.417943 43.183803 41.016030 38.933679 36.953372 35.088918 33.351060 31.747356 30.282195 28.956928 27.770105 26.717797 25.793977 24.990927 24.299670 23.710373 23.212735 22.796315 22.450821 22.166321 21.933402 21.743259 21.587728 21.459259 21.350845 21.255898 21.168094 21.081178 20.988733 20.883922 20.759197 20.605976 20.414277 20.172337 19.866181 19.479195 18.991697 18.380597 17.619226 16.677550 15.523037 14.122647 12.446491 10.473740 8.200976 5.652048 2.886368 0.000000 
50.000000 47.937756 45.896140 43.895162 41.953623 40.088591 38.314954 36.645078 35.088585 33.652245 32.339987 31.153021 30.090048 29.147549 28.320122 27.600854 26.981699 26.453846 26.008061 25.634982 25.325374 25.070320 24.861359 24.690562 24.550558 24.434505 24.336015 24.249039 24.167708 24.086141 23.998215 23.897300 23.775946 23.625531 23.435850 23.194641 22.887041 22.494967 21.996424 21.364788 20.568140 19.568842 18.323719 16.785470 14.906335 12.645381 9.980812 6.927417 3.555438 0.000000 
50.000000 48.195588 46.409224 44.658418 42.959620 41.327762 39.775872 38.314771 36.952876 35.696111 34.547913 33.509342 32.579259 31.754585 31.030591 30.401228 29.859451 29.397547 29.007430 28.680900 28.409862 28.186499 28.003380 27.853533 27.730459 27.628106 27.540793 27.463099 27.389718 27.315268 27.234070 27.139880 27.025575 26.882777 26.701407 26.469139 26.170737 25.787250 25.295023 24.664515 23.858952 22.832914 21.531187 19.888603 17.832313 15.289078 12.201394 8.556273 4.425503 0.000000 
50.000000 48.469458 46.954225 45.469152 44.028194 42.644016 41.327668 40.088328 38.933137 37.867118 36.893189 36.012245 35.223323 34.523808 33.909689 33.375832 32.916261 32.524430 32.193474 31.916432 31.686428 31.496816 31.341274 31.213863 31.109032 31.021596 30.946662 30.879537 30.815582 30.750046 30.677853 30.593350 30.490000 30.360005 30.193844 29.979685 29.702641 29.343802 28.878966 28.276986 27.497619 26.488808 25.183488 23.496393 21.322369 18.539836 15.026911 10.702707 5.606345 0.000000 
50.000000 48.757451 47.527331 46.321696 45.151874 44.028149 42.959490 41.953348 41.015522 40.150088 39.359416 38.644231 38.003752 37.435855 36.937283 36.503867 36.130755 35.812629 35.543912 35.318949 35.132152 34.978113 34.851689 34.748038 34.662627 34.591209 34.529764 34.474408 34.421279 34.366384 34.305414 34.233518 34.145019 34.033065 33.889185 33.702700 33.459958 33.143286 32.729542 32.188084 31.477891 30.543473 29.309123 27.671203 25.488854 22.576121 18.705534 13.649412 7.311300 0.000000 
50.000000 49.057266 48.123961 47.209233 46.321677 45.469095 44.658292 43.894922 43.183383 42.526769 41.926876 41.384256 40.898316 40.467443 40.089167 39.760323 39.477229 39.235849 39.031950 38.861237 38.719468 38.602533 38.506522 38.427749 38.362759 38.308307 38.261310 38.218778 38.177720 38.135020 38.087289 38.030677 37.960639 37.871635 37.756744 37.607139 37.411387 37.154440 36.816200 36.369381 35.776262 34.983658 33.914958 32.457473 30.442573 27.616403 23.604701 17.901641 10.001265 0.000000 
50.000000 49.366263 48.738865 48.123955 47.527311 46.954177 46.409128 45.895966 45.417645 44.976247 44.572979 44.208211 43.881545 43.591896 43.337604 43.116541 42.926231 42.763960 42.626882 42.512109 42.416785 42.338146 42.273559 42.220540 42.176758 42.140022 42.108241 42.079385 42.051412 42.022182 41.989358 41.950265 41.901724 41.839833 41.759680 41.654947 41.517361 41.335902 41.095618 40.775795 40.347039 39.766424 38.969105 37.853230 36.251722 33.878066 30.222422 24.369465 14.801307 0.000000 
50.000000 49.681538 49.366262 49.057261 48.757439 48.469431 48.195536 47.937665 47.697302 47.475493 47.272845 47.089543 46.925389 46.779836 46.652049 46.540961 46.445326 46.363781 46.294894 46.237214 46.189305 46.149779 46.117309 46.090646 46.068616 46.050115 46.034087 46.019505 46.005332 45.990482 45.973758 45.953791 45.928943 45.897199 45.856004 45.802060 45.731017 45.637038 45.512117 45.345022 45.119526 44.811346 44.382503 43.770218 42.863209 41.446221 39.056048 34.564986 24.840776 0.000000 
50.000000 50.000000 50.000000 50.000000 50.000000 50.000000 50.000000 50.000000 50.000000 50.000000 50.000000 50.000000 50.000000 50.000000 50.000000 50.000000 50.000000 50.000000 50.000000 50.000000 50.000000 50.000000 50.000000 50.000000 50.000000 50.000000 50.000000 50.000000 50.000000 50.000000 50.000000 50.000000 50.000000 50.000000 50.000000 50.000000 50.000000 50.000000 50.000000 50.000000 50.000000 50.000000 50.000000 50.000000 50.000000 50.000000 50.000000 50.000000 50.000000 50.000000 
