50.000000 50.000000 50.000000 50.000000 50.000000 50.000000 50.000000 50.000000 50.000000 50.000000 50.000000 50.000000 50.000000 50.000000 50.000000 50.000000 50.000000 50.000000 50.000000 50.000000 50.000000 50.000000 50.000000 50.000000 50.000000 50.000000 50.000000 50.000000 50.000000 50.000000 50.000000 50.000000 50.000000 50.000000 50.000000 50.000000 50.000000 50.000000 50.000000 50.000000 50.000000 50.000000 50.000000 50.000000 50.000000 50.000000 50.000000 50.000000 50.000000 50.000000 
50.000000 49.763773 49.529299 49.298291 49.072386 48.853109 48.641843 48.439802 48.248013 48.067298 47.898273 47.741342 47.596703 47.464359 47.344132 47.235680 47.138519 47.052043 46.975546 46.908241 46.849282 46.797776 46.752798 46.713398 46.678605 46.647422 46.618824 46.591736 46.565016 46.537419 46.507559 46.473845 46.434407 46.386991 46.328811 46.256352 46.165071 46.048963 45.899899 45.706561 45.452683 45.113996 44.652586 44.005788 43.062488 41.607645 39.178311 34.647073 24.881995 0.000000 
50.000000 49.529308 49.062109 48.601817 48.151692 47.714775 47.293819 46.891245 46.509097 46.149017 45.812229 45.499539 45.211343 44.947645 44.708093 44.492005 44.298417 44.126122 43.973715 43.839631 43.722184 43.619600 43.530038 43.451612 43.382391 43.320402 43.263611 43.209895 43.157002 43.102483 43.043616 42.977293 42.899872 42.806980 42.693246 42.551919 42.374345 42.149176 41.861208 41.489561 41.004765 40.363916 39.502296 38.318283 36.645129 34.196740 30.463785 24.531515 14.882678 0.000000 
50.000000 49.298330 48.601866 47.915698 47.244688 46.593366 45.965839 45.365714 44.796039 44.259262 43.757209 43.291079 42.861465 42.468374 42.111279 41.789168 41.500605 41.243792 41.016638 40.816813 40.641810 40.488991 40.355623 40.238904 40.135974 40.043915 39.959724 39.880278 39.802273 39.722134 39.635906 39.539098 39.426480 39.291817 39.127505 38.924086 38.669554 38.348382 37.940099 37.417169 36.741760 35.860720 34.697620 33.140108 31.020035 28.084166 23.958981 18.139503 10.120705 0.000000 
50.000000 49.072487 48.151855 47.244833 46.357849 45.496889 44.667384 43.874101 43.121070 42.411527 41.747885 41.131733 40.563850 40.044252 39.572242 39.146484 38.765083 38.425667 38.125475 37.861437 37.630248 37.428433 37.252396 37.098457 36.962866 36.841803 36.731356 36.627467 36.525864 36.421956 36.310692 36.186382 36.042456 35.871152 35.663111 35.406824 35.087897 34.688027 34.183584 33.543601 32.726908 31.678053 30.321564 28.554234 26.235827 23.181186 19.163803 13.957090 7.465795 0.000000 
50.000000 48.853318 47.715144 46.593797 45.497221 44.432820 43.407307 42.426577 41.495612 40.618412 39.797962 39.036226 38.334172 37.691818 37.108306 36.581988 36.110525 35.690992 35.319984 34.993714 34.708113 34.458904 34.241667 34.051886 33.884972 33.736265 33.601004 33.474285 33.350969 33.225576 33.092126 32.943943 32.773400 32.571592 32.327918 32.029535 31.660651 31.201591 30.627558 29.907005 28.999502 27.853036 26.400820 24.558102 22.220472 19.267310 15.577884 11.072623 5.792093 0.000000 
50.000000 48.642226 47.294526 45.966751 44.668307 43.407963 42.193667 41.032398 39.930057 38.891381 37.919907 37.017961 36.186689 35.426117 34.735232 34.112088 33.553921 33.057277 32.618133 32.232024 31.894149 31.599472 31.342795 31.118817 30.922169 30.747412 30.589023 30.441337 30.298465 30.154176 30.001737 29.833714 29.641718 29.416081 29.145469 28.816381 28.412529 27.914074 27.296665 26.530295 25.577966 24.394300 22.924396 21.103670 18.860119 16.121598 12.831918 8.979595 4.638066 0.000000 
50.000000 48.440448 46.892468 45.367373 43.875970 42.428329 41.033580 39.699741 38.433589 37.240567 36.124738 35.088776 34.134000 33.260443 32.466946 31.751280 31.110278 30.539983 30.035791 29.592592 29.204898 28.866957 28.572847 28.316539 28.091943 27.892919 27.713259 27.546638 27.386534 27.226105 27.058045 26.874382 26.666238 26.423545 26.134684 25.786075 25.361670 24.842386 24.205447 23.423697 22.464961 21.291635 19.860881 18.126035 16.040266 13.563843 10.676414 7.394426 3.789936 0.000000 
50.000000 48.249041 46.511075 44.798802 43.124358 41.499048 39.933122 38.435584 37.014044 35.674614 34.421856 33.258775 32.186856 31.206139 30.315328 29.511928 28.792395 28.152298 27.586488 27.089249 26.654453 26.275684 25.946347 25.659746 25.409139 25.187756 24.988790 24.805355 24.630407 24.456635 24.276322 24.081158 23.862030 23.608767 23.309842 22.952043 22.520100 21.996302 21.360107 20.587836 19.652532 18.524182 17.170607 15.559438 13.661775 11.458070 8.946451 6.152533 3.137673 0.000000 
50.000000 48.068869 46.152066 44.263603 42.416861 40.624310 38.897256 37.245630 35.677825 34.200584 32.818941 31.536212 30.354038 29.272468 28.290081 27.404132 26.610725 25.904989 25.281265 24.733278 24.254306 23.837322 23.475114 23.160381 22.885795 22.644033 22.427770 22.229652 22.042222 21.857826 21.668481 21.465716 21.240387 20.982461 20.680785 20.322832 19.894455 19.379654 18.760407 18.016628 17.126343 16.066251 14.812860 13.344473 11.644269 9.704614 7.532351 5.154089 2.619516 0.000000 
50.000000 47.900595 45.816769 43.763751 41.756091 39.807345 37.929806 36.134271 34.429864 32.823919 31.321908 29.927443 28.642309 27.466566 26.398676 25.435665 24.573311 23.806337 23.128613 22.533350 22.013281 21.560819 21.168197 20.827568 20.531086 20.270942 20.039377 19.828653 19.630999 19.438525 19.243109 19.036260 18.808962 18.551500 18.253284 17.902671 17.486813 16.991550 16.401391 15.699637 14.868733 13.890949 12.749513 11.430344 9.924430 8.230810 6.359812 4.335801 2.198266 0.000000 
50.000000 47.744690 45.506115 43.300637 41.143887 39.050427 37.033465 35.104599 33.273634 31.548448 29.934925 28.436944 27.056431 25.793455 24.646371 23.611998 22.685811 21.862164 21.134496 20.495548 19.937559 19.452436 19.031910 18.667651 18.351358 18.074806 17.829870 17.608509 17.402720 17.204471 17.005601 16.797707 16.572017 16.319253 16.029500 15.692094 15.295539 14.827487 14.274817 13.623845 12.860739 11.972200 10.946472 9.774728 8.452825 6.983293 5.377262 3.655825 1.850184 0.000000 
50.000000 47.601432 45.220662 42.875094 40.581348 38.354916 36.209842 34.158464 32.211211 30.376462 28.660479 27.067390 25.599248 24.256133 23.036305 21.936391 20.951596 20.075934 19.302457 18.623480 18.030794 17.515855 17.069949 16.684319 16.350266 16.059214 15.802736 15.572555 15.360510 15.158498 14.958397 14.751969 14.530761 14.285997 14.008492 13.688573 13.316061 12.880298 12.370275 11.774884 11.083323 10.285715 9.373939 8.342701 7.190778 5.922314 4.547942 3.085414 1.559368 0.000000 
50.000000 47.470928 44.960623 42.487434 40.068890 37.721324 35.459545 33.296563 31.243377 29.308824 27.499508 25.819786 24.271829 22.855726 21.569652 20.410063 19.371920 18.448932 17.633800 16.918460 16.294304 15.752385 15.283596 14.878807 14.528981 14.225241 13.958920 13.721560 13.504899 13.300820 13.101294 12.898300 12.683742 12.449377 12.186744 11.887131 11.541578 11.140940 10.676032 10.137877 9.518079 8.809338 8.006120 7.105443 6.107746 5.017718 3.844935 2.604101 1.314708 0.000000 
50.000000 47.353127 44.725896 42.137511 39.606317 37.149408 34.782286 32.518567 30.369762 28.345124 26.451566 24.693653 23.073660 21.591689 20.245839 19.032413 17.946153 16.980497 16.127836 15.379765 14.727326 14.161217 13.671986 13.250182 12.886476 12.571747 12.297130 12.054038 11.834149 11.629377 11.431820 11.233698 11.027291 10.804879 10.558697 10.280919 9.963678 9.599145 9.179666 8.697991 8.147595 7.523091 6.820745 6.039048 5.179311 4.246184 3.248002 2.196838 1.108153 0.000000 
50.000000 47.247848 44.516119 41.824782 39.192912 36.638285 34.177018 31.823270 29.589013 27.483869 25.515028 23.687242 22.002880 20.462056 19.062803 17.801287 16.672059 15.668317 14.782177 14.004938 13.327330 12.739745 12.232432 11.795663 11.419866 11.095714 10.814190 10.566612 10.344635 10.140230 9.945640 9.753339 9.555973 9.346319 9.117252 8.861741 8.572876 8.243940 7.868542 7.440808 6.955643 6.409058 5.798554 5.123528 4.385677 3.589314 2.741546 1.852235 0.933676 0.000000 
50.000000 47.154801 44.330716 41.548391 38.827543 36.186552 33.642079 31.208765 28.898987 26.722694 24.687323 22.797788 21.056545 19.463719 18.017283 16.713287 15.546113 14.508751 13.593076 12.790128 12.090370 11.483926 10.960790 10.511001 10.124780 9.792636 9.505430 9.254419 9.031256 8.827983 8.637001 8.451027 8.263055 8.066316 7.854260 7.620550 7.359089 7.064091 6.730186 6.352580 5.927259 5.451242 4.922861 4.342047 3.710592 3.032344 2.313286 1.561448 0.786642 0.000000 
50.000000 47.073620 44.168957 41.307245 38.508767 35.792425 33.175359 30.672627 28.296960 26.058593 23.965179 22.021775 20.230913 18.592725 17.105137 15.764097 14.563842 13.497180 12.555780 11.730461 11.011454 10.388658 9.851849 9.390869 8.995770 8.656926 8.365108 8.111530 7.887860 7.686223 7.499168 7.319645 7.140961 6.956756 6.760977 6.547882 6.312058 6.048478 5.752586 5.420425 5.048791 4.635421 4.179197 3.680338 3.140575 2.563257 1.953378 1.317474 0.663406 0.000000 
50.000000 47.003887 44.030010 41.100107 38.234946 35.453880 32.774458 30.212098 27.779836 25.488152 23.344883 21.355212 19.521732 17.844588 16.321663 14.948818 13.720167 12.628364 11.664904 10.820415 10.084937 9.448175 8.899726 8.429268 8.026714 7.682332 7.386823 7.131374 6.907681 6.707947 6.524865 6.351591 6.181712 6.009220 5.828488 5.634271 5.421716 5.186409 4.924436 4.632479 4.307934 3.949046 3.555048 3.126299 2.664385 2.172180 1.653837 1.114686 0.561058 0.000000 
50.000000 46.945164 43.913000 40.925673 38.004358 35.168788 32.436855 29.824282 27.344361 25.007780 22.822531 20.793900 18.924537 17.214594 15.661918 14.262302 13.009753 11.896800 10.914790 10.054195 9.304894 8.656434 8.098263 7.619925 7.211224 6.862341 6.563927 6.307155 6.083750 5.885989 5.706694 5.539202 5.377340 5.215395 5.048096 4.870603 4.678517 4.467908 4.235357 3.978033 3.693769 3.381162 3.039668 2.669692 2.272648 1.850982 1.408152 0.948529 0.477250 0.000000 
50.000000 46.897018 43.817065 40.782657 37.815302 34.935045 32.160060 29.506319 26.987324 24.613934 22.394266 20.333696 18.434916 16.698086 15.121025 13.699467 12.427337 11.297058 10.299860 9.426087 8.665487 8.007480 7.441396 6.956672 6.543024 6.190568 5.889917 5.632239 5.409287 5.213406 5.037526 4.875137 4.720263 4.567435 4.411668 4.248447 4.073728 3.883954 3.676087 3.447653 3.196803 2.922373 2.623957 2.301954 1.957606 1.592999 1.211030 0.815322 0.410096 0.000000 
50.000000 46.859047 43.741404 40.669864 37.666198 34.750697 31.941759 29.255550 26.705739 24.303318 22.056508 19.970748 18.048771 16.290738 14.694450 13.255593 11.968028 10.824094 9.814931 8.930782 8.161294 7.495789 6.923502 6.433791 6.016303 5.661106 5.358788 5.100514 4.878061 4.683833 4.510847 4.352717 4.203623 4.058287 3.911945 3.760333 3.599676 3.426699 3.238642 3.033292 2.809020 2.564827 2.300385 2.016065 1.712957 1.392857 1.058229 0.712128 0.358092 0.000000 
50.000000 46.830899 43.685318 40.586254 37.555672 34.614046 31.779939 29.069663 26.497009 24.073069 21.806139 19.701709 17.762537 15.988790 14.378251 12.926575 11.627571 10.473523 9.455498 8.563668 7.787606 7.116560 6.539698 6.046319 5.626021 5.268840 4.965342 4.706694 4.484695 4.291792 4.121069 3.966231 3.821576 3.681965 3.542799 3.399992 3.249965 3.089642 2.916458 2.728381 2.523932 2.302217 2.062949 1.806469 1.533745 1.246356 0.946449 0.636672 0.320077 0.000000 
50.000000 46.812297 43.648252 40.530997 37.482627 34.523735 31.672994 28.946812 26.359062 23.920901 21.640675 19.523906 17.573371 15.789239 14.169284 12.709137 11.402577 10.241846 9.217969 8.321068 7.540668 6.865968 6.286094 5.790305 5.368168 5.009696 4.705446 4.446584 4.224925 4.032944 3.863772 3.711174 3.569526 3.433781 3.299444 3.162550 3.019643 2.867776 2.704509 2.527921 2.336626 2.129792 1.907155 1.669028 1.416296 1.150392 0.873260 0.587282 0.295199 0.000000 
50.000000 46.803046 43.629818 40.503516 37.446299 34.478821 31.619808 28.885716 26.290458 23.845225 21.558386 19.435481 17.479294 15.689998 14.065361 12.601001 11.290684 10.126631 9.099844 8.200423 7.417868 6.741354 6.159985 5.663001 5.239955 4.880848 4.576232 4.317273 4.095795 3.904288 3.735903 3.584439 3.444307 3.310509 3.178601 3.044674 2.905337 2.757703 2.599392 2.428539 2.243802 2.044376 1.830007 1.600994 1.358177 1.102920 0.837062 0.562860 0.282899 0.000000 
50.000000 46.803046 43.629818 40.503516 37.446299 34.478821 31.619808 28.885716 26.290458 23.845225 21.558386 19.435481 17.479294 15.689998 14.065361 12.601001 11.290684 10.126631 9.099844 8.200423 7.417868 6.741354 6.159985 5.663001 5.239955 4.880848 4.576232 4.317273 4.095795 3.904288 3.735903 3.584439 3.444307 3.310509 3.178601 3.044674 2.905337 2.757703 2.599392 2.428539 2.243802 2.044376 1.830007 1.600994 1.358177 1.102920 0.837062 0.562860 0.282899 0.000000 
50.000000 46.812297 43.648252 40.530997 37.482627 34.523735 31.672994 28.946812 26.359062 23.920901 21.640675 19.523906 17.573371 15.789239 14.169284 12.709137 11.402577 10.241846 9.217969 8.321068 7.540668 6.865968 6.286094 5.790305 5.368168 5.009696 4.705446 4.446584 4.224925 4.032944 3.863772 3.711174 3.569526 3.433781 3.299444 3.162550 3.019643 2.867776 2.704509 2.527921 2.336626 2.129792 1.907155 1.669028 1.416296 1.150392 0.873260 0.587282 0.295199 0.000000 
50.000000 46.830899 43.685318 40.586254 37.555672 34.614046 31.779939 29.069663 26.497009 24.073069 21.806139 19.701709 17.762537 15.988790 14.378251 12.926575 11.627571 10.473523 9.455498 8.563668 7.787606 7.116560 6.539698 6.046319 5.626021 5.268840 4.965342 4.706694 4.484695 4.291792 4.121069 3.966231 3.821576 3.681965 3.542799 3.399992 3.249965 3.089642 2.916458 2.728381 2.523932 2.302217 2.062949 1.806469 1.533745 1.246356 0.946449 0.636672 0.320077 0.000000 
50.000000 46.859047 43.741404 40.669864 37.666198 34.750697 31.941759 29.255550 26.705739 24.303318 22.056508 19.970748 18.048771 16.290738 14.694450 13.255593 11.968028 10.824094 9.814931 8.930782 8.161294 7.495789 6.923502 6.433791 6.016303 5.661106 5.358788 5.100514 4.878061 4.683833 4.510847 4.352717 4.203623 4.058287 3.911945 3.760333 3.599676 3.426699 3.238642 3.033292 2.809020 2.564827 2.300385 2.016065 1.712957 1.392857 1.058229 0.712128 0.358092 0.000000 
50.000000 46.897018 43.817065 40.782657 37.815302 34.935045 32.160060 29.506319 26.987324 24.613934 22.394266 20.333696 18.434916 16.698086 15.121025 13.699467 12.427337 11.297058 10.299860 9.426087 8.665487 8.007480 7.441396 6.956672 6.543024 6.190568 5.889917 5.632239 5.409287 5.213406 5.037526 4.875137 4.720263 4.567435 4.411668 4.248447 4.073728 3.883954 3.676087 3.447653 3.196803 2.922373 2.623957 2.301954 1.957606 1.592999 1.211030 0.815322 0.410096 0.000000 
50.000000 46.945164 43.913000 40.925673 38.004358 35.168788 32.436855 29.824282 27.344361 25.007780 22.822531 20.793900 18.924537 17.214594 15.661918 14.262302 13.009753 11.896800 10.914790 10.054195 9.304894 8.656434 8.098263 7.619925 7.211224 6.862341 6.563927 6.307155 6.083750 5.885989 5.706694 5.539202 5.377340 5.215395 5.048096 4.870603 4.678517 4.467908 4.235357 3.978033 3.693769 3.381162 3.039668 2.669692 2.272648 1.850982 1.408152 0.948529 0.477250 0.000000 
50.000000 47.003887 44.030010 41.100107 38.234946 35.453880 32.774458 30.212098 27.779836 25.488152 23.344883 21.355212 19.521732 17.844588 16.321663 14.948818 13.720167 12.628364 11.664904 10.820415 10.084937 9.448175 8.899726 8.429268 8.026714 7.682332 7.386823 7.131374 6.907681 6.707947 6.524865 6.351591 6.181712 6.009220 5.828488 5.634271 5.421716 5.186409 4.924436 4.632479 4.307934 3.949046 3.555048 3.126299 2.664385 2.172180 1.653837 1.114686 0.561058 0.000000 
50.000000 47.073620 44.168957 41.307245 38.508767 35.792425 33.175359 30.672627 28.296960 26.058593 23.965179 22.021775 20.230913 18.592725 17.105137 15.764097 14.563842 13.497180 12.555780 11.730461 11.011454 10.388658 9.851849 9.390869 8.995770 8.656926 8.365108 8.111530 7.887860 7.686223 7.499168 7.319645 7.140961 6.956756 6.760977 6.547882 6.312058 6.048478 5.752586 5.420425 5.048791 4.635421 4.179197 3.680338 3.140575 2.563257 1.953378 1.317474 0.663406 0.000000 
50.000000 47.154801 44.330716 41.548391 38.827543 36.186552 33.642079 31.208765 28.898987 26.722694 24.687323 22.797788 21.056545 19.463719 18.017283 16.713287 15.546113 14.508751 13.593076 12.790128 12.090370 11.483926 10.960790 10.511001 10.124780 9.792636 9.505430 9.254419 9.031256 8.827983 8.637001 8.451027 8.263055 8.066316 7.854260 7.620550 7.359089 7.064091 6.730186 6.352580 5.927259 5.451242 4.922861 4.342047 3.710592 3.032344 2.313286 1.561448 0.786642 0.000000 
50.000000 47.247848 44.516119 41.824782 39.192912 36.638285 34.177018 31.823270 29.589013 27.483869 25.515028 23.687242 22.002880 20.462056 19.062803 17.801287 16.672059 15.668317 14.782177 14.004938 13.327330 12.739745 12.232432 11.795663 11.419866 11.095714 10.814190 10.566612 10.344635 10.140230 9.945640 9.753339 9.555973 9.346319 9.117252 8.861741 8.572876 8.243940 7.868542 7.440808 6.955643 6.409058 5.798554 5.123528 4.385677 3.589314 2.741546 1.852235 0.933676 0.000000 
50.000000 47.353127 44.725896 42.137511 39.606317 37.149408 34.782286 32.518567 30.369762 28.345124 26.451566 24.693653 23.073660 21.591689 20.245839 19.032413 17.946153 16.980497 16.127836 15.379765 14.727326 14.161217 13.671986 13.250182 12.886476 12.571747 12.297130 12.054038 11.834149 11.629377 11.431820 11.233698 11.027291 10.804879 10.558697 10.280919 9.963678 9.599145 9.179666 8.697991 8.147595 7.523091 6.820745 6.039048 5.179311 4.246184 3.248002 2.196838 1.108153 0.000000 
50.000000 47.470928 44.960623 42.487434 40.068890 37.721324 35.459545 33.296563 31.243377 29.308824 27.499508 25.819786 24.271829 22.855726 21.569652 20.410063 19.371920 18.448932 17.633800 16.918460 16.294304 15.752385 15.283596 14.878807 14.528981 14.225241 13.958920 13.721560 13.504899 13.300820 13.101294 12.898300 12.683742 12.449377 12.186744 11.887131 11.541578 11.140940 10.676032 10.137877 9.518079 8.809338 8.006120 7.105443 6.107746 5.017718 3.844935 2.604101 1.314708 0.000000 
50.000000 47.601432 45.220662 42.875094 40.581348 38.354916 36.209842 34.158464 32.211211 30.376462 28.660479 27.067390 25.599248 24.256133 23.036305 21.936391 20.951596 20.075934 19.302457 18.623480 18.030794 17.515855 17.069949 16.684319 16.350266 16.059214 15.802736 15.572555 15.360510 15.158498 14.958397 14.751969 14.530761 14.285997 14.008492 13.688573 13.316061 12.880298 12.370275 11.774884 11.083323 10.285715 9.373939 8.342701 7.190778 5.922314 4.547942 3.085414 1.559368 0.000000 
50.000000 47.744690 45.506115 43.300637 41.143887 39.050427 37.033465 35.104599 33.273634 31.548448 29.934925 28.436944 27.056431 25.793455 24.646371 23.611998 22.685811 21.862164 21.134496 20.495548 19.937559 19.452436 19.031910 18.667651 18.351358 18.074806 17.829870 17.608509 17.402720 17.204471 17.005601 16.797707 16.572017 16.319253 16.029500 15.692094 15.295539 14.827487 14.274817 13.623845 12.860739 11.972200 10.946472 9.774728 8.452825 6.983293 5.377262 3.655825 1.850184 0.000000 
50.000000 47.900595 45.816769 43.763751 41.756091 39.807345 37.929806 36.134271 34.429864 32.823919 31.321908 29.927443 28.642309 27.466566 26.398676 25.435665 24.573311 23.806337 23.128613 22.533350 22.013281 21.560819 21.168197 20.827568 20.531086 20.270942 20.039377 19.828653 19.630999 19.438525 19.243109 19.036260 18.808962 18.551500 18.253284 17.902671 17.486813 16.991550 16.401391 15.699637 14.868733 13.890949 12.749513 11.430344 9.924430 8.230810 6.359812 4.335801 2.198266 0.000000 
50.000000 48.068869 46.152066 44.263603 42.416861 40.624310 38.897256 37.245630 35.677825 34.200584 32.818941 31.536212 30.354038 29.272468 28.290081 27.404132 26.610725 25.904989 25.281265 24.733278 24.254306 23.837322 23.475114 23.160381 22.885795 22.644033 22.427770 22.229652 22.042222 21.857826 21.668481 21.465716 21.240387 20.982461 20.680785 20.322832 19.894455 19.379654 18.760407 18.016628 17.126343 16.066251 14.812860 13.344473 11.644269 9.704614 7.532351 5.154089 2.619516 0.000000 
50.000000 48.249041 46.511075 44.798802 43.124358 41.499048 39.933122 38.435584 37.014044 35.674614 34.421856 33.258775 32.186856 31.206139 30.315328 29.511928 28.792395 28.152298 27.586488 27.089249 26.654453 26.275684 25.946347 25.659746 25.409139 25.187756 24.988790 24.805355 24.630407 24.456635 24.276322 24.081158 23.862030 23.608767 23.309842 22.952043 22.520100 21.996302 21.360107 20.587836 19.652532 18.524182 17.170607 15.559438 13.661775 11.458070 8.946451 6.152533 3.137673 0.000000 
50.000000 48.440448 46.892468 45.367373 43.875970 42.428329 41.033580 39.699741 38.433589 37.240567 36.124738 35.088776 34.134000 33.260443 32.466946 31.751280 31.110278 30.539983 30.035791 29.592592 29.204898 28.866957 28.572847 28.316539 28.091943 27.892919 27.713259 27.546638 27.386534 27.226105 27.058045 26.874382 26.666238 26.423545 26.134684 25.786075 25.361670 24.842386 24.205447 23.423697 22.464961 21.291635 19.860881 18.126035 16.040266 13.563843 10.676414 7.394426 3.789936 0.000000 
50.000000 48.642226 47.294526 45.966751 44.668307 43.407963 42.193667 41.032398 39.930057 38.891381 37.919907 37.017961 36.186689 35.426117 34.735232 34.112088 33.553921 33.057277 32.618133 32.232024 31.894149 31.599472 31.342795 31.118817 30.922169 30.747412 30.589023 30.441337 30.298465 30.154176 30.001737 29.833714 29.641718 29.416081 29.145469 28.816381 28.412529 27.914074 27.296665 26.530295 25.577966 24.394300 22.924396 21.103670 18.860119 16.121598 12.831918 8.979595 4.638066 0.000000 
50.000000 48.853318 47.715144 46.593797 45.497221 44.432820 43.407307 42.426577 41.495612 40.618412 39.797962 39.036226 38.334172 37.691818 37.108306 36.581988 36.110525 35.690992 35.319984 34.993714 34.708113 34.458904 34.241667 34.051886 33.884972 33.736265 33.601004 33.474285 33.350969 33.225576 33.092126 32.943943 32.773400 32.571592 32.327918 32.029535 31.660651 31.201591 30.627558 29.907005 28.999502 27.853036 26.400820 24.558102 22.220472 19.267310 15.577884 11.072623 5.792093 0.000000 
50.000000 49.072487 48.151855 47.244833 46.357849 45.496889 44.667384 43.874101 43.121070 42.411527 41.747885 41.131733 40.563850 40.044252 39.572242 39.146484 38.765083 38.425667 38.125475 37.861437 37.630248 37.428433 37.252396 37.098457 36.962866 36.841803 36.731356 36.627467 36.525864 36.421956 36.310692 36.186382 36.042456 35.871152 35.663111 35.406824 35.087897 34.688027 34.183584 33.543601 32.726908 31.678053 30.321564 28.554234 26.235827 23.181186 19.163803 13.957090 7.465795 0.000000 
50.000000 49.298330 48.601866 47.915698 47.244688 46.593366 45.965839 45.365714 44.796039 44.259262 43.757209 43.291079 42.861465 42.468374 42.111279 41.789168 41.500605 41.243792 41.016638 40.816813 40.641810 40.488991 40.355623 40.238904 40.135974 40.043915 39.959724 39.880278 39.802273 39.722134 39.635906 39.539098 39.426480 39.291817 39.127505 38.924086 38.669554 38.348382 37.940099 37.417169 36.741760 35.860720 34.697620 33.140108 31.020035 28.084166 23.958981 18.139503 10.120705 0.000000 
50.000000 49.529308 49.062109 48.601817 48.151692 47.714775 47.293819 46.891245 46.509097 46.149017 45.812229 45.499539 45.211343 44.947645 44.708093 44.492005 44.298417 44.126122 43.973715 43.839631 43.722184 43.619600 43.530038 43.451612 43.382391 43.320402 43.263611 43.209895 43.157002 43.102483 43.043616 42.977293 42.899872 42.806980 42.693246 42.551919 42.374345 42.149176 41.861208 41.489561 41.004765 40.363916 39.502296 38.318283 36.645129 34.196740 30.463785 24.531515 14.882678 0.000000 
50.000000 49.763773 49.529299 49.298291 49.072386 48.853109 48.641843 48.439802 48.248013 48.067298 47.898273 47.741342 47.596703 47.464359 47.344132 47.235680 47.138519 47.052043 46.975546 46.908241 46.849282 46.797776 46.752798 46.713398 46.678605 46.647422 46.618824 46.591736 46.565016 46.537419 46.507559 46.473845 46.434407 46.386991 46.328811 46.256352 46.165071 46.048963 45.899899 45.706561 45.452683 45.113996 44.652586 44.005788 43.062488 41.607645 39.178311 34.647073 24.881995 0.000000 
50.000000 50.000000 50.000000 50.000000 50.000000 50.000000 50.000000 50.000000 50.000000 50.000000 50.000000 50.000000 50.000000 50.000000 50.000000 50.000000 50.000000 50.000000 50.000000 50.000000 50.000000 50.000000 50.000000 50.000000 50.000000 50.000000 50.000000 50.000000 50.000000 50.000000 50.000000 50.000000 50.000000 50.000000 50.000000 50.000000 50.000000 50.000000 50.000000 50.000000 50.000000 50.000000 50.000000 50.000000 50.000000 50.000000 50.000000 50.000000 50.000000 50.000000 
