50.000000 50.000000 50.000000 50.000000 50.000000 50.000000 50.000000 50.000000 50.000000 50.000000 50.000000 50.000000 50.000000 50.000000 50.000000 50.000000 50.000000 50.000000 50.000000 50.000000 50.000000 50.000000 50.000000 50.000000 50.000000 50.000000 50.000000 50.000000 50.000000 50.000000 50.000000 50.000000 50.000000 50.000000 50.000000 50.000000 50.000000 50.000000 50.000000 50.000000 50.000000 50.000000 50.000000 50.000000 50.000000 50.000000 50.000000 50.000000 50.000000 50.000000 
50.000000 49.590077 49.185432 48.791138 48.411875 48.051762 47.714228 47.401919 47.116659 46.859444 46.630487 46.429287 46.254736 46.105231 45.978806 45.873252 45.786232 45.715391 45.658433 45.613190 45.577668 45.550072 45.528815 45.512516 45.499981 45.490175 45.482189 45.475197 45.468411 45.461020 45.452128 45.440676 45.425347 45.404440 45.375716 45.336170 45.281729 45.206798 45.103576 44.960984 44.762891 44.485039 44.089406 43.513085 42.644591 41.268385 38.920906 34.474034 24.795039 0.000000 
50.000000 49.185432 48.381352 47.597841 46.844198 46.128608 45.457885 44.837289 44.270442 43.759325 43.304358 42.904549 42.557694 42.260611 42.009389 41.799640 41.626723 41.485954 41.372774 41.282874 41.212292 41.157462 41.115234 41.082865 41.057983 41.038538 41.022731 41.008933 40.995589 40.981110 40.963750 40.941449 40.911660 40.871107 40.815491 40.739079 40.634142 40.490138 40.292516 40.020867 39.645982 39.124989 38.392953 37.347776 35.821978 33.528489 29.956771 24.190678 14.711400 0.000000 
50.000000 48.791139 47.597841 46.435070 45.316625 44.254653 43.259265 42.338268 41.497038 40.738515 40.063322 39.469986 38.955236 38.514351 38.141527 37.830249 37.573634 37.364730 37.196770 37.063362 36.958627 36.877276 36.814635 36.766641 36.729781 36.701024 36.677718 36.657467 36.638002 36.617016 36.591992 36.559987 36.517381 36.459555 36.380485 36.272205 36.124070 35.921738 35.645696 35.269101 34.754506 34.048806 33.075257 31.720813 29.816257 27.106926 23.217540 17.641076 9.870235 0.000000 
50.000000 48.411877 46.844200 45.316627 43.847286 42.452137 41.144461 39.934517 38.829365 37.832868 36.945845 36.166361 35.490119 34.910915 34.421126 34.012194 33.675075 33.400637 33.179992 33.004744 32.867172 32.760330 32.678088 32.615113 32.566807 32.529206 32.498856 32.472653 32.447676 32.420988 32.389413 32.349276 32.296097 32.224218 32.126325 31.992847 31.811154 31.564475 31.230423 30.778928 30.169322 29.346215 28.233734 26.727783 24.686754 21.923655 18.209715 13.315720 7.143496 0.000000 
50.000000 48.051765 46.128613 44.254658 42.452141 40.740639 39.136445 37.652144 36.296399 35.073946 33.985791 33.029560 32.199982 31.489446 30.888602 30.386950 29.973395 29.636738 29.366075 29.151111 28.982377 28.851359 28.750545 28.673407 28.614324 28.568465 28.531634 28.500089 28.470338 28.438912 28.402104 28.355684 28.294556 28.212356 28.100955 27.949846 27.745364 27.469679 27.099492 26.604337 25.944391 25.067724 23.907071 22.376626 20.370345 17.765420 14.438422 10.306647 5.407180 0.000000 
50.000000 47.714233 45.457894 43.259277 41.144474 39.136455 37.254336 35.512883 33.922257 32.488018 31.211344 30.089451 29.116154 28.282523 27.577590 26.989034 26.503842 26.108874 25.791338 25.539161 25.341239 25.187590 25.069413 24.979069 24.909989 24.856547 24.813875 24.777670 24.743956 24.708836 24.668213 24.617480 24.551168 24.462541 24.343109 24.182057 23.965540 23.675835 23.290311 22.780201 22.109211 21.232064 20.093326 18.627220 16.759898 14.416737 11.538495 8.110137 4.201156 0.000000 
50.000000 47.401928 44.837307 42.338293 39.934546 37.652173 35.512903 33.533518 31.725570 30.095376 28.644276 27.369105 26.262833 25.315312 24.514072 23.845113 23.293642 22.844727 22.483833 22.197238 21.972330 21.797774 21.663581 21.561091 21.482873 21.422579 21.374752 21.334600 21.297754 21.259995 21.216966 21.163855 21.095047 21.003730 20.881452 20.717610 20.498867 20.208482 19.825584 19.324393 18.673516 17.835477 16.766862 15.419717 13.745198 11.700879 9.263082 6.444382 3.312536 0.000000 
50.000000 47.116676 44.270475 41.497085 38.829423 36.296462 33.922316 31.725611 29.719166 27.909992 26.299577 24.884408 23.656683 22.605139 21.715938 20.973545 20.361542 19.863361 19.462873 19.144857 18.895323 18.701703 18.552931 18.439422 18.352970 18.286587 18.234298 18.190908 18.151733 18.112334 18.068211 18.014499 17.945624 17.854947 17.734368 17.573889 17.361163 17.081003 16.714919 16.240718 15.632291 14.859777 13.890403 12.690443 11.228876 9.483308 7.448350 5.145530 2.631659 0.000000 
50.000000 46.859474 43.759383 40.738600 37.832975 35.074068 32.488145 30.095492 27.910071 25.939521 24.185459 22.644061 21.306829 20.161495 19.192987 18.384384 17.717808 17.175212 16.739035 16.392702 16.120984 15.910207 15.748339 15.624969 15.531202 15.459491 15.403422 15.357462 15.316697 15.276549 15.232479 15.179686 15.112792 15.025514 14.910321 14.758087 14.557744 14.295955 13.956858 13.521935 12.970118 12.278281 11.422339 10.379204 9.129881 7.663806 5.984203 4.113473 2.096619 0.000000 
50.000000 46.630538 43.304459 40.063469 36.946033 33.986012 31.211586 28.644520 26.299795 24.185604 22.303685 20.649933 19.215230 17.986417 16.947321 16.079789 15.364642 14.782520 14.314584 13.943060 13.651618 13.425601 13.252122 13.120044 13.019870 12.943570 12.884359 12.836439 12.794729 12.754583 12.711502 12.660842 12.597526 12.515746 12.408681 12.268215 12.084689 11.846699 11.540987 11.152484 10.664579 10.059746 9.320636 8.431780 7.381984 6.167342 4.794542 3.283707 1.669611 0.000000 
50.000000 46.429373 42.904719 39.470235 36.166683 33.029945 30.089884 27.369563 24.884859 22.644454 20.650190 18.897715 17.377369 16.075205 14.974088 14.054780 13.296959 12.680111 12.184279 11.790633 11.481878 11.242499 11.058860 10.919194 10.813485 10.733294 10.671526 10.622176 10.580055 10.540503 10.499120 10.451480 10.392868 10.318023 10.220891 10.094413 9.930346 9.719150 9.449980 9.110813 8.688798 8.170868 7.544716 6.800166 5.930930 4.936633 3.824817 2.612387 1.325889 0.000000 
50.000000 46.254878 42.557975 38.955651 35.490657 32.200631 29.116895 26.263639 23.657516 21.307632 19.215919 17.377813 15.783180 14.417393 13.262480 12.298264 11.503431 10.856468 10.336447 9.923623 9.599868 9.348924 9.156512 9.010321 8.899895 8.816451 8.752644 8.702312 8.660198 8.621674 8.582471 8.538419 8.485195 8.418103 8.331862 8.220440 8.076935 7.893511 7.661452 7.371324 7.013326 6.577845 6.056255 5.441969 4.731697 3.926775 3.034357 2.068134 1.048228 0.000000 
50.000000 46.105463 42.261070 38.515029 34.911799 31.490518 28.283758 25.316676 22.606587 20.162961 17.987807 16.076380 14.418141 12.997879 11.796905 10.794239 9.967718 9.294974 8.754247 8.325013 7.988430 7.727606 7.527714 7.375987 7.261595 7.175473 7.110074 7.059120 7.017321 6.980105 6.943360 6.903178 6.855634 6.796581 6.721473 6.625233 6.502165 6.345937 6.149641 5.905978 5.607561 5.247389 4.819476 4.319628 3.746325 3.101585 2.391668 1.627403 0.823972 0.000000 
50.000000 45.979179 42.010129 38.142621 34.422555 30.890340 27.579603 24.516317 21.718358 19.195505 16.949831 14.976435 13.264438 11.798137 10.558236 9.523076 8.669776 7.975247 7.417027 6.973933 6.626521 6.357365 6.151181 5.994816 5.877136 5.788839 5.722223 5.670926 5.629647 5.593890 5.559701 5.523433 5.481540 5.430384 5.366091 5.284435 5.180775 5.050055 4.886872 4.685637 4.440839 4.147422 3.801263 3.399739 2.942334 2.431195 1.871542 1.271806 0.643390 0.000000 
50.000000 45.873845 41.800817 37.831991 34.014472 30.389726 26.992261 23.848731 20.977482 18.388545 16.084050 14.058968 12.302133 10.797432 9.525064 8.462803 7.587170 6.874474 6.301668 5.847020 5.490587 5.214499 5.003091 4.842893 4.722520 4.632483 4.564958 4.513522 4.472884 4.438625 4.406948 4.374453 4.337935 4.294217 4.240015 4.171839 4.085945 3.978336 3.844826 3.681177 3.483310 3.247597 2.971217 2.652563 2.291652 1.890485 1.453281 0.986520 0.498730 0.000000 
50.000000 45.787165 41.628573 37.576374 33.678660 29.977770 26.508938 23.299376 20.367816 17.724501 15.371603 13.303989 11.510260 9.973961 8.674877 7.590317 6.696310 5.968668 5.383863 4.919715 4.555867 4.274088 4.058400 3.895077 3.772529 3.681120 3.612931 3.561497 3.521549 3.488744 3.459431 3.430429 3.398839 3.361884 3.316783 3.260669 3.190540 3.103258 2.995606 2.864394 2.706621 2.519698 2.301706 2.051681 1.769896 1.458088 1.119591 0.759334 0.383664 0.000000 
50.000000 45.716840 41.488830 37.368988 33.406212 29.643546 26.116813 22.853679 19.873189 17.185757 14.793591 12.691472 10.867810 9.305877 7.985121 6.882471 5.973558 5.233793 4.639258 4.167407 3.797551 3.511165 3.292021 3.126185 3.001905 2.909429 2.840766 2.789426 2.750161 2.718704 2.691533 2.665659 2.638444 2.607448 2.570315 2.524687 2.468162 2.398290 2.312611 2.208735 2.084465 1.937958 1.767914 1.573775 1.355906 1.115751 0.855898 0.580063 0.292950 0.000000 
50.000000 45.660659 41.377191 37.203312 33.188559 29.376542 25.803553 22.497623 19.478044 16.755368 14.331833 12.202149 10.354576 8.772166 7.434097 6.316997 5.396179 4.646730 4.044426 3.566425 3.191775 2.901717 2.679824 2.511997 2.386359 2.293066 2.224073 2.172876 2.134251 2.103996 2.078701 2.055541 2.032094 2.006200 1.975847 1.939088 1.894000 1.838669 1.771216 1.689855 1.592982 1.479287 1.347891 1.198481 1.031434 0.847913 0.649900 0.440178 0.222217 0.000000 
50.000000 45.616572 41.289585 37.073301 33.017760 29.167015 25.557729 22.218215 19.167963 16.417631 13.969479 11.818166 9.951831 8.353352 7.001699 5.873261 4.943100 4.186056 3.577655 3.094832 2.716424 2.423491 2.199449 2.030073 1.903388 1.809479 1.740263 1.689229 1.651173 1.621951 1.598247 1.577367 1.557070 1.535418 1.510673 1.481212 1.445483 1.401985 1.349279 1.286028 1.211056 1.123433 1.022562 0.908278 0.780927 0.641426 0.491281 0.332565 0.167834 0.000000 
50.000000 45.582749 41.222375 36.973557 32.886725 29.006270 25.369136 22.003858 18.930074 16.158525 13.691489 11.523582 9.642852 8.032047 6.669973 5.532837 4.595511 3.832639 3.219564 2.733043 2.351756 2.056622 1.830938 1.660382 1.532905 1.438542 1.369181 1.318305 1.280732 1.252364 1.229961 1.210935 1.193184 1.174945 1.154693 1.131053 1.102755 1.068608 1.027499 0.978418 0.920498 0.853070 0.775728 0.688393 0.591362 0.485353 0.371506 0.251365 0.126818 0.000000 
50.000000 45.557622 41.172443 36.899457 32.789377 28.886849 25.229028 21.844609 18.753343 15.966032 13.484967 11.304733 9.413310 7.793348 6.423532 5.279935 4.337286 3.570087 2.953540 2.464273 2.080849 1.784082 1.557182 1.385756 1.257700 1.163011 1.093558 1.042822 1.005638 0.977944 0.956559 0.938976 0.923197 0.907595 0.890799 0.871621 0.848998 0.821964 0.789641 0.751252 0.706145 0.653832 0.594030 0.526706 0.452114 0.370812 0.283671 0.191853 0.096767 0.000000 
50.000000 45.539911 41.137250 36.847228 32.720763 28.802678 25.130275 21.732365 18.628778 15.830358 13.339404 11.150482 9.251523 7.625107 6.249835 5.101684 4.155284 3.385035 2.766041 2.274840 1.889911 1.591995 1.364240 1.192205 1.063745 0.968834 0.899325 0.848701 0.811808 0.784612 0.763974 0.747445 0.733104 0.719415 0.705123 0.689167 0.670630 0.648702 0.622665 0.591902 0.555904 0.514301 0.466891 0.413664 0.354835 0.290849 0.222388 0.150351 0.075817 0.000000 
50.000000 45.528647 41.114867 36.814011 32.677125 28.749145 25.067469 21.660979 18.549555 15.744069 13.246827 11.052379 9.148627 7.518106 6.139364 4.988318 4.039532 3.267343 2.646794 2.154363 1.768477 1.469831 1.241534 1.069112 0.940398 0.845349 0.775810 0.725262 0.688563 0.661695 0.641545 0.625704 0.612299 0.599855 0.587186 0.573316 0.557417 0.538777 0.516782 0.490908 0.460739 0.425974 0.386456 0.342191 0.293363 0.240345 0.183698 0.124156 0.062596 0.000000 
50.000000 45.523178 41.104000 36.797884 32.655939 28.723155 25.036977 21.626321 18.511092 15.702177 13.201881 11.004751 9.098671 7.466158 6.085731 4.933279 3.983335 3.210205 2.588901 2.095873 1.709522 1.410522 1.181963 1.009354 0.880517 0.785401 0.715849 0.665340 0.628737 0.602032 0.582124 0.566622 0.553678 0.541846 0.529974 0.517127 0.502520 0.485490 0.465469 0.441981 0.414651 0.383214 0.347532 0.307615 0.263635 0.215928 0.164998 0.111498 0.056208 0.000000 
50.000000 45.523178 41.104000 36.797884 32.655939 28.723155 25.036977 21.626321 18.511092 15.702177 13.201881 11.004751 9.098671 7.466158 6.085731 4.933279 3.983335 3.210205 2.588901 2.095873 1.709522 1.410522 1.181963 1.009354 0.880517 0.785401 0.715849 0.665340 0.628737 0.602032 0.582124 0.566622 0.553678 0.541846 0.529974 0.517127 0.502520 0.485490 0.465469 0.441981 0.414651 0.383214 0.347532 0.307615 0.263635 0.215928 0.164998 0.111498 0.056208 0.000000 
50.000000 45.528647 41.114867 36.814011 32.677125 28.749145 25.067469 21.660979 18.549555 15.744069 13.246827 11.052379 9.148627 7.518106 6.139364 4.988318 4.039532 3.267343 2.646794 2.154363 1.768477 1.469831 1.241534 1.069112 0.940398 0.845349 0.775810 0.725262 0.688563 0.661695 0.641545 0.625704 0.612299 0.599855 0.587186 0.573316 0.557417 0.538777 0.516782 0.490908 0.460739 0.425974 0.386456 0.342191 0.293363 0.240345 0.183698 0.124156 0.062596 0.000000 
50.000000 45.539911 41.137250 36.847228 32.720763 28.802678 25.130275 21.732365 18.628778 15.830358 13.339404 11.150482 9.251523 7.625107 6.249835 5.101684 4.155284 3.385035 2.766041 2.274840 1.889911 1.591995 1.364240 1.192205 1.063745 0.968834 0.899325 0.848701 0.811808 0.784612 0.763974 0.747445 0.733104 0.719415 0.705123 0.689167 0.670630 0.648702 0.622665 0.591902 0.555904 0.514301 0.466891 0.413664 0.354835 0.290849 0.222388 0.150351 0.075817 0.000000 
50.000000 45.557622 41.172443 36.899457 32.789377 28.886849 25.229028 21.844609 18.753343 15.966032 13.484967 11.304733 9.413310 7.793348 6.423532 5.279935 4.337286 3.570087 2.953540 2.464273 2.080849 1.784082 1.557182 1.385756 1.257700 1.163011 1.093558 1.042822 1.005638 0.977944 0.956559 0.938976 0.923197 0.907595 0.890799 0.871621 0.848998 0.821964 0.789641 0.751252 0.706145 0.653832 0.594030 0.526706 0.452114 0.370812 0.283671 0.191853 0.096767 0.000000 
50.000000 45.582749 41.222375 36.973557 32.886725 29.006270 25.369136 22.003858 18.930074 16.158525 13.691489 11.523582 9.642852 8.032047 6.669973 5.532837 4.595511 3.832639 3.219564 2.733043 2.351756 2.056622 1.830938 1.660382 1.532905 1.438542 1.369181 1.318305 1.280732 1.252364 1.229961 1.210935 1.193184 1.174945 1.154693 1.131053 1.102755 1.068608 1.027499 0.978418 0.920498 0.853070 0.775728 0.688393 0.591362 0.485353 0.371506 0.251365 0.126818 0.000000 
50.000000 45.616572 41.289585 37.073301 33.017760 29.167015 25.557729 22.218215 19.167963 16.417631 13.969479 11.818166 9.951831 8.353352 7.001699 5.873261 4.943100 4.186056 3.577655 3.094832 2.716424 2.423491 2.199449 2.030073 1.903388 1.809479 1.740263 1.689229 1.651173 1.621951 1.598247 1.577367 1.557070 1.535418 1.510673 1.481212 1.445483 1.401985 1.349279 1.286028 1.211056 1.123433 1.022562 0.908278 0.780927 0.641426 0.491281 0.332565 0.167834 0.000000 
50.000000 45.660659 41.377191 37.203312 33.188559 29.376542 25.803553 22.497623 19.478044 16.755368 14.331833 12.202149 10.354576 8.772166 7.434097 6.316997 5.396179 4.646730 4.044426 3.566425 3.191775 2.901717 2.679824 2.511997 2.386359 2.293066 2.224073 2.172876 2.134251 2.103996 2.078701 2.055541 2.032094 2.006200 1.975847 1.939088 1.894000 1.838669 1.771216 1.689855 1.592982 1.479287 1.347891 1.198481 1.031434 0.847913 0.649900 0.440178 0.222217 0.000000 
50.000000 45.716840 41.488830 37.368988 33.406212 29.643546 26.116813 22.853679 19.873189 17.185757 14.793591 12.691472 10.867810 9.305877 7.985121 6.882471 5.973558 5.233793 4.639258 4.167407 3.797551 3.511165 3.292021 3.126185 3.001905 2.909429 2.840766 2.789426 2.750161 2.718704 2.691533 2.665659 2.638444 2.607448 2.570315 2.524687 2.468162 2.398290 2.312611 2.208735 2.084465 1.937958 1.767914 1.573775 1.355906 1.115751 0.855898 0.580063 0.292950 0.000000 
50.000000 45.787165 41.628573 37.576374 33.678660 29.977770 26.508938 23.299376 20.367816 17.724501 15.371603 13.303989 11.510260 9.973961 8.674877 7.590317 6.696310 5.968668 5.383863 4.919715 4.555867 4.274088 4.058400 3.895077 3.772529 3.681120 3.612931 3.561497 3.521549 3.488744 3.459431 3.430429 3.398839 3.361884 3.316783 3.260669 3.190540 3.103258 2.995606 2.864394 2.706621 2.519698 2.301706 2.051681 1.769896 1.458088 1.119591 0.759334 0.383664 0.000000 
50.000000 45.873845 41.800817 37.831991 34.014472 30.389726 26.992261 23.848731 20.977482 18.388545 16.084050 14.058968 12.302133 10.797432 9.525064 8.462803 7.587170 6.874474 6.301668 5.847020 5.490587 5.214499 5.003091 4.842893 4.722520 4.632483 4.564958 4.513522 4.472884 4.438625 4.406948 4.374453 4.337935 4.294217 4.240015 4.171839 4.085945 3.978336 3.844826 3.681177 3.483310 3.247597 2.971217 2.652563 2.291652 1.890485 1.453281 0.986520 0.498730 0.000000 
50.000000 45.979179 42.010129 38.142621 34.422555 30.890340 27.579603 24.516317 21.718358 19.195505 16.949831 14.976435 13.264438 11.798137 10.558236 9.523076 8.669776 7.975247 7.417027 6.973933 6.626521 6.357365 6.151181 5.994816 5.877136 5.788839 5.722223 5.670926 5.629647 5.593890 5.559701 5.523433 5.481540 5.430384 5.366091 5.284435 5.180775 5.050055 4.886872 4.685637 4.440839 4.147422 3.801263 3.399739 2.942334 2.431195 1.871542 1.271806 0.643390 0.000000 
50.000000 46.105463 42.261070 38.515029 34.911799 31.490518 28.283758 25.316676 22.606587 20.162961 17.987807 16.076380 14.418141 12.997879 11.796905 10.794239 9.967718 9.294974 8.754247 8.325013 7.988430 7.727606 7.527714 7.375987 7.261595 7.175473 7.110074 7.059120 7.017321 6.980105 6.943360 6.903178 6.855634 6.796581 6.721473 6.625233 6.502165 6.345937 6.149641 5.905978 5.607561 5.247389 4.819476 4.319628 3.746325 3.101585 2.391668 1.627403 0.823972 0.000000 
50.000000 46.254878 42.557975 38.955651 35.490657 32.200631 29.116895 26.263639 23.657516 21.307632 19.215919 17.377813 15.783180 14.417393 13.262480 12.298264 11.503431 10.856468 10.336447 9.923623 9.599868 9.348924 9.156512 9.010321 8.899895 8.816451 8.752644 8.702312 8.660198 8.621674 8.582471 8.538419 8.485195 8.418103 8.331862 8.220440 8.076935 7.893511 7.661452 7.371324 7.013326 6.577845 6.056255 5.441969 4.731697 3.926775 3.034357 2.068134 1.048228 0.000000 
50.000000 46.429373 42.904719 39.470235 36.166683 33.029945 30.089884 27.369563 24.884859 22.644454 20.650190 18.897715 17.377369 16.075205 14.974088 14.054780 13.296959 12.680111 12.184279 11.790633 11.481878 11.242499 11.058860 10.919194 10.813485 10.733294 10.671526 10.622176 10.580055 10.540503 10.499120 10.451480 10.392868 10.318023 10.220891 10.094413 9.930346 9.719150 9.449980 9.110813 8.688798 8.170868 7.544716 6.800166 5.930930 4.936633 3.824817 2.612387 1.325889 0.000000 
50.000000 46.630538 43.304459 40.063469 36.946033 33.986012 31.211586 28.644520 26.299795 24.185604 22.303685 20.649933 19.215230 17.986417 16.947321 16.079789 15.364642 14.782520 14.314584 13.943060 13.651618 13.425601 13.252122 13.120044 13.019870 12.943570 12.884359 12.836439 12.794729 12.754583 12.711502 12.660842 12.597526 12.515746 12.408681 12.268215 12.084689 11.846699 11.540987 11.152484 10.664579 10.059746 9.320636 8.431780 7.381984 6.167342 4.794542 3.283707 1.669611 0.000000 
50.000000 46.859474 43.759383 40.738600 37.832975 35.074068 32.488145 30.095492 27.910071 25.939521 24.185459 22.644061 21.306829 20.161495 19.192987 18.384384 17.717808 17.175212 16.739035 16.392702 16.120984 15.910207 15.748339 15.624969 15.531202 15.459491 15.403422 15.357462 15.316697 15.276549 15.232479 15.179686 15.112792 15.025514 14.910321 14.758087 14.557744 14.295955 13.956858 13.521935 12.970118 12.278281 11.422339 10.379204 9.129881 7.663806 5.984203 4.113473 2.096619 0.000000 
50.000000 47.116676 44.270475 41.497085 38.829423 36.296462 33.922316 31.725611 29.719166 27.909992 26.299577 24.884408 23.656683 22.605139 21.715938 20.973545 20.361542 19.863361 19.462873 19.144857 18.895323 18.701703 18.552931 18.439422 18.352970 18.286587 18.234298 18.190908 18.151733 18.112334 18.068211 18.014499 17.945624 17.854947 17.734368 17.573889 17.361163 17.081003 16.714919 16.240718 15.632291 14.859777 13.890403 12.690443 11.228876 9.483308 7.448350 5.145530 2.631659 0.000000 
50.000000 47.401928 44.837307 42.338293 39.934546 37.652173 35.512903 33.533518 31.725570 30.095376 28.644276 27.369105 26.262833 25.315312 24.514072 23.845113 23.293642 22.844727 22.483833 22.197238 21.972330 21.797774 21.663581 21.561091 21.482873 21.422579 21.374752 21.334600 21.297754 21.259995 21.216966 21.163855 21.095047 21.003730 20.881452 20.717610 20.498867 20.208482 19.825584 19.324393 18.673516 17.835477 16.766862 15.419717 13.745198 11.700879 9.263082 6.444382 3.312536 0.000000 
50.000000 47.714233 45.457894 43.259277 41.144474 39.136455 37.254336 35.512883 33.922257 32.488018 31.211344 30.089451 29.116154 28.282523 27.577590 26.989034 26.503842 26.108874 25.791338 25.539161 25.341239 25.187590 25.069413 24.979069 24.909989 24.856547 24.813875 24.777670 24.743956 24.708836 24.668213 24.617480 24.551168 24.462541 24.343109 24.182057 23.965540 23.675835 23.290311 22.780201 22.109211 21.232064 20.093326 18.627220 16.759898 14.416737 11.538495 8.110137 4.201156 0.000000 
50.000000 48.051765 46.128613 44.254658 42.452141 40.740639 39.136445 37.652144 36.296399 35.073946 33.985791 33.029560 32.199982 31.489446 30.888602 30.386950 29.973395 29.636738 29.366075 29.151111 28.982377 28.851359 28.750545 28.673407 28.614324 28.568465 28.531634 28.500089 28.470338 28.438912 28.402104 28.355684 28.294556 28.212356 28.100955 27.949846 27.745364 27.469679 27.099492 26.604337 25.944391 25.067724 23.907071 22.376626 20.370345 17.765420 14.438422 10.306647 5.407180 0.000000 
50.000000 48.411877 46.844200 45.316627 43.847286 42.452137 41.144461 39.934517 38.829365 37.832868 36.945845 36.166361 35.490119 34.910915 34.421126 34.012194 33.675075 33.400637 33.179992 33.004744 32.867172 32.760330 32.678088 32.615113 32.566807 32.529206 32.498856 32.472653 32.447676 32.420988 32.389413 32.349276 32.296097 32.224218 32.126325 31.992847 31.811154 31.564475 31.230423 30.778928 30.169322 29.346215 28.233734 26.727783 24.686754 21.923655 18.209715 13.315720 7.143496 0.000000 
50.000000 48.791139 47.597841 46.435070 45.316625 44.254653 43.259265 42.338268 41.497038 40.738515 40.063322 39.469986 38.955236 38.514351 38.141527 37.830249 37.573634 37.364730 37.196770 37.063362 36.958627 36.877276 36.814635 36.766641 36.729781 36.701024 36.677718 36.657467 36.638002 36.617016 36.591992 36.559987 36.517381 36.459555 36.380485 36.272205 36.124070 35.921738 35.645696 35.269101 34.754506 34.048806 33.075257 31.720813 29.816257 27.106926 23.217540 17.641076 9.870235 0.000000 
50.000000 49.185432 48.381352 47.597841 46.844198 46.128608 45.457885 44.837289 44.270442 43.759325 43.304358 42.904549 42.557694 42.260611 42.009389 41.799640 41.626723 41.485954 41.372774 41.282874 41.212292 41.157462 41.115234 41.082865 41.057983 41.038538 41.022731 41.008933 40.995589 40.981110 40.963750 40.941449 40.911660 40.871107 40.815491 40.739079 40.634142 40.490138 40.292516 40.020867 39.645982 39.124989 38.392953 37.347776 35.821978 33.528489 29.956771 24.190678 14.711400 0.000000 
50.000000 49.590077 49.185432 48.791138 48.411875 48.051762 47.714228 47.401919 47.116659 46.859444 46.630487 46.429287 46.254736 46.105231 45.978806 45.873252 45.786232 45.715391 45.658433 45.613190 45.577668 45.550072 45.528815 45.512516 45.499981 45.490175 45.482189 45.475197 45.468411 45.461020 45.452128 45.440676 45.425347 45.404440 45.375716 45.336170 45.281729 45.206798 45.103576 44.960984 44.762891 44.485039 44.089406 43.513085 42.644591 41.268385 38.920906 34.474034 24.795039 0.000000 
50.000000 50.000000 50.000000 50.000000 50.000000 50.000000 50.000000 50.000000 50.000000 50.000000 50.000000 50.000000 50.000000 50.000000 50.000000 50.000000 50.000000 50.000000 50.000000 50.000000 50.000000 50.000000 50.000000 50.000000 50.000000 50.000000 50.000000 50.000000 50.000000 50.000000 50.000000 50.000000 50.000000 50.000000 50.000000 50.000000 50.000000 50.000000 50.000000 50.000000 50.000000 50.000000 50.000000 50.000000 50.000000 50.000000 50.000000 50.000000 50.000000 50.000000 
