50.000000 50.000000 50.000000 50.000000 50.000000 50.000000 50.000000 50.000000 50.000000 50.000000 50.000000 50.000000 50.000000 50.000000 50.000000 50.000000 50.000000 50.000000 50.000000 50.000000 50.000000 50.000000 50.000000 50.000000 50.000000 50.000000 50.000000 50.000000 50.000000 50.000000 50.000000 50.000000 50.000000 50.000000 50.000000 50.000000 50.000000 50.000000 50.000000 50.000000 50.000000 50.000000 50.000000 50.000000 50.000000 50.000000 50.000000 50.000000 50.000000 50.000000 
50.000000 49.698438 49.399732 49.106657 48.821831 48.547641 48.286189 48.039239 47.808193 47.594067 47.397495 47.218735 47.057703 46.913999 46.786954 46.675676 46.579100 46.496034 46.425207 46.365310 46.315025 46.273059 46.238161 46.209128 46.184814 46.164121 46.145985 46.129355 46.113160 46.096267 46.077432 46.055230 46.027969 45.993574 45.949441 45.892218 45.817512 45.719446 45.589985 45.417874 45.186877 44.872711 44.437412 43.818224 42.903902 41.479239 39.081089 34.581815 24.849232 0.000000 
50.000000 49.399733 48.805152 48.221781 47.654828 47.109048 46.588621 46.097063 45.637160 45.210939 44.819657 44.463833 44.143296 43.857251 43.604367 43.382868 43.190635 43.025296 42.884322 42.765105 42.665028 42.581518 42.512083 42.454339 42.406006 42.364908 42.328937 42.296014 42.264027 42.230751 42.193748 42.150237 42.096926 42.029805 41.943853 41.832653 41.687842 41.498326 41.249090 40.919381 40.479783 39.887370 39.077325 37.947844 36.331922 33.943141 30.271775 24.402632 14.817971 0.000000 
50.000000 49.106664 48.221790 47.353599 46.509843 45.697595 44.923080 44.191528 43.507088 42.872772 42.290455 41.760910 41.283878 40.858180 40.481834 40.152200 39.866121 39.620072 39.410289 39.232894 39.083995 38.959769 38.856513 38.770688 38.698916 38.637974 38.584752 38.536190 38.489193 38.440517 38.386625 38.323510 38.246463 38.149780 38.026383 37.867300 37.660963 37.392213 37.040865 36.579569 35.970576 35.160701 34.073371 32.595969 30.559970 27.711660 23.676944 17.950191 10.025658 0.000000 
50.000000 48.821850 47.654860 46.509871 45.397107 44.325899 43.304452 42.339667 41.437014 40.600467 39.832497 39.134124 38.505009 37.943595 37.447270 37.012553 36.635283 36.310811 36.034179 35.800277 35.603976 35.440243 35.304210 35.191222 35.096851 35.016878 34.947244 34.883975 34.823075 34.760380 34.691392 34.611051 34.513469 34.391581 34.236709 34.037986 33.781587 33.449694 33.019049 32.458930 31.728278 30.771603 29.513246 27.849660 25.640124 22.698861 18.798620 13.711970 7.342730 0.000000 
50.000000 48.547683 47.109122 45.697683 44.325968 43.005478 41.746331 40.557032 39.444324 38.413106 37.466425 36.605537 35.830027 35.137975 34.526162 33.990299 33.525260 33.125317 32.784363 32.496103 32.254230 32.052547 31.885075 31.746100 31.630200 31.532220 31.447225 31.370409 31.296967 31.221944 31.140031 31.045323 30.931025 30.789081 30.609721 30.380883 30.087473 29.710403 29.225333 28.601019 27.797168 26.761725 25.427682 23.709881 21.503331 18.686669 15.138268 10.777542 5.643945 0.000000 
50.000000 48.286267 46.588767 44.923271 43.304649 41.746474 40.260683 38.857313 37.544321 36.327487 35.210409 34.194569 33.279476 32.462867 31.740947 31.108653 30.559943 30.088061 29.685808 29.345766 29.060504 28.822730 28.625412 28.461843 28.325672 28.210885 28.111745 28.022703 27.938259 27.852793 27.760356 27.654411 27.527536 27.371055 27.174602 26.925583 26.608525 26.204273 25.689009 25.033083 24.199662 23.143327 21.808925 20.131414 18.038130 15.456077 12.328044 8.641386 4.468266 0.000000 
50.000000 48.039377 46.097325 44.191888 42.340079 40.557425 38.857584 37.252039 35.749892 34.357759 33.079754 31.917574 30.870659 29.936420 29.110518 28.387164 27.759449 27.219651 26.759540 26.370643 26.044474 25.772716 25.547354 25.360759 25.205725 25.075453 24.963493 24.863648 24.769832 24.675896 24.575412 24.461423 24.326143 24.160618 23.954322 23.694695 23.366608 22.951750 22.427949 21.768455 20.941283 19.908795 18.627882 17.051380 15.131729 12.828262 10.119507 7.020625 3.602267 0.000000 
50.000000 47.808422 45.637604 43.507713 41.437767 39.445124 37.545049 35.750378 34.071288 32.515171 31.086628 29.787556 28.617332 27.573062 26.649898 25.841375 25.139772 24.536467 24.022271 23.587726 23.223367 22.919924 22.668477 22.460552 22.288164 22.143810 22.020414 21.911223 21.809677 21.709223 21.603112 21.484150 21.344423 21.174984 20.965506 20.703899 20.375903 19.964655 19.450280 18.809550 18.015727 17.038772 15.846223 14.405182 12.685974 10.668052 8.348339 5.751080 2.936124 0.000000 
50.000000 47.594434 45.211654 42.873799 40.601742 38.414536 36.328937 34.359036 32.516001 30.807950 29.239930 27.814027 26.529556 25.383346 24.370075 23.482651 22.712608 22.050488 21.486217 21.009431 20.609764 20.277072 20.001608 19.774130 19.585955 19.428957 19.295514 19.178416 19.070723 18.965599 18.856104 18.734971 18.594347 18.425518 18.218621 17.962339 17.643610 17.247352 16.756263 16.150750 15.409085 14.507952 13.423578 12.133716 10.620743 8.875981 6.905018 4.733029 2.408125 0.000000 
50.000000 47.398065 44.820775 42.292078 39.834552 37.468803 35.212957 33.082253 31.088774 29.241298 27.545289 26.003001 24.613695 23.373943 22.277993 21.318179 20.485349 19.769283 19.159098 18.643603 18.211610 17.852184 17.554828 17.309612 17.107233 16.939019 16.796887 16.673248 16.560878 16.452755 16.341863 16.220987 16.082480 15.918024 15.718395 15.473233 15.170836 14.798022 14.340065 13.780798 13.102938 12.288754 11.321202 10.185647 8.872259 7.379016 5.714962 3.902991 1.980978 0.000000 
50.000000 47.219602 44.465540 41.763404 39.137321 36.609310 34.198741 31.921900 29.791697 27.817513 26.005187 24.357129 22.872553 21.547796 20.376716 19.351126 18.461252 17.696186 17.044310 16.493687 16.032388 15.648765 15.331655 15.070513 14.855492 14.677450 14.527915 14.398996 14.283263 14.173590 14.062974 13.944348 13.810369 13.653220 13.464415 13.234627 12.953561 12.609892 12.191304 11.684675 11.076475 10.353424 9.503503 8.517343 7.389986 6.122897 4.725919 3.218666 1.630715 0.000000 
50.000000 47.058996 44.145850 41.287630 38.509855 35.835820 33.286011 30.877655 28.624409 26.536198 24.619196 22.875956 21.305647 19.904396 18.665712 17.580939 16.639747 15.830607 15.141247 14.559059 14.071454 13.666150 13.331392 13.056098 12.829946 12.643393 12.487644 12.354574 12.236611 12.126589 12.017585 11.902743 11.775088 11.627353 11.451827 11.240221 10.983597 10.672353 10.296322 9.844984 9.307864 8.675128 7.938412 7.091899 6.133568 5.066515 3.900101 2.650616 1.341087 0.000000 
50.000000 46.915899 43.861012 40.863723 37.950794 35.146654 32.472784 29.947252 27.584379 25.394572 23.384309 21.556265 19.909573 18.440174 17.141264 16.003771 15.016871 14.168485 13.445757 12.835489 12.324508 11.899973 11.549609 11.261868 11.026018 10.832179 10.671293 10.535054 10.415800 10.306377 10.199984 10.090014 9.969887 9.832902 9.672109 9.480209 9.249514 8.971963 8.639236 8.242973 7.775126 7.228465 6.597238 5.877968 5.070325 4.177983 3.209279 2.177492 1.100542 0.000000 
50.000000 46.789710 43.609829 40.489903 37.457789 34.538916 31.755645 29.126783 26.667236 24.387839 22.295335 20.392511 18.678464 17.148975 15.796961 14.612988 13.585795 12.702819 11.950696 11.315705 10.784164 10.342746 9.978725 9.680149 9.435941 9.235937 9.070867 8.932289 8.812494 8.704370 8.601267 8.496843 8.384916 8.259333 8.113863 7.942112 7.737508 7.493323 7.202790 6.859297 6.456688 5.989674 5.454334 4.848697 4.173346 3.431960 2.631685 1.783221 0.900512 0.000000 
50.000000 46.679626 43.390704 40.163794 37.027709 34.008747 31.130038 28.411034 25.867153 23.509602 21.345356 19.377299 17.604498 16.022591 14.624259 13.399747 12.337416 11.424284 10.646541 9.990017 9.440588 8.984507 8.608662 8.300758 8.049424 7.844262 7.675834 7.535600 7.415831 7.309481 7.210061 7.111493 7.007979 6.893877 6.763606 6.611584 6.432201 6.219859 5.969067 5.674607 5.331776 4.936708 4.486751 3.980881 3.420114 2.807844 2.150051 1.455289 0.734409 0.000000 
50.000000 46.584702 43.201755 39.882593 36.656852 33.551585 30.590581 27.793849 25.177249 22.752307 20.526200 18.501894 16.678433 15.051331 13.613064 12.353604 11.260984 10.321863 9.522049 8.846987 8.282174 7.813505 7.427540 7.111694 6.854353 6.644928 6.473846 6.332500 6.213159 6.108858 6.013267 5.920561 5.825294 5.722287 5.606537 5.473159 5.317367 5.134497 4.920089 4.670019 4.380687 4.049263 3.673960 3.254331 2.791538 2.288574 1.750357 1.183687 0.597010 0.000000 
50.000000 46.503900 43.040917 39.643228 36.341172 33.162439 30.131385 27.268490 24.589989 22.107684 19.828921 17.756737 15.890155 14.224586 12.752330 11.463127 10.344734 9.383503 8.564919 7.874101 7.296227 6.816889 6.422372 6.099849 5.837507 5.624600 5.451454 5.309412 5.190760 5.088611 4.996790 4.909704 4.822223 4.729572 4.627247 4.510957 4.376598 4.220269 4.038331 3.827508 3.585031 3.308811 2.997648 2.651427 2.271304 1.859834 1.421018 0.960243 0.484084 0.000000 
50.000000 46.436149 42.906058 39.442526 36.076481 32.836149 29.746359 26.827988 24.097587 21.567184 19.244271 17.131944 15.229208 13.531387 12.030636 10.716500 9.576504 8.596744 7.762437 7.058427 6.469626 5.981379 5.579740 5.251685 4.985238 4.769528 4.594801 4.452372 4.334546 4.234515 4.146244 4.064345 3.983964 3.900672 3.810386 3.709307 3.593887 3.460839 3.307167 3.130247 2.927923 2.698641 2.441587 2.156828 1.845428 1.509531 1.152369 0.778199 0.392153 0.000000 
50.000000 46.380394 42.795076 39.277359 35.858654 32.567630 29.429504 26.465479 23.692366 21.122383 18.763137 16.617776 14.685289 12.960929 11.436731 10.102079 8.944312 7.949311 7.102075 6.387223 5.789452 5.293899 4.886437 4.553880 4.284120 4.066191 3.890277 3.747673 3.630711 3.532654 3.447589 3.370305 3.296179 3.221073 3.141249 3.053307 2.954147 2.840961 2.711254 2.562892 2.394173 2.203918 1.991567 1.757273 1.501981 1.227465 0.936330 0.631949 0.318343 0.000000 
50.000000 46.335641 42.705993 39.144783 35.683809 32.352096 29.175172 26.174502 23.367106 20.765353 18.376945 16.205068 14.248701 12.503041 10.960024 9.608909 8.436880 7.429652 6.572045 5.848502 5.243545 4.742149 4.330039 3.993904 3.721532 3.501883 3.325097 3.182456 3.066316 2.970005 2.887711 2.814371 2.745550 2.677345 2.606295 2.529315 2.443653 2.346874 2.236859 2.111840 1.970444 1.811752 1.635369 1.441481 1.230905 1.005108 0.766197 0.516865 0.260289 0.000000 
50.000000 46.300998 42.637036 39.042159 35.548466 32.185256 28.978299 25.949263 23.115330 20.488985 18.078002 15.885601 13.910751 12.148603 10.591021 9.227163 8.044097 7.027409 6.161779 5.431516 4.821006 4.315100 3.899410 3.560529 3.286167 3.065228 2.887818 2.745217 2.629798 2.534943 2.454924 2.384790 2.320258 2.257606 2.193585 2.125352 2.050419 1.966625 1.872132 1.765436 1.645394 1.511270 1.362768 1.200080 1.023907 0.835475 0.636509 0.429191 0.216079 0.000000 
50.000000 46.275712 42.586704 38.967252 35.449677 32.063478 28.834599 25.784860 22.931556 20.287261 17.859802 15.652420 13.664079 11.889898 10.321685 8.948528 7.757408 6.733815 5.862334 5.127169 4.512612 4.003422 3.585130 3.244258 2.968462 2.746605 2.568772 2.426238 2.311396 2.217665 2.139380 2.071676 2.010379 1.951900 1.893146 1.831446 1.764500 1.690344 1.607334 1.514149 1.409806 1.293682 1.165546 1.025581 0.874399 0.713041 0.542961 0.365977 0.184212 0.000000 
50.000000 46.259193 42.553822 38.918317 35.385140 31.983922 28.740722 25.677457 22.811499 20.155477 17.717255 15.500087 13.502932 11.720889 10.145733 8.766501 7.570119 6.542018 5.666715 4.928350 4.311152 3.799820 3.379834 3.037668 2.760945 2.538500 2.360405 2.217933 2.103491 2.010524 1.933407 1.867333 1.808199 1.752503 1.697252 1.639889 1.578233 1.510447 1.435010 1.350715 1.256675 1.152341 1.037516 0.912370 0.777455 0.633693 0.482358 0.325039 0.163578 0.000000 
50.000000 46.251036 42.537586 38.894154 35.353273 31.944639 28.694368 25.624424 22.752218 20.090406 17.646869 15.424869 13.423362 11.637438 10.058853 8.676621 7.477643 6.447315 5.570125 4.830181 4.211680 3.699292 3.278470 2.935668 2.658488 2.435757 2.257537 2.115103 2.000865 1.908283 1.831753 1.766497 1.708446 1.654141 1.600638 1.545437 1.486416 1.421796 1.350119 1.270231 1.181293 1.082789 0.974537 0.856702 0.729802 0.594700 0.452584 0.304929 0.153444 0.000000 
50.000000 46.251036 42.537586 38.894154 35.353273 31.944639 28.694368 25.624424 22.752218 20.090406 17.646869 15.424869 13.423362 11.637438 10.058853 8.676621 7.477643 6.447315 5.570125 4.830181 4.211680 3.699292 3.278470 2.935668 2.658488 2.435757 2.257537 2.115103 2.000865 1.908283 1.831753 1.766497 1.708446 1.654141 1.600638 1.545437 1.486416 1.421796 1.350119 1.270231 1.181293 1.082789 0.974537 0.856702 0.729802 0.594700 0.452584 0.304929 0.153444 0.000000 
50.000000 46.259193 42.553822 38.918317 35.385140 31.983922 28.740722 25.677457 22.811499 20.155477 17.717255 15.500087 13.502932 11.720889 10.145733 8.766501 7.570119 6.542018 5.666715 4.928350 4.311152 3.799820 3.379834 3.037668 2.760945 2.538500 2.360405 2.217933 2.103491 2.010524 1.933407 1.867333 1.808199 1.752503 1.697252 1.639889 1.578233 1.510447 1.435010 1.350715 1.256675 1.152341 1.037516 0.912370 0.777455 0.633693 0.482358 0.325039 0.163578 0.000000 
50.000000 46.275712 42.586704 38.967252 35.449677 32.063478 28.834599 25.784860 22.931556 20.287261 17.859802 15.652420 13.664079 11.889898 10.321685 8.948528 7.757408 6.733815 5.862334 5.127169 4.512612 4.003422 3.585130 3.244258 2.968462 2.746605 2.568772 2.426238 2.311396 2.217665 2.139380 2.071676 2.010379 1.951900 1.893146 1.831446 1.764500 1.690344 1.607334 1.514149 1.409806 1.293682 1.165546 1.025581 0.874399 0.713041 0.542961 0.365977 0.184212 0.000000 
50.000000 46.300998 42.637036 39.042159 35.548466 32.185256 28.978299 25.949263 23.115330 20.488985 18.078002 15.885601 13.910751 12.148603 10.591021 9.227163 8.044097 7.027409 6.161779 5.431516 4.821006 4.315100 3.899410 3.560529 3.286167 3.065228 2.887818 2.745217 2.629798 2.534943 2.454924 2.384790 2.320258 2.257606 2.193585 2.125352 2.050419 1.966625 1.872132 1.765436 1.645394 1.511270 1.362768 1.200080 1.023907 0.835475 0.636509 0.429191 0.216079 0.000000 
50.000000 46.335641 42.705993 39.144783 35.683809 32.352096 29.175172 26.174502 23.367106 20.765353 18.376945 16.205068 14.248701 12.503041 10.960024 9.608909 8.436880 7.429652 6.572045 5.848502 5.243545 4.742149 4.330039 3.993904 3.721532 3.501883 3.325097 3.182456 3.066316 2.970005 2.887711 2.814371 2.745550 2.677345 2.606295 2.529315 2.443653 2.346874 2.236859 2.111840 1.970444 1.811752 1.635369 1.441481 1.230905 1.005108 0.766197 0.516865 0.260289 0.000000 
50.000000 46.380394 42.795076 39.277359 35.858654 32.567630 29.429504 26.465479 23.692366 21.122383 18.763137 16.617776 14.685289 12.960929 11.436731 10.102079 8.944312 7.949311 7.102075 6.387223 5.789452 5.293899 4.886437 4.553880 4.284120 4.066191 3.890277 3.747673 3.630711 3.532654 3.447589 3.370305 3.296179 3.221073 3.141249 3.053307 2.954147 2.840961 2.711254 2.562892 2.394173 2.203918 1.991567 1.757273 1.501981 1.227465 0.936330 0.631949 0.318343 0.000000 
50.000000 46.436149 42.906058 39.442526 36.076481 32.836149 29.746359 26.827988 24.097587 21.567184 19.244271 17.131944 15.229208 13.531387 12.030636 10.716500 9.576504 8.596744 7.762437 7.058427 6.469626 5.981379 5.579740 5.251685 4.985238 4.769528 4.594801 4.452372 4.334546 4.234515 4.146244 4.064345 3.983964 3.900672 3.810386 3.709307 3.593887 3.460839 3.307167 3.130247 2.927923 2.698641 2.441587 2.156828 1.845428 1.509531 1.152369 0.778199 0.392153 0.000000 
50.000000 46.503900 43.040917 39.643228 36.341172 33.162439 30.131385 27.268490 24.589989 22.107684 19.828921 17.756737 15.890155 14.224586 12.752330 11.463127 10.344734 9.383503 8.564919 7.874101 7.296227 6.816889 6.422372 6.099849 5.837507 5.624600 5.451454 5.309412 5.190760 5.088611 4.996790 4.909704 4.822223 4.729572 4.627247 4.510957 4.376598 4.220269 4.038331 3.827508 3.585031 3.308811 2.997648 2.651427 2.271304 1.859834 1.421018 0.960243 0.484084 0.000000 
50.000000 46.584702 43.201755 39.882593 36.656852 33.551585 30.590581 27.793849 25.177249 22.752307 20.526200 18.501894 16.678433 15.051331 13.613064 12.353604 11.260984 10.321863 9.522049 8.846987 8.282174 7.813505 7.427540 7.111694 6.854353 6.644928 6.473846 6.332500 6.213159 6.108858 6.013267 5.920561 5.825294 5.722287 5.606537 5.473159 5.317367 5.134497 4.920089 4.670019 4.380687 4.049263 3.673960 3.254331 2.791538 2.288574 1.750357 1.183687 0.597010 0.000000 
50.000000 46.679626 43.390704 40.163794 37.027709 34.008747 31.130038 28.411034 25.867153 23.509602 21.345356 19.377299 17.604498 16.022591 14.624259 13.399747 12.337416 11.424284 10.646541 9.990017 9.440588 8.984507 8.608662 8.300758 8.049424 7.844262 7.675834 7.535600 7.415831 7.309481 7.210061 7.111493 7.007979 6.893877 6.763606 6.611584 6.432201 6.219859 5.969067 5.674607 5.331776 4.936708 4.486751 3.980881 3.420114 2.807844 2.150051 1.455289 0.734409 0.000000 
50.000000 46.789710 43.609829 40.489903 37.457789 34.538916 31.755645 29.126783 26.667236 24.387839 22.295335 20.392511 18.678464 17.148975 15.796961 14.612988 13.585795 12.702819 11.950696 11.315705 10.784164 10.342746 9.978725 9.680149 9.435941 9.235937 9.070867 8.932289 8.812494 8.704370 8.601267 8.496843 8.384916 8.259333 8.113863 7.942112 7.737508 7.493323 7.202790 6.859297 6.456688 5.989674 5.454334 4.848697 4.173346 3.431960 2.631685 1.783221 0.900512 0.000000 
50.000000 46.915899 43.861012 40.863723 37.950794 35.146654 32.472784 29.947252 27.584379 25.394572 23.384309 21.556265 19.909573 18.440174 17.141264 16.003771 15.016871 14.168485 13.445757 12.835489 12.324508 11.899973 11.549609 11.261868 11.026018 10.832179 10.671293 10.535054 10.415800 10.306377 10.199984 10.090014 9.969887 9.832902 9.672109 9.480209 9.249514 8.971963 8.639236 8.242973 7.775126 7.228465 6.597238 5.877968 5.070325 4.177983 3.209279 2.177492 1.100542 0.000000 
50.000000 47.058996 44.145850 41.287630 38.509855 35.835820 33.286011 30.877655 28.624409 26.536198 24.619196 22.875956 21.305647 19.904396 18.665712 17.580939 16.639747 15.830607 15.141247 14.559059 14.071454 13.666150 13.331392 13.056098 12.829946 12.643393 12.487644 12.354574 12.236611 12.126589 12.017585 11.902743 11.775088 11.627353 11.451827 11.240221 10.983597 10.672353 10.296322 9.844984 9.307864 8.675128 7.938412 7.091899 6.133568 5.066515 3.900101 2.650616 1.341087 0.000000 
50.000000 47.219602 44.465540 41.763404 39.137321 36.609310 34.198741 31.921900 29.791697 27.817513 26.005187 24.357129 22.872553 21.547796 20.376716 19.351126 18.461252 17.696186 17.044310 16.493687 16.032388 15.648765 15.331655 15.070513 14.855492 14.677450 14.527915 14.398996 14.283263 14.173590 14.062974 13.944348 13.810369 13.653220 13.464415 13.234627 12.953561 12.609892 12.191304 11.684675 11.076475 10.353424 9.503503 8.517343 7.389986 6.122897 4.725919 3.218666 1.630715 0.000000 
50.000000 47.398065 44.820775 42.292078 39.834552 37.468803 35.212957 33.082253 31.088774 29.241298 27.545289 26.003001 24.613695 23.373943 22.277993 21.318179 20.485349 19.769283 19.159098 18.643603 18.211610 17.852184 17.554828 17.309612 17.107233 16.939019 16.796887 16.673248 16.560878 16.452755 16.341863 16.220987 16.082480 15.918024 15.718395 15.473233 15.170836 14.798022 14.340065 13.780798 13.102938 12.288754 11.321202 10.185647 8.872259 7.379016 5.714962 3.902991 1.980978 0.000000 
50.000000 47.594434 45.211654 42.873799 40.601742 38.414536 36.328937 34.359036 32.516001 30.807950 29.239930 27.814027 26.529556 25.383346 24.370075 23.482651 22.712608 22.050488 21.486217 21.009431 20.609764 20.277072 20.001608 19.774130 19.585955 19.428957 19.295514 19.178416 19.070723 18.965599 18.856104 18.734971 18.594347 18.425518 18.218621 17.962339 17.643610 17.247352 16.756263 16.150750 15.409085 14.507952 13.423578 12.133716 10.620743 8.875981 6.905018 4.733029 2.408125 0.000000 
50.000000 47.808422 45.637604 43.507713 41.437767 39.445124 37.545049 35.750378 34.071288 32.515171 31.086628 29.787556 28.617332 27.573062 26.649898 25.841375 25.139772 24.536467 24.022271 23.587726 23.223367 22.919924 22.668477 22.460552 22.288164 22.143810 22.020414 21.911223 21.809677 21.709223 21.603112 21.484150 21.344423 21.174984 20.965506 20.703899 20.375903 19.964655 19.450280 18.809550 18.015727 17.038772 15.846223 14.405182 12.685974 10.668052 8.348339 5.751080 2.936124 0.000000 
50.000000 48.039377 46.097325 44.191888 42.340079 40.557425 38.857584 37.252039 35.749892 34.357759 33.079754 31.917574 30.870659 29.936420 29.110518 28.387164 27.759449 27.219651 26.759540 26.370643 26.044474 25.772716 25.547354 25.360759 25.205725 25.075453 24.963493 24.863648 24.769832 24.675896 24.575412 24.461423 24.326143 24.160618 23.954322 23.694695 23.366608 22.951750 22.427949 21.768455 20.941283 19.908795 18.627882 17.051380 15.131729 12.828262 10.119507 7.020625 3.602267 0.000000 
50.000000 48.286267 46.588767 44.923271 43.304649 41.746474 40.260683 38.857313 37.544321 36.327487 35.210409 34.194569 33.279476 32.462867 31.740947 31.108653 30.559943 30.088061 29.685808 29.345766 29.060504 28.822730 28.625412 28.461843 28.325672 28.210885 28.111745 28.022703 27.938259 27.852793 27.760356 27.654411 27.527536 27.371055 27.174602 26.925583 26.608525 26.204273 25.689009 25.033083 24.199662 23.143327 21.808925 20.131414 18.038130 15.456077 12.328044 8.641386 4.468266 0.000000 
50.000000 48.547683 47.109122 45.697683 44.325968 43.005478 41.746331 40.557032 39.444324 38.413106 37.466425 36.605537 35.830027 35.137975 34.526162 33.990299 33.525260 33.125317 32.784363 32.496103 32.254230 32.052547 31.885075 31.746100 31.630200 31.532220 31.447225 31.370409 31.296967 31.221944 31.140031 31.045323 30.931025 30.789081 30.609721 30.380883 30.087473 29.710403 29.225333 28.601019 27.797168 26.761725 25.427682 23.709881 21.503331 18.686669 15.138268 10.777542 5.643945 0.000000 
50.000000 48.821850 47.654860 46.509871 45.397107 44.325899 43.304452 42.339667 41.437014 40.600467 39.832497 39.134124 38.505009 37.943595 37.447270 37.012553 36.635283 36.310811 36.034179 35.800277 35.603976 35.440243 35.304210 35.191222 35.096851 35.016878 34.947244 34.883975 34.823075 34.760380 34.691392 34.611051 34.513469 34.391581 34.236709 34.037986 33.781587 33.449694 33.019049 32.458930 31.728278 30.771603 29.513246 27.849660 25.640124 22.698861 18.798620 13.711970 7.342730 0.000000 
50.000000 49.106664 48.221790 47.353599 46.509843 45.697595 44.923080 44.191528 43.507088 42.872772 42.290455 41.760910 41.283878 40.858180 40.481834 40.152200 39.866121 39.620072 39.410289 39.232894 39.083995 38.959769 38.856513 38.770688 38.698916 38.637974 38.584752 38.536190 38.489193 38.440517 38.386625 38.323510 38.246463 38.149780 38.026383 37.867300 37.660963 37.392213 37.040865 36.579569 35.970576 35.160701 34.073371 32.595969 30.559970 27.711660 23.676944 17.950191 10.025658 0.000000 
50.000000 49.399733 48.805152 48.221781 47.654828 47.109048 46.588621 46.097063 45.637160 45.210939 44.819657 44.463833 44.143296 43.857251 43.604367 43.382868 43.190635 43.025296 42.884322 42.765105 42.665028 42.581518 42.512083 42.454339 42.406006 42.364908 42.328937 42.296014 42.264027 42.230751 42.193748 42.150237 42.096926 42.029805 41.943853 41.832653 41.687842 41.498326 41.249090 40.919381 40.479783 39.887370 39.077325 37.947844 36.331922 33.943141 30.271775 24.402632 14.817971 0.000000 
50.000000 49.698438 49.399732 49.106657 48.821831 48.547641 48.286189 48.039239 47.808193 47.594067 47.397495 47.218735 47.057703 46.913999 46.786954 46.675676 46.579100 46.496034 46.425207 46.365310 46.315025 46.273059 46.238161 46.209128 46.184814 46.164121 46.145985 46.129355 46.113160 46.096267 46.077432 46.055230 46.027969 45.993574 45.949441 45.892218 45.817512 45.719446 45.589985 45.417874 45.186877 44.872711 44.437412 43.818224 42.903902 41.479239 39.081089 34.581815 24.849232 0.000000 
50.000000 50.000000 50.000000 50.000000 50.000000 50.000000 50.000000 50.000000 50.000000 50.000000 50.000000 50.000000 50.000000 50.000000 50.000000 50.000000 50.000000 50.000000 50.000000 50.000000 50.000000 50.000000 50.000000 50.000000 50.000000 50.000000 50.000000 50.000000 50.000000 50.000000 50.000000 50.000000 50.000000 50.000000 50.000000 50.000000 50.000000 50.000000 50.000000 50.000000 50.000000 50.000000 50.000000 50.000000 50.000000 50.000000 50.000000 50.000000 50.000000 50.000000 
