50.000000 50.000000 50.000000 50.000000 50.000000 50.000000 50.000000 50.000000 50.000000 50.000000 50.000000 50.000000 50.000000 50.000000 50.000000 50.000000 50.000000 50.000000 50.000000 50.000000 50.000000 50.000000 50.000000 50.000000 50.000000 50.000000 50.000000 50.000000 50.000000 50.000000 50.000000 50.000000 50.000000 50.000000 50.000000 50.000000 50.000000 50.000000 50.000000 50.000000 50.000000 50.000000 50.000000 50.000000 50.000000 50.000000 50.000000 50.000000 50.000000 50.000000 
50.000000 49.835940 49.672725 49.511183 49.352119 49.196298 49.044433 48.897178 48.755115 48.618750 48.488505 48.364716 48.247627 48.137392 48.034077 47.937655 47.848019 47.764974 47.688249 47.617500 47.552309 47.492189 47.436589 47.384887 47.336394 47.290345 47.245890 47.202084 47.157865 47.112024 47.063174 47.009693 46.949658 46.880744 46.800088 46.704093 46.588141 46.446166 46.269988 46.048263 45.764724 45.395121 44.901592 44.221549 43.243982 41.753977 39.288736 34.721018 24.919067 0.000000 
50.000000 49.672773 49.347230 49.025025 48.707763 48.396969 48.094066 47.800358 47.517007 47.245022 46.985245 46.738345 46.504811 46.284952 46.078896 45.886595 45.707831 45.542222 45.389229 45.248164 45.118199 44.998367 44.887572 44.784583 44.688032 44.596404 44.508021 44.421014 44.333289 44.242472 44.145841 44.040226 43.921877 43.786284 43.627916 43.439866 43.213327 42.936828 42.595067 42.167111 41.623482 40.921320 39.996007 38.746071 37.004970 34.486863 30.682718 24.678118 14.956176 0.000000 
50.000000 49.511379 49.025271 48.544150 48.070409 47.606326 47.154029 46.715462 46.292363 45.886237 45.498344 45.129682 44.780984 44.452711 44.145056 43.857952 43.591074 43.343855 43.115495 42.904974 42.711061 42.532324 42.367137 42.213678 42.069925 41.933643 41.802360 41.673333 41.543495 41.409383 41.267043 41.111891 40.938539 40.740544 40.510072 40.237426 39.910377 39.513210 39.025310 38.419059 37.656614 36.684883 35.427584 33.772586 31.552042 28.513092 24.282652 18.356239 10.229363 0.000000 
50.000000 49.352615 48.708559 48.071111 47.443443 46.828572 46.229317 45.648257 45.087692 44.549621 44.035712 43.547289 43.085325 42.650433 42.242874 41.862560 41.509068 41.181652 40.879262 40.600554 40.343914 40.107460 39.889061 39.686330 39.496626 39.317035 39.144345 38.975002 38.805051 38.630047 38.444944 38.243931 38.020230 37.765808 37.470998 37.123979 36.710063 36.210696 35.602058 34.853071 33.922544 32.755106 31.275468 29.380714 26.930997 23.741646 19.586722 14.240282 7.607769 0.000000 
50.000000 49.197304 48.398737 47.608363 46.830116 46.067740 45.324728 44.604279 43.909248 43.242113 42.604943 41.999386 41.426647 40.887493 40.382251 39.910818 39.472678 39.066916 38.692242 38.347008 38.029231 37.736606 37.466523 37.216068 36.982021 36.760842 36.548641 36.341136 36.133583 35.920686 35.696469 35.454116 35.185741 34.882106 34.532233 34.122894 33.637934 33.057364 32.356152 31.502611 30.456280 29.165238 27.562917 25.564913 23.067287 19.950007 16.093031 11.417565 5.965022 0.000000 
50.000000 49.046226 48.097359 47.158228 46.233509 45.327650 44.444804 43.588772 42.762949 41.970280 41.213229 40.493754 39.813294 39.172763 38.572557 38.012564 37.492180 37.010333 36.565507 36.155768 35.778786 35.431863 35.111941 34.815618 34.539147 34.278418 34.028940 33.785787 33.543541 33.296193 33.037019 32.758420 32.451706 32.106819 31.711979 31.253230 30.713857 30.073647 29.307969 28.386641 27.272626 25.920642 24.276038 22.274624 19.844943 16.915526 13.430978 9.380717 4.839157 0.000000 
50.000000 48.900108 47.805876 46.722874 45.656494 44.611866 43.593783 42.606628 41.654318 40.740253 39.867278 39.037653 38.253045 37.514515 36.822529 36.176967 35.577149 35.021856 34.509363 34.037468 33.603524 33.204464 32.836824 32.496757 32.180038 31.882055 31.597789 31.321768 31.048011 30.769940 30.480262 30.170820 29.832399 29.454481 29.024943 28.529682 27.952160 27.272865 26.468691 25.512280 24.371396 23.008539 21.381139 19.442969 17.147798 14.456649 11.350059 7.845478 4.016054 0.000000 
50.000000 48.759620 47.525624 46.304293 45.101711 43.923664 42.775558 41.662340 40.588428 39.557661 38.573249 37.637749 36.753046 35.920346 35.140185 34.412442 33.736367 33.110609 32.533250 32.001844 31.513450 31.064668 30.651664 30.270192 29.915606 29.582855 29.266469 28.960525 28.658592 28.353659 28.038030 27.703197 27.339670 26.936780 26.482439 25.962849 25.362192 24.662270 23.842170 22.877973 21.742646 20.406275 18.836960 17.002803 14.875549 12.436466 9.684643 6.646789 3.385446 0.000000 
50.000000 48.625365 47.257806 45.904286 44.571547 43.266004 41.993651 40.759971 39.569865 38.427590 37.336710 36.300065 35.319750 34.397114 33.532763 32.726580 31.977755 31.284816 30.645672 30.057653 29.517555 29.021675 28.565850 28.145483 27.755558 27.390651 27.044916 26.712065 26.385327 26.057381 25.720279 25.365335 24.982998 24.562693 24.092651 23.559705 22.949100 22.244300 21.426866 20.476439 19.370945 18.087171 16.601915 14.893966 12.947184 10.754797 8.324667 5.684565 2.885441 0.000000 
50.000000 48.497880 47.003493 45.524450 44.068120 42.641514 41.251184 39.903126 38.602698 37.354556 36.162601 35.029943 33.958881 32.950901 32.006680 31.126109 30.308326 29.551753 28.854144 28.212628 27.623764 27.083581 26.587626 26.130993 25.708352 25.313965 24.941681 24.584932 24.236694 23.889452 23.535128 23.165007 22.769637 22.338725 21.861013 21.324168 20.714679 20.017805 19.217590 18.297029 17.238441 16.024169 14.637730 13.065537 11.299280 9.338893 7.195766 4.895471 2.478819 0.000000 
50.000000 48.377632 46.763617 45.166178 43.593275 42.052483 40.550880 39.094946 37.690471 36.342490 35.055221 33.832033 32.675420 31.586997 30.567513 29.616871 28.734168 27.917732 27.165177 26.473457 25.838919 25.257358 24.724066 24.233874 23.781187 23.360006 22.963943 22.586216 22.219638 21.856585 21.488954 21.108110 20.704824 20.269203 19.790623 19.257681 18.658171 17.979117 17.206890 16.327464 15.326853 14.191814 12.910865 11.475676 9.882815 8.135722 6.246617 4.237833 2.141927 0.000000 
50.000000 48.265019 46.538974 44.830658 43.148586 41.500862 39.895057 38.338105 36.836203 35.394739 34.018233 32.710295 31.473603 30.309900 29.220003 28.203833 27.260450 26.388103 25.584284 24.845792 24.168790 23.548868 22.981100 22.460092 21.980028 21.534704 21.117545 20.721623 20.339649 19.963967 19.586526 19.198853 18.792018 18.356601 17.882668 17.359769 16.776967 16.122931 15.386108 14.555007 13.618644 12.567172 11.392730 10.090510 8.659997 7.106251 5.441006 3.683265 1.859044 0.000000 
50.000000 48.160373 46.330223 44.518875 42.735360 40.988272 39.285644 37.634829 36.042403 34.514087 33.054679 31.668016 30.356950 29.123344 27.968083 26.891107 25.891448 24.967286 24.116011 23.334284 22.618111 21.962903 21.363550 20.814470 20.309668 19.842774 19.407079 18.995557 18.600873 18.215393 17.831174 17.439957 17.033158 16.601860 16.136824 15.628519 15.067191 14.442979 13.746113 12.967201 12.097629 11.130103 10.059323 8.882777 7.601600 6.221389 4.752815 3.211839 1.619331 0.000000 
50.000000 48.063963 46.137900 44.231629 42.354655 40.516026 38.724198 36.986913 35.311099 33.702780 32.167014 30.707849 29.328298 28.030337 26.814917 25.681999 24.630594 23.658826 22.763993 21.942642 21.190641 20.503252 19.875208 19.300773 18.773806 18.287813 17.835986 17.411244 17.006247 16.613423 16.224973 15.832882 15.428926 15.004694 14.551612 14.061003 13.524170 12.932529 12.277806 11.552299 10.749232 9.863192 8.890653 7.830552 6.684875 5.459161 4.162829 2.809192 1.415079 0.000000 
50.000000 47.975996 45.962422 43.969542 42.007296 40.085147 38.211936 36.395763 34.643874 32.962572 31.357154 29.831862 28.389857 27.033220 25.762965 24.579075 23.480548 22.465458 21.531029 20.673709 19.889250 19.172788 18.518925 17.921800 17.375158 16.872409 16.406682 15.970868 15.557655 15.159558 14.768941 14.378042 13.978998 13.563877 13.124722 12.653621 12.142799 11.584754 10.972440 10.299494 9.560537 8.751522 7.870127 6.916165 5.891982 4.802752 3.656643 2.464732 1.240663 0.000000 
50.000000 47.896630 45.804101 43.733082 41.693904 39.696402 37.749771 35.862428 34.041910 32.294774 30.626531 29.041598 27.543274 26.133735 24.814055 23.584239 22.443276 21.389201 20.419174 19.529561 18.716016 17.973573 17.296724 16.679507 16.115578 15.598279 15.120700 14.675727 14.256094 13.854418 13.463233 13.075028 12.682281 12.277500 11.853283 11.402386 10.917823 10.392988 9.821824 9.199014 8.520230 7.782398 6.983993 6.125330 5.208816 4.239133 3.223287 2.170497 1.091890 0.000000 
50.000000 47.825977 45.663161 43.522580 41.414916 39.350337 37.338347 35.387653 33.506047 31.700314 29.976155 28.338147 26.789710 25.333109 23.969470 22.698821 21.520146 20.431449 19.429839 18.511611 17.672341 16.906973 16.209917 15.575128 14.996194 14.466409 13.978840 13.526388 13.101842 12.697926 12.307343 11.922816 11.537135 11.143205 10.734105 10.303165 9.844057 9.350908 8.818444 8.242157 7.618494 6.945066 6.220865 5.446459 4.624159 3.758111 2.854298 1.920407 0.965578 0.000000 
50.000000 47.764109 45.539746 43.338254 41.170621 39.047307 36.978089 34.971925 33.036834 31.179797 29.406688 27.722219 26.129920 24.632133 23.230034 21.923673 20.712029 19.593084 18.563903 17.620726 16.759063 15.973788 15.259241 14.609316 14.017547 13.477197 12.981325 12.522853 12.094632 11.689491 11.300288 10.919962 10.541578 10.158386 9.763879 9.351864 8.916554 8.452665 7.955536 7.421273 6.846890 6.230474 5.571337 4.870149 4.129044 3.351653 2.543079 1.709766 0.859282 0.000000 
50.000000 47.711070 45.433942 43.180231 40.961188 38.787521 36.669243 34.615528 32.634588 30.733575 28.918509 27.194221 25.564334 24.031258 22.596213 21.259268 20.019402 18.874577 17.821826 16.857343 15.976585 15.174371 14.444986 13.782274 13.179735 12.630608 12.127952 11.664719 11.233817 10.828172 10.440785 10.064781 9.693465 9.320375 8.939350 8.544590 8.130741 7.692982 7.227129 6.729742 6.198250 5.631061 5.027678 4.388785 3.716306 3.013411 2.284468 1.534923 0.771111 0.000000 
50.000000 47.666879 45.345788 43.048571 40.786693 38.571074 36.411923 34.318591 32.299454 30.361807 28.511789 26.754333 25.093140 23.530677 22.068200 20.705797 19.442447 18.276099 17.203758 16.221583 15.324990 14.508755 13.767120 13.093894 12.482548 11.926308 11.418240 10.951323 10.518520 10.112843 9.727413 9.355514 8.990647 8.626594 8.257466 7.877780 7.482520 7.067225 6.628067 6.161946 5.666581 5.140596 4.583600 3.996245 3.380248 2.738385 2.074429 1.393040 0.699599 0.000000 
50.000000 47.631540 45.275293 42.943284 40.647153 38.397987 36.206151 34.081140 32.031460 30.064520 28.186556 26.402581 24.716361 23.130407 21.646006 20.263260 18.981151 17.797617 16.709642 15.713360 14.804155 13.976769 13.225414 12.543870 11.925592 11.363799 10.851561 10.381885 9.947780 9.542331 9.158755 8.790465 8.431120 8.074688 7.715498 7.348306 6.968356 6.571453 6.154033 5.713238 5.246987 4.754048 4.234082 3.687688 3.116403 2.522685 1.909841 1.281931 0.643621 0.000000 
50.000000 47.605048 45.222447 42.864355 40.542547 38.268233 36.051894 33.903136 31.830561 29.841663 27.942751 26.138901 24.433923 22.830365 21.329536 19.931551 18.635391 17.438988 16.339313 15.332480 14.413849 13.578140 12.819543 12.131819 11.508410 10.942531 10.427261 9.955626 9.520674 9.115542 8.733525 8.368129 8.013133 7.662641 7.311142 6.953566 6.585343 6.202467 5.801557 5.379922 4.935616 4.467492 3.975238 3.459398 2.921367 2.363361 1.788348 1.199955 0.602332 0.000000 
50.000000 47.587393 45.187230 42.811758 40.472839 38.181766 35.949100 33.784518 31.696686 29.693156 27.780287 25.963193 24.245717 22.630431 21.118658 19.710522 18.405005 17.200034 16.092571 15.078718 14.153820 13.312583 12.549181 11.857365 11.230569 10.662005 10.144759 9.671871 9.236415 8.831565 8.450666 8.087289 7.735288 7.388862 7.042602 6.691550 6.331257 5.957838 5.568029 5.159240 4.729608 4.278037 3.804224 3.308671 2.792675 2.258289 1.708261 1.145934 0.575129 0.000000 
50.000000 47.578569 45.169627 42.785467 40.437994 38.138545 35.897718 33.725225 31.629768 29.618924 27.699079 25.875366 24.151643 22.530495 21.013254 19.600044 18.289852 17.080600 15.969248 14.951889 14.023863 13.179869 12.414071 11.720217 11.091737 10.521842 10.003622 9.530124 9.094434 8.689747 8.309430 7.947088 7.596615 7.252253 6.908644 6.560888 6.204594 5.835934 5.451701 5.049356 4.627075 4.183782 3.719178 3.233743 2.728723 2.206092 1.668486 1.119110 0.561623 0.000000 
50.000000 47.578569 45.169627 42.785467 40.437994 38.138545 35.897718 33.725225 31.629768 29.618924 27.699079 25.875366 24.151643 22.530495 21.013254 19.600044 18.289852 17.080600 15.969248 14.951889 14.023863 13.179869 12.414071 11.720217 11.091737 10.521842 10.003622 9.530124 9.094434 8.689747 8.309430 7.947088 7.596615 7.252253 6.908644 6.560888 6.204594 5.835934 5.451701 5.049356 4.627075 4.183782 3.719178 3.233743 2.728723 2.206092 1.668486 1.119110 0.561623 0.000000 
50.000000 47.587393 45.187230 42.811758 40.472839 38.181766 35.949100 33.784518 31.696686 29.693156 27.780287 25.963193 24.245717 22.630431 21.118658 19.710522 18.405005 17.200034 16.092571 15.078718 14.153820 13.312583 12.549181 11.857365 11.230569 10.662005 10.144759 9.671871 9.236415 8.831565 8.450666 8.087289 7.735288 7.388862 7.042602 6.691550 6.331257 5.957838 5.568029 5.159240 4.729608 4.278037 3.804224 3.308671 2.792675 2.258289 1.708261 1.145934 0.575129 0.000000 
50.000000 47.605048 45.222447 42.864355 40.542547 38.268233 36.051894 33.903136 31.830561 29.841663 27.942751 26.138901 24.433923 22.830365 21.329536 19.931551 18.635391 17.438988 16.339313 15.332480 14.413849 13.578140 12.819543 12.131819 11.508410 10.942531 10.427261 9.955626 9.520674 9.115542 8.733525 8.368129 8.013133 7.662641 7.311142 6.953566 6.585343 6.202467 5.801557 5.379922 4.935616 4.467492 3.975238 3.459398 2.921367 2.363361 1.788348 1.199955 0.602332 0.000000 
50.000000 47.631540 45.275293 42.943284 40.647153 38.397987 36.206151 34.081140 32.031460 30.064520 28.186556 26.402581 24.716361 23.130407 21.646006 20.263260 18.981151 17.797617 16.709642 15.713360 14.804155 13.976769 13.225414 12.543870 11.925592 11.363799 10.851561 10.381885 9.947780 9.542331 9.158755 8.790465 8.431120 8.074688 7.715498 7.348306 6.968356 6.571453 6.154033 5.713238 5.246987 4.754048 4.234082 3.687688 3.116403 2.522685 1.909841 1.281931 0.643621 0.000000 
50.000000 47.666879 45.345788 43.048571 40.786693 38.571074 36.411923 34.318591 32.299454 30.361807 28.511789 26.754333 25.093140 23.530677 22.068200 20.705797 19.442447 18.276099 17.203758 16.221583 15.324990 14.508755 13.767120 13.093894 12.482548 11.926308 11.418240 10.951323 10.518520 10.112843 9.727413 9.355514 8.990647 8.626594 8.257466 7.877780 7.482520 7.067225 6.628067 6.161946 5.666581 5.140596 4.583600 3.996245 3.380248 2.738385 2.074429 1.393040 0.699599 0.000000 
50.000000 47.711070 45.433942 43.180231 40.961188 38.787521 36.669243 34.615528 32.634588 30.733575 28.918509 27.194221 25.564334 24.031258 22.596213 21.259268 20.019402 18.874577 17.821826 16.857343 15.976585 15.174371 14.444986 13.782274 13.179735 12.630608 12.127952 11.664719 11.233817 10.828172 10.440785 10.064781 9.693465 9.320375 8.939350 8.544590 8.130741 7.692982 7.227129 6.729742 6.198250 5.631061 5.027678 4.388785 3.716306 3.013411 2.284468 1.534923 0.771111 0.000000 
50.000000 47.764109 45.539746 43.338254 41.170621 39.047307 36.978089 34.971925 33.036834 31.179797 29.406688 27.722219 26.129920 24.632133 23.230034 21.923673 20.712029 19.593084 18.563903 17.620726 16.759063 15.973788 15.259241 14.609316 14.017547 13.477197 12.981325 12.522853 12.094632 11.689491 11.300288 10.919962 10.541578 10.158386 9.763879 9.351864 8.916554 8.452665 7.955536 7.421273 6.846890 6.230474 5.571337 4.870149 4.129044 3.351653 2.543079 1.709766 0.859282 0.000000 
50.000000 47.825977 45.663161 43.522580 41.414916 39.350337 37.338347 35.387653 33.506047 31.700314 29.976155 28.338147 26.789710 25.333109 23.969470 22.698821 21.520146 20.431449 19.429839 18.511611 17.672341 16.906973 16.209917 15.575128 14.996194 14.466409 13.978840 13.526388 13.101842 12.697926 12.307343 11.922816 11.537135 11.143205 10.734105 10.303165 9.844057 9.350908 8.818444 8.242157 7.618494 6.945066 6.220865 5.446459 4.624159 3.758111 2.854298 1.920407 0.965578 0.000000 
50.000000 47.896630 45.804101 43.733082 41.693904 39.696402 37.749771 35.862428 34.041910 32.294774 30.626531 29.041598 27.543274 26.133735 24.814055 23.584239 22.443276 21.389201 20.419174 19.529561 18.716016 17.973573 17.296724 16.679507 16.115578 15.598279 15.120700 14.675727 14.256094 13.854418 13.463233 13.075028 12.682281 12.277500 11.853283 11.402386 10.917823 10.392988 9.821824 9.199014 8.520230 7.782398 6.983993 6.125330 5.208816 4.239133 3.223287 2.170497 1.091890 0.000000 
50.000000 47.975996 45.962422 43.969542 42.007296 40.085147 38.211936 36.395763 34.643874 32.962572 31.357154 29.831862 28.389857 27.033220 25.762965 24.579075 23.480548 22.465458 21.531029 20.673709 19.889250 19.172788 18.518925 17.921800 17.375158 16.872409 16.406682 15.970868 15.557655 15.159558 14.768941 14.378042 13.978998 13.563877 13.124722 12.653621 12.142799 11.584754 10.972440 10.299494 9.560537 8.751522 7.870127 6.916165 5.891982 4.802752 3.656643 2.464732 1.240663 0.000000 
50.000000 48.063963 46.137900 44.231629 42.354655 40.516026 38.724198 36.986913 35.311099 33.702780 32.167014 30.707849 29.328298 28.030337 26.814917 25.681999 24.630594 23.658826 22.763993 21.942642 21.190641 20.503252 19.875208 19.300773 18.773806 18.287813 17.835986 17.411244 17.006247 16.613423 16.224973 15.832882 15.428926 15.004694 14.551612 14.061003 13.524170 12.932529 12.277806 11.552299 10.749232 9.863192 8.890653 7.830552 6.684875 5.459161 4.162829 2.809192 1.415079 0.000000 
50.000000 48.160373 46.330223 44.518875 42.735360 40.988272 39.285644 37.634829 36.042403 34.514087 33.054679 31.668016 30.356950 29.123344 27.968083 26.891107 25.891448 24.967286 24.116011 23.334284 22.618111 21.962903 21.363550 20.814470 20.309668 19.842774 19.407079 18.995557 18.600873 18.215393 17.831174 17.439957 17.033158 16.601860 16.136824 15.628519 15.067191 14.442979 13.746113 12.967201 12.097629 11.130103 10.059323 8.882777 7.601600 6.221389 4.752815 3.211839 1.619331 0.000000 
50.000000 48.265019 46.538974 44.830658 43.148586 41.500862 39.895057 38.338105 36.836203 35.394739 34.018233 32.710295 31.473603 30.309900 29.220003 28.203833 27.260450 26.388103 25.584284 24.845792 24.168790 23.548868 22.981100 22.460092 21.980028 21.534704 21.117545 20.721623 20.339649 19.963967 19.586526 19.198853 18.792018 18.356601 17.882668 17.359769 16.776967 16.122931 15.386108 14.555007 13.618644 12.567172 11.392730 10.090510 8.659997 7.106251 5.441006 3.683265 1.859044 0.000000 
50.000000 48.377632 46.763617 45.166178 43.593275 42.052483 40.550880 39.094946 37.690471 36.342490 35.055221 33.832033 32.675420 31.586997 30.567513 29.616871 28.734168 27.917732 27.165177 26.473457 25.838919 25.257358 24.724066 24.233874 23.781187 23.360006 22.963943 22.586216 22.219638 21.856585 21.488954 21.108110 20.704824 20.269203 19.790623 19.257681 18.658171 17.979117 17.206890 16.327464 15.326853 14.191814 12.910865 11.475676 9.882815 8.135722 6.246617 4.237833 2.141927 0.000000 
50.000000 48.497880 47.003493 45.524450 44.068120 42.641514 41.251184 39.903126 38.602698 37.354556 36.162601 35.029943 33.958881 32.950901 32.006680 31.126109 30.308326 29.551753 28.854144 28.212628 27.623764 27.083581 26.587626 26.130993 25.708352 25.313965 24.941681 24.584932 24.236694 23.889452 23.535128 23.165007 22.769637 22.338725 21.861013 21.324168 20.714679 20.017805 19.217590 18.297029 17.238441 16.024169 14.637730 13.065537 11.299280 9.338893 7.195766 4.895471 2.478819 0.000000 
50.000000 48.625365 47.257806 45.904286 44.571547 43.266004 41.993651 40.759971 39.569865 38.427590 37.336710 36.300065 35.319750 34.397114 33.532763 32.726580 31.977755 31.284816 30.645672 30.057653 29.517555 29.021675 28.565850 28.145483 27.755558 27.390651 27.044916 26.712065 26.385327 26.057381 25.720279 25.365335 24.982998 24.562693 24.092651 23.559705 22.949100 22.244300 21.426866 20.476439 19.370945 18.087171 16.601915 14.893966 12.947184 10.754797 8.324667 5.684565 2.885441 0.000000 
50.000000 48.759620 47.525624 46.304293 45.101711 43.923664 42.775558 41.662340 40.588428 39.557661 38.573249 37.637749 36.753046 35.920346 35.140185 34.412442 33.736367 33.110609 32.533250 32.001844 31.513450 31.064668 30.651664 30.270192 29.915606 29.582855 29.266469 28.960525 28.658592 28.353659 28.038030 27.703197 27.339670 26.936780 26.482439 25.962849 25.362192 24.662270 23.842170 22.877973 21.742646 20.406275 18.836960 17.002803 14.875549 12.436466 9.684643 6.646789 3.385446 0.000000 
50.000000 48.900108 47.805876 46.722874 45.656494 44.611866 43.593783 42.606628 41.654318 40.740253 39.867278 39.037653 38.253045 37.514515 36.822529 36.176967 35.577149 35.021856 34.509363 34.037468 33.603524 33.204464 32.836824 32.496757 32.180038 31.882055 31.597789 31.321768 31.048011 30.769940 30.480262 30.170820 29.832399 29.454481 29.024943 28.529682 27.952160 27.272865 26.468691 25.512280 24.371396 23.008539 21.381139 19.442969 17.147798 14.456649 11.350059 7.845478 4.016054 0.000000 
50.000000 49.046226 48.097359 47.158228 46.233509 45.327650 44.444804 43.588772 42.762949 41.970280 41.213229 40.493754 39.813294 39.172763 38.572557 38.012564 37.492180 37.010333 36.565507 36.155768 35.778786 35.431863 35.111941 34.815618 34.539147 34.278418 34.028940 33.785787 33.543541 33.296193 33.037019 32.758420 32.451706 32.106819 31.711979 31.253230 30.713857 30.073647 29.307969 28.386641 27.272626 25.920642 24.276038 22.274624 19.844943 16.915526 13.430978 9.380717 4.839157 0.000000 
50.000000 49.197304 48.398737 47.608363 46.830116 46.067740 45.324728 44.604279 43.909248 43.242113 42.604943 41.999386 41.426647 40.887493 40.382251 39.910818 39.472678 39.066916 38.692242 38.347008 38.029231 37.736606 37.466523 37.216068 36.982021 36.760842 36.548641 36.341136 36.133583 35.920686 35.696469 35.454116 35.185741 34.882106 34.532233 34.122894 33.637934 33.057364 32.356152 31.502611 30.456280 29.165238 27.562917 25.564913 23.067287 19.950007 16.093031 11.417565 5.965022 0.000000 
50.000000 49.352615 48.708559 48.071111 47.443443 46.828572 46.229317 45.648257 45.087692 44.549621 44.035712 43.547289 43.085325 42.650433 42.242874 41.862560 41.509068 41.181652 40.879262 40.600554 40.343914 40.107460 39.889061 39.686330 39.496626 39.317035 39.144345 38.975002 38.805051 38.630047 38.444944 38.243931 38.020230 37.765808 37.470998 37.123979 36.710063 36.210696 35.602058 34.853071 33.922544 32.755106 31.275468 29.380714 26.930997 23.741646 19.586722 14.240282 7.607769 0.000000 
50.000000 49.511379 49.025271 48.544150 48.070409 47.606326 47.154029 46.715462 46.292363 45.886237 45.498344 45.129682 44.780984 44.452711 44.145056 43.857952 43.591074 43.343855 43.115495 42.904974 42.711061 42.532324 42.367137 42.213678 42.069925 41.933643 41.802360 41.673333 41.543495 41.409383 41.267043 41.111891 40.938539 40.740544 40.510072 40.237426 39.910377 39.513210 39.025310 38.419059 37.656614 36.684883 35.427584 33.772586 31.552042 28.513092 24.282652 18.356239 10.229363 0.000000 
50.000000 49.672773 49.347230 49.025025 48.707763 48.396969 48.094066 47.800358 47.517007 47.245022 46.985245 46.738345 46.504811 46.284952 46.078896 45.886595 45.707831 45.542222 45.389229 45.248164 45.118199 44.998367 44.887572 44.784583 44.688032 44.596404 44.508021 44.421014 44.333289 44.242472 44.145841 44.040226 43.921877 43.786284 43.627916 43.439866 43.213327 42.936828 42.595067 42.167111 41.623482 40.921320 39.996007 38.746071 37.004970 34.486863 30.682718 24.678118 14.956176 0.000000 
50.000000 49.835940 49.672725 49.511183 49.352119 49.196298 49.044433 48.897178 48.755115 48.618750 48.488505 48.364716 48.247627 48.137392 48.034077 47.937655 47.848019 47.764974 47.688249 47.617500 47.552309 47.492189 47.436589 47.384887 47.336394 47.290345 47.245890 47.202084 47.157865 47.112024 47.063174 47.009693 46.949658 46.880744 46.800088 46.704093 46.588141 46.446166 46.269988 46.048263 45.764724 45.395121 44.901592 44.221549 43.243982 41.753977 39.288736 34.721018 24.919067 0.000000 
50.000000 50.000000 50.000000 50.000000 50.000000 50.000000 50.000000 50.000000 50.000000 50.000000 50.000000 50.000000 50.000000 50.000000 50.000000 50.000000 50.000000 50.000000 50.000000 50.000000 50.000000 50.000000 50.000000 50.000000 50.000000 50.000000 50.000000 50.000000 50.000000 50.000000 50.000000 50.000000 50.000000 50.000000 50.000000 50.000000 50.000000 50.000000 50.000000 50.000000 50.000000 50.000000 50.000000 50.000000 50.000000 50.000000 50.000000 50.000000 50.000000 50.000000 
