50.000000 50.000000 50.000000 50.000000 50.000000 50.000000 50.000000 50.000000 50.000000 50.000000 50.000000 50.000000 50.000000 50.000000 50.000000 50.000000 50.000000 50.000000 50.000000 50.000000 50.000000 50.000000 50.000000 50.000000 50.000000 50.000000 50.000000 50.000000 50.000000 50.000000 50.000000 50.000000 50.000000 50.000000 50.000000 50.000000 50.000000 50.000000 50.000000 50.000000 50.000000 50.000000 50.000000 50.000000 50.000000 50.000000 50.000000 50.000000 50.000000 50.000000 
50.000000 49.606982 49.218815 48.840172 48.475375 48.128253 47.802021 47.499197 47.221561 46.970148 46.745276 46.546608 46.373240 46.223798 46.096549 45.989513 45.900568 45.827541 45.768292 45.720774 45.683082 45.653478 45.630407 45.612496 45.598540 45.587479 45.578369 45.570341 45.562556 45.554152 45.544177 45.531516 45.514791 45.492246 45.461579 45.419732 45.362577 45.284468 45.177563 45.030747 44.827866 44.544654 44.143090 43.560291 42.684807 41.301154 38.945842 34.490833 24.803492 0.000000 
50.000000 49.218816 48.447274 47.694661 46.969571 46.279611 45.631174 45.029265 44.477422 43.977699 43.530730 43.135847 42.791252 42.494213 42.241287 42.028538 41.851747 41.706596 41.588832 41.494387 41.419473 41.360640 41.314797 41.279217 41.251508 41.229570 41.211532 41.195680 41.180361 41.163883 41.144389 41.119709 41.087177 41.043404 40.983976 40.903048 40.792783 40.642543 40.437692 40.157754 39.773476 39.241964 38.498291 37.440402 35.900889 33.592788 30.005700 24.223640 14.727986 0.000000 
50.000000 48.840173 47.694662 46.577255 45.500710 44.476326 43.513588 42.619932 41.800609 41.058670 40.395054 39.808772 39.297151 38.856137 38.480619 38.164753 37.902274 37.686772 37.511933 37.371720 37.260511 37.173183 37.105153 37.052378 37.011314 36.978856 36.952246 36.928961 36.906588 36.882668 36.854523 36.819043 36.772441 36.709928 36.625313 36.510465 36.354586 36.143191 35.856645 35.468005 34.939760 34.218774 33.228318 31.855402 29.930918 27.200356 23.288636 17.688971 9.894335 0.000000 
50.000000 48.475377 46.969573 45.500713 44.085568 42.738988 41.473446 40.298713 39.221693 38.246396 37.374058 36.603377 35.930840 35.351119 34.857495 34.442285 34.097254 33.813980 33.584162 33.399865 33.253703 33.138947 33.049581 32.980296 32.926452 32.883988 32.849308 32.819145 32.790391 32.759908 32.724311 32.679713 32.621417 32.543545 32.438569 32.296709 32.105134 31.846894 31.499444 31.032588 30.405572 29.562972 28.428928 26.899421 24.832978 22.042803 18.300381 13.376799 7.174229 0.000000 
50.000000 48.128257 46.279618 44.476334 42.738995 41.085832 39.532158 38.089969 36.767739 35.570392 34.499447 33.553304 32.727651 32.015946 31.409940 30.900203 30.476627 30.128870 29.846745 29.620515 29.441115 29.300292 29.190668 29.105745 29.039846 28.988018 28.945895 28.909532 28.875211 28.839219 28.797601 28.745868 28.678665 28.589367 28.469587 28.308571 28.092416 27.803077 27.417070 26.903779 26.223280 25.323600 24.137493 22.579240 20.542958 17.906071 14.545451 10.378750 5.443460 0.000000 
50.000000 47.802028 45.631188 43.513607 41.473466 39.532173 37.707708 36.014160 34.461480 33.055450 31.797852 30.686809 29.717257 28.881514 28.169894 27.571324 27.073934 26.665583 26.334310 26.068686 25.858072 25.692785 25.564178 25.464638 25.387530 25.327080 25.278226 25.236424 25.197436 25.157086 25.110988 25.054243 24.981084 24.884478 24.755646 24.583490 24.353899 24.048909 23.645677 23.115270 22.421281 21.518382 20.351160 18.853937 16.953045 14.574121 11.658256 8.190817 4.241752 0.000000 
50.000000 47.499211 45.029292 42.619971 40.298758 38.090012 36.014191 34.087324 32.320734 30.720998 29.290145 28.026038 26.922916 25.972040 25.162388 24.481364 23.915463 23.450875 23.073994 22.771819 22.532257 22.344301 22.198129 22.085108 21.997723 21.929462 21.874639 21.828196 21.785469 21.741928 21.692896 21.633235 21.557005 21.457070 21.324661 21.148868 20.916065 20.609250 20.207322 19.684325 19.008739 18.143035 17.043823 15.663252 13.952673 11.869937 9.391727 6.531047 3.356143 0.000000 
50.000000 47.221587 44.477471 41.800680 39.221780 36.767833 34.461569 32.320795 30.358091 28.580766 26.991074 25.586639 24.361063 23.304635 22.405112 21.648498 21.019793 20.503654 20.084970 19.749304 19.483228 19.274528 19.112313 18.987020 18.890345 18.815114 18.755102 18.704816 18.659254 18.613636 18.563116 18.502480 18.425808 18.326116 18.194966 18.022040 17.794684 17.497439 17.111574 16.614708 15.980604 15.179344 14.178176 12.943485 11.444450 9.658965 7.582016 5.235578 2.676968 0.000000 
50.000000 46.970192 43.977785 41.058795 38.246553 35.570573 33.055637 30.721167 28.580881 26.642748 24.909225 23.377723 22.041265 20.889261 19.908360 19.083304 18.397733 17.834923 17.378398 17.012423 16.722364 16.494919 16.318235 16.181916 16.076956 15.995603 15.931167 15.877798 15.830237 15.783545 15.732817 15.672886 15.598010 15.501550 15.375627 15.210783 14.995639 14.716576 14.357489 13.899668 13.321913 12.601040 11.712984 10.634771 9.347605 7.841215 6.119203 4.204419 2.142380 0.000000 
50.000000 46.745350 43.530877 40.395269 37.374332 34.499769 31.798204 29.290497 26.991386 24.909431 23.047271 21.402126 19.966500 18.729018 17.675339 16.789073 16.052650 15.448106 14.957749 14.564682 14.253199 14.009027 13.819457 13.673359 13.561112 13.474462 13.406326 13.350570 13.301748 13.254838 13.204960 13.147092 13.075785 12.984868 12.867168 12.714235 12.516098 12.261071 11.935654 11.524585 11.011124 10.377685 9.606940 8.683528 7.596454 6.342100 4.927524 3.373293 1.714688 0.000000 
50.000000 46.546731 43.136091 39.809129 36.603838 33.553855 30.687427 28.026690 25.587279 23.378278 21.402486 19.656955 18.133728 16.820741 15.702776 14.762443 13.981105 13.339703 12.819470 12.402488 12.072102 11.813189 11.612288 11.457629 11.339056 11.247889 11.176720 11.119189 11.069727 11.023286 10.975075 10.920284 10.853825 10.770071 10.662619 10.524081 10.345904 10.118275 9.830110 9.469201 9.022565 8.477080 7.820458 7.042626 6.137486 5.104942 3.952891 2.698667 1.369303 0.000000 
50.000000 46.373440 42.791649 39.297736 35.931600 32.728566 29.718300 26.924048 24.362230 22.042386 19.967455 18.134340 16.534688 15.155826 13.981776 12.994277 12.173755 11.500202 10.953914 10.516081 10.169226 9.897482 9.686742 9.524682 9.400691 9.305726 9.232119 9.173335 9.123726 9.078269 9.032299 8.981260 8.920458 8.844834 8.748769 8.625908 8.469049 8.270094 8.020096 7.709443 7.328210 6.866729 6.316390 5.670705 4.926561 4.085556 3.155180 2.149530 1.089184 0.000000 
50.000000 46.224119 42.494850 38.857079 35.352346 32.017433 28.883226 25.973928 23.306636 20.891282 18.730927 16.822346 15.156841 13.721220 12.498846 11.470707 10.616427 9.915178 9.346447 8.890660 8.529632 8.246861 8.027684 7.859307 7.730734 7.632624 7.557094 7.497482 7.448100 7.403975 7.360596 7.313674 7.258916 7.191824 7.107522 7.000624 6.865150 6.694514 6.481595 6.218921 5.898992 5.514752 5.060229 4.531319 3.926667 3.248533 2.503487 1.702733 0.861876 0.000000 
50.000000 46.097058 42.242297 38.482113 34.859446 31.412313 28.172642 25.165451 22.408409 19.911785 17.678742 15.705947 13.984409 12.500492 11.237001 10.174285 9.291284 8.566472 7.978653 7.507600 7.134529 6.842399 6.616078 6.442377 6.309979 6.209299 6.132284 6.072179 6.023282 5.980690 5.940055 5.897353 5.848677 5.790053 5.717288 5.625862 5.510869 5.367015 5.188694 4.970160 4.705796 4.390491 4.020137 3.592190 3.106285 2.564786 1.973197 1.340288 0.677848 0.000000 
50.000000 45.990311 42.030120 38.167094 34.445346 30.903935 27.575661 24.486227 21.653785 19.088885 16.794776 14.768034 12.999423 11.474934 10.176901 9.085138 8.178012 7.433410 6.829560 6.345693 5.962518 5.662545 5.430252 5.252121 5.116572 5.013821 4.935682 4.875336 4.827084 4.786102 4.748203 4.709614 4.666784 4.616210 4.554307 4.477308 4.381219 4.261824 4.114752 3.935617 3.720243 3.464951 3.166932 2.824650 2.438253 2.009938 1.544177 1.047754 0.529541 0.000000 
50.000000 45.901801 41.854193 37.905896 34.101997 30.482415 27.080678 23.923052 21.028094 18.406584 16.061844 13.990374 12.182734 10.624606 9.297935 8.182091 7.254965 6.493957 5.876823 5.382337 4.990796 4.684338 4.447118 4.265348 4.127237 4.022840 3.943869 3.883461 3.835932 3.796539 3.761245 3.726507 3.689087 3.645899 3.593879 3.529899 3.450724 3.353018 3.233391 3.088521 2.915315 2.711141 2.474085 2.203246 1.899014 1.563295 1.199647 0.813265 0.410801 0.000000 
50.000000 45.829426 41.710338 37.692314 33.821239 30.137739 26.675930 23.462546 20.516468 17.848669 15.462529 13.354486 11.514933 9.929300 8.579214 7.443681 6.500203 5.725785 5.097791 4.594630 4.196258 3.884509 3.643280 3.458564 3.318396 3.212709 3.133136 3.072784 3.025993 2.988094 2.955187 2.923929 2.891358 2.854738 2.811443 2.758875 2.694419 2.615439 2.519321 2.403553 2.265857 2.104349 1.917733 1.705501 1.468121 1.207185 0.925473 0.626934 0.316534 0.000000 
50.000000 45.771144 41.594492 37.520318 33.595147 29.860173 26.349990 23.091703 20.104460 17.399386 14.979907 12.842413 10.977163 9.369381 8.000441 6.849054 5.892410 5.107195 4.470460 3.960318 3.556451 3.240454 2.996010 2.808943 2.667150 2.560467 2.480468 2.420243 2.374154 2.337605 2.306810 2.278601 2.250243 2.219293 2.183487 2.140652 2.088670 2.025457 1.948995 1.857389 1.748958 1.622356 1.476706 1.311737 1.127914 0.926524 0.709718 0.480475 0.242493 0.000000 
50.000000 45.725041 41.502857 37.384268 33.416307 29.640616 26.092168 22.798364 19.778560 17.044000 14.598152 12.437362 10.551785 8.926485 7.542632 6.378706 5.411649 4.617895 3.974249 3.458589 3.050382 2.731031 2.484056 2.295145 2.152089 2.044650 1.964358 1.904292 1.858839 1.823461 1.794475 1.768851 1.744043 1.717848 1.688285 1.653525 1.611833 1.561553 1.501121 1.429099 1.344245 1.245593 1.132546 1.004976 0.863299 0.708542 0.542351 0.366969 0.185144 0.000000 
50.000000 45.689399 41.432012 37.279085 33.278042 29.470874 25.892843 22.571581 19.526602 16.769249 14.303014 12.124214 10.222924 8.584081 7.188698 6.015079 5.039973 4.239620 3.590633 3.070709 2.659150 2.337212 2.088289 1.897963 1.753947 1.645945 1.565456 1.505554 1.460648 1.426249 1.398753 1.375247 1.353333 1.330993 1.306472 1.278201 1.244741 1.204759 1.157027 1.100444 1.034083 0.957242 0.869513 0.770845 0.661598 0.542580 0.415051 0.280700 0.141577 0.000000 
50.000000 45.662731 41.379006 37.200387 33.174592 29.343872 25.743707 22.401900 19.338087 16.563678 14.082190 11.889916 9.976869 8.327893 6.923886 5.743015 4.761887 3.956597 3.303615 2.780503 2.366439 2.042569 1.792193 1.600816 1.456092 1.347683 1.267067 1.207315 1.162853 1.129233 1.102913 1.081067 1.061412 1.042069 1.021454 0.998192 0.971062 0.938968 0.900924 0.856071 0.803702 0.743296 0.674569 0.597511 0.512426 0.419952 0.321062 0.217042 0.109442 0.000000 
50.000000 45.643819 41.341416 37.144576 33.101228 29.253806 25.637945 22.281568 19.204398 16.417895 13.925590 11.723762 9.802377 8.146216 6.736092 5.550078 4.564681 3.755890 3.100076 2.574704 2.158866 1.833628 1.582224 1.390107 1.244886 1.136197 1.055503 0.995873 0.951746 0.918705 0.893254 0.872628 0.854628 0.837475 0.819705 0.800082 0.777537 0.751137 0.720066 0.683629 0.641265 0.592576 0.537352 0.475607 0.407598 0.333838 0.255098 0.172386 0.086904 0.000000 
50.000000 45.631733 41.317394 37.108911 33.054346 29.196251 25.570359 22.204672 19.118967 16.324735 13.825518 11.617583 9.690870 8.030118 6.616085 5.426786 4.438660 3.627633 2.970009 2.443194 2.026222 1.700111 1.448052 1.255463 1.109929 1.001065 0.920326 0.860781 0.816879 0.784220 0.759340 0.739515 0.722597 0.706875 0.690959 0.673700 0.654129 0.631414 0.604846 0.573830 0.537898 0.496722 0.450140 0.398174 0.341048 0.279196 0.213259 0.144070 0.072616 0.000000 
50.000000 45.625848 41.305696 37.091544 33.031516 29.168223 25.537447 22.167226 19.077364 16.279369 13.776786 11.565877 9.636570 7.973582 6.557646 5.366747 4.377293 3.565176 2.906672 2.379153 1.961629 1.635094 1.382717 1.189899 1.044212 0.935264 0.854505 0.795004 0.751214 0.718746 0.694149 0.674720 0.658337 0.643319 0.628316 0.612221 0.594111 0.573205 0.548843 0.520480 0.487690 0.450181 0.407810 0.360604 0.308769 0.252700 0.192977 0.130346 0.065692 0.000000 
50.000000 45.625848 41.305696 37.091544 33.031516 29.168223 25.537447 22.167226 19.077364 16.279369 13.776786 11.565877 9.636570 7.973582 6.557646 5.366747 4.377293 3.565176 2.906672 2.379153 1.961629 1.635094 1.382717 1.189899 1.044212 0.935264 0.854505 0.795004 0.751214 0.718746 0.694149 0.674720 0.658337 0.643319 0.628316 0.612221 0.594111 0.573205 0.548843 0.520480 0.487690 0.450181 0.407810 0.360604 0.308769 0.252700 0.192977 0.130346 0.065692 0.000000 
50.000000 45.631733 41.317394 37.108911 33.054346 29.196251 25.570359 22.204672 19.118967 16.324735 13.825518 11.617583 9.690870 8.030118 6.616085 5.426786 4.438660 3.627633 2.970009 2.443194 2.026222 1.700111 1.448052 1.255463 1.109929 1.001065 0.920326 0.860781 0.816879 0.784220 0.759340 0.739515 0.722597 0.706875 0.690959 0.673700 0.654129 0.631414 0.604846 0.573830 0.537898 0.496722 0.450140 0.398174 0.341048 0.279196 0.213259 0.144070 0.072616 0.000000 
50.000000 45.643819 41.341416 37.144576 33.101228 29.253806 25.637945 22.281568 19.204398 16.417895 13.925590 11.723762 9.802377 8.146216 6.736092 5.550078 4.564681 3.755890 3.100076 2.574704 2.158866 1.833628 1.582224 1.390107 1.244886 1.136197 1.055503 0.995873 0.951746 0.918705 0.893254 0.872628 0.854628 0.837475 0.819705 0.800082 0.777537 0.751137 0.720066 0.683629 0.641265 0.592576 0.537352 0.475607 0.407598 0.333838 0.255098 0.172386 0.086904 0.000000 
50.000000 45.662731 41.379006 37.200387 33.174592 29.343872 25.743707 22.401900 19.338087 16.563678 14.082190 11.889916 9.976869 8.327893 6.923886 5.743015 4.761887 3.956597 3.303615 2.780503 2.366439 2.042569 1.792193 1.600816 1.456092 1.347683 1.267067 1.207315 1.162853 1.129233 1.102913 1.081067 1.061412 1.042069 1.021454 0.998192 0.971062 0.938968 0.900924 0.856071 0.803702 0.743296 0.674569 0.597511 0.512426 0.419952 0.321062 0.217042 0.109442 0.000000 
50.000000 45.689399 41.432012 37.279085 33.278042 29.470874 25.892843 22.571581 19.526602 16.769249 14.303014 12.124214 10.222924 8.584081 7.188698 6.015079 5.039973 4.239620 3.590633 3.070709 2.659150 2.337212 2.088289 1.897963 1.753947 1.645945 1.565456 1.505554 1.460648 1.426249 1.398753 1.375247 1.353333 1.330993 1.306472 1.278201 1.244741 1.204759 1.157027 1.100444 1.034083 0.957242 0.869513 0.770845 0.661598 0.542580 0.415051 0.280700 0.141577 0.000000 
50.000000 45.725041 41.502857 37.384268 33.416307 29.640616 26.092168 22.798364 19.778560 17.044000 14.598152 12.437362 10.551785 8.926485 7.542632 6.378706 5.411649 4.617895 3.974249 3.458589 3.050382 2.731031 2.484056 2.295145 2.152089 2.044650 1.964358 1.904292 1.858839 1.823461 1.794475 1.768851 1.744043 1.717848 1.688285 1.653525 1.611833 1.561553 1.501121 1.429099 1.344245 1.245593 1.132546 1.004976 0.863299 0.708542 0.542351 0.366969 0.185144 0.000000 
50.000000 45.771144 41.594492 37.520318 33.595147 29.860173 26.349990 23.091703 20.104460 17.399386 14.979907 12.842413 10.977163 9.369381 8.000441 6.849054 5.892410 5.107195 4.470460 3.960318 3.556451 3.240454 2.996010 2.808943 2.667150 2.560467 2.480468 2.420243 2.374154 2.337605 2.306810 2.278601 2.250243 2.219293 2.183487 2.140652 2.088670 2.025457 1.948995 1.857389 1.748958 1.622356 1.476706 1.311737 1.127914 0.926524 0.709718 0.480475 0.242493 0.000000 
50.000000 45.829426 41.710338 37.692314 33.821239 30.137739 26.675930 23.462546 20.516468 17.848669 15.462529 13.354486 11.514933 9.929300 8.579214 7.443681 6.500203 5.725785 5.097791 4.594630 4.196258 3.884509 3.643280 3.458564 3.318396 3.212709 3.133136 3.072784 3.025993 2.988094 2.955187 2.923929 2.891358 2.854738 2.811443 2.758875 2.694419 2.615439 2.519321 2.403553 2.265857 2.104349 1.917733 1.705501 1.468121 1.207185 0.925473 0.626934 0.316534 0.000000 
50.000000 45.901801 41.854193 37.905896 34.101997 30.482415 27.080678 23.923052 21.028094 18.406584 16.061844 13.990374 12.182734 10.624606 9.297935 8.182091 7.254965 6.493957 5.876823 5.382337 4.990796 4.684338 4.447118 4.265348 4.127237 4.022840 3.943869 3.883461 3.835932 3.796539 3.761245 3.726507 3.689087 3.645899 3.593879 3.529899 3.450724 3.353018 3.233391 3.088521 2.915315 2.711141 2.474085 2.203246 1.899014 1.563295 1.199647 0.813265 0.410801 0.000000 
50.000000 45.990311 42.030120 38.167094 34.445346 30.903935 27.575661 24.486227 21.653785 19.088885 16.794776 14.768034 12.999423 11.474934 10.176901 9.085138 8.178012 7.433410 6.829560 6.345693 5.962518 5.662545 5.430252 5.252121 5.116572 5.013821 4.935682 4.875336 4.827084 4.786102 4.748203 4.709614 4.666784 4.616210 4.554307 4.477308 4.381219 4.261824 4.114752 3.935617 3.720243 3.464951 3.166932 2.824650 2.438253 2.009938 1.544177 1.047754 0.529541 0.000000 
50.000000 46.097058 42.242297 38.482113 34.859446 31.412313 28.172642 25.165451 22.408409 19.911785 17.678742 15.705947 13.984409 12.500492 11.237001 10.174285 9.291284 8.566472 7.978653 7.507600 7.134529 6.842399 6.616078 6.442377 6.309979 6.209299 6.132284 6.072179 6.023282 5.980690 5.940055 5.897353 5.848677 5.790053 5.717288 5.625862 5.510869 5.367015 5.188694 4.970160 4.705796 4.390491 4.020137 3.592190 3.106285 2.564786 1.973197 1.340288 0.677848 0.000000 
50.000000 46.224119 42.494850 38.857079 35.352346 32.017433 28.883226 25.973928 23.306636 20.891282 18.730927 16.822346 15.156841 13.721220 12.498846 11.470707 10.616427 9.915178 9.346447 8.890660 8.529632 8.246861 8.027684 7.859307 7.730734 7.632624 7.557094 7.497482 7.448100 7.403975 7.360596 7.313674 7.258916 7.191824 7.107522 7.000624 6.865150 6.694514 6.481595 6.218921 5.898992 5.514752 5.060229 4.531319 3.926667 3.248533 2.503487 1.702733 0.861876 0.000000 
50.000000 46.373440 42.791649 39.297736 35.931600 32.728566 29.718300 26.924048 24.362230 22.042386 19.967455 18.134340 16.534688 15.155826 13.981776 12.994277 12.173755 11.500202 10.953914 10.516081 10.169226 9.897482 9.686742 9.524682 9.400691 9.305726 9.232119 9.173335 9.123726 9.078269 9.032299 8.981260 8.920458 8.844834 8.748769 8.625908 8.469049 8.270094 8.020096 7.709443 7.328210 6.866729 6.316390 5.670705 4.926561 4.085556 3.155180 2.149530 1.089184 0.000000 
50.000000 46.546731 43.136091 39.809129 36.603838 33.553855 30.687427 28.026690 25.587279 23.378278 21.402486 19.656955 18.133728 16.820741 15.702776 14.762443 13.981105 13.339703 12.819470 12.402488 12.072102 11.813189 11.612288 11.457629 11.339056 11.247889 11.176720 11.119189 11.069727 11.023286 10.975075 10.920284 10.853825 10.770071 10.662619 10.524081 10.345904 10.118275 9.830110 9.469201 9.022565 8.477080 7.820458 7.042626 6.137486 5.104942 3.952891 2.698667 1.369303 0.000000 
50.000000 46.745350 43.530877 40.395269 37.374332 34.499769 31.798204 29.290497 26.991386 24.909431 23.047271 21.402126 19.966500 18.729018 17.675339 16.789073 16.052650 15.448106 14.957749 14.564682 14.253199 14.009027 13.819457 13.673359 13.561112 13.474462 13.406326 13.350570 13.301748 13.254838 13.204960 13.147092 13.075785 12.984868 12.867168 12.714235 12.516098 12.261071 11.935654 11.524585 11.011124 10.377685 9.606940 8.683528 7.596454 6.342100 4.927524 3.373293 1.714688 0.000000 
50.000000 46.970192 43.977785 41.058795 38.246553 35.570573 33.055637 30.721167 28.580881 26.642748 24.909225 23.377723 22.041265 20.889261 19.908360 19.083304 18.397733 17.834923 17.378398 17.012423 16.722364 16.494919 16.318235 16.181916 16.076956 15.995603 15.931167 15.877798 15.830237 15.783545 15.732817 15.672886 15.598010 15.501550 15.375627 15.210783 14.995639 14.716576 14.357489 13.899668 13.321913 12.601040 11.712984 10.634771 9.347605 7.841215 6.119203 4.204419 2.142380 0.000000 
50.000000 47.221587 44.477471 41.800680 39.221780 36.767833 34.461569 32.320795 30.358091 28.580766 26.991074 25.586639 24.361063 23.304635 22.405112 21.648498 21.019793 20.503654 20.084970 19.749304 19.483228 19.274528 19.112313 18.987020 18.890345 18.815114 18.755102 18.704816 18.659254 18.613636 18.563116 18.502480 18.425808 18.326116 18.194966 18.022040 17.794684 17.497439 17.111574 16.614708 15.980604 15.179344 14.178176 12.943485 11.444450 9.658965 7.582016 5.235578 2.676968 0.000000 
50.000000 47.499211 45.029292 42.619971 40.298758 38.090012 36.014191 34.087324 32.320734 30.720998 29.290145 28.026038 26.922916 25.972040 25.162388 24.481364 23.915463 23.450875 23.073994 22.771819 22.532257 22.344301 22.198129 22.085108 21.997723 21.929462 21.874639 21.828196 21.785469 21.741928 21.692896 21.633235 21.557005 21.457070 21.324661 21.148868 20.916065 20.609250 20.207322 19.684325 19.008739 18.143035 17.043823 15.663252 13.952673 11.869937 9.391727 6.531047 3.356143 0.000000 
50.000000 47.802028 45.631188 43.513607 41.473466 39.532173 37.707708 36.014160 34.461480 33.055450 31.797852 30.686809 29.717257 28.881514 28.169894 27.571324 27.073934 26.665583 26.334310 26.068686 25.858072 25.692785 25.564178 25.464638 25.387530 25.327080 25.278226 25.236424 25.197436 25.157086 25.110988 25.054243 24.981084 24.884478 24.755646 24.583490 24.353899 24.048909 23.645677 23.115270 22.421281 21.518382 20.351160 18.853937 16.953045 14.574121 11.658256 8.190817 4.241752 0.000000 
50.000000 48.128257 46.279618 44.476334 42.738995 41.085832 39.532158 38.089969 36.767739 35.570392 34.499447 33.553304 32.727651 32.015946 31.409940 30.900203 30.476627 30.128870 29.846745 29.620515 29.441115 29.300292 29.190668 29.105745 29.039846 28.988018 28.945895 28.909532 28.875211 28.839219 28.797601 28.745868 28.678665 28.589367 28.469587 28.308571 28.092416 27.803077 27.417070 26.903779 26.223280 25.323600 24.137493 22.579240 20.542958 17.906071 14.545451 10.378750 5.443460 0.000000 
50.000000 48.475377 46.969573 45.500713 44.085568 42.738988 41.473446 40.298713 39.221693 38.246396 37.374058 36.603377 35.930840 35.351119 34.857495 34.442285 34.097254 33.813980 33.584162 33.399865 33.253703 33.138947 33.049581 32.980296 32.926452 32.883988 32.849308 32.819145 32.790391 32.759908 32.724311 32.679713 32.621417 32.543545 32.438569 32.296709 32.105134 31.846894 31.499444 31.032588 30.405572 29.562972 28.428928 26.899421 24.832978 22.042803 18.300381 13.376799 7.174229 0.000000 
50.000000 48.840173 47.694662 46.577255 45.500710 44.476326 43.513588 42.619932 41.800609 41.058670 40.395054 39.808772 39.297151 38.856137 38.480619 38.164753 37.902274 37.686772 37.511933 37.371720 37.260511 37.173183 37.105153 37.052378 37.011314 36.978856 36.952246 36.928961 36.906588 36.882668 36.854523 36.819043 36.772441 36.709928 36.625313 36.510465 36.354586 36.143191 35.856645 35.468005 34.939760 34.218774 33.228318 31.855402 29.930918 27.200356 23.288636 17.688971 9.894335 0.000000 
50.000000 49.218816 48.447274 47.694661 46.969571 46.279611 45.631174 45.029265 44.477422 43.977699 43.530730 43.135847 42.791252 42.494213 42.241287 42.028538 41.851747 41.706596 41.588832 41.494387 41.419473 41.360640 41.314797 41.279217 41.251508 41.229570 41.211532 41.195680 41.180361 41.163883 41.144389 41.119709 41.087177 41.043404 40.983976 40.903048 40.792783 40.642543 40.437692 40.157754 39.773476 39.241964 38.498291 37.440402 35.900889 33.592788 30.005700 24.223640 14.727986 0.000000 
50.000000 49.606982 49.218815 48.840172 48.475375 48.128253 47.802021 47.499197 47.221561 46.970148 46.745276 46.546608 46.373240 46.223798 46.096549 45.989513 45.900568 45.827541 45.768292 45.720774 45.683082 45.653478 45.630407 45.612496 45.598540 45.587479 45.578369 45.570341 45.562556 45.554152 45.544177 45.531516 45.514791 45.492246 45.461579 45.419732 45.362577 45.284468 45.177563 45.030747 44.827866 44.544654 44.143090 43.560291 42.684807 41.301154 38.945842 34.490833 24.803492 0.000000 
50.000000 50.000000 50.000000 50.000000 50.000000 50.000000 50.000000 50.000000 50.000000 50.000000 50.000000 50.000000 50.000000 50.000000 50.000000 50.000000 50.000000 50.000000 50.000000 50.000000 50.000000 50.000000 50.000000 50.000000 50.000000 50.000000 50.000000 50.000000 50.000000 50.000000 50.000000 50.000000 50.000000 50.000000 50.000000 50.000000 50.000000 50.000000 50.000000 50.000000 50.000000 50.000000 50.000000 50.000000 50.000000 50.000000 50.000000 50.000000 50.000000 50.000000 
