50.000000 50.000000 50.000000 50.000000 50.000000 50.000000 50.000000 50.000000 50.000000 50.000000 50.000000 50.000000 50.000000 50.000000 50.000000 50.000000 50.000000 50.000000 50.000000 50.000000 50.000000 50.000000 50.000000 50.000000 50.000000 50.000000 50.000000 50.000000 50.000000 50.000000 50.000000 50.000000 50.000000 50.000000 50.000000 50.000000 50.000000 50.000000 50.000000 50.000000 50.000000 50.000000 50.000000 50.000000 50.000000 50.000000 50.000000 50.000000 50.000000 50.000000 
50.000000 49.724594 49.451570 49.183250 48.921831 48.669340 48.427577 48.198088 47.982129 47.780655 47.594312 47.423445 47.268111 47.128103 47.002978 46.892092 46.794636 46.709670 46.636161 46.573018 46.519111 46.473306 46.434473 46.401501 46.373300 46.348799 46.326934 46.306630 46.286774 46.266175 46.243521 46.217310 46.185768 46.146742 46.097547 46.034759 45.953920 45.849096 45.712210 45.531980 45.292155 44.968456 44.522939 43.892887 42.967110 41.530472 39.119911 34.607889 24.862327 0.000000 
50.000000 49.451574 48.907892 48.373575 47.853003 47.350207 46.868778 46.411788 45.981741 45.580538 45.209467 44.869214 44.559893 44.281092 44.031929 43.811122 43.617058 43.447870 43.301501 43.175775 43.068451 42.977267 42.899979 42.834377 42.778299 42.729619 42.686230 42.646006 42.606752 42.566128 42.521558 42.470110 42.408334 42.332058 42.236106 42.113915 41.956995 41.754140 41.490251 41.144518 40.687500 40.076276 39.246070 38.095154 36.456631 34.044222 30.348371 24.454076 14.843808 0.000000 
50.000000 49.183264 48.373593 47.577870 46.802615 46.053834 45.336872 44.656307 44.015866 43.418382 42.865771 42.359057 41.898409 41.483212 41.112156 40.783331 40.494338 40.242395 40.024443 39.837245 39.677465 39.541744 39.426744 39.329187 39.245867 39.173638 39.109389 39.049993 38.992229 38.932683 38.867618 38.792801 38.703288 38.593139 38.455045 38.279819 38.055704 37.767379 37.394532 36.909730 36.275185 35.437722 34.320825 32.811987 30.742845 27.859886 23.789264 18.025628 10.063546 0.000000 
50.000000 48.921869 47.853065 46.802671 45.779298 44.790871 43.844447 42.946069 42.100658 41.311951 40.582482 39.913598 39.305526 38.757455 38.267655 37.833607 37.452145 37.119601 36.831942 36.584898 36.374074 36.195045 36.043421 35.914893 35.805254 35.710387 35.626234 35.548732 35.473720 35.396814 35.313249 35.217675 35.103894 34.964534 34.790616 34.570993 34.291593 33.934384 33.475947 32.885449 32.121778 31.129457 29.832900 28.128705 25.876353 22.890332 18.943709 13.809415 7.391671 0.000000 
50.000000 48.669420 47.350350 46.054002 44.791002 43.571131 42.403098 41.294362 40.250996 39.277613 38.377339 37.551840 36.801394 36.125002 35.520531 34.984874 34.514128 34.103768 33.748825 33.444036 33.183990 32.963241 32.776390 32.618152 32.483370 32.367020 32.264166 32.169889 32.079189 31.986837 31.887203 31.774026 31.640136 31.477100 31.274785 31.020789 30.699714 30.292217 29.773758 29.112959 28.269461 27.191225 25.811328 24.044783 21.786844 18.916463 15.312395 10.894491 5.702681 0.000000 
50.000000 48.427728 46.869056 45.337234 43.844817 42.403364 41.023167 39.713037 38.480152 37.329964 36.266166 35.290728 34.403980 33.604744 32.890499 32.257578 31.701374 31.216547 30.797230 30.437220 30.130136 29.869565 29.649158 29.462706 29.304174 29.167694 29.047531 28.938007 28.833390 28.727744 28.614745 28.487441 28.337975 28.157235 27.934431 27.656574 27.307842 26.868781 26.315343 25.617720 24.739002 23.633782 22.247010 20.513832 18.361863 15.718468 12.526871 8.774923 4.535333 0.000000 
50.000000 48.198347 46.412280 44.656979 42.946833 41.295086 39.713531 38.212268 36.799521 35.481536 34.262547 33.144813 32.128713 31.212898 30.394483 29.669272 29.031988 28.476521 27.996160 27.583810 27.232181 26.933950 26.681880 26.468907 26.288182 26.133072 25.997129 25.874009 25.757366 25.640693 25.517142 25.379286 25.218853 25.026397 24.790917 24.499413 24.136360 23.683115 23.117245 22.411822 21.534775 20.448475 19.109922 17.472158 15.487930 13.116966 10.338270 7.167550 3.676059 0.000000 
50.000000 47.982552 45.982556 44.017012 42.102032 40.252446 38.481461 36.800385 35.218429 33.742587 32.377602 31.126004 29.988219 28.962739 28.046338 27.234320 26.520785 25.898899 25.361162 24.899645 24.506211 24.172691 23.891028 23.653370 23.452130 23.279988 23.129867 22.994858 22.868108 22.742676 22.611347 22.466415 22.299432 22.100914 21.860013 21.564158 21.198657 20.746284 20.186879 19.497019 18.649865 17.615387 16.361235 14.854731 13.066523 10.976485 8.582049 5.908043 3.014956 0.000000 
50.000000 47.781318 45.581829 43.420228 41.314235 39.280161 37.332528 35.483774 33.744028 32.120984 30.619858 29.243433 27.992181 26.864446 25.856684 24.963736 24.179122 23.495338 22.904149 22.396858 21.964543 21.598259 21.289196 21.028789 20.808783 20.621253 20.458578 20.313374 20.178390 20.046368 19.909869 19.761075 19.591558 19.392029 19.152068 18.859843 18.501830 18.062557 17.524417 16.867604 16.070285 15.109143 13.960518 12.602391 11.017473 9.197524 7.148659 4.896661 2.490306 0.000000 
50.000000 47.595321 45.211444 42.868632 40.586091 38.381497 36.270593 34.266858 32.381272 30.622174 28.995218 27.503423 26.147302 24.925064 23.832873 22.865143 22.014859 21.273901 20.633362 20.083837 19.615688 19.219262 18.885068 18.603897 18.366904 18.165632 17.991997 17.838228 17.696768 17.560148 17.420824 17.271000 17.102419 16.906158 16.672407 16.390263 16.047539 15.630642 15.124524 14.512792 13.778047 12.902553 11.869377 10.664111 9.277265 7.707260 5.963677 4.070028 2.064869 0.000000 
50.000000 47.424945 44.872166 42.363362 39.919099 37.558308 35.297846 33.152147 31.132971 29.249247 27.507033 25.909562 24.457387 23.148592 21.979075 20.942862 20.032451 19.239159 18.553465 17.965325 17.464450 17.040550 16.683520 16.383581 16.131366 15.917961 15.734891 15.574076 15.427736 15.288277 15.148145 14.999665 14.834863 14.645290 14.421852 14.154658 13.832911 13.444859 12.977849 12.418526 11.753232 10.968676 10.052945 8.996892 7.795897 6.451867 4.975179 3.386068 1.714789 0.000000 
50.000000 47.270298 44.564211 41.904741 39.313688 36.811120 34.414908 32.140354 29.999922 28.003081 26.156253 24.462868 22.923512 21.536162 20.296471 19.198116 18.233153 17.392394 16.665764 16.042641 15.512155 15.063445 14.685861 14.369120 14.103403 13.879402 13.688323 13.521839 13.372019 13.231213 13.091928 12.946680 12.787844 12.607507 12.397330 12.148449 11.851408 11.496170 11.072221 10.568798 9.975291 9.281845 8.480196 7.564741 6.533787 5.390862 4.145855 2.815660 1.423977 0.000000 
50.000000 47.131243 44.287304 41.492356 38.769312 36.139262 33.620986 31.230568 28.981107 26.882556 24.941664 23.162037 21.544297 20.086319 18.783542 17.629326 16.615335 15.731927 14.968532 14.314016 13.756990 13.286087 12.890178 12.558542 12.280967 12.047815 11.850028 11.679094 11.526981 11.386040 11.248885 11.108268 10.956949 10.787565 10.592533 10.363966 10.093652 9.773089 9.393602 8.946581 8.423836 7.818109 7.123736 6.337442 5.459212 4.493136 3.448061 2.337852 1.181078 0.000000 
50.000000 47.007425 44.040739 41.125160 38.284588 35.541025 32.914063 30.420478 28.073937 25.884822 23.860176 22.003763 20.316233 18.795374 17.436434 16.232494 15.174869 14.253514 13.457425 12.775012 12.194430 11.703870 11.291785 10.947073 10.659190 10.418219 10.214891 10.040554 9.887121 9.746978 9.612879 9.477834 9.334991 9.177533 8.998586 8.791168 8.548178 8.262443 7.926838 7.534495 7.079111 6.555358 5.959392 5.289431 4.546353 3.734233 2.860702 1.937020 0.977753 0.000000 
50.000000 46.898316 43.823465 40.801584 37.857447 35.013856 32.291118 29.706622 27.274534 25.005616 22.907168 20.983094 19.234069 17.657806 16.249385 15.001642 13.905584 12.950817 12.125953 11.419006 10.817734 10.309942 9.883726 9.527654 9.230901 8.983323 8.775480 8.598620 8.444630 8.305957 8.175510 8.046562 7.912638 7.767430 7.604716 7.418323 7.202114 6.950046 6.656267 6.315299 5.922287 5.473317 4.965801 4.398887 3.773865 3.094500 2.367229 1.601135 0.807654 0.000000 
50.000000 46.803253 43.634162 40.519665 37.485295 34.554554 31.748372 29.084670 26.578050 24.239603 22.076857 20.093835 18.291237 16.666709 15.215185 13.929289 12.799764 11.815907 10.966004 10.237723 9.618482 9.095755 8.657328 8.291496 7.987197 7.734098 7.522626 7.343959 7.189982 7.053215 6.926727 6.804041 6.679037 6.545869 6.398897 6.232646 6.041807 5.821272 5.566221 5.272269 4.935657 4.553498 4.124056 3.647037 3.123856 2.557849 1.954360 1.320682 0.665809 0.000000 
50.000000 46.721486 43.471336 40.277176 37.165194 34.159491 31.281535 28.549706 25.978978 23.580729 21.362679 19.328957 17.480283 15.814245 14.325653 13.006951 11.848651 10.839793 9.968378 9.221782 8.587132 8.051622 7.602778 7.228663 6.918020 6.660364 6.446018 6.266112 6.112543 5.977911 5.855439 5.738883 5.622441 5.500677 5.368453 5.220895 5.053379 4.861563 4.641452 4.389507 4.102793 3.779160 3.417441 3.017657 2.581193 2.110921 1.611234 1.087976 0.548231 0.000000 
50.000000 46.652218 43.333399 40.071754 36.894023 33.824819 30.886060 28.096518 25.471484 23.022575 20.757676 18.681005 16.793300 15.092102 13.572115 12.225629 11.042965 10.012942 9.123324 8.361241 7.713575 7.167286 6.709684 6.328641 6.012741 5.751375 5.534787 5.354076 5.201160 5.068718 4.950115 4.839315 4.730795 4.619472 4.500635 4.369907 4.223229 4.056876 3.867498 3.652207 3.408680 3.135289 2.831245 2.496730 2.133017 1.742535 1.328878 0.896724 0.451675 0.000000 
50.000000 46.594649 43.218759 39.901027 36.668652 33.546671 30.557380 27.719872 25.049703 22.558692 20.254858 18.142494 16.222354 14.491936 12.945861 11.576289 10.373385 9.325784 8.421052 7.646119 6.987665 6.432456 5.967627 5.580894 5.260711 4.996375 4.778070 4.596873 4.444728 4.314388 4.199344 4.093738 3.992287 3.890202 3.783126 3.667088 3.538483 3.394070 3.231003 3.046885 2.839842 2.608614 2.352655 2.072216 1.768428 1.443326 1.099845 0.741745 0.373480 0.000000 
50.000000 46.548015 43.125894 39.762728 36.486088 33.321355 30.291130 27.414769 24.708039 22.182922 19.847550 17.706274 15.759860 14.005777 12.438571 11.050304 9.831009 8.769177 7.852215 7.066888 6.399715 5.837309 5.366663 4.975368 4.651780 4.385119 4.165525 3.984064 3.832705 3.704266 3.592344 3.491232 3.395841 3.301624 3.204507 3.100842 2.987379 2.861252 2.719998 2.561585 2.384464 2.187631 1.970690 1.733915 1.478285 1.205508 0.917994 0.618789 0.311472 0.000000 
50.000000 46.511622 43.053424 39.654802 36.343619 33.145523 30.083354 27.176672 24.441411 21.889679 19.529695 17.365858 15.398942 13.626391 12.042699 10.639844 9.407763 8.334831 7.408332 6.614904 5.940942 5.372938 4.897776 4.502955 4.176751 3.908329 3.687797 3.506215 3.355575 3.228749 3.119419 3.021998 2.931552 2.843720 2.754648 2.660937 2.559605 2.448067 2.324140 2.186059 2.032505 1.862646 1.676182 1.473376 1.255078 1.022732 0.778343 0.524423 0.263901 0.000000 
50.000000 46.484879 43.000169 39.575492 36.238926 33.016313 29.930670 27.001706 24.245480 21.674191 19.296121 17.115705 15.133724 13.347603 11.751796 10.338224 9.096750 8.015664 7.082161 6.282788 5.603844 5.031738 4.553273 4.155878 3.827776 3.558092 3.336911 3.155290 3.005241 2.879675 2.772339 2.677737 2.591048 2.508049 2.425047 2.338819 2.246577 2.145936 2.034912 1.911921 1.775800 1.625833 1.461771 1.283861 1.092851 0.889985 0.676978 0.455958 0.229396 0.000000 
50.000000 46.467319 42.965202 39.523417 36.170183 32.931473 29.830416 26.886823 24.116829 21.532699 19.142754 16.951453 14.959580 13.164550 11.560789 10.140181 8.892540 7.806102 6.868003 6.064728 5.382518 4.807723 4.327096 3.928021 3.598685 3.328187 3.106599 2.924977 2.775344 2.650641 2.544658 2.451958 2.367794 2.288034 2.209089 2.127854 2.041663 1.948259 1.845784 1.732768 1.608146 1.471268 1.321918 1.160323 0.987160 0.803544 0.610999 0.411409 0.206948 0.000000 
50.000000 46.458621 42.947881 39.497623 36.136133 32.889448 29.780757 26.829917 24.053105 21.462614 19.066787 16.870094 14.873321 13.073878 11.466178 10.042085 8.791389 7.702301 6.761926 5.956719 5.272892 4.696767 4.215071 3.815167 3.485223 3.214327 2.992543 2.810927 2.661510 2.537246 2.431946 2.340202 2.257306 2.179171 2.102258 2.023518 1.940348 1.850554 1.752335 1.644280 1.525369 1.394983 1.252919 1.099395 0.935052 0.760940 0.578488 0.389460 0.195890 0.000000 
50.000000 46.458621 42.947881 39.497623 36.136133 32.889448 29.780757 26.829917 24.053105 21.462614 19.066787 16.870094 14.873321 13.073878 11.466178 10.042085 8.791389 7.702301 6.761926 5.956719 5.272892 4.696767 4.215071 3.815167 3.485223 3.214327 2.992543 2.810927 2.661510 2.537246 2.431946 2.340202 2.257306 2.179171 2.102258 2.023518 1.940348 1.850554 1.752335 1.644280 1.525369 1.394983 1.252919 1.099395 0.935052 0.760940 0.578488 0.389460 0.195890 0.000000 
50.000000 46.467319 42.965202 39.523417 36.170183 32.931473 29.830416 26.886823 24.116829 21.532699 19.142754 16.951453 14.959580 13.164550 11.560789 10.140181 8.892540 7.806102 6.868003 6.064728 5.382518 4.807723 4.327096 3.928021 3.598685 3.328187 3.106599 2.924977 2.775344 2.650641 2.544658 2.451958 2.367794 2.288034 2.209089 2.127854 2.041663 1.948259 1.845784 1.732768 1.608146 1.471268 1.321918 1.160323 0.987160 0.803544 0.610999 0.411409 0.206948 0.000000 
50.000000 46.484879 43.000169 39.575492 36.238926 33.016313 29.930670 27.001706 24.245480 21.674191 19.296121 17.115705 15.133724 13.347603 11.751796 10.338224 9.096750 8.015664 7.082161 6.282788 5.603844 5.031738 4.553273 4.155878 3.827776 3.558092 3.336911 3.155290 3.005241 2.879675 2.772339 2.677737 2.591048 2.508049 2.425047 2.338819 2.246577 2.145936 2.034912 1.911921 1.775800 1.625833 1.461771 1.283861 1.092851 0.889985 0.676978 0.455958 0.229396 0.000000 
50.000000 46.511622 43.053424 39.654802 36.343619 33.145523 30.083354 27.176672 24.441411 21.889679 19.529695 17.365858 15.398942 13.626391 12.042699 10.639844 9.407763 8.334831 7.408332 6.614904 5.940942 5.372938 4.897776 4.502955 4.176751 3.908329 3.687797 3.506215 3.355575 3.228749 3.119419 3.021998 2.931552 2.843720 2.754648 2.660937 2.559605 2.448067 2.324140 2.186059 2.032505 1.862646 1.676182 1.473376 1.255078 1.022732 0.778343 0.524423 0.263901 0.000000 
50.000000 46.548015 43.125894 39.762728 36.486088 33.321355 30.291130 27.414769 24.708039 22.182922 19.847550 17.706274 15.759860 14.005777 12.438571 11.050304 9.831009 8.769177 7.852215 7.066888 6.399715 5.837309 5.366663 4.975368 4.651780 4.385119 4.165525 3.984064 3.832705 3.704266 3.592344 3.491232 3.395841 3.301624 3.204507 3.100842 2.987379 2.861252 2.719998 2.561585 2.384464 2.187631 1.970690 1.733915 1.478285 1.205508 0.917994 0.618789 0.311472 0.000000 
50.000000 46.594649 43.218759 39.901027 36.668652 33.546671 30.557380 27.719872 25.049703 22.558692 20.254858 18.142494 16.222354 14.491936 12.945861 11.576289 10.373385 9.325784 8.421052 7.646119 6.987665 6.432456 5.967627 5.580894 5.260711 4.996375 4.778070 4.596873 4.444728 4.314388 4.199344 4.093738 3.992287 3.890202 3.783126 3.667088 3.538483 3.394070 3.231003 3.046885 2.839842 2.608614 2.352655 2.072216 1.768428 1.443326 1.099845 0.741745 0.373480 0.000000 
50.000000 46.652218 43.333399 40.071754 36.894023 33.824819 30.886060 28.096518 25.471484 23.022575 20.757676 18.681005 16.793300 15.092102 13.572115 12.225629 11.042965 10.012942 9.123324 8.361241 7.713575 7.167286 6.709684 6.328641 6.012741 5.751375 5.534787 5.354076 5.201160 5.068718 4.950115 4.839315 4.730795 4.619472 4.500635 4.369907 4.223229 4.056876 3.867498 3.652207 3.408680 3.135289 2.831245 2.496730 2.133017 1.742535 1.328878 0.896724 0.451675 0.000000 
50.000000 46.721486 43.471336 40.277176 37.165194 34.159491 31.281535 28.549706 25.978978 23.580729 21.362679 19.328957 17.480283 15.814245 14.325653 13.006951 11.848651 10.839793 9.968378 9.221782 8.587132 8.051622 7.602778 7.228663 6.918020 6.660364 6.446018 6.266112 6.112543 5.977911 5.855439 5.738883 5.622441 5.500677 5.368453 5.220895 5.053379 4.861563 4.641452 4.389507 4.102793 3.779160 3.417441 3.017657 2.581193 2.110921 1.611234 1.087976 0.548231 0.000000 
50.000000 46.803253 43.634162 40.519665 37.485295 34.554554 31.748372 29.084670 26.578050 24.239603 22.076857 20.093835 18.291237 16.666709 15.215185 13.929289 12.799764 11.815907 10.966004 10.237723 9.618482 9.095755 8.657328 8.291496 7.987197 7.734098 7.522626 7.343959 7.189982 7.053215 6.926727 6.804041 6.679037 6.545869 6.398897 6.232646 6.041807 5.821272 5.566221 5.272269 4.935657 4.553498 4.124056 3.647037 3.123856 2.557849 1.954360 1.320682 0.665809 0.000000 
50.000000 46.898316 43.823465 40.801584 37.857447 35.013856 32.291118 29.706622 27.274534 25.005616 22.907168 20.983094 19.234069 17.657806 16.249385 15.001642 13.905584 12.950817 12.125953 11.419006 10.817734 10.309942 9.883726 9.527654 9.230901 8.983323 8.775480 8.598620 8.444630 8.305957 8.175510 8.046562 7.912638 7.767430 7.604716 7.418323 7.202114 6.950046 6.656267 6.315299 5.922287 5.473317 4.965801 4.398887 3.773865 3.094500 2.367229 1.601135 0.807654 0.000000 
50.000000 47.007425 44.040739 41.125160 38.284588 35.541025 32.914063 30.420478 28.073937 25.884822 23.860176 22.003763 20.316233 18.795374 17.436434 16.232494 15.174869 14.253514 13.457425 12.775012 12.194430 11.703870 11.291785 10.947073 10.659190 10.418219 10.214891 10.040554 9.887121 9.746978 9.612879 9.477834 9.334991 9.177533 8.998586 8.791168 8.548178 8.262443 7.926838 7.534495 7.079111 6.555358 5.959392 5.289431 4.546353 3.734233 2.860702 1.937020 0.977753 0.000000 
50.000000 47.131243 44.287304 41.492356 38.769312 36.139262 33.620986 31.230568 28.981107 26.882556 24.941664 23.162037 21.544297 20.086319 18.783542 17.629326 16.615335 15.731927 14.968532 14.314016 13.756990 13.286087 12.890178 12.558542 12.280967 12.047815 11.850028 11.679094 11.526981 11.386040 11.248885 11.108268 10.956949 10.787565 10.592533 10.363966 10.093652 9.773089 9.393602 8.946581 8.423836 7.818109 7.123736 6.337442 5.459212 4.493136 3.448061 2.337852 1.181078 0.000000 
50.000000 47.270298 44.564211 41.904741 39.313688 36.811120 34.414908 32.140354 29.999922 28.003081 26.156253 24.462868 22.923512 21.536162 20.296471 19.198116 18.233153 17.392394 16.665764 16.042641 15.512155 15.063445 14.685861 14.369120 14.103403 13.879402 13.688323 13.521839 13.372019 13.231213 13.091928 12.946680 12.787844 12.607507 12.397330 12.148449 11.851408 11.496170 11.072221 10.568798 9.975291 9.281845 8.480196 7.564741 6.533787 5.390862 4.145855 2.815660 1.423977 0.000000 
50.000000 47.424945 44.872166 42.363362 39.919099 37.558308 35.297846 33.152147 31.132971 29.249247 27.507033 25.909562 24.457387 23.148592 21.979075 20.942862 20.032451 19.239159 18.553465 17.965325 17.464450 17.040550 16.683520 16.383581 16.131366 15.917961 15.734891 15.574076 15.427736 15.288277 15.148145 14.999665 14.834863 14.645290 14.421852 14.154658 13.832911 13.444859 12.977849 12.418526 11.753232 10.968676 10.052945 8.996892 7.795897 6.451867 4.975179 3.386068 1.714789 0.000000 
50.000000 47.595321 45.211444 42.868632 40.586091 38.381497 36.270593 34.266858 32.381272 30.622174 28.995218 27.503423 26.147302 24.925064 23.832873 22.865143 22.014859 21.273901 20.633362 20.083837 19.615688 19.219262 18.885068 18.603897 18.366904 18.165632 17.991997 17.838228 17.696768 17.560148 17.420824 17.271000 17.102419 16.906158 16.672407 16.390263 16.047539 15.630642 15.124524 14.512792 13.778047 12.902553 11.869377 10.664111 9.277265 7.707260 5.963677 4.070028 2.064869 0.000000 
50.000000 47.781318 45.581829 43.420228 41.314235 39.280161 37.332528 35.483774 33.744028 32.120984 30.619858 29.243433 27.992181 26.864446 25.856684 24.963736 24.179122 23.495338 22.904149 22.396858 21.964543 21.598259 21.289196 21.028789 20.808783 20.621253 20.458578 20.313374 20.178390 20.046368 19.909869 19.761075 19.591558 19.392029 19.152068 18.859843 18.501830 18.062557 17.524417 16.867604 16.070285 15.109143 13.960518 12.602391 11.017473 9.197524 7.148659 4.896661 2.490306 0.000000 
50.000000 47.982552 45.982556 44.017012 42.102032 40.252446 38.481461 36.800385 35.218429 33.742587 32.377602 31.126004 29.988219 28.962739 28.046338 27.234320 26.520785 25.898899 25.361162 24.899645 24.506211 24.172691 23.891028 23.653370 23.452130 23.279988 23.129867 22.994858 22.868108 22.742676 22.611347 22.466415 22.299432 22.100914 21.860013 21.564158 21.198657 20.746284 20.186879 19.497019 18.649865 17.615387 16.361235 14.854731 13.066523 10.976485 8.582049 5.908043 3.014956 0.000000 
50.000000 48.198347 46.412280 44.656979 42.946833 41.295086 39.713531 38.212268 36.799521 35.481536 34.262547 33.144813 32.128713 31.212898 30.394483 29.669272 29.031988 28.476521 27.996160 27.583810 27.232181 26.933950 26.681880 26.468907 26.288182 26.133072 25.997129 25.874009 25.757366 25.640693 25.517142 25.379286 25.218853 25.026397 24.790917 24.499413 24.136360 23.683115 23.117245 22.411822 21.534775 20.448475 19.109922 17.472158 15.487930 13.116966 10.338270 7.167550 3.676059 0.000000 
50.000000 48.427728 46.869056 45.337234 43.844817 42.403364 41.023167 39.713037 38.480152 37.329964 36.266166 35.290728 34.403980 33.604744 32.890499 32.257578 31.701374 31.216547 30.797230 30.437220 30.130136 29.869565 29.649158 29.462706 29.304174 29.167694 29.047531 28.938007 28.833390 28.727744 28.614745 28.487441 28.337975 28.157235 27.934431 27.656574 27.307842 26.868781 26.315343 25.617720 24.739002 23.633782 22.247010 20.513832 18.361863 15.718468 12.526871 8.774923 4.535333 0.000000 
50.000000 48.669420 47.350350 46.054002 44.791002 43.571131 42.403098 41.294362 40.250996 39.277613 38.377339 37.551840 36.801394 36.125002 35.520531 34.984874 34.514128 34.103768 33.748825 33.444036 33.183990 32.963241 32.776390 32.618152 32.483370 32.367020 32.264166 32.169889 32.079189 31.986837 31.887203 31.774026 31.640136 31.477100 31.274785 31.020789 30.699714 30.292217 29.773758 29.112959 28.269461 27.191225 25.811328 24.044783 21.786844 18.916463 15.312395 10.894491 5.702681 0.000000 
50.000000 48.921869 47.853065 46.802671 45.779298 44.790871 43.844447 42.946069 42.100658 41.311951 40.582482 39.913598 39.305526 38.757455 38.267655 37.833607 37.452145 37.119601 36.831942 36.584898 36.374074 36.195045 36.043421 35.914893 35.805254 35.710387 35.626234 35.548732 35.473720 35.396814 35.313249 35.217675 35.103894 34.964534 34.790616 34.570993 34.291593 33.934384 33.475947 32.885449 32.121778 31.129457 29.832900 28.128705 25.876353 22.890332 18.943709 13.809415 7.391671 0.000000 
50.000000 49.183264 48.373593 47.577870 46.802615 46.053834 45.336872 44.656307 44.015866 43.418382 42.865771 42.359057 41.898409 41.483212 41.112156 40.783331 40.494338 40.242395 40.024443 39.837245 39.677465 39.541744 39.426744 39.329187 39.245867 39.173638 39.109389 39.049993 38.992229 38.932683 38.867618 38.792801 38.703288 38.593139 38.455045 38.279819 38.055704 37.767379 37.394532 36.909730 36.275185 35.437722 34.320825 32.811987 30.742845 27.859886 23.789264 18.025628 10.063546 0.000000 
50.000000 49.451574 48.907892 48.373575 47.853003 47.350207 46.868778 46.411788 45.981741 45.580538 45.209467 44.869214 44.559893 44.281092 44.031929 43.811122 43.617058 43.447870 43.301501 43.175775 43.068451 42.977267 42.899979 42.834377 42.778299 42.729619 42.686230 42.646006 42.606752 42.566128 42.521558 42.470110 42.408334 42.332058 42.236106 42.113915 41.956995 41.754140 41.490251 41.144518 40.687500 40.076276 39.246070 38.095154 36.456631 34.044222 30.348371 24.454076 14.843808 0.000000 
50.000000 49.724594 49.451570 49.183250 48.921831 48.669340 48.427577 48.198088 47.982129 47.780655 47.594312 47.423445 47.268111 47.128103 47.002978 46.892092 46.794636 46.709670 46.636161 46.573018 46.519111 46.473306 46.434473 46.401501 46.373300 46.348799 46.326934 46.306630 46.286774 46.266175 46.243521 46.217310 46.185768 46.146742 46.097547 46.034759 45.953920 45.849096 45.712210 45.531980 45.292155 44.968456 44.522939 43.892887 42.967110 41.530472 39.119911 34.607889 24.862327 0.000000 
50.000000 50.000000 50.000000 50.000000 50.000000 50.000000 50.000000 50.000000 50.000000 50.000000 50.000000 50.000000 50.000000 50.000000 50.000000 50.000000 50.000000 50.000000 50.000000 50.000000 50.000000 50.000000 50.000000 50.000000 50.000000 50.000000 50.000000 50.000000 50.000000 50.000000 50.000000 50.000000 50.000000 50.000000 50.000000 50.000000 50.000000 50.000000 50.000000 50.000000 50.000000 50.000000 50.000000 50.000000 50.000000 50.000000 50.000000 50.000000 50.000000 50.000000 
