50.000000 50.000000 50.000000 50.000000 50.000000 50.000000 50.000000 50.000000 50.000000 50.000000 50.000000 50.000000 50.000000 50.000000 50.000000 50.000000 50.000000 50.000000 50.000000 50.000000 50.000000 50.000000 50.000000 50.000000 50.000000 50.000000 50.000000 50.000000 50.000000 50.000000 50.000000 50.000000 50.000000 50.000000 50.000000 50.000000 50.000000 50.000000 50.000000 50.000000 50.000000 50.000000 50.000000 50.000000 50.000000 50.000000 50.000000 50.000000 50.000000 50.000000 
50.000000 49.796754 49.594805 49.395425 49.199837 49.009192 48.824548 48.646853 48.476929 48.315465 48.163006 48.019948 47.886545 47.762904 47.648998 47.544670 47.449647 47.363546 47.285893 47.216129 47.153624 47.097685 47.047564 47.002463 46.961532 46.923870 46.888517 46.854437 46.820503 46.785464 46.747907 46.706204 46.658435 46.602292 46.534932 46.452783 46.351252 46.224293 46.063743 45.858262 45.591581 45.239435 44.763937 44.102459 43.143941 41.673408 39.227990 34.680366 24.898694 0.000000 
50.000000 49.594826 49.192238 48.794771 48.404864 48.024810 47.656720 47.302482 46.963738 46.641859 46.337931 46.052747 45.786809 45.540335 45.313270 45.105302 44.915884 44.744260 44.589482 44.450440 44.325880 44.214424 44.114585 44.024776 43.943313 43.868411 43.798166 43.730535 43.663291 43.593976 43.519816 43.437627 43.343669 43.233462 43.101519 42.940981 42.743091 42.496417 42.185690 41.789988 41.279829 40.612323 39.722802 38.509716 36.806423 34.326964 30.562161 24.597442 14.915745 0.000000 
50.000000 49.395510 48.794878 48.201888 47.620176 47.053164 46.504002 45.975507 45.470129 44.989913 44.536480 44.111014 43.714265 43.346558 43.007813 42.697565 42.415003 42.158999 41.928143 41.720784 41.535058 41.368917 41.220153 41.086414 40.965206 40.853889 40.749656 40.649502 40.550163 40.448049 40.339130 40.218800 40.081687 39.921391 39.730143 39.498319 39.213764 38.860823 38.418927 37.860481 37.147631 36.227247 35.022969 33.422555 31.258012 28.276298 24.104123 18.236769 10.169491 0.000000 
50.000000 49.200054 48.405214 47.620486 46.850684 46.100337 45.373610 44.674235 44.005453 43.369971 42.769934 42.206911 41.681896 41.195321 40.747080 40.336563 39.962701 39.624003 39.318615 39.044357 38.798774 38.579172 38.382650 38.206118 38.046310 37.899776 37.762862 37.631665 37.501971 37.369164 37.228099 37.072934 36.896911 36.692056 36.448788 36.155381 35.797245 35.355908 34.807611 34.121306 33.255794 32.155649 30.745488 28.922247 26.545891 23.431513 19.352904 14.083814 7.529356 0.000000 
50.000000 49.009638 48.025596 47.054075 46.101032 45.172077 44.272365 43.406519 42.578550 41.791810 41.048958 40.351936 39.701977 39.099619 38.544733 38.036571 37.573813 37.154623 36.776714 36.437402 36.133665 35.862190 35.619415 35.401555 35.204617 35.024396 34.856455 34.696078 34.538203 34.377316 34.207324 34.021366 33.811585 33.568815 33.282181 32.938575 32.521963 32.012460 31.385111 30.608267 29.641460 28.432706 26.915323 25.004731 22.596760 19.571096 15.807366 11.226405 5.869225 0.000000 
50.000000 48.825353 47.658203 46.505903 45.375522 44.273711 43.206588 42.179633 41.197607 40.264488 39.383428 38.556735 37.785874 37.071486 36.413424 35.810806 35.262075 34.765065 34.317077 33.914947 33.555115 33.233683 32.946468 32.689032 32.456711 32.244608 32.047579 31.860186 31.676630 31.490644 31.295363 31.083139 30.845307 30.571897 30.251254 29.869563 29.410252 28.853233 28.173969 27.342327 26.321263 25.065430 23.520042 21.620712 19.295715 16.473254 13.097555 9.157603 4.727348 0.000000 
50.000000 48.648189 47.305006 45.978914 44.678048 43.410062 42.181998 41.000164 39.870041 38.796206 37.782290 36.830952 35.943881 35.121819 34.364605 33.671232 33.039917 32.468184 31.952945 31.490582 31.077030 30.707845 30.378262 30.083247 29.817518 29.575555 29.351588 29.139553 28.933032 28.725149 28.508444 28.274703 28.014741 27.718139 27.372918 26.965137 26.478423 25.893411 25.187107 24.332210 23.296487 22.042364 20.527126 18.704328 16.527442 13.957125 10.973487 7.593497 3.889781 0.000000 
50.000000 48.479020 46.967748 45.475707 44.012050 42.585390 41.203651 39.873931 38.602398 37.394206 36.253441 35.183098 34.185084 33.260238 32.408387 31.628408 30.918309 30.275322 29.695994 29.176286 28.711660 28.297165 27.927508 27.597102 27.300114 27.030468 26.781851 26.547671 26.321003 26.094501 25.860279 25.609761 25.333492 25.020914 24.660095 24.237426 23.737273 23.141608 22.429643 21.577535 20.558254 19.341816 17.896168 16.189173 14.192259 11.886296 9.269909 6.369280 3.246383 0.000000 
50.000000 48.318595 46.647924 44.998512 43.380479 41.803348 40.275880 38.805924 37.400297 36.064701 34.803656 33.620477 32.517277 31.494991 30.553437 29.691386 28.906651 28.196193 27.556222 26.982306 26.469475 26.012313 25.605041 25.241579 24.915599 24.620544 24.349634 24.095841 23.851843 23.609949 23.361998 23.099229 22.812125 22.490234 22.121959 21.694342 21.192834 20.601087 19.900809 19.071726 18.091779 16.937688 15.586092 14.015531 12.209528 10.160889 7.876984 5.385019 2.735337 0.000000 
50.000000 48.167536 46.346769 44.549174 42.785779 41.066963 39.402276 37.800273 36.268387 34.812833 33.438542 32.149132 30.946910 29.832904 28.806927 27.867652 27.012715 26.238826 25.541885 24.917102 24.359109 23.862069 23.419764 23.025677 22.673043 22.354889 22.064046 21.793134 21.534533 21.280316 21.022173 20.751304 20.458296 20.132982 19.764297 19.340132 18.847206 18.270982 17.595672 16.804372 15.879426 14.803114 13.558794 12.132624 10.515946 8.708253 6.720419 4.577427 2.319450 0.000000 
50.000000 48.026332 46.065265 44.129155 42.229883 40.378629 38.585679 36.860249 35.210348 33.642672 32.162536 30.773843 29.479082 28.279373 27.174523 26.163120 25.242636 24.409555 23.659492 22.987332 22.387348 21.853321 21.378646 20.956414 20.579486 20.240532 19.932064 19.646427 19.375783 19.112068 18.846924 18.571623 18.276973 17.953218 17.589940 17.175978 16.699374 16.147380 15.506550 14.762975 13.902708 12.912451 11.780565 10.498466 9.062365 7.475253 5.748815 3.904779 1.975040 0.000000 
50.000000 47.895350 45.804137 43.739540 41.714227 39.740124 37.828198 35.988280 34.228912 32.557239 30.978932 29.498158 28.117581 26.838403 25.660431 24.582174 23.600961 22.713067 21.913854 21.197910 20.559186 19.991126 19.486778 19.038894 18.640011 18.282502 17.958618 17.660497 17.380157 17.109466 16.840099 16.563480 16.270718 15.952538 15.599222 15.200580 14.745943 14.224226 13.624077 12.934141 12.143485 11.242218 10.222330 9.078761 7.810639 6.422569 4.925740 3.338542 1.686315 0.000000 
50.000000 47.774835 45.563877 43.381061 41.239781 39.152645 37.131254 35.186000 33.325920 31.558568 29.889947 28.324466 26.864952 25.512683 24.267470 23.127754 22.090732 21.152495 20.308176 19.552099 18.877930 18.278811 17.747488 17.276421 16.857868 16.483959 16.146737 15.838189 15.550242 15.274757 15.003499 14.728098 14.440004 14.130454 13.790438 13.410700 12.981769 12.494052 11.937998 11.304367 10.584612 9.771407 8.859315 7.845577 6.730974 5.520651 4.224733 2.858559 1.442319 0.000000 
50.000000 47.664924 45.344757 43.054123 40.807081 38.616861 36.495637 34.454320 32.502393 30.647789 28.896810 27.254091 25.722604 24.303702 22.997200 21.801480 20.713622 19.729553 18.844203 18.051663 17.345346 16.718131 16.162502 15.670666 15.234650 14.846380 14.497742 14.180612 13.886875 13.608426 13.337155 13.064926 12.783553 12.484779 12.160273 11.801646 11.400500 10.948538 10.437723 9.860523 9.210244 8.481456 7.670509 6.776103 5.799878 4.746924 3.626120 2.450159 1.235191 0.000000 
50.000000 47.565657 45.146859 42.758850 40.416288 38.132969 35.921585 33.793511 31.758638 29.825238 27.999887 26.287423 24.690951 23.211893 21.850070 20.603811 19.470096 18.444707 17.522394 16.697045 15.961852 15.309465 14.732143 14.221877 13.770502 13.369781 13.011476 12.687392 12.389403 12.109466 11.839617 11.571967 11.298686 11.012003 10.704214 10.367704 9.995019 9.578956 9.112724 8.590148 8.005949 7.356079 6.638102 5.851612 4.998616 4.083853 3.114955 2.102388 1.059122 0.000000 
50.000000 47.476996 44.970103 42.495123 40.067248 37.700776 35.408865 33.203306 31.094352 29.090581 27.198812 25.424065 23.769566 22.236800 20.825593 19.534231 18.359606 17.297374 16.342129 15.487583 14.726734 14.052039 13.455562 12.929115 12.464371 12.052966 11.686568 11.356938 11.055962 10.775675 10.508270 10.246097 9.981667 9.707656 9.416919 9.102524 8.757817 8.376509 7.952814 7.481622 6.958718 6.381045 5.746982 5.056636 4.312092 3.517606 2.679662 1.806878 0.909715 0.000000 
50.000000 47.398836 44.814283 42.262633 39.759549 37.319776 34.956877 32.683013 30.508757 28.442954 26.492641 24.662997 22.957357 21.377262 19.922543 18.591452 17.380802 16.286144 15.301936 14.421739 13.638387 12.944170 12.330990 11.790509 11.314269 10.893803 10.520712 10.186732 9.883776 9.603966 9.339646 9.083398 8.828040 8.566648 8.292567 7.999449 7.681309 7.332607 6.948357 6.524271 6.056928 5.543973 4.984315 4.378332 3.728027 3.037135 2.311131 1.557115 0.783572 0.000000 
50.000000 47.331027 44.679099 42.060933 39.492602 36.989235 34.564752 32.231631 30.000722 27.881108 25.880009 24.002747 22.252750 20.631607 19.139159 17.773624 16.531754 15.409006 14.399727 13.497347 12.694563 11.983526 11.356001 10.803528 10.317544 9.889499 9.510949 9.173618 8.869454 8.590666 8.329742 8.079470 7.832945 7.583589 7.325165 7.051814 6.758103 6.439093 6.090425 5.708441 5.290304 4.834147 4.339220 3.806016 3.236376 2.633537 2.002109 1.347963 0.678029 0.000000 
50.000000 47.273390 44.564195 41.889492 39.265701 36.708281 34.231453 31.847965 29.568906 27.403555 25.359294 23.441563 21.653871 19.997850 18.473346 17.078555 15.810173 14.663582 13.633035 12.711855 11.892624 11.167379 10.527774 9.965248 9.471155 9.036884 8.653955 8.314094 8.009285 7.731818 7.474311 7.229734 6.991419 6.753080 6.508829 6.253209 5.981229 5.688426 5.370929 5.025549 4.649877 4.242384 3.802525 3.330820 2.828920 2.299613 1.746790 1.175340 0.590976 0.000000 
50.000000 47.225735 44.469190 41.747741 39.078096 36.475984 33.955877 31.530747 29.211878 27.008714 24.928768 22.977581 21.158729 19.473877 17.922881 16.503913 15.213629 14.047349 12.999249 12.062564 11.229786 10.492857 9.843345 9.272608 8.771936 8.332671 7.946309 7.604581 7.299509 7.023454 6.769146 6.529706 6.298666 6.069977 5.838036 5.597704 5.344340 5.073847 4.782724 4.468133 4.127966 3.760926 3.366586 2.945449 2.498971 2.029563 1.540536 1.036005 0.520745 0.000000 
50.000000 47.187876 44.393713 41.635127 38.929054 36.291437 33.736947 31.278736 28.928240 26.695037 24.586744 22.608982 20.765378 19.057628 17.485591 16.047426 14.739755 13.557849 12.495824 11.546848 10.703342 9.957174 9.299846 8.722653 8.216837 7.773706 7.384742 7.041680 6.736576 6.461851 6.210326 5.975247 5.750299 5.529625 5.307840 5.080050 4.841881 4.589510 4.319709 4.029890 3.718161 3.383373 3.025167 2.644005 2.241175 1.818781 1.379682 0.927408 0.466030 0.000000 
50.000000 47.159645 44.337431 41.551153 38.817915 36.153823 33.573695 31.090815 28.716737 26.461135 24.331705 22.334127 20.472069 18.747247 17.159525 15.707051 14.386422 13.192873 12.120478 11.162353 10.310867 9.557835 8.894710 8.312743 7.803140 7.357187 6.966355 6.622386 6.317362 6.043751 5.794443 5.562776 5.342552 5.128054 4.914056 4.695844 4.469234 4.230598 3.976898 3.705722 3.415320 3.104638 2.773351 2.421877 2.051373 1.663709 1.261416 0.847600 0.425831 0.000000 
50.000000 47.140905 44.300072 41.495410 38.744141 36.062475 33.465328 30.966074 28.576343 26.305872 24.162413 22.151682 20.277375 18.541223 16.943091 15.481121 14.151894 12.950622 11.871349 10.907158 10.050385 9.292810 8.625852 8.040735 7.528643 7.080845 6.688807 6.344278 6.039357 5.766543 5.518773 5.289447 5.072445 4.862139 4.653411 4.441662 4.222830 3.993413 3.750495 3.491771 3.215578 2.920920 2.607487 2.275662 1.926509 1.561746 1.183687 0.795164 0.399424 0.000000 
50.000000 47.131560 44.281441 41.467614 38.707353 36.016923 33.411290 30.903870 28.506332 26.228448 24.077993 22.060704 20.180289 18.438486 16.835164 15.368460 14.034947 12.829825 11.747123 10.779911 9.920503 9.160666 8.491802 7.905120 7.391794 6.943084 6.550456 6.205660 5.900805 5.628406 5.381424 5.153288 4.937917 4.729730 4.523660 4.315164 4.100242 3.875453 3.637939 3.385446 3.116354 2.829693 2.525158 2.203112 1.864575 1.511186 1.145153 0.769174 0.386337 0.000000 
50.000000 47.131560 44.281441 41.467614 38.707353 36.016923 33.411290 30.903870 28.506332 26.228448 24.077993 22.060704 20.180289 18.438486 16.835164 15.368460 14.034947 12.829825 11.747123 10.779911 9.920503 9.160666 8.491802 7.905120 7.391794 6.943084 6.550456 6.205660 5.900805 5.628406 5.381424 5.153288 4.937917 4.729730 4.523660 4.315164 4.100242 3.875453 3.637939 3.385446 3.116354 2.829693 2.525158 2.203112 1.864575 1.511186 1.145153 0.769174 0.386337 0.000000 
50.000000 47.140905 44.300072 41.495410 38.744141 36.062475 33.465328 30.966074 28.576343 26.305872 24.162413 22.151682 20.277375 18.541223 16.943091 15.481121 14.151894 12.950622 11.871349 10.907158 10.050385 9.292810 8.625852 8.040735 7.528643 7.080845 6.688807 6.344278 6.039357 5.766543 5.518773 5.289447 5.072445 4.862139 4.653411 4.441662 4.222830 3.993413 3.750495 3.491771 3.215578 2.920920 2.607487 2.275662 1.926509 1.561746 1.183687 0.795164 0.399424 0.000000 
50.000000 47.159645 44.337431 41.551153 38.817915 36.153823 33.573695 31.090815 28.716737 26.461135 24.331705 22.334127 20.472069 18.747247 17.159525 15.707051 14.386422 13.192873 12.120478 11.162353 10.310867 9.557835 8.894710 8.312743 7.803140 7.357187 6.966355 6.622386 6.317362 6.043751 5.794443 5.562776 5.342552 5.128054 4.914056 4.695844 4.469234 4.230598 3.976898 3.705722 3.415320 3.104638 2.773351 2.421877 2.051373 1.663709 1.261416 0.847600 0.425831 0.000000 
50.000000 47.187876 44.393713 41.635127 38.929054 36.291437 33.736947 31.278736 28.928240 26.695037 24.586744 22.608982 20.765378 19.057628 17.485591 16.047426 14.739755 13.557849 12.495824 11.546848 10.703342 9.957174 9.299846 8.722653 8.216837 7.773706 7.384742 7.041680 6.736576 6.461851 6.210326 5.975247 5.750299 5.529625 5.307840 5.080050 4.841881 4.589510 4.319709 4.029890 3.718161 3.383373 3.025167 2.644005 2.241175 1.818781 1.379682 0.927408 0.466030 0.000000 
50.000000 47.225735 44.469190 41.747741 39.078096 36.475984 33.955877 31.530747 29.211878 27.008714 24.928768 22.977581 21.158729 19.473877 17.922881 16.503913 15.213629 14.047349 12.999249 12.062564 11.229786 10.492857 9.843345 9.272608 8.771936 8.332671 7.946309 7.604581 7.299509 7.023454 6.769146 6.529706 6.298666 6.069977 5.838036 5.597704 5.344340 5.073847 4.782724 4.468133 4.127966 3.760926 3.366586 2.945449 2.498971 2.029563 1.540536 1.036005 0.520745 0.000000 
50.000000 47.273390 44.564195 41.889492 39.265701 36.708281 34.231453 31.847965 29.568906 27.403555 25.359294 23.441563 21.653871 19.997850 18.473346 17.078555 15.810173 14.663582 13.633035 12.711855 11.892624 11.167379 10.527774 9.965248 9.471155 9.036884 8.653955 8.314094 8.009285 7.731818 7.474311 7.229734 6.991419 6.753080 6.508829 6.253209 5.981229 5.688426 5.370929 5.025549 4.649877 4.242384 3.802525 3.330820 2.828920 2.299613 1.746790 1.175340 0.590976 0.000000 
50.000000 47.331027 44.679099 42.060933 39.492602 36.989235 34.564752 32.231631 30.000722 27.881108 25.880009 24.002747 22.252750 20.631607 19.139159 17.773624 16.531754 15.409006 14.399727 13.497347 12.694563 11.983526 11.356001 10.803528 10.317544 9.889499 9.510949 9.173618 8.869454 8.590666 8.329742 8.079470 7.832945 7.583589 7.325165 7.051814 6.758103 6.439093 6.090425 5.708441 5.290304 4.834147 4.339220 3.806016 3.236376 2.633537 2.002109 1.347963 0.678029 0.000000 
50.000000 47.398836 44.814283 42.262633 39.759549 37.319776 34.956877 32.683013 30.508757 28.442954 26.492641 24.662997 22.957357 21.377262 19.922543 18.591452 17.380802 16.286144 15.301936 14.421739 13.638387 12.944170 12.330990 11.790509 11.314269 10.893803 10.520712 10.186732 9.883776 9.603966 9.339646 9.083398 8.828040 8.566648 8.292567 7.999449 7.681309 7.332607 6.948357 6.524271 6.056928 5.543973 4.984315 4.378332 3.728027 3.037135 2.311131 1.557115 0.783572 0.000000 
50.000000 47.476996 44.970103 42.495123 40.067248 37.700776 35.408865 33.203306 31.094352 29.090581 27.198812 25.424065 23.769566 22.236800 20.825593 19.534231 18.359606 17.297374 16.342129 15.487583 14.726734 14.052039 13.455562 12.929115 12.464371 12.052966 11.686568 11.356938 11.055962 10.775675 10.508270 10.246097 9.981667 9.707656 9.416919 9.102524 8.757817 8.376509 7.952814 7.481622 6.958718 6.381045 5.746982 5.056636 4.312092 3.517606 2.679662 1.806878 0.909715 0.000000 
50.000000 47.565657 45.146859 42.758850 40.416288 38.132969 35.921585 33.793511 31.758638 29.825238 27.999887 26.287423 24.690951 23.211893 21.850070 20.603811 19.470096 18.444707 17.522394 16.697045 15.961852 15.309465 14.732143 14.221877 13.770502 13.369781 13.011476 12.687392 12.389403 12.109466 11.839617 11.571967 11.298686 11.012003 10.704214 10.367704 9.995019 9.578956 9.112724 8.590148 8.005949 7.356079 6.638102 5.851612 4.998616 4.083853 3.114955 2.102388 1.059122 0.000000 
50.000000 47.664924 45.344757 43.054123 40.807081 38.616861 36.495637 34.454320 32.502393 30.647789 28.896810 27.254091 25.722604 24.303702 22.997200 21.801480 20.713622 19.729553 18.844203 18.051663 17.345346 16.718131 16.162502 15.670666 15.234650 14.846380 14.497742 14.180612 13.886875 13.608426 13.337155 13.064926 12.783553 12.484779 12.160273 11.801646 11.400500 10.948538 10.437723 9.860523 9.210244 8.481456 7.670509 6.776103 5.799878 4.746924 3.626120 2.450159 1.235191 0.000000 
50.000000 47.774835 45.563877 43.381061 41.239781 39.152645 37.131254 35.186000 33.325920 31.558568 29.889947 28.324466 26.864952 25.512683 24.267470 23.127754 22.090732 21.152495 20.308176 19.552099 18.877930 18.278811 17.747488 17.276421 16.857868 16.483959 16.146737 15.838189 15.550242 15.274757 15.003499 14.728098 14.440004 14.130454 13.790438 13.410700 12.981769 12.494052 11.937998 11.304367 10.584612 9.771407 8.859315 7.845577 6.730974 5.520651 4.224733 2.858559 1.442319 0.000000 
50.000000 47.895350 45.804137 43.739540 41.714227 39.740124 37.828198 35.988280 34.228912 32.557239 30.978932 29.498158 28.117581 26.838403 25.660431 24.582174 23.600961 22.713067 21.913854 21.197910 20.559186 19.991126 19.486778 19.038894 18.640011 18.282502 17.958618 17.660497 17.380157 17.109466 16.840099 16.563480 16.270718 15.952538 15.599222 15.200580 14.745943 14.224226 13.624077 12.934141 12.143485 11.242218 10.222330 9.078761 7.810639 6.422569 4.925740 3.338542 1.686315 0.000000 
50.000000 48.026332 46.065265 44.129155 42.229883 40.378629 38.585679 36.860249 35.210348 33.642672 32.162536 30.773843 29.479082 28.279373 27.174523 26.163120 25.242636 24.409555 23.659492 22.987332 22.387348 21.853321 21.378646 20.956414 20.579486 20.240532 19.932064 19.646427 19.375783 19.112068 18.846924 18.571623 18.276973 17.953218 17.589940 17.175978 16.699374 16.147380 15.506550 14.762975 13.902708 12.912451 11.780565 10.498466 9.062365 7.475253 5.748815 3.904779 1.975040 0.000000 
50.000000 48.167536 46.346769 44.549174 42.785779 41.066963 39.402276 37.800273 36.268387 34.812833 33.438542 32.149132 30.946910 29.832904 28.806927 27.867652 27.012715 26.238826 25.541885 24.917102 24.359109 23.862069 23.419764 23.025677 22.673043 22.354889 22.064046 21.793134 21.534533 21.280316 21.022173 20.751304 20.458296 20.132982 19.764297 19.340132 18.847206 18.270982 17.595672 16.804372 15.879426 14.803114 13.558794 12.132624 10.515946 8.708253 6.720419 4.577427 2.319450 0.000000 
50.000000 48.318595 46.647924 44.998512 43.380479 41.803348 40.275880 38.805924 37.400297 36.064701 34.803656 33.620477 32.517277 31.494991 30.553437 29.691386 28.906651 28.196193 27.556222 26.982306 26.469475 26.012313 25.605041 25.241579 24.915599 24.620544 24.349634 24.095841 23.851843 23.609949 23.361998 23.099229 22.812125 22.490234 22.121959 21.694342 21.192834 20.601087 19.900809 19.071726 18.091779 16.937688 15.586092 14.015531 12.209528 10.160889 7.876984 5.385019 2.735337 0.000000 
50.000000 48.479020 46.967748 45.475707 44.012050 42.585390 41.203651 39.873931 38.602398 37.394206 36.253441 35.183098 34.185084 33.260238 32.408387 31.628408 30.918309 30.275322 29.695994 29.176286 28.711660 28.297165 27.927508 27.597102 27.300114 27.030468 26.781851 26.547671 26.321003 26.094501 25.860279 25.609761 25.333492 25.020914 24.660095 24.237426 23.737273 23.141608 22.429643 21.577535 20.558254 19.341816 17.896168 16.189173 14.192259 11.886296 9.269909 6.369280 3.246383 0.000000 
50.000000 48.648189 47.305006 45.978914 44.678048 43.410062 42.181998 41.000164 39.870041 38.796206 37.782290 36.830952 35.943881 35.121819 34.364605 33.671232 33.039917 32.468184 31.952945 31.490582 31.077030 30.707845 30.378262 30.083247 29.817518 29.575555 29.351588 29.139553 28.933032 28.725149 28.508444 28.274703 28.014741 27.718139 27.372918 26.965137 26.478423 25.893411 25.187107 24.332210 23.296487 22.042364 20.527126 18.704328 16.527442 13.957125 10.973487 7.593497 3.889781 0.000000 
50.000000 48.825353 47.658203 46.505903 45.375522 44.273711 43.206588 42.179633 41.197607 40.264488 39.383428 38.556735 37.785874 37.071486 36.413424 35.810806 35.262075 34.765065 34.317077 33.914947 33.555115 33.233683 32.946468 32.689032 32.456711 32.244608 32.047579 31.860186 31.676630 31.490644 31.295363 31.083139 30.845307 30.571897 30.251254 29.869563 29.410252 28.853233 28.173969 27.342327 26.321263 25.065430 23.520042 21.620712 19.295715 16.473254 13.097555 9.157603 4.727348 0.000000 
50.000000 49.009638 48.025596 47.054075 46.101032 45.172077 44.272365 43.406519 42.578550 41.791810 41.048958 40.351936 39.701977 39.099619 38.544733 38.036571 37.573813 37.154623 36.776714 36.437402 36.133665 35.862190 35.619415 35.401555 35.204617 35.024396 34.856455 34.696078 34.538203 34.377316 34.207324 34.021366 33.811585 33.568815 33.282181 32.938575 32.521963 32.012460 31.385111 30.608267 29.641460 28.432706 26.915323 25.004731 22.596760 19.571096 15.807366 11.226405 5.869225 0.000000 
50.000000 49.200054 48.405214 47.620486 46.850684 46.100337 45.373610 44.674235 44.005453 43.369971 42.769934 42.206911 41.681896 41.195321 40.747080 40.336563 39.962701 39.624003 39.318615 39.044357 38.798774 38.579172 38.382650 38.206118 38.046310 37.899776 37.762862 37.631665 37.501971 37.369164 37.228099 37.072934 36.896911 36.692056 36.448788 36.155381 35.797245 35.355908 34.807611 34.121306 33.255794 32.155649 30.745488 28.922247 26.545891 23.431513 19.352904 14.083814 7.529356 0.000000 
50.000000 49.395510 48.794878 48.201888 47.620176 47.053164 46.504002 45.975507 45.470129 44.989913 44.536480 44.111014 43.714265 43.346558 43.007813 42.697565 42.415003 42.158999 41.928143 41.720784 41.535058 41.368917 41.220153 41.086414 40.965206 40.853889 40.749656 40.649502 40.550163 40.448049 40.339130 40.218800 40.081687 39.921391 39.730143 39.498319 39.213764 38.860823 38.418927 37.860481 37.147631 36.227247 35.022969 33.422555 31.258012 28.276298 24.104123 18.236769 10.169491 0.000000 
50.000000 49.594826 49.192238 48.794771 48.404864 48.024810 47.656720 47.302482 46.963738 46.641859 46.337931 46.052747 45.786809 45.540335 45.313270 45.105302 44.915884 44.744260 44.589482 44.450440 44.325880 44.214424 44.114585 44.024776 43.943313 43.868411 43.798166 43.730535 43.663291 43.593976 43.519816 43.437627 43.343669 43.233462 43.101519 42.940981 42.743091 42.496417 42.185690 41.789988 41.279829 40.612323 39.722802 38.509716 36.806423 34.326964 30.562161 24.597442 14.915745 0.000000 
50.000000 49.796754 49.594805 49.395425 49.199837 49.009192 48.824548 48.646853 48.476929 48.315465 48.163006 48.019948 47.886545 47.762904 47.648998 47.544670 47.449647 47.363546 47.285893 47.216129 47.153624 47.097685 47.047564 47.002463 46.961532 46.923870 46.888517 46.854437 46.820503 46.785464 46.747907 46.706204 46.658435 46.602292 46.534932 46.452783 46.351252 46.224293 46.063743 45.858262 45.591581 45.239435 44.763937 44.102459 43.143941 41.673408 39.227990 34.680366 24.898694 0.000000 
50.000000 50.000000 50.000000 50.000000 50.000000 50.000000 50.000000 50.000000 50.000000 50.000000 50.000000 50.000000 50.000000 50.000000 50.000000 50.000000 50.000000 50.000000 50.000000 50.000000 50.000000 50.000000 50.000000 50.000000 50.000000 50.000000 50.000000 50.000000 50.000000 50.000000 50.000000 50.000000 50.000000 50.000000 50.000000 50.000000 50.000000 50.000000 50.000000 50.000000 50.000000 50.000000 50.000000 50.000000 50.000000 50.000000 50.000000 50.000000 50.000000 50.000000 
