50.000000 50.000000 50.000000 50.000000 50.000000 50.000000 50.000000 50.000000 50.000000 50.000000 50.000000 50.000000 50.000000 50.000000 50.000000 50.000000 50.000000 50.000000 50.000000 50.000000 50.000000 50.000000 50.000000 50.000000 50.000000 50.000000 50.000000 50.000000 50.000000 50.000000 50.000000 50.000000 50.000000 50.000000 50.000000 50.000000 50.000000 50.000000 50.000000 50.000000 50.000000 50.000000 50.000000 50.000000 50.000000 50.000000 50.000000 50.000000 50.000000 50.000000 
50.000000 49.806527 49.614229 49.424260 49.237730 49.055688 48.879102 48.708843 48.545674 48.390239 48.243056 48.104512 47.974864 47.854240 47.742643 47.639960 47.545964 47.460332 47.382646 47.312408 47.249046 47.191922 47.140340 47.093547 47.050732 47.011028 46.973497 46.937124 46.900792 46.863256 46.823103 46.778702 46.728126 46.669056 46.598641 46.513296 46.408419 46.277955 46.113733 45.904411 45.633717 45.277393 44.797554 44.131586 43.168439 41.693159 39.242894 34.690346 24.903698 0.000000 
50.000000 49.614255 49.230853 48.852094 48.480193 48.117240 47.765164 47.425704 47.100382 46.790479 46.497029 46.220805 45.962319 45.721826 45.499335 45.294617 45.107226 44.936514 44.781653 44.641649 44.515367 44.401538 44.298778 44.205591 44.120371 44.041396 43.966813 43.894614 43.822597 43.748313 43.668992 43.581440 43.481904 43.365885 43.227874 43.060992 42.856460 42.602831 42.284819 41.881497 41.363381 40.687587 39.789458 38.567467 36.854999 34.366125 30.591712 24.617229 14.925665 0.000000 
50.000000 49.424366 48.852228 48.287018 47.732043 47.190420 46.665030 46.158468 45.673003 45.210550 44.772651 44.360460 43.974741 43.615878 43.283883 42.978419 42.698821 42.444125 42.213099 42.004267 41.815938 41.646232 41.493091 41.354298 41.227477 41.110083 40.999383 40.892426 40.785985 40.676484 40.559896 40.431603 40.286211 40.117296 39.917054 39.675831 39.381440 39.018200 38.565524 37.995802 37.271181 36.338536 35.121529 33.507945 31.329833 28.334200 24.147815 18.266024 10.184157 0.000000 
50.000000 49.237999 48.480627 47.732427 46.997775 46.280799 45.585313 44.914751 44.272119 43.659952 43.080291 42.534665 42.024089 41.549071 41.109630 40.705322 40.335273 39.998213 39.692514 39.416235 39.167149 38.942781 38.740430 38.557186 38.389938 38.235361 38.089899 37.949722 37.810662 37.668125 37.516968 37.351335 37.164439 36.948272 36.693209 36.387484 36.016464 35.561644 34.999239 34.298183 33.417274 32.301099 30.874295 29.033840 26.639747 23.507178 19.409999 14.122044 7.548522 0.000000 
50.000000 49.056239 48.118212 47.191544 46.281657 45.393663 44.532287 43.701782 42.905872 42.147697 41.429788 40.754039 40.121710 39.533432 38.989233 38.488569 38.030362 37.613048 37.234625 36.892699 36.584532 36.307082 36.057035 35.830828 35.624657 35.434476 35.255969 35.084509 34.915090 34.742228 34.559831 34.361022 34.137909 33.881281 33.580212 33.221543 32.789188 32.263220 31.618651 30.823811 29.838227 28.609928 27.072259 25.140686 22.711103 19.663275 15.876919 11.272976 5.892572 0.000000 
50.000000 48.880094 47.766991 46.667370 45.587661 44.533935 43.511795 42.526292 41.581844 40.682182 39.830306 39.028469 38.278168 37.580158 36.934476 36.340483 35.796911 35.301914 34.853131 34.447742 34.082524 33.753900 33.457980 33.190590 32.947291 32.723371 32.513833 32.313342 32.116168 31.916079 31.706212 31.478898 31.225435 30.935798 30.598272 30.198980 29.721290 29.145064 28.445724 27.593114 26.550182 25.271593 23.702595 21.778851 19.428709 16.580465 13.178448 9.211767 4.754501 0.000000 
50.000000 48.710484 47.428801 46.162643 44.919414 43.706105 42.529170 41.394424 40.306955 39.271062 38.290203 37.366973 36.503102 35.699462 34.956106 34.272305 33.646610 33.076913 32.560514 32.094192 31.674268 31.296666 30.956962 30.650420 30.372020 30.116454 29.878120 29.651077 29.428982 29.205000 28.971677 28.720774 28.443062 28.128062 27.763724 27.336038 26.828562 26.221871 25.492925 24.614395 23.554037 22.274290 20.732475 18.882202 16.677026 14.077703 11.064464 7.654411 3.920318 0.000000 
50.000000 48.548229 47.105278 45.679806 44.280151 42.914182 41.589167 40.311655 39.087376 37.921170 36.816935 35.777597 34.805106 33.900454 33.063705 32.294053 31.589880 30.948832 30.367893 29.843467 29.371454 28.947315 28.566137 28.222674 27.911381 27.626427 27.361682 27.110695 26.866627 26.622178 26.369467 26.099895 25.803955 25.471021 25.089087 24.644462 24.121435 23.501911 22.765050 21.886975 20.840643 19.596081 18.121274 16.384147 14.356213 12.018452 9.369617 6.436038 3.279849 0.000000 
50.000000 48.394044 46.797846 45.220984 43.672683 42.161649 40.695923 39.282750 37.928472 36.638446 35.416985 34.267333 33.191653 32.191048 31.265601 30.414433 29.635771 28.927033 28.284911 27.705466 27.184206 26.716173 26.296006 25.918002 25.576153 25.264169 24.975476 24.703198 24.440113 24.178579 23.910442 23.626914 23.318425 22.974449 22.583304 22.131944 21.605734 20.988253 20.261149 19.404110 18.395061 17.210731 15.827796 14.224862 12.385543 10.302758 7.984016 5.456679 2.771260 0.000000 
50.000000 48.248532 46.507706 44.787970 43.099385 41.451447 39.852928 38.311730 36.834772 35.427900 34.095823 32.842082 31.669044 30.577920 29.568814 28.640780 27.791906 27.019400 26.319687 25.688511 25.121028 24.611895 24.155355 23.745294 23.375300 23.038689 22.728518 22.437573 22.158340 21.882950 21.603101 21.309966 20.994070 20.645171 20.252110 19.802683 19.283515 18.679991 17.976255 17.155358 16.199626 15.091346 13.813913 12.353552 10.701696 8.857959 6.833358 4.653040 2.357353 0.000000 
50.000000 48.112182 46.235836 44.382222 42.562188 40.785969 39.063021 37.401864 35.809959 34.293610 32.857896 31.506640 30.242401 29.066495 27.979046 26.979052 26.064473 25.232326 24.478795 23.799337 23.188788 22.641462 22.151247 21.711670 21.315970 20.957130 20.627903 20.320814 20.028144 19.741885 19.453694 19.154811 18.835983 18.487370 18.098456 17.657978 17.153878 16.573319 15.902784 15.128314 14.235939 13.212364 12.045988 10.728290 9.255578 7.630963 5.866277 3.983416 2.014459 0.000000 
50.000000 47.985374 45.982992 44.004872 42.062588 40.167068 38.328403 36.555688 34.856888 33.238733 31.706649 30.264723 28.915693 27.660974 26.500713 25.433857 24.458253 23.570748 22.767306 22.043127 21.392760 20.810217 20.289070 19.822537 19.403555 19.024831 18.678876 18.358018 18.054401 17.759957 17.466376 17.165051 16.847025 16.502935 16.122962 15.696803 15.213685 14.662429 14.031604 13.309801 12.486057 11.550484 10.495104 9.314921 8.009158 6.582542 5.046412 3.419325 1.726808 0.000000 
50.000000 47.868385 45.749725 43.656738 41.601672 39.596089 37.650670 35.775039 33.977626 32.265557 30.644579 29.119021 27.691789 26.364393 25.137001 24.008520 22.976694 22.038217 21.188860 20.423591 19.736709 19.121956 18.572629 18.081680 17.641792 17.245444 16.884956 16.552516 16.240185 15.939895 15.643425 15.342373 15.028124 14.691821 14.324347 13.916330 13.458187 12.940225 12.352809 11.686638 10.933133 10.084965 9.136726 8.085719 6.932819 5.683290 4.347407 2.940678 1.483481 0.000000 
50.000000 47.761392 45.536391 43.338354 41.180144 39.073906 37.030857 35.061109 33.173517 31.375569 29.673305 28.071279 26.572551 25.178719 23.889974 22.705187 21.622013 20.637013 19.745784 18.943093 18.223014 17.579055 17.004279 16.491407 16.032910 15.621085 15.248103 14.906056 14.586968 14.282809 13.985486 13.686831 13.378591 13.052412 12.699850 12.312395 11.881535 11.398864 10.856256 10.246113 9.561704 8.797592 7.950151 7.018141 6.003291 4.910813 3.749727 2.532900 1.276663 0.000000 
50.000000 47.664491 45.343178 43.049997 40.798372 38.600973 36.469505 34.414520 32.445260 30.569539 28.793667 27.122399 25.558939 24.104965 22.760690 21.524955 20.395340 19.368287 18.439241 17.602793 16.852823 16.182637 15.585094 15.052723 14.577819 14.152531 13.768922 13.419019 13.094843 12.788430 12.491835 12.197138 11.896439 11.581869 11.245604 10.879909 10.477204 10.030177 9.531941 8.976251 8.357784 7.672481 6.917928 6.093772 5.202107 4.247787 3.238588 2.185141 1.100599 0.000000 
50.000000 47.577699 45.170124 42.791728 40.456435 38.177388 35.966729 33.835404 31.793001 29.847631 28.005840 26.272569 24.651149 23.143331 21.749352 20.468028 19.296872 18.232225 17.269399 16.402835 15.626244 14.932759 14.315066 13.765534 13.276314 12.839437 12.446887 12.090654 11.762778 11.455377 11.160663 10.870958 10.578701 10.276466 9.956988 9.613207 9.238342 8.825989 8.370260 7.865971 7.308860 6.695852 6.025343 5.297488 4.514458 3.680617 2.802589 1.889154 0.950952 0.000000 
50.000000 47.500980 45.017152 42.563430 40.154179 37.802960 35.522302 33.323498 31.216445 29.209513 27.309461 25.521393 23.848754 22.293361 20.855473 19.533885 18.326055 17.228236 16.235628 15.342541 14.542544 13.828622 13.193319 12.628867 12.127303 11.680568 11.280586 10.919331 10.588876 10.281427 9.989354 9.705206 9.421731 9.131900 8.828936 8.506360 8.158056 7.778362 7.362190 6.905170 6.403830 5.855792 5.259979 4.616812 3.928372 3.198501 2.432808 1.638549 0.824386 0.000000 
50.000000 47.434248 44.884094 42.364853 39.891273 37.477279 35.135735 32.878240 30.714956 28.654482 26.703761 24.868039 23.150862 21.554104 20.078044 18.721464 17.481771 16.355146 15.336696 14.420619 13.600364 12.868793 12.218332 11.641104 11.129051 10.674044 10.267969 9.902796 9.570636 9.263788 8.974765 8.696325 8.421490 8.143576 7.856223 7.553437 7.229652 6.879801 6.499421 6.084767 5.632945 5.142065 4.611381 4.041427 3.434116 2.792788 2.122181 1.428319 0.718301 0.000000 
50.000000 47.377390 44.770725 42.195659 39.667269 37.199789 34.806370 32.498870 30.287679 28.181588 26.187700 24.311384 22.556267 20.924278 19.415712 18.029339 16.762527 15.611397 14.570977 13.635372 12.797934 12.051425 11.388171 10.800209 10.279407 9.817584 9.406598 9.038424 8.705217 8.399357 8.113490 7.840556 7.573813 7.306870 7.033712 6.748745 6.446842 6.123410 5.774468 5.396739 4.987753 4.545950 4.070787 3.562822 3.023771 2.456521 1.865088 1.254505 0.630649 0.000000 
50.000000 47.330277 44.676787 42.055465 39.481658 36.969860 34.533459 32.184526 29.933640 27.789755 25.760103 23.850154 22.063608 20.402436 18.866948 17.455904 16.166643 14.995235 13.936644 12.984903 12.133284 11.374468 10.700703 10.103956 9.576041 9.108735 8.693880 8.323461 7.989671 7.684967 7.402107 7.134184 6.874653 6.617362 6.356577 6.087021 5.803915 5.503029 5.180750 4.834147 4.461048 4.060122 3.630940 3.174037 2.690933 2.184130 1.657060 1.113978 0.559820 0.000000 
50.000000 47.292779 44.602019 41.943880 39.333927 36.786855 34.316243 31.934333 29.651856 27.477890 25.419775 23.483061 21.671505 19.987111 18.430203 16.999535 15.692420 14.504890 13.431861 12.467307 11.604439 10.835874 10.153803 9.550137 9.016650 8.545090 8.127289 7.755241 7.421176 7.117612 6.837400 6.573755 6.320292 6.071043 5.820496 5.563615 5.295886 5.013352 4.712669 4.391155 4.046850 3.678569 3.285947 2.869473 2.430498 1.971211 1.494588 1.004295 0.504559 0.000000 
50.000000 47.264775 44.546182 41.860548 39.223600 36.650186 34.154025 31.747489 29.441418 27.244989 25.165620 23.208919 21.378688 19.676956 18.104057 16.658739 15.338299 14.138740 13.054943 12.080838 11.209591 10.433774 9.745534 9.136745 8.599150 8.124478 7.704554 7.331383 6.997222 6.694638 6.416551 6.156271 5.907526 5.664491 5.421810 5.174628 4.918616 4.650015 4.365667 4.063062 3.740381 3.396532 3.031182 2.644773 2.238519 1.814377 1.374988 0.923592 0.463911 0.000000 
50.000000 47.246165 44.509076 41.805171 39.150283 36.559364 34.046226 31.623324 29.301576 27.090221 24.996727 23.026746 21.184106 19.470854 17.887330 16.432280 15.102990 13.895443 12.804496 11.824053 10.947249 10.166626 9.474304 8.862132 8.321832 7.845123 7.423825 7.049952 6.715780 6.413909 6.137305 5.879340 5.633820 5.395011 5.157662 4.917031 4.668915 4.409677 4.136278 3.846316 3.538058 3.210466 2.863222 2.496729 2.112109 1.711161 1.296311 0.870520 0.437185 0.000000 
50.000000 47.236879 44.490560 41.777537 39.113698 36.514044 33.992434 31.561366 29.231794 27.012990 24.912449 22.935841 21.087010 19.368010 17.779185 16.319280 14.985574 13.774043 12.679530 11.695926 10.816353 10.033336 9.338982 8.725128 8.183486 7.705770 7.283798 6.909588 6.575427 6.273929 5.998086 5.741300 5.497416 5.260744 5.026086 4.788758 4.544614 4.290077 4.022170 3.738540 3.437494 3.118020 2.779804 2.423231 2.049373 1.659953 1.257286 0.844201 0.423932 0.000000 
50.000000 47.236879 44.490560 41.777537 39.113698 36.514044 33.992434 31.561366 29.231794 27.012990 24.912449 22.935841 21.087010 19.368010 17.779185 16.319280 14.985574 13.774043 12.679530 11.695926 10.816353 10.033336 9.338982 8.725128 8.183486 7.705770 7.283798 6.909588 6.575427 6.273929 5.998086 5.741300 5.497416 5.260744 5.026086 4.788758 4.544614 4.290077 4.022170 3.738540 3.437494 3.118020 2.779804 2.423231 2.049373 1.659953 1.257286 0.844201 0.423932 0.000000 
50.000000 47.246165 44.509076 41.805171 39.150283 36.559364 34.046226 31.623324 29.301576 27.090221 24.996727 23.026746 21.184106 19.470854 17.887330 16.432280 15.102990 13.895443 12.804496 11.824053 10.947249 10.166626 9.474304 8.862132 8.321832 7.845123 7.423825 7.049952 6.715780 6.413909 6.137305 5.879340 5.633820 5.395011 5.157662 4.917031 4.668915 4.409677 4.136278 3.846316 3.538058 3.210466 2.863222 2.496729 2.112109 1.711161 1.296311 0.870520 0.437185 0.000000 
50.000000 47.264775 44.546182 41.860548 39.223600 36.650186 34.154025 31.747489 29.441418 27.244989 25.165620 23.208919 21.378688 19.676956 18.104057 16.658739 15.338299 14.138740 13.054943 12.080838 11.209591 10.433774 9.745534 9.136745 8.599150 8.124478 7.704554 7.331383 6.997222 6.694638 6.416551 6.156271 5.907526 5.664491 5.421810 5.174628 4.918616 4.650015 4.365667 4.063062 3.740381 3.396532 3.031182 2.644773 2.238519 1.814377 1.374988 0.923592 0.463911 0.000000 
50.000000 47.292779 44.602019 41.943880 39.333927 36.786855 34.316243 31.934333 29.651856 27.477890 25.419775 23.483061 21.671505 19.987111 18.430203 16.999535 15.692420 14.504890 13.431861 12.467307 11.604439 10.835874 10.153803 9.550137 9.016650 8.545090 8.127289 7.755241 7.421176 7.117612 6.837400 6.573755 6.320292 6.071043 5.820496 5.563615 5.295886 5.013352 4.712669 4.391155 4.046850 3.678569 3.285947 2.869473 2.430498 1.971211 1.494588 1.004295 0.504559 0.000000 
50.000000 47.330277 44.676787 42.055465 39.481658 36.969860 34.533459 32.184526 29.933640 27.789755 25.760103 23.850154 22.063608 20.402436 18.866948 17.455904 16.166643 14.995235 13.936644 12.984903 12.133284 11.374468 10.700703 10.103956 9.576041 9.108735 8.693880 8.323461 7.989671 7.684967 7.402107 7.134184 6.874653 6.617362 6.356577 6.087021 5.803915 5.503029 5.180750 4.834147 4.461048 4.060122 3.630940 3.174037 2.690933 2.184130 1.657060 1.113978 0.559820 0.000000 
50.000000 47.377390 44.770725 42.195659 39.667269 37.199789 34.806370 32.498870 30.287679 28.181588 26.187700 24.311384 22.556267 20.924278 19.415712 18.029339 16.762527 15.611397 14.570977 13.635372 12.797934 12.051425 11.388171 10.800209 10.279407 9.817584 9.406598 9.038424 8.705217 8.399357 8.113490 7.840556 7.573813 7.306870 7.033712 6.748745 6.446842 6.123410 5.774468 5.396739 4.987753 4.545950 4.070787 3.562822 3.023771 2.456521 1.865088 1.254505 0.630649 0.000000 
50.000000 47.434248 44.884094 42.364853 39.891273 37.477279 35.135735 32.878240 30.714956 28.654482 26.703761 24.868039 23.150862 21.554104 20.078044 18.721464 17.481771 16.355146 15.336696 14.420619 13.600364 12.868793 12.218332 11.641104 11.129051 10.674044 10.267969 9.902796 9.570636 9.263788 8.974765 8.696325 8.421490 8.143576 7.856223 7.553437 7.229652 6.879801 6.499421 6.084767 5.632945 5.142065 4.611381 4.041427 3.434116 2.792788 2.122181 1.428319 0.718301 0.000000 
50.000000 47.500980 45.017152 42.563430 40.154179 37.802960 35.522302 33.323498 31.216445 29.209513 27.309461 25.521393 23.848754 22.293361 20.855473 19.533885 18.326055 17.228236 16.235628 15.342541 14.542544 13.828622 13.193319 12.628867 12.127303 11.680568 11.280586 10.919331 10.588876 10.281427 9.989354 9.705206 9.421731 9.131900 8.828936 8.506360 8.158056 7.778362 7.362190 6.905170 6.403830 5.855792 5.259979 4.616812 3.928372 3.198501 2.432808 1.638549 0.824386 0.000000 
50.000000 47.577699 45.170124 42.791728 40.456435 38.177388 35.966729 33.835404 31.793001 29.847631 28.005840 26.272569 24.651149 23.143331 21.749352 20.468028 19.296872 18.232225 17.269399 16.402835 15.626244 14.932759 14.315066 13.765534 13.276314 12.839437 12.446887 12.090654 11.762778 11.455377 11.160663 10.870958 10.578701 10.276466 9.956988 9.613207 9.238342 8.825989 8.370260 7.865971 7.308860 6.695852 6.025343 5.297488 4.514458 3.680617 2.802589 1.889154 0.950952 0.000000 
50.000000 47.664491 45.343178 43.049997 40.798372 38.600973 36.469505 34.414520 32.445260 30.569539 28.793667 27.122399 25.558939 24.104965 22.760690 21.524955 20.395340 19.368287 18.439241 17.602793 16.852823 16.182637 15.585094 15.052723 14.577819 14.152531 13.768922 13.419019 13.094843 12.788430 12.491835 12.197138 11.896439 11.581869 11.245604 10.879909 10.477204 10.030177 9.531941 8.976251 8.357784 7.672481 6.917928 6.093772 5.202107 4.247787 3.238588 2.185141 1.100599 0.000000 
50.000000 47.761392 45.536391 43.338354 41.180144 39.073906 37.030857 35.061109 33.173517 31.375569 29.673305 28.071279 26.572551 25.178719 23.889974 22.705187 21.622013 20.637013 19.745784 18.943093 18.223014 17.579055 17.004279 16.491407 16.032910 15.621085 15.248103 14.906056 14.586968 14.282809 13.985486 13.686831 13.378591 13.052412 12.699850 12.312395 11.881535 11.398864 10.856256 10.246113 9.561704 8.797592 7.950151 7.018141 6.003291 4.910813 3.749727 2.532900 1.276663 0.000000 
50.000000 47.868385 45.749725 43.656738 41.601672 39.596089 37.650670 35.775039 33.977626 32.265557 30.644579 29.119021 27.691789 26.364393 25.137001 24.008520 22.976694 22.038217 21.188860 20.423591 19.736709 19.121956 18.572629 18.081680 17.641792 17.245444 16.884956 16.552516 16.240185 15.939895 15.643425 15.342373 15.028124 14.691821 14.324347 13.916330 13.458187 12.940225 12.352809 11.686638 10.933133 10.084965 9.136726 8.085719 6.932819 5.683290 4.347407 2.940678 1.483481 0.000000 
50.000000 47.985374 45.982992 44.004872 42.062588 40.167068 38.328403 36.555688 34.856888 33.238733 31.706649 30.264723 28.915693 27.660974 26.500713 25.433857 24.458253 23.570748 22.767306 22.043127 21.392760 20.810217 20.289070 19.822537 19.403555 19.024831 18.678876 18.358018 18.054401 17.759957 17.466376 17.165051 16.847025 16.502935 16.122962 15.696803 15.213685 14.662429 14.031604 13.309801 12.486057 11.550484 10.495104 9.314921 8.009158 6.582542 5.046412 3.419325 1.726808 0.000000 
50.000000 48.112182 46.235836 44.382222 42.562188 40.785969 39.063021 37.401864 35.809959 34.293610 32.857896 31.506640 30.242401 29.066495 27.979046 26.979052 26.064473 25.232326 24.478795 23.799337 23.188788 22.641462 22.151247 21.711670 21.315970 20.957130 20.627903 20.320814 20.028144 19.741885 19.453694 19.154811 18.835983 18.487370 18.098456 17.657978 17.153878 16.573319 15.902784 15.128314 14.235939 13.212364 12.045988 10.728290 9.255578 7.630963 5.866277 3.983416 2.014459 0.000000 
50.000000 48.248532 46.507706 44.787970 43.099385 41.451447 39.852928 38.311730 36.834772 35.427900 34.095823 32.842082 31.669044 30.577920 29.568814 28.640780 27.791906 27.019400 26.319687 25.688511 25.121028 24.611895 24.155355 23.745294 23.375300 23.038689 22.728518 22.437573 22.158340 21.882950 21.603101 21.309966 20.994070 20.645171 20.252110 19.802683 19.283515 18.679991 17.976255 17.155358 16.199626 15.091346 13.813913 12.353552 10.701696 8.857959 6.833358 4.653040 2.357353 0.000000 
50.000000 48.394044 46.797846 45.220984 43.672683 42.161649 40.695923 39.282750 37.928472 36.638446 35.416985 34.267333 33.191653 32.191048 31.265601 30.414433 29.635771 28.927033 28.284911 27.705466 27.184206 26.716173 26.296006 25.918002 25.576153 25.264169 24.975476 24.703198 24.440113 24.178579 23.910442 23.626914 23.318425 22.974449 22.583304 22.131944 21.605734 20.988253 20.261149 19.404110 18.395061 17.210731 15.827796 14.224862 12.385543 10.302758 7.984016 5.456679 2.771260 0.000000 
50.000000 48.548229 47.105278 45.679806 44.280151 42.914182 41.589167 40.311655 39.087376 37.921170 36.816935 35.777597 34.805106 33.900454 33.063705 32.294053 31.589880 30.948832 30.367893 29.843467 29.371454 28.947315 28.566137 28.222674 27.911381 27.626427 27.361682 27.110695 26.866627 26.622178 26.369467 26.099895 25.803955 25.471021 25.089087 24.644462 24.121435 23.501911 22.765050 21.886975 20.840643 19.596081 18.121274 16.384147 14.356213 12.018452 9.369617 6.436038 3.279849 0.000000 
50.000000 48.710484 47.428801 46.162643 44.919414 43.706105 42.529170 41.394424 40.306955 39.271062 38.290203 37.366973 36.503102 35.699462 34.956106 34.272305 33.646610 33.076913 32.560514 32.094192 31.674268 31.296666 30.956962 30.650420 30.372020 30.116454 29.878120 29.651077 29.428982 29.205000 28.971677 28.720774 28.443062 28.128062 27.763724 27.336038 26.828562 26.221871 25.492925 24.614395 23.554037 22.274290 20.732475 18.882202 16.677026 14.077703 11.064464 7.654411 3.920318 0.000000 
50.000000 48.880094 47.766991 46.667370 45.587661 44.533935 43.511795 42.526292 41.581844 40.682182 39.830306 39.028469 38.278168 37.580158 36.934476 36.340483 35.796911 35.301914 34.853131 34.447742 34.082524 33.753900 33.457980 33.190590 32.947291 32.723371 32.513833 32.313342 32.116168 31.916079 31.706212 31.478898 31.225435 30.935798 30.598272 30.198980 29.721290 29.145064 28.445724 27.593114 26.550182 25.271593 23.702595 21.778851 19.428709 16.580465 13.178448 9.211767 4.754501 0.000000 
50.000000 49.056239 48.118212 47.191544 46.281657 45.393663 44.532287 43.701782 42.905872 42.147697 41.429788 40.754039 40.121710 39.533432 38.989233 38.488569 38.030362 37.613048 37.234625 36.892699 36.584532 36.307082 36.057035 35.830828 35.624657 35.434476 35.255969 35.084509 34.915090 34.742228 34.559831 34.361022 34.137909 33.881281 33.580212 33.221543 32.789188 32.263220 31.618651 30.823811 29.838227 28.609928 27.072259 25.140686 22.711103 19.663275 15.876919 11.272976 5.892572 0.000000 
50.000000 49.237999 48.480627 47.732427 46.997775 46.280799 45.585313 44.914751 44.272119 43.659952 43.080291 42.534665 42.024089 41.549071 41.109630 40.705322 40.335273 39.998213 39.692514 39.416235 39.167149 38.942781 38.740430 38.557186 38.389938 38.235361 38.089899 37.949722 37.810662 37.668125 37.516968 37.351335 37.164439 36.948272 36.693209 36.387484 36.016464 35.561644 34.999239 34.298183 33.417274 32.301099 30.874295 29.033840 26.639747 23.507178 19.409999 14.122044 7.548522 0.000000 
50.000000 49.424366 48.852228 48.287018 47.732043 47.190420 46.665030 46.158468 45.673003 45.210550 44.772651 44.360460 43.974741 43.615878 43.283883 42.978419 42.698821 42.444125 42.213099 42.004267 41.815938 41.646232 41.493091 41.354298 41.227477 41.110083 40.999383 40.892426 40.785985 40.676484 40.559896 40.431603 40.286211 40.117296 39.917054 39.675831 39.381440 39.018200 38.565524 37.995802 37.271181 36.338536 35.121529 33.507945 31.329833 28.334200 24.147815 18.266024 10.184157 0.000000 
50.000000 49.614255 49.230853 48.852094 48.480193 48.117240 47.765164 47.425704 47.100382 46.790479 46.497029 46.220805 45.962319 45.721826 45.499335 45.294617 45.107226 44.936514 44.781653 44.641649 44.515367 44.401538 44.298778 44.205591 44.120371 44.041396 43.966813 43.894614 43.822597 43.748313 43.668992 43.581440 43.481904 43.365885 43.227874 43.060992 42.856460 42.602831 42.284819 41.881497 41.363381 40.687587 39.789458 38.567467 36.854999 34.366125 30.591712 24.617229 14.925665 0.000000 
50.000000 49.806527 49.614229 49.424260 49.237730 49.055688 48.879102 48.708843 48.545674 48.390239 48.243056 48.104512 47.974864 47.854240 47.742643 47.639960 47.545964 47.460332 47.382646 47.312408 47.249046 47.191922 47.140340 47.093547 47.050732 47.011028 46.973497 46.937124 46.900792 46.863256 46.823103 46.778702 46.728126 46.669056 46.598641 46.513296 46.408419 46.277955 46.113733 45.904411 45.633717 45.277393 44.797554 44.131586 43.168439 41.693159 39.242894 34.690346 24.903698 0.000000 
50.000000 50.000000 50.000000 50.000000 50.000000 50.000000 50.000000 50.000000 50.000000 50.000000 50.000000 50.000000 50.000000 50.000000 50.000000 50.000000 50.000000 50.000000 50.000000 50.000000 50.000000 50.000000 50.000000 50.000000 50.000000 50.000000 50.000000 50.000000 50.000000 50.000000 50.000000 50.000000 50.000000 50.000000 50.000000 50.000000 50.000000 50.000000 50.000000 50.000000 50.000000 50.000000 50.000000 50.000000 50.000000 50.000000 50.000000 50.000000 50.000000 50.000000 
