50.000000 50.000000 50.000000 50.000000 50.000000 50.000000 50.000000 50.000000 50.000000 50.000000 50.000000 50.000000 50.000000 50.000000 50.000000 50.000000 50.000000 50.000000 50.000000 50.000000 50.000000 50.000000 50.000000 50.000000 50.000000 50.000000 50.000000 50.000000 50.000000 50.000000 50.000000 50.000000 50.000000 50.000000 50.000000 50.000000 50.000000 50.000000 50.000000 50.000000 50.000000 50.000000 50.000000 50.000000 50.000000 50.000000 50.000000 50.000000 50.000000 50.000000 
50.000000 49.654430 49.312610 48.978170 48.654501 48.344652 48.051251 47.776434 47.521810 47.288449 47.076885 46.887153 46.718833 46.571114 46.442863 46.332702 46.239082 46.160351 46.094817 46.040806 45.996698 45.960960 45.932167 45.909006 45.890278 45.874878 45.861782 45.850011 45.838594 45.826522 45.812687 45.795808 45.774343 45.746368 45.709420 45.660284 45.594689 45.506861 45.388849 45.229458 45.012483 44.713642 44.294938 43.693551 42.798140 41.393368 39.015931 34.538010 24.827218 0.000000 
50.000000 49.312611 48.632682 47.967433 47.323607 46.707275 46.123657 45.577006 45.070523 44.606334 44.185504 43.808100 43.473287 43.179453 42.924344 42.705221 42.518999 42.362394 42.232043 42.124614 42.036886 41.965813 41.908561 41.862523 41.825315 41.794749 41.768795 41.745519 41.723009 41.699281 41.672167 41.639174 41.597307 41.542850 41.471067 41.375807 41.248949 41.079604 40.852925 40.548272 40.136294 39.574066 38.796708 37.702290 36.123615 33.774010 30.143441 24.316355 14.774613 0.000000 
50.000000 48.978172 47.967436 46.978519 46.021451 45.105252 44.237685 43.425069 42.672167 41.982134 41.356557 40.795534 40.297825 39.861032 39.481807 39.156076 38.879257 38.646465 38.452706 38.293025 38.162639 38.057022 37.971967 37.903607 37.848407 37.803132 37.764784 37.730518 37.697536 37.662950 37.623623 37.575972 37.515724 37.437610 37.334970 37.199225 37.019161 36.779924 36.461569 36.036920 35.468319 34.702585 33.663053 32.236921 30.255386 27.464360 23.489296 17.824037 9.962261 0.000000 
50.000000 48.654507 47.323617 46.021460 44.761240 43.554833 42.412463 41.342451 40.351066 39.442466 38.618737 37.880012 37.224655 36.649510 36.150170 35.721270 35.356777 35.050262 34.795149 34.584919 34.413275 34.274268 34.162366 34.072489 34.000004 33.940676 33.890597 33.846074 33.803497 33.759170 33.709113 33.648822 33.572974 33.475070 33.346977 33.178335 32.955780 32.661887 32.273713 31.760759 31.082085 30.182206 28.985348 27.387728 25.248263 22.380700 18.557205 13.549670 7.261168 0.000000 
50.000000 48.344666 46.707298 45.105280 43.554855 42.070637 40.665202 39.348789 38.129108 37.011278 35.997863 35.089026 34.282758 33.575174 32.960853 32.433195 31.984780 31.607703 31.293873 31.035275 30.824172 30.653251 30.515722 30.405357 30.316481 30.243928 30.182943 30.129066 30.077965 30.025251 29.966247 29.895722 29.807566 29.694408 29.547135 29.354301 29.101364 28.769712 28.335386 27.767409 27.025634 26.058015 24.797406 23.158368 21.035482 18.306813 14.850040 10.583772 5.546567 0.000000 
50.000000 48.051277 46.123705 44.237748 42.412529 40.665251 39.010720 37.460990 36.025137 34.709187 33.516159 32.446246 31.497082 30.664094 29.940902 29.319737 28.791866 28.347984 27.978574 27.674205 27.425776 27.224696 27.062987 26.933344 26.829128 26.744309 26.673368 26.611159 26.552731 26.493124 26.427122 26.348968 26.252033 26.128430 25.968550 25.760507 25.489466 25.136816 24.679177 24.087209 23.324246 22.344881 21.093811 19.505672 17.507315 15.025100 12.001028 8.421540 4.357785 0.000000 
50.000000 47.776480 45.577095 43.425193 41.342593 39.348927 37.461086 35.692825 34.054500 32.552987 31.191731 29.970951 28.887949 27.937508 27.112349 26.403609 25.801327 25.294889 24.873440 24.526229 24.242885 24.013619 23.829355 23.681791 23.563401 23.467371 23.387500 23.318045 23.253543 23.188585 23.117568 23.034403 22.932194 22.802864 22.636731 22.422021 22.144313 21.785900 21.325095 20.735492 19.985294 19.036882 17.846981 16.368082 14.552095 12.357653 9.762420 6.780563 3.481627 0.000000 
50.000000 47.521891 45.070679 42.672388 40.351334 38.129397 36.025404 34.054681 32.228775 30.555344 29.038231 27.677681 26.470686 25.411433 24.491810 23.701942 23.030730 22.466350 21.996711 21.609841 21.294194 21.038881 20.833816 20.669788 20.538464 20.432333 20.344590 20.268992 20.199658 20.130849 20.056715 19.971013 19.866794 19.736064 19.569410 19.355593 19.081113 18.729763 18.282192 17.715542 17.003281 16.115391 15.019245 13.681578 12.072157 10.169692 7.970198 5.496865 2.808372 0.000000 
50.000000 47.288582 44.606595 41.982510 39.442936 37.011809 34.709732 32.553474 30.555666 28.724691 27.064752 25.576117 24.255497 23.096531 22.090346 21.226140 20.491770 19.874307 19.360527 18.937343 18.592139 18.313023 18.088992 17.910014 17.767036 17.651927 17.557368 17.476694 17.403703 17.332431 17.256904 17.170868 17.067496 16.939091 16.776754 16.570072 16.306784 15.972500 15.550471 15.021496 14.364068 13.554899 12.570047 11.386892 9.987238 8.361642 6.514756 4.470666 2.276279 0.000000 
50.000000 47.077100 44.185927 41.357173 38.619521 35.998777 33.517147 31.192711 29.039086 27.065307 25.275905 23.671171 22.247558 20.998212 19.913568 18.981985 18.190377 17.524811 16.971042 16.514972 16.143021 15.842393 15.601263 15.408867 15.255514 15.132536 15.032173 14.947423 14.871841 14.799329 14.723888 14.639367 14.539193 14.416109 14.261897 14.067129 13.820943 13.510868 13.122752 12.640836 12.048067 11.326754 10.459684 9.431852 8.232852 6.859892 5.321072 3.638191 1.847907 0.000000 
50.000000 46.887493 43.808771 40.796517 37.881277 35.090528 32.447920 29.972702 27.679377 25.577566 23.672095 21.963272 20.447323 19.116949 17.961967 16.969983 16.127068 15.418388 14.828786 14.343262 13.947371 13.627517 13.371145 13.166843 13.004365 12.874580 12.769362 12.681437 12.604192 12.531465 12.457309 12.375757 12.280579 12.165045 12.021702 11.842179 11.617034 11.335670 10.986355 10.556388 10.032475 9.401383 8.650935 7.771398 6.757250 5.609197 4.336149 2.956637 1.499037 0.000000 
50.000000 46.719362 43.474333 40.299364 37.226648 34.285151 31.499797 28.890877 26.473676 24.258336 22.249944 20.448824 18.850999 17.448779 16.231430 15.185894 14.297490 13.550594 12.929236 12.417620 12.000541 11.663695 11.393886 11.179140 11.008732 10.873136 10.763924 10.673613 10.595477 10.523346 10.451382 10.373855 10.284922 10.178424 10.047693 9.885409 9.683490 9.433070 9.124569 8.747890 8.292805 7.749531 7.109561 6.366729 5.518468 4.567141 3.521206 2.395900 1.213085 0.000000 
50.000000 46.571923 43.181056 39.863398 36.652591 33.578898 30.668368 27.942203 25.416374 23.101479 21.002834 19.120779 17.451159 15.985938 14.713903 13.621411 12.693127 11.912730 11.263541 10.729069 10.293445 9.941748 9.660228 9.436425 9.259204 9.118711 9.006270 8.914239 8.835827 8.764896 8.695749 8.622921 8.540976 8.444326 8.327067 8.182867 8.004893 7.785816 7.517900 7.193209 6.803945 6.342939 5.804310 5.184252 4.481922 3.700293 2.846842 1.933842 0.978102 0.000000 
50.000000 46.444087 42.926771 39.485396 36.154855 32.966544 29.947480 27.119658 24.499644 22.098431 19.921535 17.969308 16.237440 14.717597 13.398151 12.264952 11.302097 10.492663 9.819359 9.265092 8.813418 8.448889 8.157277 7.925710 7.742706 7.598136 7.483129 7.389925 7.311701 7.242376 7.176416 7.108625 7.033969 6.947405 6.843740 6.717539 6.563074 6.374339 6.145144 5.869297 5.540895 5.154717 4.706731 4.194665 3.618621 2.981622 2.290005 1.553528 0.785087 0.000000 
50.000000 46.334531 42.708850 39.161448 35.728298 32.441759 29.329683 26.414742 23.714012 21.238827 18.994871 16.982508 15.197296 13.630645 12.270572 11.102491 10.110016 9.275707 8.581749 8.010536 7.545135 7.169647 6.869440 6.631293 6.443436 6.295517 6.178506 6.084560 6.006848 5.939365 5.876739 5.814041 5.746612 5.669909 5.579381 5.470382 5.338137 5.177751 4.984299 4.752977 4.479334 4.159583 3.790978 3.372224 2.903893 2.388777 1.832104 1.241553 0.627002 0.000000 
50.000000 46.241786 42.524366 38.887207 35.367190 31.997495 28.806679 25.817987 23.048927 20.511120 18.210395 16.147124 14.316755 12.710481 11.316017 10.118411 9.100866 8.245507 7.534076 6.948532 6.471533 6.086798 5.779359 5.535704 5.343825 5.193187 5.074640 4.980280 4.903285 4.837732 4.778408 4.720630 4.660083 4.592668 4.514394 4.421295 4.309394 4.174715 4.013351 3.821581 3.596057 3.334037 3.033659 2.694234 2.316525 1.902971 1.457806 0.987026 0.498185 0.000000 
50.000000 46.164305 42.370246 38.658103 35.065518 31.626355 28.369759 25.319454 22.493312 19.903191 17.555041 15.449244 13.581151 11.941778 10.518586 9.296318 8.257834 7.384896 6.658876 6.061374 5.574703 5.182269 4.868825 4.620618 4.425447 4.272632 4.152928 4.058392 3.982219 3.918568 3.862373 3.809175 3.754958 3.696010 3.628818 3.549984 3.456193 3.344212 3.210936 3.053487 2.869342 2.656512 2.413737 2.140693 1.838176 1.508246 1.154281 0.780938 0.393982 0.000000 
50.000000 46.100544 42.243416 38.469566 34.817261 31.320930 28.010202 24.909196 22.036079 19.402908 17.015731 14.874938 12.975803 11.309193 9.862361 8.619801 7.564090 6.676690 5.938673 5.331339 4.836724 4.437974 4.119615 3.867702 3.669876 3.515342 3.394783 3.300231 3.224905 3.163038 3.109698 3.060618 3.012040 2.960580 2.903120 2.836733 2.758637 2.666188 2.556912 2.428569 2.279252 2.107509 1.912488 1.694073 1.453013 1.191005 0.910721 0.615763 0.310528 0.000000 
50.000000 46.049018 42.140923 38.317207 34.616643 31.074114 27.719641 24.577662 21.666585 18.998625 16.579912 14.410838 12.486619 10.797999 9.332067 8.073110 7.003480 6.104397 5.356690 4.741420 4.240395 3.836557 3.514248 3.259369 3.059437 2.903568 2.782391 2.687922 2.613405 2.553140 2.502309 2.456809 2.413097 2.368056 2.318893 2.263056 2.198187 2.122103 2.032815 1.928562 1.807889 1.669725 1.513489 1.339180 1.147461 0.939712 0.718036 0.485215 0.244609 0.000000 
50.000000 46.008360 42.060049 38.196985 34.458341 30.879359 27.490369 24.316060 21.375030 18.679620 16.236022 14.044634 12.100622 10.394636 8.913632 7.641740 6.561129 5.652831 4.897481 4.275954 3.769879 3.362037 3.036627 2.779428 2.577863 2.420979 2.299365 2.205029 2.131237 2.072347 2.023637 1.981135 1.941472 1.901746 1.859420 1.812237 1.758165 1.695376 1.622241 1.537358 1.439597 1.328155 1.202628 1.063072 0.910058 0.744699 0.568654 0.384082 0.193567 0.000000 
50.000000 45.977367 41.998399 38.105341 34.337669 30.730900 27.315598 24.116644 21.152781 18.436446 15.973880 13.765483 11.806383 10.087160 8.594669 7.312916 6.223936 5.308615 4.547443 3.921149 3.411231 3.000344 2.672579 2.413625 2.210834 2.053202 1.931289 1.837098 1.763915 1.706146 1.659143 1.619038 1.582595 1.547080 1.510149 1.469768 1.424150 1.371728 1.311140 1.241240 1.161127 1.070183 0.968118 0.855012 0.731351 0.598040 0.456399 0.308129 0.155248 0.000000 
50.000000 45.955035 41.953978 38.039307 34.250720 30.623928 27.189667 23.972956 20.992641 18.261229 15.784995 13.564342 11.594372 9.865611 8.364843 7.075986 5.980976 5.060596 4.295230 3.665505 3.152819 2.739742 2.410287 2.150077 1.946414 1.788257 1.666148 1.572087 1.499376 1.442457 1.396736 1.358421 1.324377 1.291986 1.259047 1.223682 1.184281 1.139459 1.088040 1.029053 0.961755 0.885647 0.800512 0.706437 0.603838 0.493468 0.376406 0.254029 0.127961 0.000000 
50.000000 45.940588 41.925241 37.996589 34.194471 30.554726 27.108200 23.880001 20.889044 18.147879 15.662802 13.434221 11.457219 9.722288 8.216166 6.922713 5.823803 4.900151 4.132072 3.500128 2.985655 2.571163 2.240617 1.979599 1.775377 1.616887 1.494661 1.400696 1.328306 1.271957 1.227089 1.189964 1.157507 1.127180 1.096871 1.064806 1.029484 0.989639 0.944209 0.892337 0.833373 0.766892 0.692719 0.610940 0.521925 0.426325 0.325066 0.219318 0.110456 0.000000 
50.000000 45.933498 41.911139 37.975625 34.166866 30.520765 27.068220 23.834384 20.838204 18.092252 15.602836 13.370364 11.389911 9.651952 8.143202 6.847495 5.746671 4.821413 4.052003 3.418971 2.903620 2.488435 2.157354 1.895941 1.691445 1.532795 1.410514 1.316600 1.244373 1.188309 1.143868 1.107335 1.075668 1.046367 1.017362 0.986932 0.953630 0.916245 0.873772 0.825406 0.770545 0.708797 0.640006 0.564257 0.481895 0.393523 0.299990 0.202367 0.101909 0.000000 
50.000000 45.933498 41.911139 37.975625 34.166866 30.520765 27.068220 23.834384 20.838204 18.092252 15.602836 13.370364 11.389911 9.651952 8.143202 6.847495 5.746671 4.821413 4.052003 3.418971 2.903620 2.488435 2.157354 1.895941 1.691445 1.532795 1.410514 1.316600 1.244373 1.188309 1.143868 1.107335 1.075668 1.046367 1.017362 0.986932 0.953630 0.916245 0.873772 0.825406 0.770545 0.708797 0.640006 0.564257 0.481895 0.393523 0.299990 0.202367 0.101909 0.000000 
50.000000 45.940588 41.925241 37.996589 34.194471 30.554726 27.108200 23.880001 20.889044 18.147879 15.662802 13.434221 11.457219 9.722288 8.216166 6.922713 5.823803 4.900151 4.132072 3.500128 2.985655 2.571163 2.240617 1.979599 1.775377 1.616887 1.494661 1.400696 1.328306 1.271957 1.227089 1.189964 1.157507 1.127180 1.096871 1.064806 1.029484 0.989639 0.944209 0.892337 0.833373 0.766892 0.692719 0.610940 0.521925 0.426325 0.325066 0.219318 0.110456 0.000000 
50.000000 45.955035 41.953978 38.039307 34.250720 30.623928 27.189667 23.972956 20.992641 18.261229 15.784995 13.564342 11.594372 9.865611 8.364843 7.075986 5.980976 5.060596 4.295230 3.665505 3.152819 2.739742 2.410287 2.150077 1.946414 1.788257 1.666148 1.572087 1.499376 1.442457 1.396736 1.358421 1.324377 1.291986 1.259047 1.223682 1.184281 1.139459 1.088040 1.029053 0.961755 0.885647 0.800512 0.706437 0.603838 0.493468 0.376406 0.254029 0.127961 0.000000 
50.000000 45.977367 41.998399 38.105341 34.337669 30.730900 27.315598 24.116644 21.152781 18.436446 15.973880 13.765483 11.806383 10.087160 8.594669 7.312916 6.223936 5.308615 4.547443 3.921149 3.411231 3.000344 2.672579 2.413625 2.210834 2.053202 1.931289 1.837098 1.763915 1.706146 1.659143 1.619038 1.582595 1.547080 1.510149 1.469768 1.424150 1.371728 1.311140 1.241240 1.161127 1.070183 0.968118 0.855012 0.731351 0.598040 0.456399 0.308129 0.155248 0.000000 
50.000000 46.008360 42.060049 38.196985 34.458341 30.879359 27.490369 24.316060 21.375030 18.679620 16.236022 14.044634 12.100622 10.394636 8.913632 7.641740 6.561129 5.652831 4.897481 4.275954 3.769879 3.362037 3.036627 2.779428 2.577863 2.420979 2.299365 2.205029 2.131237 2.072347 2.023637 1.981135 1.941472 1.901746 1.859420 1.812237 1.758165 1.695376 1.622241 1.537358 1.439597 1.328155 1.202628 1.063072 0.910058 0.744699 0.568654 0.384082 0.193567 0.000000 
50.000000 46.049018 42.140923 38.317207 34.616643 31.074114 27.719641 24.577662 21.666585 18.998625 16.579912 14.410838 12.486619 10.797999 9.332067 8.073110 7.003480 6.104397 5.356690 4.741420 4.240395 3.836557 3.514248 3.259369 3.059437 2.903568 2.782391 2.687922 2.613405 2.553140 2.502309 2.456809 2.413097 2.368056 2.318893 2.263056 2.198187 2.122103 2.032815 1.928562 1.807889 1.669725 1.513489 1.339180 1.147461 0.939712 0.718036 0.485215 0.244609 0.000000 
50.000000 46.100544 42.243416 38.469566 34.817261 31.320930 28.010202 24.909196 22.036079 19.402908 17.015731 14.874938 12.975803 11.309193 9.862361 8.619801 7.564090 6.676690 5.938673 5.331339 4.836724 4.437974 4.119615 3.867702 3.669876 3.515342 3.394783 3.300231 3.224905 3.163038 3.109698 3.060618 3.012040 2.960580 2.903120 2.836733 2.758637 2.666188 2.556912 2.428569 2.279252 2.107509 1.912488 1.694073 1.453013 1.191005 0.910721 0.615763 0.310528 0.000000 
50.000000 46.164305 42.370246 38.658103 35.065518 31.626355 28.369759 25.319454 22.493312 19.903191 17.555041 15.449244 13.581151 11.941778 10.518586 9.296318 8.257834 7.384896 6.658876 6.061374 5.574703 5.182269 4.868825 4.620618 4.425447 4.272632 4.152928 4.058392 3.982219 3.918568 3.862373 3.809175 3.754958 3.696010 3.628818 3.549984 3.456193 3.344212 3.210936 3.053487 2.869342 2.656512 2.413737 2.140693 1.838176 1.508246 1.154281 0.780938 0.393982 0.000000 
50.000000 46.241786 42.524366 38.887207 35.367190 31.997495 28.806679 25.817987 23.048927 20.511120 18.210395 16.147124 14.316755 12.710481 11.316017 10.118411 9.100866 8.245507 7.534076 6.948532 6.471533 6.086798 5.779359 5.535704 5.343825 5.193187 5.074640 4.980280 4.903285 4.837732 4.778408 4.720630 4.660083 4.592668 4.514394 4.421295 4.309394 4.174715 4.013351 3.821581 3.596057 3.334037 3.033659 2.694234 2.316525 1.902971 1.457806 0.987026 0.498185 0.000000 
50.000000 46.334531 42.708850 39.161448 35.728298 32.441759 29.329683 26.414742 23.714012 21.238827 18.994871 16.982508 15.197296 13.630645 12.270572 11.102491 10.110016 9.275707 8.581749 8.010536 7.545135 7.169647 6.869440 6.631293 6.443436 6.295517 6.178506 6.084560 6.006848 5.939365 5.876739 5.814041 5.746612 5.669909 5.579381 5.470382 5.338137 5.177751 4.984299 4.752977 4.479334 4.159583 3.790978 3.372224 2.903893 2.388777 1.832104 1.241553 0.627002 0.000000 
50.000000 46.444087 42.926771 39.485396 36.154855 32.966544 29.947480 27.119658 24.499644 22.098431 19.921535 17.969308 16.237440 14.717597 13.398151 12.264952 11.302097 10.492663 9.819359 9.265092 8.813418 8.448889 8.157277 7.925710 7.742706 7.598136 7.483129 7.389925 7.311701 7.242376 7.176416 7.108625 7.033969 6.947405 6.843740 6.717539 6.563074 6.374339 6.145144 5.869297 5.540895 5.154717 4.706731 4.194665 3.618621 2.981622 2.290005 1.553528 0.785087 0.000000 
50.000000 46.571923 43.181056 39.863398 36.652591 33.578898 30.668368 27.942203 25.416374 23.101479 21.002834 19.120779 17.451159 15.985938 14.713903 13.621411 12.693127 11.912730 11.263541 10.729069 10.293445 9.941748 9.660228 9.436425 9.259204 9.118711 9.006270 8.914239 8.835827 8.764896 8.695749 8.622921 8.540976 8.444326 8.327067 8.182867 8.004893 7.785816 7.517900 7.193209 6.803945 6.342939 5.804310 5.184252 4.481922 3.700293 2.846842 1.933842 0.978102 0.000000 
50.000000 46.719362 43.474333 40.299364 37.226648 34.285151 31.499797 28.890877 26.473676 24.258336 22.249944 20.448824 18.850999 17.448779 16.231430 15.185894 14.297490 13.550594 12.929236 12.417620 12.000541 11.663695 11.393886 11.179140 11.008732 10.873136 10.763924 10.673613 10.595477 10.523346 10.451382 10.373855 10.284922 10.178424 10.047693 9.885409 9.683490 9.433070 9.124569 8.747890 8.292805 7.749531 7.109561 6.366729 5.518468 4.567141 3.521206 2.395900 1.213085 0.000000 
50.000000 46.887493 43.808771 40.796517 37.881277 35.090528 32.447920 29.972702 27.679377 25.577566 23.672095 21.963272 20.447323 19.116949 17.961967 16.969983 16.127068 15.418388 14.828786 14.343262 13.947371 13.627517 13.371145 13.166843 13.004365 12.874580 12.769362 12.681437 12.604192 12.531465 12.457309 12.375757 12.280579 12.165045 12.021702 11.842179 11.617034 11.335670 10.986355 10.556388 10.032475 9.401383 8.650935 7.771398 6.757250 5.609197 4.336149 2.956637 1.499037 0.000000 
50.000000 47.077100 44.185927 41.357173 38.619521 35.998777 33.517147 31.192711 29.039086 27.065307 25.275905 23.671171 22.247558 20.998212 19.913568 18.981985 18.190377 17.524811 16.971042 16.514972 16.143021 15.842393 15.601263 15.408867 15.255514 15.132536 15.032173 14.947423 14.871841 14.799329 14.723888 14.639367 14.539193 14.416109 14.261897 14.067129 13.820943 13.510868 13.122752 12.640836 12.048067 11.326754 10.459684 9.431852 8.232852 6.859892 5.321072 3.638191 1.847907 0.000000 
50.000000 47.288582 44.606595 41.982510 39.442936 37.011809 34.709732 32.553474 30.555666 28.724691 27.064752 25.576117 24.255497 23.096531 22.090346 21.226140 20.491770 19.874307 19.360527 18.937343 18.592139 18.313023 18.088992 17.910014 17.767036 17.651927 17.557368 17.476694 17.403703 17.332431 17.256904 17.170868 17.067496 16.939091 16.776754 16.570072 16.306784 15.972500 15.550471 15.021496 14.364068 13.554899 12.570047 11.386892 9.987238 8.361642 6.514756 4.470666 2.276279 0.000000 
50.000000 47.521891 45.070679 42.672388 40.351334 38.129397 36.025404 34.054681 32.228775 30.555344 29.038231 27.677681 26.470686 25.411433 24.491810 23.701942 23.030730 22.466350 21.996711 21.609841 21.294194 21.038881 20.833816 20.669788 20.538464 20.432333 20.344590 20.268992 20.199658 20.130849 20.056715 19.971013 19.866794 19.736064 19.569410 19.355593 19.081113 18.729763 18.282192 17.715542 17.003281 16.115391 15.019245 13.681578 12.072157 10.169692 7.970198 5.496865 2.808372 0.000000 
50.000000 47.776480 45.577095 43.425193 41.342593 39.348927 37.461086 35.692825 34.054500 32.552987 31.191731 29.970951 28.887949 27.937508 27.112349 26.403609 25.801327 25.294889 24.873440 24.526229 24.242885 24.013619 23.829355 23.681791 23.563401 23.467371 23.387500 23.318045 23.253543 23.188585 23.117568 23.034403 22.932194 22.802864 22.636731 22.422021 22.144313 21.785900 21.325095 20.735492 19.985294 19.036882 17.846981 16.368082 14.552095 12.357653 9.762420 6.780563 3.481627 0.000000 
50.000000 48.051277 46.123705 44.237748 42.412529 40.665251 39.010720 37.460990 36.025137 34.709187 33.516159 32.446246 31.497082 30.664094 29.940902 29.319737 28.791866 28.347984 27.978574 27.674205 27.425776 27.224696 27.062987 26.933344 26.829128 26.744309 26.673368 26.611159 26.552731 26.493124 26.427122 26.348968 26.252033 26.128430 25.968550 25.760507 25.489466 25.136816 24.679177 24.087209 23.324246 22.344881 21.093811 19.505672 17.507315 15.025100 12.001028 8.421540 4.357785 0.000000 
50.000000 48.344666 46.707298 45.105280 43.554855 42.070637 40.665202 39.348789 38.129108 37.011278 35.997863 35.089026 34.282758 33.575174 32.960853 32.433195 31.984780 31.607703 31.293873 31.035275 30.824172 30.653251 30.515722 30.405357 30.316481 30.243928 30.182943 30.129066 30.077965 30.025251 29.966247 29.895722 29.807566 29.694408 29.547135 29.354301 29.101364 28.769712 28.335386 27.767409 27.025634 26.058015 24.797406 23.158368 21.035482 18.306813 14.850040 10.583772 5.546567 0.000000 
50.000000 48.654507 47.323617 46.021460 44.761240 43.554833 42.412463 41.342451 40.351066 39.442466 38.618737 37.880012 37.224655 36.649510 36.150170 35.721270 35.356777 35.050262 34.795149 34.584919 34.413275 34.274268 34.162366 34.072489 34.000004 33.940676 33.890597 33.846074 33.803497 33.759170 33.709113 33.648822 33.572974 33.475070 33.346977 33.178335 32.955780 32.661887 32.273713 31.760759 31.082085 30.182206 28.985348 27.387728 25.248263 22.380700 18.557205 13.549670 7.261168 0.000000 
50.000000 48.978172 47.967436 46.978519 46.021451 45.105252 44.237685 43.425069 42.672167 41.982134 41.356557 40.795534 40.297825 39.861032 39.481807 39.156076 38.879257 38.646465 38.452706 38.293025 38.162639 38.057022 37.971967 37.903607 37.848407 37.803132 37.764784 37.730518 37.697536 37.662950 37.623623 37.575972 37.515724 37.437610 37.334970 37.199225 37.019161 36.779924 36.461569 36.036920 35.468319 34.702585 33.663053 32.236921 30.255386 27.464360 23.489296 17.824037 9.962261 0.000000 
50.000000 49.312611 48.632682 47.967433 47.323607 46.707275 46.123657 45.577006 45.070523 44.606334 44.185504 43.808100 43.473287 43.179453 42.924344 42.705221 42.518999 42.362394 42.232043 42.124614 42.036886 41.965813 41.908561 41.862523 41.825315 41.794749 41.768795 41.745519 41.723009 41.699281 41.672167 41.639174 41.597307 41.542850 41.471067 41.375807 41.248949 41.079604 40.852925 40.548272 40.136294 39.574066 38.796708 37.702290 36.123615 33.774010 30.143441 24.316355 14.774613 0.000000 
50.000000 49.654430 49.312610 48.978170 48.654501 48.344652 48.051251 47.776434 47.521810 47.288449 47.076885 46.887153 46.718833 46.571114 46.442863 46.332702 46.239082 46.160351 46.094817 46.040806 45.996698 45.960960 45.932167 45.909006 45.890278 45.874878 45.861782 45.850011 45.838594 45.826522 45.812687 45.795808 45.774343 45.746368 45.709420 45.660284 45.594689 45.506861 45.388849 45.229458 45.012483 44.713642 44.294938 43.693551 42.798140 41.393368 39.015931 34.538010 24.827218 0.000000 
50.000000 50.000000 50.000000 50.000000 50.000000 50.000000 50.000000 50.000000 50.000000 50.000000 50.000000 50.000000 50.000000 50.000000 50.000000 50.000000 50.000000 50.000000 50.000000 50.000000 50.000000 50.000000 50.000000 50.000000 50.000000 50.000000 50.000000 50.000000 50.000000 50.000000 50.000000 50.000000 50.000000 50.000000 50.000000 50.000000 50.000000 50.000000 50.000000 50.000000 50.000000 50.000000 50.000000 50.000000 50.000000 50.000000 50.000000 50.000000 50.000000 50.000000 
