50.000000 50.000000 50.000000 50.000000 50.000000 50.000000 50.000000 50.000000 50.000000 50.000000 50.000000 50.000000 50.000000 50.000000 50.000000 50.000000 50.000000 50.000000 50.000000 50.000000 50.000000 50.000000 50.000000 50.000000 50.000000 50.000000 50.000000 50.000000 50.000000 50.000000 50.000000 50.000000 50.000000 50.000000 50.000000 50.000000 50.000000 50.000000 50.000000 50.000000 50.000000 50.000000 50.000000 50.000000 50.000000 50.000000 50.000000 50.000000 50.000000 50.000000 
50.000000 49.424307 48.859022 48.313989 47.797973 47.318245 46.880292 46.487668 46.142005 45.843139 45.589353 45.377691 45.204297 45.064768 44.954473 44.868818 44.803463 44.754465 44.718365 44.692225 44.673616 44.660583 44.651592 44.645461 44.641295 44.638419 44.636313 44.634562 44.632792 44.630621 44.627593 44.623114 44.616356 44.606142 44.590783 44.567857 44.533881 44.483848 44.410513 44.303291 44.146447 43.915990 43.573995 43.057460 42.254589 40.949312 38.677320 34.309546 24.712154 0.000000 
50.000000 48.859022 47.738672 46.658459 45.635757 44.684975 43.816986 43.038838 42.353762 41.761434 41.258453 40.838956 40.495304 40.218771 40.000174 39.830414 39.700887 39.603777 39.532232 39.480426 39.443544 39.417715 39.399898 39.387752 39.379503 39.373814 39.369662 39.366224 39.362772 39.358559 39.352706 39.344065 39.331050 39.311409 39.281925 39.237998 39.173057 39.077709 38.938488 38.735950 38.441663 38.013271 37.386031 36.457659 35.060069 32.905150 29.480904 23.869336 14.549477 0.000000 
50.000000 48.313989 46.658459 45.062240 43.551004 42.146044 40.863427 39.713569 38.701242 37.825968 37.082721 36.462837 35.955030 35.546403 35.223388 34.972538 34.781139 34.637644 34.531924 34.455372 34.400875 34.362712 34.336390 34.318452 34.306279 34.297901 34.291814 34.286814 34.281845 34.275834 34.267534 34.255328 34.236990 34.209386 34.168059 34.106680 34.016278 33.884166 33.692400 33.415527 33.017222 32.445122 31.622762 30.436824 28.717217 26.207779 22.531120 17.177555 9.636669 0.000000 
50.000000 47.797973 45.635757 43.551004 41.577244 39.742289 38.067122 36.565345 35.243192 34.100040 33.129323 32.319725 31.656505 31.122821 30.700951 30.373330 30.123356 29.935947 29.797876 29.697898 29.626726 29.576890 29.542523 29.519112 29.503243 29.492350 29.484484 29.478094 29.471832 29.464356 29.454120 29.439145 29.416733 29.383108 29.332947 29.258751 29.150005 28.992033 28.764427 28.438874 27.976116 27.321705 26.400116 25.106909 23.299373 20.788622 17.343225 12.730607 6.848661 0.000000 
50.000000 47.318245 44.684975 42.146044 39.742289 37.507580 35.467469 33.638526 32.028340 30.636152 29.453966 28.468000 27.660302 27.010358 26.496588 26.097601 25.793174 25.564942 25.396796 25.275043 25.188374 25.127691 25.085852 25.057367 25.038084 25.024892 25.015435 25.007857 25.000567 24.992007 24.980420 24.963585 24.938510 24.901044 24.845392 24.763472 24.644092 24.471863 24.225794 23.877467 23.388703 22.708664 21.770492 20.487977 18.753790 16.442916 13.428827 9.624906 5.063656 0.000000 
50.000000 46.880292 43.816986 40.863428 38.067122 35.467470 33.094198 30.966581 29.093448 27.473914 26.098679 24.951709 24.012118 23.256044 22.658382 22.194245 21.840111 21.574615 21.379017 21.237389 21.136575 21.065995 21.017345 20.984242 20.961868 20.946619 20.935778 20.927231 20.919188 20.909942 20.897603 20.879831 20.853512 20.814379 20.756531 20.671840 20.549192 20.373560 20.124857 19.776571 19.294216 18.633718 17.740086 16.547100 14.979493 12.960213 10.426604 7.359327 3.822831 0.000000 
50.000000 46.487668 43.038838 39.713569 36.565345 33.638526 30.966581 28.571208 26.462349 24.639007 23.090709 21.799405 20.741579 19.890366 19.217499 18.694961 18.296270 17.997370 17.777164 17.617721 17.504232 17.424786 17.370038 17.332811 17.307692 17.290640 17.278632 17.269331 17.260804 17.251246 17.238716 17.220858 17.194595 17.155757 17.098650 17.015524 16.895932 16.725986 16.487497 16.157066 15.705204 15.095699 14.285606 13.226497 11.868035 10.165230 8.090808 5.652807 2.913674 0.000000 
50.000000 46.142005 42.353763 38.701243 35.243193 32.028341 29.093449 26.462350 24.145964 22.143196 20.442541 19.024172 17.862258 16.927289 16.188218 15.614270 15.176354 14.848049 14.606183 14.431060 14.306415 14.219170 14.159063 14.118220 14.090709 14.072113 14.059144 14.049293 14.040522 14.030979 14.018737 14.001514 13.976386 13.939452 13.885452 13.807315 13.695652 13.538184 13.319156 13.018796 12.612931 12.072985 11.366655 10.459734 9.319679 7.921490 6.256121 4.340492 2.226016 0.000000 
50.000000 45.843139 41.761435 37.825970 34.100042 30.636155 27.473917 24.639010 22.143198 19.985300 18.152920 16.624695 15.372790 14.365412 13.569104 12.950709 12.478883 12.125159 11.864568 11.675891 11.541605 11.447622 11.382891 11.338936 11.309380 11.289487 11.275753 11.265530 11.256713 11.247448 11.235866 11.219826 11.196643 11.162795 11.113598 11.042844 10.942399 10.801808 10.607913 10.344582 9.992657 9.530276 8.933813 8.179706 7.247456 6.123929 4.808750 3.319774 1.696693 0.000000 
50.000000 45.589355 41.258455 37.082725 33.129328 29.453972 26.098685 23.090716 20.442547 18.152925 16.208695 14.587189 13.258874 12.190013 11.345107 10.688975 10.188358 9.813051 9.536563 9.336380 9.193912 9.094213 9.025563 8.978978 8.947707 8.926748 8.912420 8.901974 8.893265 8.884466 8.873803 8.859311 8.838597 8.808578 8.765214 8.703227 8.615799 8.494303 8.328084 8.104363 7.808362 7.423765 6.933661 6.322122 5.576511 4.690459 3.667201 2.522508 1.286065 0.000000 
50.000000 45.377693 40.838961 36.462845 32.319735 28.468012 24.951722 21.799420 19.024187 16.624708 14.587199 12.887900 11.495862 10.375728 9.490295 8.802692 8.278066 7.884763 7.595020 7.385244 7.235955 7.131493 7.059582 7.010815 6.978132 6.956314 6.941539 6.930985 6.922491 6.914275 6.904676 6.891928 6.873943 6.848094 6.810997 6.758286 6.684409 6.582441 6.443981 6.259155 6.016824 5.705052 5.311941 4.826880 4.242231 3.555318 2.770453 1.900478 0.967183 0.000000 
50.000000 45.204302 40.495314 35.955044 31.656524 27.660325 24.012144 20.741608 17.862289 15.372821 13.258902 11.495881 10.051646 8.889513 7.970885 7.257506 6.713215 6.305172 6.004573 5.786941 5.632067 5.523708 5.449131 5.398587 5.364762 5.342265 5.327166 5.316588 5.308372 5.300792 5.292305 5.281347 5.266129 5.244464 5.213583 5.169969 5.109210 5.025885 4.913522 4.764658 4.571059 4.324144 4.015655 3.638612 3.188486 2.664511 2.070893 1.417615 0.720459 0.000000 
50.000000 45.064778 40.218790 35.546431 31.122858 27.010403 23.256096 19.890423 16.927351 14.365475 12.190075 10.375782 8.889550 7.693626 6.748289 6.014171 5.454060 5.034159 4.724826 4.500875 4.341510 4.230018 4.153302 4.101335 4.066604 4.043582 4.028253 4.017708 4.009798 4.002854 3.995453 3.986215 3.973634 3.955918 3.930853 3.895667 3.846934 3.780503 3.691493 3.574371 3.423156 3.231769 2.994552 2.706957 2.366357 1.972890 1.530182 1.045752 0.530907 0.000000 
50.000000 44.954491 40.000211 35.223442 30.701020 26.496673 22.658480 19.217608 16.188337 13.569229 11.345234 9.490417 7.970991 6.748359 5.781914 5.031406 4.458792 4.029519 3.713285 3.484341 3.321428 3.207463 3.129059 3.075973 3.040536 3.017115 3.001632 2.991153 2.983547 2.977203 2.970804 2.963139 2.952948 2.938787 2.918914 2.891191 2.853010 2.801257 2.732319 2.642167 2.526527 2.381149 2.202198 1.986740 1.733287 1.442340 1.116816 0.762249 0.386653 0.000000 
50.000000 44.868852 39.830482 34.972638 30.373461 26.097759 22.194428 18.695166 15.614493 12.950946 10.689220 8.802938 7.257739 6.014372 5.031538 4.268305 3.685984 3.249436 2.927845 2.695025 2.529359 2.413475 2.333764 2.279815 2.243837 2.220118 2.204534 2.194138 2.186816 2.181010 2.175496 2.169209 2.161097 2.150008 2.134593 2.113230 2.083970 2.044520 1.992253 1.924284 1.837601 1.729273 1.596725 1.438082 1.252527 1.040645 0.804680 0.548625 0.278103 0.000000 
50.000000 44.803526 39.701011 34.781323 30.123596 25.793465 21.840448 18.296647 15.176765 12.479322 10.188816 8.278535 6.713679 5.454496 4.459163 3.686225 3.096501 2.654405 2.328729 2.092954 1.925189 1.807843 1.727137 1.672533 1.636149 1.612212 1.596566 1.586256 1.579185 1.573842 1.569081 1.563958 1.557592 1.549067 1.537349 1.521227 1.499268 1.469810 1.430977 1.380732 1.316984 1.237733 1.141272 1.026408 0.892713 0.740727 0.572121 0.389727 0.197447 0.000000 
50.000000 44.754579 39.604003 34.637976 29.936380 25.565468 21.575225 17.998053 14.848795 12.125956 9.813889 7.885627 6.306044 5.035013 4.030316 3.250108 2.654839 2.208586 1.879850 1.641862 1.472526 1.354086 1.272637 1.217545 1.180861 1.156767 1.141084 1.130855 1.123998 1.119039 1.114898 1.110725 1.105778 1.099326 1.090582 1.078649 1.062490 1.040920 1.012616 0.976164 0.930129 0.873164 0.804145 0.722325 0.627486 0.520081 0.401319 0.273179 0.138336 0.000000 
50.000000 44.718568 39.532634 34.532517 29.798648 25.397734 21.380103 17.778382 14.607513 11.865992 9.538063 7.596575 6.006159 4.726413 3.714828 2.929273 2.329924 1.880615 1.549628 1.310013 1.139521 1.020277 0.938283 0.882833 0.845931 0.821727 0.806026 0.795867 0.789185 0.784535 0.780887 0.777468 0.773640 0.768816 0.762394 0.753717 0.742041 0.726532 0.706271 0.680286 0.647608 0.607339 0.558745 0.501361 0.435087 0.360275 0.277783 0.188971 0.095657 0.000000 
50.000000 44.692582 39.481131 34.456413 29.699253 25.276689 21.239295 17.619858 14.433395 11.678393 9.339018 7.387986 5.789753 4.503719 3.487164 2.697751 2.095459 1.643945 1.311335 1.070546 0.899220 0.779398 0.697010 0.641304 0.604247 0.579967 0.564257 0.554157 0.547613 0.543203 0.539937 0.537097 0.534127 0.530544 0.525886 0.519671 0.511368 0.500395 0.486121 0.467889 0.445047 0.417003 0.383283 0.343600 0.297915 0.246489 0.189920 0.129132 0.065345 0.000000 
50.000000 44.674232 39.444765 34.402675 29.629071 25.191219 21.139871 17.507925 14.310452 11.545931 9.198475 7.240705 5.636953 4.346479 3.326416 2.534279 1.929910 1.476839 1.143084 0.901466 0.729552 0.609321 0.526657 0.470771 0.433606 0.409273 0.393561 0.383508 0.377068 0.372840 0.369860 0.367452 0.365119 0.362455 0.359098 0.354690 0.348854 0.341184 0.331250 0.318608 0.302827 0.283518 0.260377 0.233227 0.202057 0.167060 0.128642 0.087427 0.044229 0.000000 
50.000000 44.661634 39.419796 34.365780 29.580884 25.132537 21.071608 17.431075 14.226042 11.454986 9.101983 7.139586 5.532046 4.238524 3.216053 2.422046 1.816251 1.362112 1.027570 0.785383 0.613066 0.492554 0.409700 0.353692 0.316453 0.292087 0.276374 0.266357 0.259994 0.255897 0.253123 0.251027 0.249149 0.247142 0.244711 0.241586 0.237493 0.232148 0.225258 0.216523 0.205655 0.192400 0.176563 0.158034 0.136816 0.113046 0.087003 0.059105 0.029893 0.000000 
50.000000 44.653356 39.403391 34.341539 29.549225 25.093982 21.026758 17.380583 14.170583 11.395235 9.038586 7.073151 5.463122 4.167598 3.143545 2.348309 1.741578 1.286737 0.951678 0.709118 0.536536 0.415840 0.332862 0.276773 0.239486 0.215098 0.199387 0.189395 0.183085 0.179078 0.176445 0.174561 0.172994 0.171432 0.169628 0.167367 0.164446 0.160661 0.155805 0.149672 0.142066 0.132819 0.121801 0.108943 0.094255 0.077834 0.059873 0.040659 0.020559 0.000000 
50.000000 44.648380 39.393528 34.326964 29.530190 25.070801 20.999793 17.350225 14.137240 11.359311 9.000471 7.033208 5.421683 4.124956 3.099951 2.303978 1.696683 1.241420 0.906050 0.663266 0.490525 0.369719 0.286666 0.230528 0.193214 0.168813 0.153103 0.143127 0.136850 0.132899 0.130354 0.128601 0.127226 0.125938 0.124518 0.122788 0.120584 0.117750 0.114132 0.109579 0.103950 0.097125 0.089013 0.079568 0.068801 0.056786 0.043663 0.029642 0.014985 0.000000 
50.000000 44.646051 39.388911 34.320143 29.521281 25.059952 20.987173 17.336017 14.121635 11.342497 8.982632 7.014514 5.402289 4.104998 3.079548 2.283229 1.675671 1.220211 0.884696 0.641806 0.468991 0.348133 0.265045 0.208885 0.171557 0.147151 0.131442 0.121473 0.115212 0.111288 0.108784 0.107094 0.105810 0.104652 0.103415 0.101936 0.100071 0.097687 0.094653 0.090844 0.086145 0.080457 0.073707 0.065861 0.056928 0.046970 0.036106 0.024506 0.012387 0.000000 
50.000000 44.646051 39.388911 34.320143 29.521281 25.059952 20.987173 17.336017 14.121635 11.342497 8.982632 7.014514 5.402289 4.104998 3.079548 2.283229 1.675671 1.220211 0.884696 0.641806 0.468991 0.348133 0.265045 0.208885 0.171557 0.147151 0.131442 0.121473 0.115212 0.111288 0.108784 0.107094 0.105810 0.104652 0.103415 0.101936 0.100071 0.097687 0.094653 0.090844 0.086145 0.080457 0.073707 0.065861 0.056928 0.046970 0.036106 0.024506 0.012387 0.000000 
50.000000 44.648380 39.393528 34.326964 29.530190 25.070801 20.999793 17.350225 14.137240 11.359311 9.000471 7.033208 5.421683 4.124956 3.099951 2.303978 1.696683 1.241420 0.906050 0.663266 0.490525 0.369719 0.286666 0.230528 0.193214 0.168813 0.153103 0.143127 0.136850 0.132899 0.130354 0.128601 0.127226 0.125938 0.124518 0.122788 0.120584 0.117750 0.114132 0.109579 0.103950 0.097125 0.089013 0.079568 0.068801 0.056786 0.043663 0.029642 0.014985 0.000000 
50.000000 44.653356 39.403391 34.341539 29.549225 25.093982 21.026758 17.380583 14.170583 11.395235 9.038586 7.073151 5.463122 4.167598 3.143545 2.348309 1.741578 1.286737 0.951678 0.709118 0.536536 0.415840 0.332862 0.276773 0.239486 0.215098 0.199387 0.189395 0.183085 0.179078 0.176445 0.174561 0.172994 0.171432 0.169628 0.167367 0.164446 0.160661 0.155805 0.149672 0.142066 0.132819 0.121801 0.108943 0.094255 0.077834 0.059873 0.040659 0.020559 0.000000 
50.000000 44.661634 39.419796 34.365780 29.580884 25.132537 21.071608 17.431075 14.226042 11.454986 9.101983 7.139586 5.532046 4.238524 3.216053 2.422046 1.816251 1.362112 1.027570 0.785383 0.613066 0.492554 0.409700 0.353692 0.316453 0.292087 0.276374 0.266357 0.259994 0.255897 0.253123 0.251027 0.249149 0.247142 0.244711 0.241586 0.237493 0.232148 0.225258 0.216523 0.205655 0.192400 0.176563 0.158034 0.136816 0.113046 0.087003 0.059105 0.029893 0.000000 
50.000000 44.674232 39.444765 34.402675 29.629071 25.191219 21.139871 17.507925 14.310452 11.545931 9.198475 7.240705 5.636953 4.346479 3.326416 2.534279 1.929910 1.476839 1.143084 0.901466 0.729552 0.609321 0.526657 0.470771 0.433606 0.409273 0.393561 0.383508 0.377068 0.372840 0.369860 0.367452 0.365119 0.362455 0.359098 0.354690 0.348854 0.341184 0.331250 0.318608 0.302827 0.283518 0.260377 0.233227 0.202057 0.167060 0.128642 0.087427 0.044229 0.000000 
50.000000 44.692582 39.481131 34.456413 29.699253 25.276689 21.239295 17.619858 14.433395 11.678393 9.339018 7.387986 5.789753 4.503719 3.487164 2.697751 2.095459 1.643945 1.311335 1.070546 0.899220 0.779398 0.697010 0.641304 0.604247 0.579967 0.564257 0.554157 0.547613 0.543203 0.539937 0.537097 0.534127 0.530544 0.525886 0.519671 0.511368 0.500395 0.486121 0.467889 0.445047 0.417003 0.383283 0.343600 0.297915 0.246489 0.189920 0.129132 0.065345 0.000000 
50.000000 44.718568 39.532634 34.532517 29.798648 25.397734 21.380103 17.778382 14.607513 11.865992 9.538063 7.596575 6.006159 4.726413 3.714828 2.929273 2.329924 1.880615 1.549628 1.310013 1.139521 1.020277 0.938283 0.882833 0.845931 0.821727 0.806026 0.795867 0.789185 0.784535 0.780887 0.777468 0.773640 0.768816 0.762394 0.753717 0.742041 0.726532 0.706271 0.680286 0.647608 0.607339 0.558745 0.501361 0.435087 0.360275 0.277783 0.188971 0.095657 0.000000 
50.000000 44.754579 39.604003 34.637976 29.936380 25.565468 21.575225 17.998053 14.848795 12.125956 9.813889 7.885627 6.306044 5.035013 4.030316 3.250108 2.654839 2.208586 1.879850 1.641862 1.472526 1.354086 1.272637 1.217545 1.180861 1.156767 1.141084 1.130855 1.123998 1.119039 1.114898 1.110725 1.105778 1.099326 1.090582 1.078649 1.062490 1.040920 1.012616 0.976164 0.930129 0.873164 0.804145 0.722325 0.627486 0.520081 0.401319 0.273179 0.138336 0.000000 
50.000000 44.803526 39.701011 34.781323 30.123596 25.793465 21.840448 18.296647 15.176765 12.479322 10.188816 8.278535 6.713679 5.454496 4.459163 3.686225 3.096501 2.654405 2.328729 2.092954 1.925189 1.807843 1.727137 1.672533 1.636149 1.612212 1.596566 1.586256 1.579185 1.573842 1.569081 1.563958 1.557592 1.549067 1.537349 1.521227 1.499268 1.469810 1.430977 1.380732 1.316984 1.237733 1.141272 1.026408 0.892713 0.740727 0.572121 0.389727 0.197447 0.000000 
50.000000 44.868852 39.830482 34.972638 30.373461 26.097759 22.194428 18.695166 15.614493 12.950946 10.689220 8.802938 7.257739 6.014372 5.031538 4.268305 3.685984 3.249436 2.927845 2.695025 2.529359 2.413475 2.333764 2.279815 2.243837 2.220118 2.204534 2.194138 2.186816 2.181010 2.175496 2.169209 2.161097 2.150008 2.134593 2.113230 2.083970 2.044520 1.992253 1.924284 1.837601 1.729273 1.596725 1.438082 1.252527 1.040645 0.804680 0.548625 0.278103 0.000000 
50.000000 44.954491 40.000211 35.223442 30.701020 26.496673 22.658480 19.217608 16.188337 13.569229 11.345234 9.490417 7.970991 6.748359 5.781914 5.031406 4.458792 4.029519 3.713285 3.484341 3.321428 3.207463 3.129059 3.075973 3.040536 3.017115 3.001632 2.991153 2.983547 2.977203 2.970804 2.963139 2.952948 2.938787 2.918914 2.891191 2.853010 2.801257 2.732319 2.642167 2.526527 2.381149 2.202198 1.986740 1.733287 1.442340 1.116816 0.762249 0.386653 0.000000 
50.000000 45.064778 40.218790 35.546431 31.122858 27.010403 23.256096 19.890423 16.927351 14.365475 12.190075 10.375782 8.889550 7.693626 6.748289 6.014171 5.454060 5.034159 4.724826 4.500875 4.341510 4.230018 4.153302 4.101335 4.066604 4.043582 4.028253 4.017708 4.009798 4.002854 3.995453 3.986215 3.973634 3.955918 3.930853 3.895667 3.846934 3.780503 3.691493 3.574371 3.423156 3.231769 2.994552 2.706957 2.366357 1.972890 1.530182 1.045752 0.530907 0.000000 
50.000000 45.204302 40.495314 35.955044 31.656524 27.660325 24.012144 20.741608 17.862289 15.372821 13.258902 11.495881 10.051646 8.889513 7.970885 7.257506 6.713215 6.305172 6.004573 5.786941 5.632067 5.523708 5.449131 5.398587 5.364762 5.342265 5.327166 5.316588 5.308372 5.300792 5.292305 5.281347 5.266129 5.244464 5.213583 5.169969 5.109210 5.025885 4.913522 4.764658 4.571059 4.324144 4.015655 3.638612 3.188486 2.664511 2.070893 1.417615 0.720459 0.000000 
50.000000 45.377693 40.838961 36.462845 32.319735 28.468012 24.951722 21.799420 19.024187 16.624708 14.587199 12.887900 11.495862 10.375728 9.490295 8.802692 8.278066 7.884763 7.595020 7.385244 7.235955 7.131493 7.059582 7.010815 6.978132 6.956314 6.941539 6.930985 6.922491 6.914275 6.904676 6.891928 6.873943 6.848094 6.810997 6.758286 6.684409 6.582441 6.443981 6.259155 6.016824 5.705052 5.311941 4.826880 4.242231 3.555318 2.770453 1.900478 0.967183 0.000000 
50.000000 45.589355 41.258455 37.082725 33.129328 29.453972 26.098685 23.090716 20.442547 18.152925 16.208695 14.587189 13.258874 12.190013 11.345107 10.688975 10.188358 9.813051 9.536563 9.336380 9.193912 9.094213 9.025563 8.978978 8.947707 8.926748 8.912420 8.901974 8.893265 8.884466 8.873803 8.859311 8.838597 8.808578 8.765214 8.703227 8.615799 8.494303 8.328084 8.104363 7.808362 7.423765 6.933661 6.322122 5.576511 4.690459 3.667201 2.522508 1.286065 0.000000 
50.000000 45.843139 41.761435 37.825970 34.100042 30.636155 27.473917 24.639010 22.143198 19.985300 18.152920 16.624695 15.372790 14.365412 13.569104 12.950709 12.478883 12.125159 11.864568 11.675891 11.541605 11.447622 11.382891 11.338936 11.309380 11.289487 11.275753 11.265530 11.256713 11.247448 11.235866 11.219826 11.196643 11.162795 11.113598 11.042844 10.942399 10.801808 10.607913 10.344582 9.992657 9.530276 8.933813 8.179706 7.247456 6.123929 4.808750 3.319774 1.696693 0.000000 
50.000000 46.142005 42.353763 38.701243 35.243193 32.028341 29.093449 26.462350 24.145964 22.143196 20.442541 19.024172 17.862258 16.927289 16.188218 15.614270 15.176354 14.848049 14.606183 14.431060 14.306415 14.219170 14.159063 14.118220 14.090709 14.072113 14.059144 14.049293 14.040522 14.030979 14.018737 14.001514 13.976386 13.939452 13.885452 13.807315 13.695652 13.538184 13.319156 13.018796 12.612931 12.072985 11.366655 10.459734 9.319679 7.921490 6.256121 4.340492 2.226016 0.000000 
50.000000 46.487668 43.038838 39.713569 36.565345 33.638526 30.966581 28.571208 26.462349 24.639007 23.090709 21.799405 20.741579 19.890366 19.217499 18.694961 18.296270 17.997370 17.777164 17.617721 17.504232 17.424786 17.370038 17.332811 17.307692 17.290640 17.278632 17.269331 17.260804 17.251246 17.238716 17.220858 17.194595 17.155757 17.098650 17.015524 16.895932 16.725986 16.487497 16.157066 15.705204 15.095699 14.285606 13.226497 11.868035 10.165230 8.090808 5.652807 2.913674 0.000000 
50.000000 46.880292 43.816986 40.863428 38.067122 35.467470 33.094198 30.966581 29.093448 27.473914 26.098679 24.951709 24.012118 23.256044 22.658382 22.194245 21.840111 21.574615 21.379017 21.237389 21.136575 21.065995 21.017345 20.984242 20.961868 20.946619 20.935778 20.927231 20.919188 20.909942 20.897603 20.879831 20.853512 20.814379 20.756531 20.671840 20.549192 20.373560 20.124857 19.776571 19.294216 18.633718 17.740086 16.547100 14.979493 12.960213 10.426604 7.359327 3.822831 0.000000 
50.000000 47.318245 44.684975 42.146044 39.742289 37.507580 35.467469 33.638526 32.028340 30.636152 29.453966 28.468000 27.660302 27.010358 26.496588 26.097601 25.793174 25.564942 25.396796 25.275043 25.188374 25.127691 25.085852 25.057367 25.038084 25.024892 25.015435 25.007857 25.000567 24.992007 24.980420 24.963585 24.938510 24.901044 24.845392 24.763472 24.644092 24.471863 24.225794 23.877467 23.388703 22.708664 21.770492 20.487977 18.753790 16.442916 13.428827 9.624906 5.063656 0.000000 
50.000000 47.797973 45.635757 43.551004 41.577244 39.742289 38.067122 36.565345 35.243192 34.100040 33.129323 32.319725 31.656505 31.122821 30.700951 30.373330 30.123356 29.935947 29.797876 29.697898 29.626726 29.576890 29.542523 29.519112 29.503243 29.492350 29.484484 29.478094 29.471832 29.464356 29.454120 29.439145 29.416733 29.383108 29.332947 29.258751 29.150005 28.992033 28.764427 28.438874 27.976116 27.321705 26.400116 25.106909 23.299373 20.788622 17.343225 12.730607 6.848661 0.000000 
50.000000 48.313989 46.658459 45.062240 43.551004 42.146044 40.863427 39.713569 38.701242 37.825968 37.082721 36.462837 35.955030 35.546403 35.223388 34.972538 34.781139 34.637644 34.531924 34.455372 34.400875 34.362712 34.336390 34.318452 34.306279 34.297901 34.291814 34.286814 34.281845 34.275834 34.267534 34.255328 34.236990 34.209386 34.168059 34.106680 34.016278 33.884166 33.692400 33.415527 33.017222 32.445122 31.622762 30.436824 28.717217 26.207779 22.531120 17.177555 9.636669 0.000000 
50.000000 48.859022 47.738672 46.658459 45.635757 44.684975 43.816986 43.038838 42.353762 41.761434 41.258453 40.838956 40.495304 40.218771 40.000174 39.830414 39.700887 39.603777 39.532232 39.480426 39.443544 39.417715 39.399898 39.387752 39.379503 39.373814 39.369662 39.366224 39.362772 39.358559 39.352706 39.344065 39.331050 39.311409 39.281925 39.237998 39.173057 39.077709 38.938488 38.735950 38.441663 38.013271 37.386031 36.457659 35.060069 32.905150 29.480904 23.869336 14.549477 0.000000 
50.000000 49.424307 48.859022 48.313989 47.797973 47.318245 46.880292 46.487668 46.142005 45.843139 45.589353 45.377691 45.204297 45.064768 44.954473 44.868818 44.803463 44.754465 44.718365 44.692225 44.673616 44.660583 44.651592 44.645461 44.641295 44.638419 44.636313 44.634562 44.632792 44.630621 44.627593 44.623114 44.616356 44.606142 44.590783 44.567857 44.533881 44.483848 44.410513 44.303291 44.146447 43.915990 43.573995 43.057460 42.254589 40.949312 38.677320 34.309546 24.712154 0.000000 
50.000000 50.000000 50.000000 50.000000 50.000000 50.000000 50.000000 50.000000 50.000000 50.000000 50.000000 50.000000 50.000000 50.000000 50.000000 50.000000 50.000000 50.000000 50.000000 50.000000 50.000000 50.000000 50.000000 50.000000 50.000000 50.000000 50.000000 50.000000 50.000000 50.000000 50.000000 50.000000 50.000000 50.000000 50.000000 50.000000 50.000000 50.000000 50.000000 50.000000 50.000000 50.000000 50.000000 50.000000 50.000000 50.000000 50.000000 50.000000 50.000000 50.000000 
