50.000000 50.000000 50.000000 50.000000 50.000000 50.000000 50.000000 50.000000 50.000000 50.000000 50.000000 50.000000 50.000000 50.000000 50.000000 50.000000 50.000000 50.000000 50.000000 50.000000 50.000000 50.000000 50.000000 50.000000 50.000000 50.000000 50.000000 50.000000 50.000000 50.000000 50.000000 50.000000 50.000000 50.000000 50.000000 50.000000 50.000000 50.000000 50.000000 50.000000 50.000000 50.000000 50.000000 50.000000 50.000000 50.000000 50.000000 50.000000 50.000000 50.000000 
50.000000 49.751812 49.505558 49.263129 49.026324 48.796815 48.576110 48.365522 48.166149 47.978859 47.804284 47.642816 47.494621 47.359647 47.237644 47.128189 47.030705 46.944492 46.868749 46.802599 46.745111 46.695319 46.652233 46.614851 46.582162 46.553143 46.526751 46.501906 46.477470 46.452211 46.424759 46.393547 46.356731 46.312084 46.256848 46.187532 46.099617 45.987120 45.841925 45.652723 45.403253 45.069243 44.612769 43.971152 43.033255 41.584010 39.160436 34.635085 24.875980 0.000000 
50.000000 49.505565 49.014985 48.532023 48.060266 47.603045 47.163361 46.743833 46.346647 45.973534 45.625750 45.304079 45.008850 44.739961 44.496914 44.278866 44.084668 43.912927 43.762048 43.630286 43.515789 43.416632 43.330850 43.256451 43.191427 43.133748 43.081349 43.032096 42.983744 42.933868 42.879782 42.818422 42.746199 42.658795 42.550890 42.415788 42.244878 42.026855 41.746542 41.383078 40.907001 40.275403 39.423548 38.249781 36.587312 34.149995 30.428434 24.507806 14.870781 0.000000 
50.000000 49.263158 48.532060 47.812315 47.109270 46.427885 45.772638 45.147427 44.555514 43.999476 43.481185 43.001812 42.561845 42.161134 41.798938 41.474000 41.184612 40.928698 40.703883 40.507572 40.337008 40.189333 40.061623 39.950923 39.854257 39.768622 39.690969 39.618158 39.546896 39.473644 39.394499 39.305037 39.200104 39.073546 38.917840 38.723603 38.478898 38.168258 37.771254 37.260380 36.597815 35.730398 34.581677 33.039252 30.934913 28.015345 23.906935 18.104596 10.103188 0.000000 
50.000000 49.026399 48.060388 47.109379 46.180434 45.280111 44.414323 43.588224 42.806123 42.071424 41.386603 40.753206 40.171880 39.642426 39.163869 38.734548 38.352210 38.014114 37.717129 37.457830 37.232587 37.037631 36.869118 36.723164 36.595865 36.483293 36.381471 36.286321 36.193584 36.098716 35.996734 35.882037 35.748153 35.587428 35.390606 35.146281 34.840148 34.453981 33.964208 33.339899 32.539900 31.508749 30.170943 28.423216 26.125251 23.091787 19.096194 13.911746 7.443042 0.000000 
50.000000 48.796972 47.603323 46.428210 45.280362 44.167881 43.098074 42.077308 41.110909 40.203085 39.356894 38.574248 37.855948 37.201749 36.610448 36.079996 35.607614 35.189920 34.823052 34.502791 34.224660 33.984025 33.776159 33.596295 33.439654 33.301440 33.176817 33.060851 32.948423 32.834106 32.712006 32.575554 32.417246 32.228305 31.998260 31.714391 31.361018 30.918557 30.362285 29.660702 28.773396 27.648346 26.218724 24.399709 22.086794 19.159236 15.496153 11.017808 5.764586 0.000000 
50.000000 48.576399 47.163896 45.773329 44.415025 43.098574 41.832621 40.624703 39.481121 38.406855 37.405525 36.479396 35.629416 34.855298 34.155621 33.527965 32.969046 32.474871 32.040880 31.662093 31.333235 31.048843 30.803359 30.591187 30.406731 30.244396 30.098566 29.963543 29.833458 29.702144 29.562967 29.408620 29.230854 29.020156 28.765341 28.453052 28.067132 27.587851 26.990945 26.246460 25.317424 24.158448 22.714587 20.921178 18.706106 15.997086 12.737758 8.916445 4.606377 0.000000 
50.000000 48.366013 46.744763 45.148692 43.589653 42.078652 40.625613 39.239187 37.926606 36.693589 35.544291 34.481312 33.505743 32.617256 31.814228 31.093883 30.452461 29.885387 29.387443 28.952929 28.575814 28.249863 27.968737 27.726072 27.515519 27.330758 27.165474 27.013306 26.867750 26.722041 26.568981 26.400741 26.208608 25.982680 25.711515 25.381692 24.977314 24.479421 23.865334 23.107964 22.175162 21.029316 19.627540 17.923084 15.868993 13.425379 10.571705 7.324203 3.754698 0.000000 
50.000000 48.166936 46.348163 44.557635 42.808652 41.113560 39.483494 37.928158 36.455668 35.072436 33.783129 32.590664 31.496268 30.499577 29.598773 28.790750 28.071299 27.435300 26.876913 26.389769 25.967131 25.602041 25.287443 25.016263 24.781470 24.576093 24.393208 24.225882 24.067097 23.909620 23.745857 23.567656 23.366083 23.131154 22.851534 22.514191 22.104021 21.603448 20.992042 20.246195 19.338983 18.240388 16.918179 15.339896 13.476508 11.308299 8.833192 6.076578 3.099559 0.000000 
50.000000 47.980071 45.975889 44.002833 42.075557 40.207668 38.411434 36.697551 35.074961 33.550733 32.130011 30.816010 29.610086 28.511843 27.519281 26.628988 25.836334 25.135692 24.520648 23.984207 23.518978 23.117342 22.771580 22.473979 22.216892 21.992776 21.794175 21.613686 21.443876 21.277175 21.105735 20.921255 20.714783 20.476492 20.195435 19.859282 19.454063 18.963931 18.370982 17.655211 16.794683 15.766092 14.545896 13.112303 11.448355 9.546240 7.412590 5.073774 2.579215 0.000000 
50.000000 47.806091 45.629285 43.486286 41.393012 39.364240 37.413297 35.551800 33.789463 32.133966 30.590894 29.163745 27.853995 26.661216 25.583246 24.616384 23.755616 22.994845 22.327126 21.744889 21.240148 20.804675 20.430153 20.108291 19.830900 19.589932 19.377483 19.185764 19.007026 18.833471 18.657117 18.469655 18.262275 18.025482 17.748904 17.421110 17.029442 16.559902 15.997129 15.324511 14.524539 13.579479 12.472513 11.189463 9.721175 8.066509 6.235574 4.252484 2.156459 0.000000 
50.000000 47.645444 45.309245 43.009329 40.762779 38.585456 36.491662 34.493867 32.602496 30.825793 29.169755 27.638138 26.232529 24.952476 23.795663 22.758130 21.834508 21.018271 20.301988 19.677568 19.136478 18.669945 18.269112 17.925175 17.629466 17.373503 17.149009 16.947883 16.762148 16.583865 16.405021 16.217404 16.012458 15.781137 15.513757 15.199877 14.828200 14.386554 13.861954 13.240809 12.509341 11.654252 10.663739 9.528880 8.245393 6.815623 5.250480 3.570805 1.807523 0.000000 
50.000000 47.498369 45.016240 42.572662 40.185785 37.872460 35.647884 33.525306 31.515804 29.628138 27.868681 26.241428 24.748068 23.388127 22.159152 21.056946 20.075817 19.208851 18.448177 17.785233 17.210994 16.716197 16.291506 15.927663 15.615583 15.346417 15.111576 14.902721 14.711711 14.530542 14.351246 14.165782 13.965923 13.743135 13.488471 13.192494 12.845233 12.436212 11.954568 11.389293 10.729643 9.965747 9.089441 8.095341 6.982084 5.753633 4.420402 2.999888 1.516453 0.000000 
50.000000 47.364903 44.750350 42.176405 39.662186 37.225445 34.882191 32.646379 30.529680 28.541322 26.688022 24.973990 23.401010 21.968586 20.674146 19.513277 18.479998 17.567046 16.766156 16.068340 15.464140 14.943852 14.497722 14.116093 13.789521 13.508847 13.265231 13.050147 12.855355 12.672837 12.494723 12.313194 12.120389 11.908311 11.668750 11.393233 11.073019 10.699151 10.262596 9.754486 9.166486 8.491309 7.723383 6.859639 5.900382 4.850123 3.718220 2.519131 1.272074 0.000000 
50.000000 47.244914 44.511309 41.820160 39.191459 36.643765 34.193817 31.856206 29.643136 27.564257 25.626594 23.834552 22.190000 20.692426 19.339148 18.125563 17.045433 16.091182 15.254196 14.525110 13.894080 13.351020 12.885803 12.488431 12.149154 11.858552 11.607584 11.387588 11.190264 11.007625 10.831931 10.655610 10.471180 10.271175 10.048087 9.794334 9.502276 9.164276 8.772840 8.320833 7.801794 7.210358 6.542756 5.797400 4.975471 4.081447 3.123455 2.113325 1.066250 0.000000 
50.000000 47.138123 44.298559 41.503098 38.772506 36.126064 33.581157 31.152946 28.854107 26.694666 24.681924 22.820457 21.112213 19.556666 18.151037 16.890555 15.768755 14.777787 13.908727 13.151882 12.497068 11.933863 11.451824 11.040656 10.690350 10.391274 10.134223 9.910439 9.711597 9.529767 9.357356 9.187048 9.011733 8.824445 8.618321 8.386580 8.122542 7.819689 7.471794 7.073103 6.618593 6.104300 5.527697 4.888110 4.187112 3.428852 2.620238 1.770896 0.892865 0.000000 
50.000000 47.044135 44.111315 41.224047 38.403781 35.670428 33.041948 30.533999 28.159675 25.929334 23.850515 21.927953 20.163659 18.557099 17.105408 15.803670 14.645221 13.621971 12.724727 11.943511 11.267844 10.687018 10.190313 9.767185 9.407409 9.101175 8.839156 8.612524 8.412952 8.232583 8.063981 7.900075 7.734106 7.559566 7.370169 7.159831 6.922691 6.653167 6.346054 5.996683 5.601120 5.156414 4.660876 4.114370 3.518577 2.877190 2.195997 1.482807 0.747186 0.000000 
50.000000 46.962471 43.948625 40.981590 38.083408 35.274543 32.573450 29.996220 27.556311 25.264368 23.128142 21.152499 19.339513 17.688636 16.196935 14.859366 13.669094 12.617824 11.696131 10.893789 10.200072 9.604023 9.094690 8.661321 8.293509 7.981304 7.715279 7.486565 7.286846 7.108344 6.943777 6.786305 6.629485 6.467219 6.293722 6.103506 5.891397 5.652574 5.382653 5.077804 4.734908 4.351739 3.927164 3.461343 2.955903 2.414049 1.840591 1.241856 0.625468 0.000000 
50.000000 46.892605 43.809439 40.774160 37.809320 34.935851 32.172636 29.536136 27.040118 24.695475 22.510137 20.489086 18.634445 16.945662 15.419739 14.051528 12.834048 11.758828 10.816249 9.995875 9.286768 8.677766 8.157722 7.715710 7.341176 7.024056 6.754850 6.524659 6.325192 6.148751 5.988192 5.836888 5.688673 5.537802 5.378919 5.207035 5.017538 4.806222 4.569346 4.303727 4.006848 3.676995 3.313397 2.916358 2.487370 2.029172 1.545744 1.042218 0.524700 0.000000 
50.000000 46.833993 43.692672 40.600142 37.579380 34.651715 31.836383 29.150160 26.607072 24.218219 21.991682 19.932539 18.042958 16.322378 14.767754 13.373846 12.133553 11.038259 10.078180 9.242710 8.520734 7.900919 7.371960 6.922787 6.542729 6.221633 5.949943 5.718743 5.519769 5.345397 5.188613 5.042967 4.902536 4.761872 4.615972 4.460257 4.290566 4.103182 3.894862 3.662911 3.405254 3.120535 2.808210 2.468638 2.103147 1.714057 1.304665 0.879152 0.442445 0.000000 
50.000000 46.786104 43.597267 40.457960 37.391506 34.419559 31.561647 28.834798 26.253252 23.828277 21.568080 19.477816 17.559689 15.813134 14.235063 12.820167 11.561245 10.449561 9.475201 8.627419 7.894958 7.266347 6.730154 6.275197 5.890709 5.566470 5.292881 5.061019 4.862647 4.690207 4.536794 4.396110 4.262430 4.130548 3.995748 3.853776 3.700829 3.533563 3.349118 3.145159 2.919932 2.672325 2.401937 2.109128 1.795062 1.461706 1.111806 0.748806 0.376726 0.000000 
50.000000 46.748448 43.522249 40.346162 37.243781 34.237016 31.345622 28.586828 25.975043 23.521667 21.235004 19.120270 17.179699 15.412722 13.816220 12.384825 11.111260 9.986698 9.001121 8.143673 7.402988 6.767487 6.225640 5.766177 5.378262 5.051620 4.776626 4.544350 4.346582 4.175820 4.025243 3.888680 3.760559 3.635866 3.510108 3.379279 3.239847 3.088751 2.923410 2.741753 2.542249 2.323954 2.086549 1.830374 1.556444 1.266447 0.962701 0.648093 0.325968 0.000000 
50.000000 46.720604 43.466779 40.263494 37.134547 34.102035 31.185884 28.403470 25.769325 23.294948 20.988715 18.855889 16.898723 15.116647 13.506517 12.062925 10.778537 9.644458 8.650593 7.786006 7.039252 6.398672 5.852664 5.389895 4.999478 4.671101 4.395118 4.162600 3.965355 3.795924 3.647554 3.514164 3.390298 3.271085 3.152190 3.029791 2.900551 2.761606 2.610575 2.445567 2.265203 2.068648 1.855629 1.626458 1.382034 1.123832 0.853863 0.574611 0.288944 0.000000 
50.000000 46.702237 43.430186 40.208960 37.062489 34.012993 31.080510 28.282514 25.633619 23.145388 20.826246 18.681485 16.713372 14.921336 13.302218 11.850581 10.559056 9.418700 8.419371 7.550080 6.799327 6.155405 5.606662 5.141725 4.749673 4.420170 4.143560 3.910912 3.714048 3.545539 3.398676 3.267439 3.146450 3.030926 2.916643 2.799895 2.677468 2.546630 2.405122 2.251168 2.083485 1.901298 1.704361 1.492962 1.267919 1.030568 0.782717 0.526592 0.264755 0.000000 
50.000000 46.693112 43.412008 40.181869 37.026693 33.968760 31.028164 28.222428 25.566205 23.071093 20.745538 18.594848 16.621298 14.824315 13.200731 11.745099 10.450028 9.306555 8.304513 7.432887 6.680149 6.034568 5.484470 5.018459 4.625600 4.295545 4.018630 3.785926 3.589263 3.421225 3.275126 3.144976 3.025436 2.911769 2.799801 2.685885 2.566870 2.440086 2.303334 2.154892 1.993522 1.818481 1.629532 1.426948 1.211509 0.984478 0.747566 0.502872 0.252807 0.000000 
50.000000 46.693112 43.412008 40.181869 37.026693 33.968760 31.028164 28.222428 25.566205 23.071093 20.745538 18.594848 16.621298 14.824315 13.200731 11.745099 10.450028 9.306555 8.304513 7.432887 6.680149 6.034568 5.484470 5.018459 4.625600 4.295545 4.018630 3.785926 3.589263 3.421225 3.275126 3.144976 3.025436 2.911769 2.799801 2.685885 2.566870 2.440086 2.303334 2.154892 1.993522 1.818481 1.629532 1.426948 1.211509 0.984478 0.747566 0.502872 0.252807 0.000000 
50.000000 46.702237 43.430186 40.208960 37.062489 34.012993 31.080510 28.282514 25.633619 23.145388 20.826246 18.681485 16.713372 14.921336 13.302218 11.850581 10.559056 9.418700 8.419371 7.550080 6.799327 6.155405 5.606662 5.141725 4.749673 4.420170 4.143560 3.910912 3.714048 3.545539 3.398676 3.267439 3.146450 3.030926 2.916643 2.799895 2.677468 2.546630 2.405122 2.251168 2.083485 1.901298 1.704361 1.492962 1.267919 1.030568 0.782717 0.526592 0.264755 0.000000 
50.000000 46.720604 43.466779 40.263494 37.134547 34.102035 31.185884 28.403470 25.769325 23.294948 20.988715 18.855889 16.898723 15.116647 13.506517 12.062925 10.778537 9.644458 8.650593 7.786006 7.039252 6.398672 5.852664 5.389895 4.999478 4.671101 4.395118 4.162600 3.965355 3.795924 3.647554 3.514164 3.390298 3.271085 3.152190 3.029791 2.900551 2.761606 2.610575 2.445567 2.265203 2.068648 1.855629 1.626458 1.382034 1.123832 0.853863 0.574611 0.288944 0.000000 
50.000000 46.748448 43.522249 40.346162 37.243781 34.237016 31.345622 28.586828 25.975043 23.521667 21.235004 19.120270 17.179699 15.412722 13.816220 12.384825 11.111260 9.986698 9.001121 8.143673 7.402988 6.767487 6.225640 5.766177 5.378262 5.051620 4.776626 4.544350 4.346582 4.175820 4.025243 3.888680 3.760559 3.635866 3.510108 3.379279 3.239847 3.088751 2.923410 2.741753 2.542249 2.323954 2.086549 1.830374 1.556444 1.266447 0.962701 0.648093 0.325968 0.000000 
50.000000 46.786104 43.597267 40.457960 37.391506 34.419559 31.561647 28.834798 26.253252 23.828277 21.568080 19.477816 17.559689 15.813134 14.235063 12.820167 11.561245 10.449561 9.475201 8.627419 7.894958 7.266347 6.730154 6.275197 5.890709 5.566470 5.292881 5.061019 4.862647 4.690207 4.536794 4.396110 4.262430 4.130548 3.995748 3.853776 3.700829 3.533563 3.349118 3.145159 2.919932 2.672325 2.401937 2.109128 1.795062 1.461706 1.111806 0.748806 0.376726 0.000000 
50.000000 46.833993 43.692672 40.600142 37.579380 34.651715 31.836383 29.150160 26.607072 24.218219 21.991682 19.932539 18.042958 16.322378 14.767754 13.373846 12.133553 11.038259 10.078180 9.242710 8.520734 7.900919 7.371960 6.922787 6.542729 6.221633 5.949943 5.718743 5.519769 5.345397 5.188613 5.042967 4.902536 4.761872 4.615972 4.460257 4.290566 4.103182 3.894862 3.662911 3.405254 3.120535 2.808210 2.468638 2.103147 1.714057 1.304665 0.879152 0.442445 0.000000 
50.000000 46.892605 43.809439 40.774160 37.809320 34.935851 32.172636 29.536136 27.040118 24.695475 22.510137 20.489086 18.634445 16.945662 15.419739 14.051528 12.834048 11.758828 10.816249 9.995875 9.286768 8.677766 8.157722 7.715710 7.341176 7.024056 6.754850 6.524659 6.325192 6.148751 5.988192 5.836888 5.688673 5.537802 5.378919 5.207035 5.017538 4.806222 4.569346 4.303727 4.006848 3.676995 3.313397 2.916358 2.487370 2.029172 1.545744 1.042218 0.524700 0.000000 
50.000000 46.962471 43.948625 40.981590 38.083408 35.274543 32.573450 29.996220 27.556311 25.264368 23.128142 21.152499 19.339513 17.688636 16.196935 14.859366 13.669094 12.617824 11.696131 10.893789 10.200072 9.604023 9.094690 8.661321 8.293509 7.981304 7.715279 7.486565 7.286846 7.108344 6.943777 6.786305 6.629485 6.467219 6.293722 6.103506 5.891397 5.652574 5.382653 5.077804 4.734908 4.351739 3.927164 3.461343 2.955903 2.414049 1.840591 1.241856 0.625468 0.000000 
50.000000 47.044135 44.111315 41.224047 38.403781 35.670428 33.041948 30.533999 28.159675 25.929334 23.850515 21.927953 20.163659 18.557099 17.105408 15.803670 14.645221 13.621971 12.724727 11.943511 11.267844 10.687018 10.190313 9.767185 9.407409 9.101175 8.839156 8.612524 8.412952 8.232583 8.063981 7.900075 7.734106 7.559566 7.370169 7.159831 6.922691 6.653167 6.346054 5.996683 5.601120 5.156414 4.660876 4.114370 3.518577 2.877190 2.195997 1.482807 0.747186 0.000000 
50.000000 47.138123 44.298559 41.503098 38.772506 36.126064 33.581157 31.152946 28.854107 26.694666 24.681924 22.820457 21.112213 19.556666 18.151037 16.890555 15.768755 14.777787 13.908727 13.151882 12.497068 11.933863 11.451824 11.040656 10.690350 10.391274 10.134223 9.910439 9.711597 9.529767 9.357356 9.187048 9.011733 8.824445 8.618321 8.386580 8.122542 7.819689 7.471794 7.073103 6.618593 6.104300 5.527697 4.888110 4.187112 3.428852 2.620238 1.770896 0.892865 0.000000 
50.000000 47.244914 44.511309 41.820160 39.191459 36.643765 34.193817 31.856206 29.643136 27.564257 25.626594 23.834552 22.190000 20.692426 19.339148 18.125563 17.045433 16.091182 15.254196 14.525110 13.894080 13.351020 12.885803 12.488431 12.149154 11.858552 11.607584 11.387588 11.190264 11.007625 10.831931 10.655610 10.471180 10.271175 10.048087 9.794334 9.502276 9.164276 8.772840 8.320833 7.801794 7.210358 6.542756 5.797400 4.975471 4.081447 3.123455 2.113325 1.066250 0.000000 
50.000000 47.364903 44.750350 42.176405 39.662186 37.225445 34.882191 32.646379 30.529680 28.541322 26.688022 24.973990 23.401010 21.968586 20.674146 19.513277 18.479998 17.567046 16.766156 16.068340 15.464140 14.943852 14.497722 14.116093 13.789521 13.508847 13.265231 13.050147 12.855355 12.672837 12.494723 12.313194 12.120389 11.908311 11.668750 11.393233 11.073019 10.699151 10.262596 9.754486 9.166486 8.491309 7.723383 6.859639 5.900382 4.850123 3.718220 2.519131 1.272074 0.000000 
50.000000 47.498369 45.016240 42.572662 40.185785 37.872460 35.647884 33.525306 31.515804 29.628138 27.868681 26.241428 24.748068 23.388127 22.159152 21.056946 20.075817 19.208851 18.448177 17.785233 17.210994 16.716197 16.291506 15.927663 15.615583 15.346417 15.111576 14.902721 14.711711 14.530542 14.351246 14.165782 13.965923 13.743135 13.488471 13.192494 12.845233 12.436212 11.954568 11.389293 10.729643 9.965747 9.089441 8.095341 6.982084 5.753633 4.420402 2.999888 1.516453 0.000000 
50.000000 47.645444 45.309245 43.009329 40.762779 38.585456 36.491662 34.493867 32.602496 30.825793 29.169755 27.638138 26.232529 24.952476 23.795663 22.758130 21.834508 21.018271 20.301988 19.677568 19.136478 18.669945 18.269112 17.925175 17.629466 17.373503 17.149009 16.947883 16.762148 16.583865 16.405021 16.217404 16.012458 15.781137 15.513757 15.199877 14.828200 14.386554 13.861954 13.240809 12.509341 11.654252 10.663739 9.528880 8.245393 6.815623 5.250480 3.570805 1.807523 0.000000 
50.000000 47.806091 45.629285 43.486286 41.393012 39.364240 37.413297 35.551800 33.789463 32.133966 30.590894 29.163745 27.853995 26.661216 25.583246 24.616384 23.755616 22.994845 22.327126 21.744889 21.240148 20.804675 20.430153 20.108291 19.830900 19.589932 19.377483 19.185764 19.007026 18.833471 18.657117 18.469655 18.262275 18.025482 17.748904 17.421110 17.029442 16.559902 15.997129 15.324511 14.524539 13.579479 12.472513 11.189463 9.721175 8.066509 6.235574 4.252484 2.156459 0.000000 
50.000000 47.980071 45.975889 44.002833 42.075557 40.207668 38.411434 36.697551 35.074961 33.550733 32.130011 30.816010 29.610086 28.511843 27.519281 26.628988 25.836334 25.135692 24.520648 23.984207 23.518978 23.117342 22.771580 22.473979 22.216892 21.992776 21.794175 21.613686 21.443876 21.277175 21.105735 20.921255 20.714783 20.476492 20.195435 19.859282 19.454063 18.963931 18.370982 17.655211 16.794683 15.766092 14.545896 13.112303 11.448355 9.546240 7.412590 5.073774 2.579215 0.000000 
50.000000 48.166936 46.348163 44.557635 42.808652 41.113560 39.483494 37.928158 36.455668 35.072436 33.783129 32.590664 31.496268 30.499577 29.598773 28.790750 28.071299 27.435300 26.876913 26.389769 25.967131 25.602041 25.287443 25.016263 24.781470 24.576093 24.393208 24.225882 24.067097 23.909620 23.745857 23.567656 23.366083 23.131154 22.851534 22.514191 22.104021 21.603448 20.992042 20.246195 19.338983 18.240388 16.918179 15.339896 13.476508 11.308299 8.833192 6.076578 3.099559 0.000000 
50.000000 48.366013 46.744763 45.148692 43.589653 42.078652 40.625613 39.239187 37.926606 36.693589 35.544291 34.481312 33.505743 32.617256 31.814228 31.093883 30.452461 29.885387 29.387443 28.952929 28.575814 28.249863 27.968737 27.726072 27.515519 27.330758 27.165474 27.013306 26.867750 26.722041 26.568981 26.400741 26.208608 25.982680 25.711515 25.381692 24.977314 24.479421 23.865334 23.107964 22.175162 21.029316 19.627540 17.923084 15.868993 13.425379 10.571705 7.324203 3.754698 0.000000 
50.000000 48.576399 47.163896 45.773329 44.415025 43.098574 41.832621 40.624703 39.481121 38.406855 37.405525 36.479396 35.629416 34.855298 34.155621 33.527965 32.969046 32.474871 32.040880 31.662093 31.333235 31.048843 30.803359 30.591187 30.406731 30.244396 30.098566 29.963543 29.833458 29.702144 29.562967 29.408620 29.230854 29.020156 28.765341 28.453052 28.067132 27.587851 26.990945 26.246460 25.317424 24.158448 22.714587 20.921178 18.706106 15.997086 12.737758 8.916445 4.606377 0.000000 
50.000000 48.796972 47.603323 46.428210 45.280362 44.167881 43.098074 42.077308 41.110909 40.203085 39.356894 38.574248 37.855948 37.201749 36.610448 36.079996 35.607614 35.189920 34.823052 34.502791 34.224660 33.984025 33.776159 33.596295 33.439654 33.301440 33.176817 33.060851 32.948423 32.834106 32.712006 32.575554 32.417246 32.228305 31.998260 31.714391 31.361018 30.918557 30.362285 29.660702 28.773396 27.648346 26.218724 24.399709 22.086794 19.159236 15.496153 11.017808 5.764586 0.000000 
50.000000 49.026399 48.060388 47.109379 46.180434 45.280111 44.414323 43.588224 42.806123 42.071424 41.386603 40.753206 40.171880 39.642426 39.163869 38.734548 38.352210 38.014114 37.717129 37.457830 37.232587 37.037631 36.869118 36.723164 36.595865 36.483293 36.381471 36.286321 36.193584 36.098716 35.996734 35.882037 35.748153 35.587428 35.390606 35.146281 34.840148 34.453981 33.964208 33.339899 32.539900 31.508749 30.170943 28.423216 26.125251 23.091787 19.096194 13.911746 7.443042 0.000000 
50.000000 49.263158 48.532060 47.812315 47.109270 46.427885 45.772638 45.147427 44.555514 43.999476 43.481185 43.001812 42.561845 42.161134 41.798938 41.474000 41.184612 40.928698 40.703883 40.507572 40.337008 40.189333 40.061623 39.950923 39.854257 39.768622 39.690969 39.618158 39.546896 39.473644 39.394499 39.305037 39.200104 39.073546 38.917840 38.723603 38.478898 38.168258 37.771254 37.260380 36.597815 35.730398 34.581677 33.039252 30.934913 28.015345 23.906935 18.104596 10.103188 0.000000 
50.000000 49.505565 49.014985 48.532023 48.060266 47.603045 47.163361 46.743833 46.346647 45.973534 45.625750 45.304079 45.008850 44.739961 44.496914 44.278866 44.084668 43.912927 43.762048 43.630286 43.515789 43.416632 43.330850 43.256451 43.191427 43.133748 43.081349 43.032096 42.983744 42.933868 42.879782 42.818422 42.746199 42.658795 42.550890 42.415788 42.244878 42.026855 41.746542 41.383078 40.907001 40.275403 39.423548 38.249781 36.587312 34.149995 30.428434 24.507806 14.870781 0.000000 
50.000000 49.751812 49.505558 49.263129 49.026324 48.796815 48.576110 48.365522 48.166149 47.978859 47.804284 47.642816 47.494621 47.359647 47.237644 47.128189 47.030705 46.944492 46.868749 46.802599 46.745111 46.695319 46.652233 46.614851 46.582162 46.553143 46.526751 46.501906 46.477470 46.452211 46.424759 46.393547 46.356731 46.312084 46.256848 46.187532 46.099617 45.987120 45.841925 45.652723 45.403253 45.069243 44.612769 43.971152 43.033255 41.584010 39.160436 34.635085 24.875980 0.000000 
50.000000 50.000000 50.000000 50.000000 50.000000 50.000000 50.000000 50.000000 50.000000 50.000000 50.000000 50.000000 50.000000 50.000000 50.000000 50.000000 50.000000 50.000000 50.000000 50.000000 50.000000 50.000000 50.000000 50.000000 50.000000 50.000000 50.000000 50.000000 50.000000 50.000000 50.000000 50.000000 50.000000 50.000000 50.000000 50.000000 50.000000 50.000000 50.000000 50.000000 50.000000 50.000000 50.000000 50.000000 50.000000 50.000000 50.000000 50.000000 50.000000 50.000000 
