50.000000 50.000000 50.000000 50.000000 50.000000 50.000000 50.000000 50.000000 50.000000 50.000000 50.000000 50.000000 50.000000 50.000000 50.000000 50.000000 50.000000 50.000000 50.000000 50.000000 50.000000 50.000000 50.000000 50.000000 50.000000 50.000000 50.000000 50.000000 50.000000 50.000000 50.000000 50.000000 50.000000 50.000000 50.000000 50.000000 50.000000 50.000000 50.000000 50.000000 50.000000 50.000000 50.000000 50.000000 50.000000 50.000000 50.000000 50.000000 50.000000 50.000000 
50.000000 49.820748 49.642504 49.466260 49.292972 49.123545 48.958823 48.799570 48.646459 48.500070 48.360876 48.229242 48.105426 47.989573 47.881722 47.781810 47.689674 47.605060 47.527626 47.456955 47.392552 47.333857 47.280246 47.231030 47.185458 47.142711 47.101892 47.062016 47.021990 46.980582 46.936389 46.887778 46.832821 46.769191 46.694027 46.603735 46.493701 46.357861 46.188041 45.972892 45.696146 45.333547 44.847220 44.174565 43.204553 41.722250 39.264831 34.705028 24.911056 0.000000 
50.000000 49.642540 49.287091 48.935628 48.590061 48.252196 47.923712 47.606132 47.300805 47.008881 46.731306 46.468811 46.221905 45.990882 45.775820 45.576592 45.392876 45.224164 45.069781 44.928891 44.800515 44.683540 44.576723 44.478699 44.387977 44.302934 44.221797 44.142621 44.063249 43.981261 43.893900 43.797976 43.689730 43.564646 43.417199 43.240488 43.025714 42.761412 42.432284 42.017396 41.487264 40.799016 39.888011 38.652752 36.926658 34.423848 30.635239 24.646361 14.940266 0.000000 
50.000000 49.466404 48.935809 48.411166 47.895323 47.390978 46.900637 46.426576 45.970804 45.535042 45.120703 44.728875 44.360323 44.015485 43.694479 43.397119 43.122924 42.871141 42.640766 42.430558 42.239061 42.064623 41.905400 41.759371 41.624330 41.497879 41.377407 41.260054 41.142661 41.021695 40.893152 40.752418 40.594088 40.411717 40.197473 39.941670 39.632091 39.253031 38.783881 38.197023 37.454603 36.503512 35.267437 33.634206 31.435919 28.419653 24.212252 18.309151 10.205771 0.000000 
50.000000 49.293336 48.590648 47.895842 47.212690 46.544767 45.895392 45.267578 44.663988 44.086902 43.538189 43.019296 42.531234 42.074587 41.649515 41.255772 40.892729 40.559394 40.254444 39.976245 39.722884 39.492186 39.281734 39.088876 38.910728 38.744160 38.585774 38.431865 38.278352 38.120700 37.953795 37.771786 37.567875 37.334022 37.060567 36.735702 36.344755 35.869186 35.285184 34.561669 33.657440 32.517100 31.065323 29.199138 26.778631 23.619047 19.494353 14.178499 7.576816 0.000000 
50.000000 49.124289 48.253504 47.392489 46.545916 45.718217 44.913505 44.135514 43.387546 42.672426 41.992474 41.349484 40.744711 40.178882 39.652201 39.164367 38.714608 38.301706 37.924030 37.579573 37.265983 36.980590 36.720432 36.482264 36.262565 36.057529 35.863036 35.674613 35.487364 35.295877 35.094096 34.875153 34.631137 34.352803 34.029181 33.647058 33.190301 32.638937 31.967948 31.145643 30.131551 28.873722 27.305541 25.342538 22.880692 19.799871 15.979918 11.341909 5.927119 0.000000 
50.000000 48.960155 47.926161 46.903767 45.898525 44.915695 43.960164 43.036367 42.148224 41.299094 40.491732 39.728270 39.010206 38.338405 37.713113 37.133986 36.600114 36.110063 35.661914 35.253306 34.881471 34.543276 34.235247 33.953588 33.694195 33.452641 33.224162 33.003607 32.785375 32.563320 32.330623 32.079624 31.801601 31.486489 31.122518 30.695751 30.189497 29.583565 28.853338 27.968636 26.892408 25.579340 23.974727 22.014305 19.626520 16.739787 13.298580 9.292164 4.794794 0.000000 
50.000000 48.801759 47.610260 46.432129 45.273765 44.141231 43.040157 41.975656 40.952247 39.973802 39.043500 38.163801 37.336435 36.562405 35.842005 35.174845 34.559891 33.995508 33.479505 33.009189 32.581407 32.192592 31.838798 31.515726 31.218740 30.942862 30.682757 30.432695 30.186484 29.937388 29.678004 29.400104 29.094435 28.750474 28.356107 27.897255 27.357408 26.717080 25.953182 25.038361 23.940367 22.621664 21.039622 19.147933 16.900260 14.257495 11.200025 7.745132 3.965783 0.000000 
50.000000 48.649846 47.307289 45.979797 44.674580 43.398471 42.157816 40.958376 39.805247 38.702793 37.654601 36.663446 35.731285 34.859254 34.047694 33.296180 32.603562 31.968017 31.387105 30.857824 30.376663 29.939658 29.542434 29.180235 28.847950 28.540117 28.250911 27.974114 27.703061 27.430562 27.148796 26.849173 26.522165 26.157093 25.741880 25.262758 24.703938 24.047255 23.271816 22.353710 21.265889 19.978402 18.459289 16.676561 14.601846 12.216273 9.518766 6.535850 3.329869 0.000000 
50.000000 48.505077 47.018567 45.548739 44.103578 42.690649 41.316981 39.988955 38.712216 37.491599 36.331080 35.233736 34.201741 33.236364 32.337992 31.506170 30.739642 30.036417 29.393822 28.808571 28.276831 27.794274 27.356136 26.957256 26.592104 26.254799 25.939104 25.638404 25.345666 25.053373 24.753436 24.437082 24.094713 23.715746 23.288424 22.799613 22.234592 21.576863 20.808011 19.907686 18.853804 17.623114 16.192349 14.540204 12.650416 10.516062 8.144830 5.564294 2.825190 0.000000 
50.000000 48.368025 46.745236 45.140661 43.563016 42.020564 40.520978 39.071227 37.677477 36.345010 35.078170 33.880324 32.753853 31.700150 30.719655 29.811884 28.975492 28.208329 27.507514 26.869504 26.290169 25.764859 25.288462 24.855457 24.459954 24.095715 23.756162 23.434368 23.123027 22.814405 22.500272 22.171817 21.819539 21.433132 21.001356 20.511910 19.951326 19.304902 18.556713 17.689766 16.686373 15.528840 14.200616 12.688019 10.982610 9.084165 7.003891 4.767154 2.414539 0.000000 
50.000000 48.239174 46.488259 44.756999 43.054799 41.390575 39.772610 38.208424 36.704674 35.267062 33.900281 32.607972 31.392710 30.256014 29.198368 28.219272 27.317298 26.490155 25.734775 25.047383 24.423586 23.858442 23.346534 22.882029 22.458727 22.070092 21.709272 21.369101 21.042082 20.720359 20.395663 20.059255 19.701852 19.313548 18.883738 18.401057 17.853344 17.227668 16.510435 15.687637 14.745282 13.670093 12.450521 11.078139 9.549383 7.867531 6.044613 4.102747 2.074258 0.000000 
50.000000 48.118916 46.248422 44.398926 42.580480 40.802609 39.074164 37.403183 35.796777 34.261047 32.801010 31.420562 30.122465 28.908354 27.778761 26.733174 25.770089 24.887096 24.080955 23.347686 22.682661 22.080683 21.536069 21.042715 20.594160 20.183623 19.804036 19.448057 19.108071 18.776168 18.444122 18.103348 17.744859 17.359221 16.936520 16.466346 15.937813 15.339642 14.660318 13.888373 13.012821 12.023784 10.913336 9.676572 8.312843 6.827045 5.230718 3.542645 1.788605 0.000000 
50.000000 48.007561 46.026339 44.067362 42.141277 40.258176 38.427434 36.657568 34.956117 33.329544 31.783171 30.321133 28.946365 27.660611 26.464453 25.357367 24.337790 23.403200 22.550210 21.774658 21.071709 20.435942 19.861445 19.341885 18.870580 18.440553 18.044570 17.675167 17.324662 16.985153 16.648512 16.306359 15.950048 15.570650 15.158948 14.705453 14.200467 13.634184 12.996882 12.279193 11.472508 10.569504 9.564819 8.455846 7.243587 5.933474 4.535982 3.066849 1.546705 0.000000 
50.000000 47.905337 45.822470 43.762990 41.738094 39.758394 37.833748 35.973114 34.184419 32.474466 30.848853 29.311937 27.866815 26.515331 25.258117 24.094642 23.023289 22.041444 21.145587 20.331399 19.593864 18.927369 18.325803 17.782640 17.291019 16.843805 16.433639 16.052980 15.694121 15.349210 15.010250 14.669099 14.317472 13.946940 13.548954 13.114883 12.636091 12.104054 11.510548 10.847906 10.109358 9.289468 8.384652 7.393754 6.318629 5.164651 3.941043 2.660898 1.340799 0.000000 
50.000000 47.812404 45.637127 43.486279 41.371553 39.304034 37.294021 35.350872 33.482870 31.697123 29.999486 28.394516 26.885458 25.474253 24.161575 22.946894 21.828548 20.803839 19.869136 19.019982 18.251205 17.557029 16.931173 16.366951 15.857355 15.395127 14.972820 14.582843 14.217501 13.869016 13.529544 13.191193 12.846032 12.486112 12.103503 11.690343 11.238919 10.741798 10.191986 9.583163 8.909960 8.168312 7.355844 6.472279 5.519834 4.503524 3.431320 2.314080 1.165205 0.000000 
50.000000 47.728854 45.470499 43.237509 41.042025 38.895557 36.808801 34.791473 32.852178 30.998300 29.235924 27.569790 26.003275 24.538409 23.175908 21.915242 20.754713 19.691553 18.722035 17.841583 17.044894 16.326049 15.678629 15.095815 14.570479 14.095271 13.662679 13.265093 12.894847 12.544253 12.205629 11.871327 11.533755 11.185407 10.818904 10.427058 10.002948 9.540042 9.032342 8.474577 7.862436 7.192831 6.464190 5.676742 4.832771 3.936800 2.995642 2.018300 1.015660 0.000000 
50.000000 47.654731 45.322671 43.016807 40.749677 38.533170 36.378330 34.295197 32.292658 30.378344 28.558544 26.838160 25.220691 23.708242 22.301573 21.000153 19.802255 18.705055 17.704740 16.796636 15.975328 15.234780 14.568456 13.969428 13.430475 12.944174 12.502974 12.099261 11.725410 11.373830 11.037000 10.707503 10.378055 10.041545 9.691080 9.320046 8.922185 8.491702 8.023388 7.512785 6.956362 6.351726 5.697821 4.995136 4.245865 3.453997 2.625329 1.767333 0.888910 0.000000 
50.000000 47.590034 45.193644 42.824174 40.494511 38.216873 36.002611 33.862045 31.804310 29.837252 27.967340 26.199618 24.537689 22.983731 21.538536 20.201581 18.971112 17.844257 16.817136 15.884990 15.042310 14.282965 13.600322 12.987366 12.436803 11.941157 11.492850 11.084277 10.707862 10.356110 10.021650 9.697273 9.375971 9.050977 8.715812 8.364343 7.990856 7.590147 7.157629 6.689459 6.182682 5.635382 5.046832 4.417627 3.749786 3.046792 2.313563 1.556334 0.782438 0.000000 
50.000000 47.534735 45.083358 42.659521 40.276408 37.946519 35.681468 33.491812 31.386902 29.374766 27.462027 25.653851 23.953933 22.364510 20.886407 19.519104 18.260831 17.108673 16.058695 15.106070 14.245213 13.469912 12.773460 12.148770 11.588493 11.085113 10.631039 10.218680 9.840510 9.489123 9.157282 8.837964 8.524396 8.210102 7.888948 7.555196 7.203570 6.829331 6.428372 5.997313 5.533614 5.035688 4.503003 3.936174 3.337013 2.708547 2.054965 1.381506 0.694277 0.000000 
50.000000 47.488782 44.991713 42.522699 40.095171 37.721864 35.414609 33.184164 31.040055 28.990465 27.042142 25.200357 23.468880 21.849999 20.344565 18.952065 17.670711 16.497559 15.428629 14.459039 13.583142 12.794664 12.086836 11.452520 10.884321 10.374697 9.916051 9.500808 9.121488 8.770765 8.441520 8.126881 7.820275 7.515463 7.206590 6.888233 6.555459 6.203892 5.829783 5.430097 5.002590 4.545893 4.059586 3.544255 3.001511 2.433991 1.845293 1.239875 0.622893 0.000000 
50.000000 47.452118 44.918592 42.413533 39.950568 37.542618 35.201692 32.938703 30.763320 28.683848 26.707138 24.838541 23.081890 21.439513 19.912283 18.499691 17.199940 16.010060 14.926036 13.942944 13.055090 12.256153 11.539316 10.897401 10.322981 9.808498 9.346348 8.928976 8.548943 8.198987 7.872083 7.561488 7.260781 6.963913 6.665245 6.359596 6.042295 5.709234 5.356932 4.982598 4.584194 4.160496 3.711142 3.236668 2.738510 2.218989 1.681241 1.129130 0.567098 0.000000 
50.000000 47.424683 44.863877 42.331845 39.842363 37.408492 35.042369 32.755029 30.556245 28.454414 26.456465 24.567808 22.792323 21.132368 19.588835 18.161217 16.847709 15.645324 14.550023 13.556848 12.660074 11.853342 11.129804 10.482251 9.903236 9.385187 8.920501 8.501638 8.121189 7.771945 7.446952 7.139560 6.843467 6.552760 6.261960 5.966062 5.660580 5.341600 5.005827 4.650637 4.274131 3.875173 3.453432 3.009390 2.544347 2.060382 1.560297 1.047524 0.525996 0.000000 
50.000000 47.406425 44.827464 42.277482 39.770353 37.319231 34.936341 32.632795 30.418439 28.301729 26.289645 24.387640 22.599622 20.927973 19.373592 17.935978 16.613320 15.402620 14.299821 13.299947 12.397248 11.585345 10.857366 10.206084 9.624040 9.103651 8.637319 8.217511 7.836842 7.488138 7.164492 6.859316 6.566387 6.279883 5.994427 5.705130 5.407627 5.098126 4.773448 4.431077 4.069195 3.686722 3.283334 2.859477 2.416352 1.955882 1.480647 0.993798 0.498942 0.000000 
50.000000 47.397306 44.809277 42.250330 39.734388 37.274650 34.883385 32.571745 30.349612 28.225470 26.206328 24.297656 22.503380 20.825890 19.266093 17.823487 16.496261 15.281409 14.174868 13.171651 12.265997 11.451515 10.721324 10.068187 9.484638 8.963092 8.495950 8.075685 7.694923 7.346508 7.023557 6.719514 6.428192 6.143817 5.861064 5.575096 5.281611 4.976875 4.657767 4.321821 3.967259 3.593023 3.198795 2.784999 2.352786 1.904000 1.441112 0.967136 0.485517 0.000000 
50.000000 47.397306 44.809277 42.250330 39.734388 37.274650 34.883385 32.571745 30.349612 28.225470 26.206328 24.297656 22.503380 20.825890 19.266093 17.823487 16.496261 15.281409 14.174868 13.171651 12.265997 11.451515 10.721324 10.068187 9.484638 8.963092 8.495950 8.075685 7.694923 7.346508 7.023557 6.719514 6.428192 6.143817 5.861064 5.575096 5.281611 4.976875 4.657767 4.321821 3.967259 3.593023 3.198795 2.784999 2.352786 1.904000 1.441112 0.967136 0.485517 0.000000 
50.000000 47.406425 44.827464 42.277482 39.770353 37.319231 34.936341 32.632795 30.418439 28.301729 26.289645 24.387640 22.599622 20.927973 19.373592 17.935978 16.613320 15.402620 14.299821 13.299947 12.397248 11.585345 10.857366 10.206084 9.624040 9.103651 8.637319 8.217511 7.836842 7.488138 7.164492 6.859316 6.566387 6.279883 5.994427 5.705130 5.407627 5.098126 4.773448 4.431077 4.069195 3.686722 3.283334 2.859477 2.416352 1.955882 1.480647 0.993798 0.498942 0.000000 
50.000000 47.424683 44.863877 42.331845 39.842363 37.408492 35.042369 32.755029 30.556245 28.454414 26.456465 24.567808 22.792323 21.132368 19.588835 18.161217 16.847709 15.645324 14.550023 13.556848 12.660074 11.853342 11.129804 10.482251 9.903236 9.385187 8.920501 8.501638 8.121189 7.771945 7.446952 7.139560 6.843467 6.552760 6.261960 5.966062 5.660580 5.341600 5.005827 4.650637 4.274131 3.875173 3.453432 3.009390 2.544347 2.060382 1.560297 1.047524 0.525996 0.000000 
50.000000 47.452118 44.918592 42.413533 39.950568 37.542618 35.201692 32.938703 30.763320 28.683848 26.707138 24.838541 23.081890 21.439513 19.912283 18.499691 17.199940 16.010060 14.926036 13.942944 13.055090 12.256153 11.539316 10.897401 10.322981 9.808498 9.346348 8.928976 8.548943 8.198987 7.872083 7.561488 7.260781 6.963913 6.665245 6.359596 6.042295 5.709234 5.356932 4.982598 4.584194 4.160496 3.711142 3.236668 2.738510 2.218989 1.681241 1.129130 0.567098 0.000000 
50.000000 47.488782 44.991713 42.522699 40.095171 37.721864 35.414609 33.184164 31.040055 28.990465 27.042142 25.200357 23.468880 21.849999 20.344565 18.952065 17.670711 16.497559 15.428629 14.459039 13.583142 12.794664 12.086836 11.452520 10.884321 10.374697 9.916051 9.500808 9.121488 8.770765 8.441520 8.126881 7.820275 7.515463 7.206590 6.888233 6.555459 6.203892 5.829783 5.430097 5.002590 4.545893 4.059586 3.544255 3.001511 2.433991 1.845293 1.239875 0.622893 0.000000 
50.000000 47.534735 45.083358 42.659521 40.276408 37.946519 35.681468 33.491812 31.386902 29.374766 27.462027 25.653851 23.953933 22.364510 20.886407 19.519104 18.260831 17.108673 16.058695 15.106070 14.245213 13.469912 12.773460 12.148770 11.588493 11.085113 10.631039 10.218680 9.840510 9.489123 9.157282 8.837964 8.524396 8.210102 7.888948 7.555196 7.203570 6.829331 6.428372 5.997313 5.533614 5.035688 4.503003 3.936174 3.337013 2.708547 2.054965 1.381506 0.694277 0.000000 
50.000000 47.590034 45.193644 42.824174 40.494511 38.216873 36.002611 33.862045 31.804310 29.837252 27.967340 26.199618 24.537689 22.983731 21.538536 20.201581 18.971112 17.844257 16.817136 15.884990 15.042310 14.282965 13.600322 12.987366 12.436803 11.941157 11.492850 11.084277 10.707862 10.356110 10.021650 9.697273 9.375971 9.050977 8.715812 8.364343 7.990856 7.590147 7.157629 6.689459 6.182682 5.635382 5.046832 4.417627 3.749786 3.046792 2.313563 1.556334 0.782438 0.000000 
50.000000 47.654731 45.322671 43.016807 40.749677 38.533170 36.378330 34.295197 32.292658 30.378344 28.558544 26.838160 25.220691 23.708242 22.301573 21.000153 19.802255 18.705055 17.704740 16.796636 15.975328 15.234780 14.568456 13.969428 13.430475 12.944174 12.502974 12.099261 11.725410 11.373830 11.037000 10.707503 10.378055 10.041545 9.691080 9.320046 8.922185 8.491702 8.023388 7.512785 6.956362 6.351726 5.697821 4.995136 4.245865 3.453997 2.625329 1.767333 0.888910 0.000000 
50.000000 47.728854 45.470499 43.237509 41.042025 38.895557 36.808801 34.791473 32.852178 30.998300 29.235924 27.569790 26.003275 24.538409 23.175908 21.915242 20.754713 19.691553 18.722035 17.841583 17.044894 16.326049 15.678629 15.095815 14.570479 14.095271 13.662679 13.265093 12.894847 12.544253 12.205629 11.871327 11.533755 11.185407 10.818904 10.427058 10.002948 9.540042 9.032342 8.474577 7.862436 7.192831 6.464190 5.676742 4.832771 3.936800 2.995642 2.018300 1.015660 0.000000 
50.000000 47.812404 45.637127 43.486279 41.371553 39.304034 37.294021 35.350872 33.482870 31.697123 29.999486 28.394516 26.885458 25.474253 24.161575 22.946894 21.828548 20.803839 19.869136 19.019982 18.251205 17.557029 16.931173 16.366951 15.857355 15.395127 14.972820 14.582843 14.217501 13.869016 13.529544 13.191193 12.846032 12.486112 12.103503 11.690343 11.238919 10.741798 10.191986 9.583163 8.909960 8.168312 7.355844 6.472279 5.519834 4.503524 3.431320 2.314080 1.165205 0.000000 
50.000000 47.905337 45.822470 43.762990 41.738094 39.758394 37.833748 35.973114 34.184419 32.474466 30.848853 29.311937 27.866815 26.515331 25.258117 24.094642 23.023289 22.041444 21.145587 20.331399 19.593864 18.927369 18.325803 17.782640 17.291019 16.843805 16.433639 16.052980 15.694121 15.349210 15.010250 14.669099 14.317472 13.946940 13.548954 13.114883 12.636091 12.104054 11.510548 10.847906 10.109358 9.289468 8.384652 7.393754 6.318629 5.164651 3.941043 2.660898 1.340799 0.000000 
50.000000 48.007561 46.026339 44.067362 42.141277 40.258176 38.427434 36.657568 34.956117 33.329544 31.783171 30.321133 28.946365 27.660611 26.464453 25.357367 24.337790 23.403200 22.550210 21.774658 21.071709 20.435942 19.861445 19.341885 18.870580 18.440553 18.044570 17.675167 17.324662 16.985153 16.648512 16.306359 15.950048 15.570650 15.158948 14.705453 14.200467 13.634184 12.996882 12.279193 11.472508 10.569504 9.564819 8.455846 7.243587 5.933474 4.535982 3.066849 1.546705 0.000000 
50.000000 48.118916 46.248422 44.398926 42.580480 40.802609 39.074164 37.403183 35.796777 34.261047 32.801010 31.420562 30.122465 28.908354 27.778761 26.733174 25.770089 24.887096 24.080955 23.347686 22.682661 22.080683 21.536069 21.042715 20.594160 20.183623 19.804036 19.448057 19.108071 18.776168 18.444122 18.103348 17.744859 17.359221 16.936520 16.466346 15.937813 15.339642 14.660318 13.888373 13.012821 12.023784 10.913336 9.676572 8.312843 6.827045 5.230718 3.542645 1.788605 0.000000 
50.000000 48.239174 46.488259 44.756999 43.054799 41.390575 39.772610 38.208424 36.704674 35.267062 33.900281 32.607972 31.392710 30.256014 29.198368 28.219272 27.317298 26.490155 25.734775 25.047383 24.423586 23.858442 23.346534 22.882029 22.458727 22.070092 21.709272 21.369101 21.042082 20.720359 20.395663 20.059255 19.701852 19.313548 18.883738 18.401057 17.853344 17.227668 16.510435 15.687637 14.745282 13.670093 12.450521 11.078139 9.549383 7.867531 6.044613 4.102747 2.074258 0.000000 
50.000000 48.368025 46.745236 45.140661 43.563016 42.020564 40.520978 39.071227 37.677477 36.345010 35.078170 33.880324 32.753853 31.700150 30.719655 29.811884 28.975492 28.208329 27.507514 26.869504 26.290169 25.764859 25.288462 24.855457 24.459954 24.095715 23.756162 23.434368 23.123027 22.814405 22.500272 22.171817 21.819539 21.433132 21.001356 20.511910 19.951326 19.304902 18.556713 17.689766 16.686373 15.528840 14.200616 12.688019 10.982610 9.084165 7.003891 4.767154 2.414539 0.000000 
50.000000 48.505077 47.018567 45.548739 44.103578 42.690649 41.316981 39.988955 38.712216 37.491599 36.331080 35.233736 34.201741 33.236364 32.337992 31.506170 30.739642 30.036417 29.393822 28.808571 28.276831 27.794274 27.356136 26.957256 26.592104 26.254799 25.939104 25.638404 25.345666 25.053373 24.753436 24.437082 24.094713 23.715746 23.288424 22.799613 22.234592 21.576863 20.808011 19.907686 18.853804 17.623114 16.192349 14.540204 12.650416 10.516062 8.144830 5.564294 2.825190 0.000000 
50.000000 48.649846 47.307289 45.979797 44.674580 43.398471 42.157816 40.958376 39.805247 38.702793 37.654601 36.663446 35.731285 34.859254 34.047694 33.296180 32.603562 31.968017 31.387105 30.857824 30.376663 29.939658 29.542434 29.180235 28.847950 28.540117 28.250911 27.974114 27.703061 27.430562 27.148796 26.849173 26.522165 26.157093 25.741880 25.262758 24.703938 24.047255 23.271816 22.353710 21.265889 19.978402 18.459289 16.676561 14.601846 12.216273 9.518766 6.535850 3.329869 0.000000 
50.000000 48.801759 47.610260 46.432129 45.273765 44.141231 43.040157 41.975656 40.952247 39.973802 39.043500 38.163801 37.336435 36.562405 35.842005 35.174845 34.559891 33.995508 33.479505 33.009189 32.581407 32.192592 31.838798 31.515726 31.218740 30.942862 30.682757 30.432695 30.186484 29.937388 29.678004 29.400104 29.094435 28.750474 28.356107 27.897255 27.357408 26.717080 25.953182 25.038361 23.940367 22.621664 21.039622 19.147933 16.900260 14.257495 11.200025 7.745132 3.965783 0.000000 
50.000000 48.960155 47.926161 46.903767 45.898525 44.915695 43.960164 43.036367 42.148224 41.299094 40.491732 39.728270 39.010206 38.338405 37.713113 37.133986 36.600114 36.110063 35.661914 35.253306 34.881471 34.543276 34.235247 33.953588 33.694195 33.452641 33.224162 33.003607 32.785375 32.563320 32.330623 32.079624 31.801601 31.486489 31.122518 30.695751 30.189497 29.583565 28.853338 27.968636 26.892408 25.579340 23.974727 22.014305 19.626520 16.739787 13.298580 9.292164 4.794794 0.000000 
50.000000 49.124289 48.253504 47.392489 46.545916 45.718217 44.913505 44.135514 43.387546 42.672426 41.992474 41.349484 40.744711 40.178882 39.652201 39.164367 38.714608 38.301706 37.924030 37.579573 37.265983 36.980590 36.720432 36.482264 36.262565 36.057529 35.863036 35.674613 35.487364 35.295877 35.094096 34.875153 34.631137 34.352803 34.029181 33.647058 33.190301 32.638937 31.967948 31.145643 30.131551 28.873722 27.305541 25.342538 22.880692 19.799871 15.979918 11.341909 5.927119 0.000000 
50.000000 49.293336 48.590648 47.895842 47.212690 46.544767 45.895392 45.267578 44.663988 44.086902 43.538189 43.019296 42.531234 42.074587 41.649515 41.255772 40.892729 40.559394 40.254444 39.976245 39.722884 39.492186 39.281734 39.088876 38.910728 38.744160 38.585774 38.431865 38.278352 38.120700 37.953795 37.771786 37.567875 37.334022 37.060567 36.735702 36.344755 35.869186 35.285184 34.561669 33.657440 32.517100 31.065323 29.199138 26.778631 23.619047 19.494353 14.178499 7.576816 0.000000 
50.000000 49.466404 48.935809 48.411166 47.895323 47.390978 46.900637 46.426576 45.970804 45.535042 45.120703 44.728875 44.360323 44.015485 43.694479 43.397119 43.122924 42.871141 42.640766 42.430558 42.239061 42.064623 41.905400 41.759371 41.624330 41.497879 41.377407 41.260054 41.142661 41.021695 40.893152 40.752418 40.594088 40.411717 40.197473 39.941670 39.632091 39.253031 38.783881 38.197023 37.454603 36.503512 35.267437 33.634206 31.435919 28.419653 24.212252 18.309151 10.205771 0.000000 
50.000000 49.642540 49.287091 48.935628 48.590061 48.252196 47.923712 47.606132 47.300805 47.008881 46.731306 46.468811 46.221905 45.990882 45.775820 45.576592 45.392876 45.224164 45.069781 44.928891 44.800515 44.683540 44.576723 44.478699 44.387977 44.302934 44.221797 44.142621 44.063249 43.981261 43.893900 43.797976 43.689730 43.564646 43.417199 43.240488 43.025714 42.761412 42.432284 42.017396 41.487264 40.799016 39.888011 38.652752 36.926658 34.423848 30.635239 24.646361 14.940266 0.000000 
50.000000 49.820748 49.642504 49.466260 49.292972 49.123545 48.958823 48.799570 48.646459 48.500070 48.360876 48.229242 48.105426 47.989573 47.881722 47.781810 47.689674 47.605060 47.527626 47.456955 47.392552 47.333857 47.280246 47.231030 47.185458 47.142711 47.101892 47.062016 47.021990 46.980582 46.936389 46.887778 46.832821 46.769191 46.694027 46.603735 46.493701 46.357861 46.188041 45.972892 45.696146 45.333547 44.847220 44.174565 43.204553 41.722250 39.264831 34.705028 24.911056 0.000000 
50.000000 50.000000 50.000000 50.000000 50.000000 50.000000 50.000000 50.000000 50.000000 50.000000 50.000000 50.000000 50.000000 50.000000 50.000000 50.000000 50.000000 50.000000 50.000000 50.000000 50.000000 50.000000 50.000000 50.000000 50.000000 50.000000 50.000000 50.000000 50.000000 50.000000 50.000000 50.000000 50.000000 50.000000 50.000000 50.000000 50.000000 50.000000 50.000000 50.000000 50.000000 50.000000 50.000000 50.000000 50.000000 50.000000 50.000000 50.000000 50.000000 50.000000 
