50.000000 50.000000 50.000000 50.000000 50.000000 50.000000 50.000000 50.000000 50.000000 50.000000 50.000000 50.000000 50.000000 50.000000 50.000000 50.000000 50.000000 50.000000 50.000000 50.000000 50.000000 50.000000 50.000000 50.000000 50.000000 50.000000 50.000000 50.000000 50.000000 50.000000 50.000000 50.000000 50.000000 50.000000 50.000000 50.000000 50.000000 50.000000 50.000000 50.000000 50.000000 50.000000 50.000000 50.000000 50.000000 50.000000 50.000000 50.000000 50.000000 50.000000 
50.000000 49.707098 49.416891 49.131999 48.854897 48.587850 48.332858 48.091615 47.865474 47.655433 47.462134 47.285870 47.126604 46.984008 46.857490 46.746244 46.649294 46.565533 46.493770 46.432768 46.381273 46.338042 46.301862 46.271560 46.246006 46.224109 46.204804 46.187028 46.169695 46.151652 46.131631 46.108180 46.079579 46.043726 45.997990 45.938994 45.862323 45.762080 45.630216 45.455467 45.221591 44.904306 44.465655 43.842894 42.924798 41.496184 39.093934 34.590444 24.853566 0.000000 
50.000000 49.416893 48.839151 48.271990 47.720338 47.188702 46.681067 46.200802 45.750602 45.332455 44.947638 44.596732 44.279669 43.995790 43.743921 43.522458 43.329453 43.162708 43.019853 42.898422 42.795923 42.709884 42.637893 42.577617 42.526815 42.483320 42.445022 42.409823 42.375578 42.340023 42.300671 42.254688 42.198729 42.128727 42.039609 41.924909 41.776221 41.582410 41.328434 40.993520 40.548244 39.949680 39.133024 37.996497 36.373133 33.976558 30.297107 24.419650 14.826519 0.000000 
50.000000 49.132008 48.272002 47.427747 46.606576 45.815203 45.059556 44.344651 43.674499 43.052062 42.479238 41.956894 41.484927 41.062359 40.687441 40.357785 40.070496 39.822300 39.609672 39.428945 39.276411 39.148397 39.041319 38.951716 38.876262 38.811753 38.755073 38.703134 38.652794 38.600748 38.543389 38.476633 38.395689 38.294773 38.166727 38.002508 37.790482 37.515435 37.157138 36.688214 36.070898 35.252008 34.154990 32.667263 30.620358 27.760628 23.714063 17.975127 10.038184 0.000000 
50.000000 48.854921 47.720377 46.606612 45.523301 44.479300 43.482430 42.539307 41.655226 40.834091 40.078407 39.389320 38.766693 38.209235 37.714642 37.279764 36.900783 36.573383 36.292915 36.054549 35.853400 35.684630 35.543523 35.425532 35.326295 35.241616 35.167431 35.099728 35.034448 34.967352 34.893845 34.808769 34.706128 34.578754 34.417866 34.212500 33.948750 33.608722 33.169105 32.599137 31.857742 30.889430 29.618570 27.941660 25.718050 22.762051 18.846520 13.744148 7.358894 0.000000 
50.000000 48.587902 47.188795 45.815312 44.479385 43.191935 41.962606 40.799560 39.709322 38.696710 37.764813 36.915042 36.147233 35.459792 34.849878 34.313612 33.846286 33.442580 33.096769 32.802902 32.554965 32.347007 32.173231 32.028057 31.906140 31.802359 31.711769 31.629516 31.550724 31.470338 31.382939 31.282498 31.162090 31.013533 30.826933 30.590112 30.287873 29.901040 29.405206 28.769081 27.952347 26.902954 25.553923 23.820151 21.596731 18.762405 15.195678 10.816110 5.663318 0.000000 
50.000000 48.332956 46.681249 45.059792 43.482672 41.962782 40.511507 39.138481 37.851410 36.655980 35.555840 34.552655 33.646233 32.834692 32.114682 31.481624 30.929964 30.453428 30.045264 29.698456 29.405919 29.160646 28.955821 28.784892 28.641599 28.519964 28.414241 28.318827 28.228135 28.136432 28.037638 27.925073 27.791166 27.627094 27.422344 27.164192 26.837044 26.421643 25.894095 25.224693 24.376579 23.304335 21.952844 20.257124 18.144606 15.542416 12.393491 8.685353 4.490351 0.000000 
50.000000 48.091785 46.201126 44.345094 42.539813 40.800041 39.138812 37.567153 36.093885 34.725518 33.466226 32.317920 31.280378 30.351449 29.527300 28.802694 28.171277 27.625874 27.158764 26.761933 26.427285 26.146824 25.912783 25.717707 25.554495 25.416388 25.296923 25.189843 25.088964 24.988010 24.880407 24.759035 24.615943 24.442008 24.226544 23.956843 23.617642 23.190517 22.653206 21.978899 21.135582 20.085617 18.785932 17.189431 15.248656 12.923076 10.191376 7.068906 3.626520 0.000000 
50.000000 47.865755 45.751145 43.675264 41.656146 39.710297 37.852296 36.094474 34.446700 32.916252 31.507804 30.223490 29.063065 28.024125 27.102386 26.291993 25.585846 24.975929 24.453617 24.009960 23.635928 23.322606 23.061346 22.843868 22.662300 22.509185 22.377432 22.260224 22.150890 22.042739 21.928859 21.801881 21.653708 21.475212 21.255888 20.983486 20.643599 20.219241 19.690442 19.033905 18.222860 17.227266 16.014701 14.552339 12.810612 10.769116 8.424946 5.802543 2.961974 0.000000 
50.000000 47.655880 45.333326 43.053310 40.835639 38.698443 36.657734 34.727057 32.917250 31.236310 29.689369 28.278772 27.004253 25.863172 24.850828 23.960795 23.185281 22.515491 21.941964 21.454890 21.044373 20.700657 20.414290 20.176237 19.977940 19.811323 19.668747 19.542930 19.426815 19.313416 19.195621 19.065971 18.916418 18.738054 18.520828 18.253250 17.922102 17.512171 17.006052 16.384081 15.624492 14.703967 13.598772 12.286735 10.750343 8.981068 6.984674 4.786540 2.435004 0.000000 
50.000000 47.462824 44.948990 42.481198 40.080886 37.767677 35.558902 33.469223 31.510370 29.690999 28.016666 26.489911 25.110445 23.875416 22.779739 21.816462 20.977161 20.252326 19.631732 19.104779 18.660785 18.289227 17.979925 17.723171 17.509792 17.331171 17.179204 17.046228 16.924895 16.808021 16.688410 16.558644 16.410871 16.236569 16.026316 15.769569 15.454467 15.067686 14.594394 14.018347 13.322223 12.488288 11.499534 10.341401 9.004174 7.485978 5.796038 3.957456 2.008336 0.000000 
50.000000 47.286909 44.598780 41.959885 39.393149 36.919557 34.557640 32.323078 30.228414 28.282906 26.492494 24.859898 23.384809 22.064182 20.892581 19.862579 18.965176 18.190212 17.526770 16.963537 16.489118 16.092302 15.762257 15.488673 15.261841 15.072674 14.912680 14.773888 14.648737 14.529936 14.410291 14.282524 14.139079 13.971928 13.772379 13.530918 13.237081 12.879402 12.445452 11.922030 11.295562 10.552765 9.681654 8.672934 7.521759 6.229742 4.806905 3.273070 1.658042 0.000000 
50.000000 47.128144 44.282711 41.489392 38.772457 36.154116 33.653987 31.288666 29.071433 27.012086 25.116915 23.388798 21.827414 20.429540 19.189426 18.099217 17.149395 16.329217 15.627143 15.031220 14.529418 14.109910 13.761287 13.472711 13.234004 13.035678 12.868920 12.725519 12.597769 12.478333 12.360089 12.235967 12.098770 11.941017 11.754785 11.531595 11.262335 10.937261 10.546088 10.078217 9.523126 8.870973 8.113430 7.244747 6.263013 5.171470 3.979654 2.704056 1.367931 0.000000 
50.000000 46.986253 44.000233 41.068905 38.217733 35.470029 32.846377 30.364196 28.037421 25.876336 23.887542 22.074061 20.435558 18.968652 17.667317 16.523313 15.526661 14.666099 13.929535 13.304446 12.778240 12.338547 11.973451 11.671653 11.422572 11.216383 11.044009 10.897055 10.767723 10.648681 10.532927 10.413633 10.283997 10.137098 9.965773 9.762530 9.519505 9.228493 8.881057 8.468752 7.983484 7.418014 6.766617 6.025884 5.195590 4.279546 3.286259 2.229203 1.126517 0.000000 
50.000000 46.860720 43.750323 40.696895 37.726964 34.864810 32.131878 29.546310 27.122624 24.871531 22.799910 20.910910 19.204182 17.676210 16.320719 15.129135 14.091068 13.194801 12.427754 11.776907 11.229171 10.771704 10.392149 10.078810 9.820762 9.607899 9.430928 9.281320 9.151224 9.033349 8.920839 8.807131 8.685818 8.550525 8.394806 8.212076 7.995586 7.738462 7.433820 7.074963 6.655687 6.170690 5.616075 4.989935 4.292950 3.528930 2.705182 1.832592 0.925311 0.000000 
50.000000 46.750838 43.531570 40.371265 37.297381 34.335047 31.506459 28.830395 26.321880 23.992003 21.847883 19.892781 18.126339 16.544920 15.142032 13.908809 12.834505 11.907005 11.113304 10.439948 9.873420 9.400469 9.008358 8.685052 8.419335 8.200869 8.020190 7.868672 7.738438 7.622266 7.513455 7.405709 7.293001 7.169467 7.029316 6.866769 6.676045 6.451400 6.187224 5.878215 5.519619 5.107556 4.639393 4.114165 3.532976 2.899345 2.219402 1.501874 0.757808 0.000000 
50.000000 46.655756 43.342282 40.089497 36.925661 33.876641 30.965282 28.210912 25.628996 23.230948 21.024096 19.011799 17.193689 15.566025 14.122132 12.852887 11.747240 10.792731 9.975990 9.283189 8.700447 8.214159 7.811267 7.479449 7.207248 6.984133 6.800508 6.647675 6.517759 6.403611 6.298694 6.196962 6.092744 5.980637 5.855430 5.712044 5.545522 5.351056 5.124068 4.860349 4.556250 4.208920 3.816590 3.378862 2.896983 2.374058 1.815145 1.227207 0.618869 0.000000 
50.000000 46.574536 43.180588 39.848803 36.608130 33.485061 30.502998 27.681737 25.037121 22.580841 20.320403 18.259250 16.397007 14.729845 13.250929 11.950921 10.818510 9.840943 9.004540 8.295158 7.698601 7.200972 6.788939 6.449943 6.172326 5.945401 5.759470 5.605786 5.476487 5.364505 5.263458 5.167530 5.071368 4.969978 4.858648 4.732896 4.588449 4.421263 4.227584 4.004052 3.747842 3.456850 3.129883 2.766873 2.369049 1.939072 1.481070 1.000580 0.504345 0.000000 
50.000000 46.506196 43.044538 39.646284 36.340958 33.155585 30.114031 27.236489 24.539117 22.033841 19.728318 17.626059 15.726684 14.026291 12.517911 11.192025 10.037102 9.040147 8.187217 7.463904 6.855754 6.348623 5.928954 5.583990 5.301912 5.071909 4.884202 4.730011 4.601499 4.491675 4.394296 4.303756 4.214976 4.123312 4.024477 3.914481 3.789613 3.646442 3.481862 3.293161 3.078132 2.835197 2.563549 2.263294 1.935565 1.582597 1.207741 0.815392 0.410834 0.000000 
50.000000 46.449768 42.932200 39.479061 36.120352 32.883533 29.792857 26.868843 24.127911 21.582179 19.239429 17.103231 15.173197 13.445367 11.912662 10.565413 9.391909 8.378953 7.512388 6.777589 6.159890 5.644943 5.219010 4.869175 4.583486 4.351037 4.161985 4.007534 3.879869 3.772073 3.678027 3.592302 3.510053 3.426930 3.338991 3.242653 3.134651 3.012039 2.872211 2.712946 2.532491 2.329639 2.103836 1.855268 1.584939 1.294708 0.987287 0.666176 0.335534 0.000000 
50.000000 46.404332 42.841747 39.344415 35.942723 32.664481 29.534253 26.572821 23.796816 21.218509 18.845786 16.682260 14.727542 12.977622 11.425333 10.060886 8.872425 7.846592 6.969057 6.225023 5.599650 5.078433 4.647487 4.293769 4.005225 3.770873 3.580826 3.426277 3.299434 3.193444 3.102292 3.020698 2.944008 2.868109 2.789339 2.704432 2.610477 2.504898 2.385470 2.250339 2.098077 1.927739 1.738931 1.531865 1.307413 1.067120 0.813189 0.548427 0.276141 0.000000 
50.000000 46.369064 42.771535 39.239900 35.804842 32.494446 29.333517 26.343041 23.539810 20.936219 18.540230 16.355492 14.381615 12.614549 11.047060 9.669265 8.469198 7.433373 6.547330 5.796134 5.164817 4.638748 4.203929 3.847224 3.556498 3.320714 3.129953 2.975400 2.849286 2.744811 2.656043 2.577819 2.505638 2.435568 2.364164 2.288405 2.205643 2.113583 2.010277 1.894139 1.763971 1.619006 1.458949 1.284013 1.094950 0.893053 0.680138 0.458494 0.230797 0.000000 
50.000000 46.343261 42.720168 39.163436 35.703969 32.370049 29.186659 26.174933 23.351785 20.729696 18.316686 16.116430 14.128536 12.348927 10.770319 9.382761 8.174204 7.131072 6.238807 5.482377 4.846717 4.317107 3.879468 3.520592 3.228290 2.991485 2.800235 2.645722 2.520195 2.416893 2.329949 2.254286 2.185513 2.119835 2.053963 1.985051 1.910641 1.828637 1.737285 1.635183 1.521292 1.394959 1.255949 1.104465 0.941162 0.767148 0.583959 0.393512 0.198041 0.000000 
50.000000 46.326376 42.686552 39.113396 35.637954 32.288640 29.090551 26.064919 23.228736 20.594542 18.170392 15.959982 13.962915 12.175098 10.589213 9.195267 7.981155 6.933242 6.036907 5.277054 4.638556 4.106632 3.667153 3.306864 3.013541 2.776080 2.584526 2.430060 2.304942 2.202440 2.116727 2.042784 1.976294 1.913550 1.851365 1.787005 1.718137 1.642790 1.559334 1.466482 1.363292 1.249183 1.123950 0.987786 0.841280 0.685417 0.521549 0.351360 0.176797 0.000000 
50.000000 46.318029 42.669935 39.088661 35.605323 32.248399 29.043044 26.010538 23.167912 20.527735 18.098078 15.882648 13.881048 12.089173 10.499692 9.102587 7.885730 6.835454 5.937108 5.175564 4.535663 4.002597 3.562210 3.201225 2.907400 2.669619 2.477920 2.323483 2.198575 2.096477 2.011384 1.938305 1.872959 1.811683 1.751340 1.689252 1.623146 1.551111 1.471580 1.383320 1.285434 1.177374 1.058953 0.930353 0.792132 0.645211 0.490856 0.330633 0.166353 0.000000 
50.000000 46.318029 42.669935 39.088661 35.605323 32.248399 29.043044 26.010538 23.167912 20.527735 18.098078 15.882648 13.881048 12.089173 10.499692 9.102587 7.885730 6.835454 5.937108 5.175564 4.535663 4.002597 3.562210 3.201225 2.907400 2.669619 2.477920 2.323483 2.198575 2.096477 2.011384 1.938305 1.872959 1.811683 1.751340 1.689252 1.623146 1.551111 1.471580 1.383320 1.285434 1.177374 1.058953 0.930353 0.792132 0.645211 0.490856 0.330633 0.166353 0.000000 
50.000000 46.326376 42.686552 39.113396 35.637954 32.288640 29.090551 26.064919 23.228736 20.594542 18.170392 15.959982 13.962915 12.175098 10.589213 9.195267 7.981155 6.933242 6.036907 5.277054 4.638556 4.106632 3.667153 3.306864 3.013541 2.776080 2.584526 2.430060 2.304942 2.202440 2.116727 2.042784 1.976294 1.913550 1.851365 1.787005 1.718137 1.642790 1.559334 1.466482 1.363292 1.249183 1.123950 0.987786 0.841280 0.685417 0.521549 0.351360 0.176797 0.000000 
50.000000 46.343261 42.720168 39.163436 35.703969 32.370049 29.186659 26.174933 23.351785 20.729696 18.316686 16.116430 14.128536 12.348927 10.770319 9.382761 8.174204 7.131072 6.238807 5.482377 4.846717 4.317107 3.879468 3.520592 3.228290 2.991485 2.800235 2.645722 2.520195 2.416893 2.329949 2.254286 2.185513 2.119835 2.053963 1.985051 1.910641 1.828637 1.737285 1.635183 1.521292 1.394959 1.255949 1.104465 0.941162 0.767148 0.583959 0.393512 0.198041 0.000000 
50.000000 46.369064 42.771535 39.239900 35.804842 32.494446 29.333517 26.343041 23.539810 20.936219 18.540230 16.355492 14.381615 12.614549 11.047060 9.669265 8.469198 7.433373 6.547330 5.796134 5.164817 4.638748 4.203929 3.847224 3.556498 3.320714 3.129953 2.975400 2.849286 2.744811 2.656043 2.577819 2.505638 2.435568 2.364164 2.288405 2.205643 2.113583 2.010277 1.894139 1.763971 1.619006 1.458949 1.284013 1.094950 0.893053 0.680138 0.458494 0.230797 0.000000 
50.000000 46.404332 42.841747 39.344415 35.942723 32.664481 29.534253 26.572821 23.796816 21.218509 18.845786 16.682260 14.727542 12.977622 11.425333 10.060886 8.872425 7.846592 6.969057 6.225023 5.599650 5.078433 4.647487 4.293769 4.005225 3.770873 3.580826 3.426277 3.299434 3.193444 3.102292 3.020698 2.944008 2.868109 2.789339 2.704432 2.610477 2.504898 2.385470 2.250339 2.098077 1.927739 1.738931 1.531865 1.307413 1.067120 0.813189 0.548427 0.276141 0.000000 
50.000000 46.449768 42.932200 39.479061 36.120352 32.883533 29.792857 26.868843 24.127911 21.582179 19.239429 17.103231 15.173197 13.445367 11.912662 10.565413 9.391909 8.378953 7.512388 6.777589 6.159890 5.644943 5.219010 4.869175 4.583486 4.351037 4.161985 4.007534 3.879869 3.772073 3.678027 3.592302 3.510053 3.426930 3.338991 3.242653 3.134651 3.012039 2.872211 2.712946 2.532491 2.329639 2.103836 1.855268 1.584939 1.294708 0.987287 0.666176 0.335534 0.000000 
50.000000 46.506196 43.044538 39.646284 36.340958 33.155585 30.114031 27.236489 24.539117 22.033841 19.728318 17.626059 15.726684 14.026291 12.517911 11.192025 10.037102 9.040147 8.187217 7.463904 6.855754 6.348623 5.928954 5.583990 5.301912 5.071909 4.884202 4.730011 4.601499 4.491675 4.394296 4.303756 4.214976 4.123312 4.024477 3.914481 3.789613 3.646442 3.481862 3.293161 3.078132 2.835197 2.563549 2.263294 1.935565 1.582597 1.207741 0.815392 0.410834 0.000000 
50.000000 46.574536 43.180588 39.848803 36.608130 33.485061 30.502998 27.681737 25.037121 22.580841 20.320403 18.259250 16.397007 14.729845 13.250929 11.950921 10.818510 9.840943 9.004540 8.295158 7.698601 7.200972 6.788939 6.449943 6.172326 5.945401 5.759470 5.605786 5.476487 5.364505 5.263458 5.167530 5.071368 4.969978 4.858648 4.732896 4.588449 4.421263 4.227584 4.004052 3.747842 3.456850 3.129883 2.766873 2.369049 1.939072 1.481070 1.000580 0.504345 0.000000 
50.000000 46.655756 43.342282 40.089497 36.925661 33.876641 30.965282 28.210912 25.628996 23.230948 21.024096 19.011799 17.193689 15.566025 14.122132 12.852887 11.747240 10.792731 9.975990 9.283189 8.700447 8.214159 7.811267 7.479449 7.207248 6.984133 6.800508 6.647675 6.517759 6.403611 6.298694 6.196962 6.092744 5.980637 5.855430 5.712044 5.545522 5.351056 5.124068 4.860349 4.556250 4.208920 3.816590 3.378862 2.896983 2.374058 1.815145 1.227207 0.618869 0.000000 
50.000000 46.750838 43.531570 40.371265 37.297381 34.335047 31.506459 28.830395 26.321880 23.992003 21.847883 19.892781 18.126339 16.544920 15.142032 13.908809 12.834505 11.907005 11.113304 10.439948 9.873420 9.400469 9.008358 8.685052 8.419335 8.200869 8.020190 7.868672 7.738438 7.622266 7.513455 7.405709 7.293001 7.169467 7.029316 6.866769 6.676045 6.451400 6.187224 5.878215 5.519619 5.107556 4.639393 4.114165 3.532976 2.899345 2.219402 1.501874 0.757808 0.000000 
50.000000 46.860720 43.750323 40.696895 37.726964 34.864810 32.131878 29.546310 27.122624 24.871531 22.799910 20.910910 19.204182 17.676210 16.320719 15.129135 14.091068 13.194801 12.427754 11.776907 11.229171 10.771704 10.392149 10.078810 9.820762 9.607899 9.430928 9.281320 9.151224 9.033349 8.920839 8.807131 8.685818 8.550525 8.394806 8.212076 7.995586 7.738462 7.433820 7.074963 6.655687 6.170690 5.616075 4.989935 4.292950 3.528930 2.705182 1.832592 0.925311 0.000000 
50.000000 46.986253 44.000233 41.068905 38.217733 35.470029 32.846377 30.364196 28.037421 25.876336 23.887542 22.074061 20.435558 18.968652 17.667317 16.523313 15.526661 14.666099 13.929535 13.304446 12.778240 12.338547 11.973451 11.671653 11.422572 11.216383 11.044009 10.897055 10.767723 10.648681 10.532927 10.413633 10.283997 10.137098 9.965773 9.762530 9.519505 9.228493 8.881057 8.468752 7.983484 7.418014 6.766617 6.025884 5.195590 4.279546 3.286259 2.229203 1.126517 0.000000 
50.000000 47.128144 44.282711 41.489392 38.772457 36.154116 33.653987 31.288666 29.071433 27.012086 25.116915 23.388798 21.827414 20.429540 19.189426 18.099217 17.149395 16.329217 15.627143 15.031220 14.529418 14.109910 13.761287 13.472711 13.234004 13.035678 12.868920 12.725519 12.597769 12.478333 12.360089 12.235967 12.098770 11.941017 11.754785 11.531595 11.262335 10.937261 10.546088 10.078217 9.523126 8.870973 8.113430 7.244747 6.263013 5.171470 3.979654 2.704056 1.367931 0.000000 
50.000000 47.286909 44.598780 41.959885 39.393149 36.919557 34.557640 32.323078 30.228414 28.282906 26.492494 24.859898 23.384809 22.064182 20.892581 19.862579 18.965176 18.190212 17.526770 16.963537 16.489118 16.092302 15.762257 15.488673 15.261841 15.072674 14.912680 14.773888 14.648737 14.529936 14.410291 14.282524 14.139079 13.971928 13.772379 13.530918 13.237081 12.879402 12.445452 11.922030 11.295562 10.552765 9.681654 8.672934 7.521759 6.229742 4.806905 3.273070 1.658042 0.000000 
50.000000 47.462824 44.948990 42.481198 40.080886 37.767677 35.558902 33.469223 31.510370 29.690999 28.016666 26.489911 25.110445 23.875416 22.779739 21.816462 20.977161 20.252326 19.631732 19.104779 18.660785 18.289227 17.979925 17.723171 17.509792 17.331171 17.179204 17.046228 16.924895 16.808021 16.688410 16.558644 16.410871 16.236569 16.026316 15.769569 15.454467 15.067686 14.594394 14.018347 13.322223 12.488288 11.499534 10.341401 9.004174 7.485978 5.796038 3.957456 2.008336 0.000000 
50.000000 47.655880 45.333326 43.053310 40.835639 38.698443 36.657734 34.727057 32.917250 31.236310 29.689369 28.278772 27.004253 25.863172 24.850828 23.960795 23.185281 22.515491 21.941964 21.454890 21.044373 20.700657 20.414290 20.176237 19.977940 19.811323 19.668747 19.542930 19.426815 19.313416 19.195621 19.065971 18.916418 18.738054 18.520828 18.253250 17.922102 17.512171 17.006052 16.384081 15.624492 14.703967 13.598772 12.286735 10.750343 8.981068 6.984674 4.786540 2.435004 0.000000 
50.000000 47.865755 45.751145 43.675264 41.656146 39.710297 37.852296 36.094474 34.446700 32.916252 31.507804 30.223490 29.063065 28.024125 27.102386 26.291993 25.585846 24.975929 24.453617 24.009960 23.635928 23.322606 23.061346 22.843868 22.662300 22.509185 22.377432 22.260224 22.150890 22.042739 21.928859 21.801881 21.653708 21.475212 21.255888 20.983486 20.643599 20.219241 19.690442 19.033905 18.222860 17.227266 16.014701 14.552339 12.810612 10.769116 8.424946 5.802543 2.961974 0.000000 
50.000000 48.091785 46.201126 44.345094 42.539813 40.800041 39.138812 37.567153 36.093885 34.725518 33.466226 32.317920 31.280378 30.351449 29.527300 28.802694 28.171277 27.625874 27.158764 26.761933 26.427285 26.146824 25.912783 25.717707 25.554495 25.416388 25.296923 25.189843 25.088964 24.988010 24.880407 24.759035 24.615943 24.442008 24.226544 23.956843 23.617642 23.190517 22.653206 21.978899 21.135582 20.085617 18.785932 17.189431 15.248656 12.923076 10.191376 7.068906 3.626520 0.000000 
50.000000 48.332956 46.681249 45.059792 43.482672 41.962782 40.511507 39.138481 37.851410 36.655980 35.555840 34.552655 33.646233 32.834692 32.114682 31.481624 30.929964 30.453428 30.045264 29.698456 29.405919 29.160646 28.955821 28.784892 28.641599 28.519964 28.414241 28.318827 28.228135 28.136432 28.037638 27.925073 27.791166 27.627094 27.422344 27.164192 26.837044 26.421643 25.894095 25.224693 24.376579 23.304335 21.952844 20.257124 18.144606 15.542416 12.393491 8.685353 4.490351 0.000000 
50.000000 48.587902 47.188795 45.815312 44.479385 43.191935 41.962606 40.799560 39.709322 38.696710 37.764813 36.915042 36.147233 35.459792 34.849878 34.313612 33.846286 33.442580 33.096769 32.802902 32.554965 32.347007 32.173231 32.028057 31.906140 31.802359 31.711769 31.629516 31.550724 31.470338 31.382939 31.282498 31.162090 31.013533 30.826933 30.590112 30.287873 29.901040 29.405206 28.769081 27.952347 26.902954 25.553923 23.820151 21.596731 18.762405 15.195678 10.816110 5.663318 0.000000 
50.000000 48.854921 47.720377 46.606612 45.523301 44.479300 43.482430 42.539307 41.655226 40.834091 40.078407 39.389320 38.766693 38.209235 37.714642 37.279764 36.900783 36.573383 36.292915 36.054549 35.853400 35.684630 35.543523 35.425532 35.326295 35.241616 35.167431 35.099728 35.034448 34.967352 34.893845 34.808769 34.706128 34.578754 34.417866 34.212500 33.948750 33.608722 33.169105 32.599137 31.857742 30.889430 29.618570 27.941660 25.718050 22.762051 18.846520 13.744148 7.358894 0.000000 
50.000000 49.132008 48.272002 47.427747 46.606576 45.815203 45.059556 44.344651 43.674499 43.052062 42.479238 41.956894 41.484927 41.062359 40.687441 40.357785 40.070496 39.822300 39.609672 39.428945 39.276411 39.148397 39.041319 38.951716 38.876262 38.811753 38.755073 38.703134 38.652794 38.600748 38.543389 38.476633 38.395689 38.294773 38.166727 38.002508 37.790482 37.515435 37.157138 36.688214 36.070898 35.252008 34.154990 32.667263 30.620358 27.760628 23.714063 17.975127 10.038184 0.000000 
50.000000 49.416893 48.839151 48.271990 47.720338 47.188702 46.681067 46.200802 45.750602 45.332455 44.947638 44.596732 44.279669 43.995790 43.743921 43.522458 43.329453 43.162708 43.019853 42.898422 42.795923 42.709884 42.637893 42.577617 42.526815 42.483320 42.445022 42.409823 42.375578 42.340023 42.300671 42.254688 42.198729 42.128727 42.039609 41.924909 41.776221 41.582410 41.328434 40.993520 40.548244 39.949680 39.133024 37.996497 36.373133 33.976558 30.297107 24.419650 14.826519 0.000000 
50.000000 49.707098 49.416891 49.131999 48.854897 48.587850 48.332858 48.091615 47.865474 47.655433 47.462134 47.285870 47.126604 46.984008 46.857490 46.746244 46.649294 46.565533 46.493770 46.432768 46.381273 46.338042 46.301862 46.271560 46.246006 46.224109 46.204804 46.187028 46.169695 46.151652 46.131631 46.108180 46.079579 46.043726 45.997990 45.938994 45.862323 45.762080 45.630216 45.455467 45.221591 44.904306 44.465655 43.842894 42.924798 41.496184 39.093934 34.590444 24.853566 0.000000 
50.000000 50.000000 50.000000 50.000000 50.000000 50.000000 50.000000 50.000000 50.000000 50.000000 50.000000 50.000000 50.000000 50.000000 50.000000 50.000000 50.000000 50.000000 50.000000 50.000000 50.000000 50.000000 50.000000 50.000000 50.000000 50.000000 50.000000 50.000000 50.000000 50.000000 50.000000 50.000000 50.000000 50.000000 50.000000 50.000000 50.000000 50.000000 50.000000 50.000000 50.000000 50.000000 50.000000 50.000000 50.000000 50.000000 50.000000 50.000000 50.000000 50.000000 
