50.000000 50.000000 50.000000 50.000000 50.000000 50.000000 50.000000 50.000000 50.000000 50.000000 50.000000 50.000000 50.000000 50.000000 50.000000 50.000000 50.000000 50.000000 50.000000 50.000000 50.000000 50.000000 50.000000 50.000000 50.000000 50.000000 50.000000 50.000000 50.000000 50.000000 50.000000 50.000000 50.000000 50.000000 50.000000 50.000000 50.000000 50.000000 50.000000 50.000000 50.000000 50.000000 50.000000 50.000000 50.000000 50.000000 50.000000 50.000000 50.000000 50.000000 
50.000000 49.555503 49.117211 48.691070 48.282524 47.896307 47.536288 47.205360 46.905403 46.637294 46.400975 46.195559 46.019473 45.870610 45.746491 45.644422 45.561632 45.495391 45.443103 45.402374 45.371054 45.347253 45.329348 45.315959 45.305931 45.298291 45.292210 45.286954 45.281832 45.276139 45.269088 45.259734 45.246873 45.228924 45.203766 45.168512 45.119206 45.050357 44.954264 44.819923 44.631262 44.364054 43.980273 43.416975 42.562600 41.201498 38.869962 34.439691 24.777752 0.000000 
50.000000 49.117211 48.246747 47.400414 46.589024 45.821983 45.106970 44.449735 43.854009 43.321535 42.852196 42.444233 42.094519 41.798871 41.552367 41.349655 41.185232 41.053676 40.949831 40.868945 40.806744 40.759481 40.723928 40.697352 40.677456 40.662315 40.650287 40.639924 40.629868 40.618738 40.605000 40.586821 40.561877 40.527126 40.478502 40.410506 40.315632 40.183550 39.999898 39.744420 39.388022 38.887887 38.179078 37.159422 35.661296 33.397408 29.856933 24.123374 14.677521 0.000000 
50.000000 48.691070 47.400414 46.145538 44.942474 43.805167 42.745002 41.770506 40.887212 40.097702 39.401805 38.796911 38.278385 37.840023 37.474527 37.173964 36.930173 36.735115 36.581147 36.461220 36.369002 36.298937 36.246243 36.206870 36.177420 36.155047 36.137333 36.122150 36.107518 36.091437 36.071703 36.045701 36.010139 35.960739 35.891818 35.795746 35.662208 35.477167 35.221383 34.868239 34.380451 33.704997 32.765128 31.447692 29.583261 26.916853 23.072771 17.543482 9.821109 0.000000 
50.000000 48.282524 46.589025 44.942475 43.363909 41.871623 40.480559 39.201903 38.042914 37.006983 36.093883 35.300191 34.619825 34.044643 33.565072 33.170700 32.850820 32.594885 32.392867 32.235519 32.114534 32.022623 31.953518 31.901912 31.863359 31.834140 31.811108 31.791509 31.772800 31.752439 31.727658 31.695200 31.651014 31.589874 31.504903 31.386961 31.223836 30.999150 30.690863 30.269190 29.693672 28.909027 27.839374 26.380483 24.390477 21.681958 18.025627 13.191620 7.081027 0.000000 
50.000000 47.896308 45.821985 43.805169 41.871625 40.043764 38.339887 36.773697 35.354085 34.085203 32.966775 31.994607 31.161248 30.456727 29.869318 29.386267 28.994461 28.680981 28.433545 28.240828 28.092660 27.980116 27.895526 27.832400 27.785310 27.749726 27.721829 27.698303 27.676116 27.652273 27.623561 27.586249 27.535752 27.466221 27.370043 27.237225 27.054594 26.804783 26.464903 26.004826 25.384973 24.553543 23.443262 21.968164 20.021891 17.481160 14.221916 10.160694 5.333711 0.000000 
50.000000 47.536290 45.106974 42.745007 40.480564 38.339891 36.344422 34.510203 32.847648 31.361619 30.051792 28.913256 27.937285 27.112202 26.424272 25.858562 25.399712 25.032595 24.742828 24.517151 24.343656 24.211900 24.112907 24.039093 23.984123 23.942724 23.910474 23.883565 23.858551 23.832084 23.800630 23.760152 23.705760 23.631299 23.528864 23.388211 23.196052 22.935180 22.583423 22.112393 21.486067 20.659312 19.576684 18.172231 16.371754 14.100099 11.297327 7.947559 4.119318 0.000000 
50.000000 47.205364 44.449743 41.770517 39.201915 36.773709 34.510212 32.429624 30.543760 28.858134 27.372378 26.080921 24.973866 24.037966 23.257642 22.615955 22.095484 21.679069 21.350399 21.094435 20.897675 20.748281 20.636084 20.552498 20.490366 20.443748 20.407689 20.377959 20.350779 20.322542 20.289514 20.247508 20.191540 20.115433 20.011366 19.869357 19.676662 19.417100 19.070291 18.610862 18.007711 17.223515 16.214853 14.933583 13.330485 11.362567 9.005407 6.270676 3.225097 0.000000 
50.000000 46.905410 43.854023 40.887232 38.042940 35.354113 32.847674 30.543779 28.455508 26.588968 24.943751 23.513689 22.287821 21.251479 20.387412 19.676864 19.100542 18.639449 18.275524 17.992118 17.774286 17.608927 17.484796 17.392407 17.323866 17.272644 17.233323 17.201322 17.172607 17.143398 17.109863 17.067808 17.012328 16.937454 16.835746 16.697857 16.512061 16.263751 15.934948 15.503881 14.944744 14.227835 13.320373 12.188440 10.800626 9.133953 7.182264 4.966155 2.541365 0.000000 
50.000000 46.637308 43.321561 40.097740 37.007031 34.085259 31.361677 28.858187 26.589004 24.560764 22.773021 21.219075 19.887014 18.760899 17.821985 17.049891 16.423655 15.922633 15.527204 15.219279 14.982627 14.803021 14.668257 14.568052 14.493862 14.438646 14.396594 14.362837 14.333155 14.303668 14.270543 14.229676 14.176385 14.105073 14.008889 13.879368 13.706072 13.476252 13.174562 12.782912 12.280537 11.644474 10.850629 9.875723 8.700371 7.313424 5.717336 3.933570 2.006060 0.000000 
50.000000 46.400998 42.852242 39.401873 36.093971 32.966878 30.051905 27.372493 24.943854 22.773091 20.859728 19.196592 17.770934 16.565696 15.560814 14.734476 14.064249 13.528039 13.104848 12.775323 12.522096 12.329953 12.185850 12.078805 11.999711 11.941087 11.896796 11.861744 11.831579 11.802387 11.770394 11.731675 11.681856 11.615824 11.527437 11.409237 11.252193 11.045479 10.776350 10.430153 9.990581 9.440266 8.761852 7.939684 6.962187 5.824885 4.533711 3.107873 1.581101 0.000000 
50.000000 46.195600 42.444314 38.797030 35.300346 31.994792 28.913465 26.081143 23.513909 21.219269 19.196720 17.438680 15.931671 14.657663 13.595446 12.721964 12.013504 11.446713 10.999399 10.651107 10.383486 10.180466 10.028274 9.915328 9.832039 9.770556 9.724471 9.688517 9.658259 9.629795 9.599460 9.563555 9.518069 9.458427 9.379245 9.274107 9.135378 8.954081 8.719863 8.421107 8.045250 7.579380 7.011186 6.330312 5.530108 4.609656 3.575776 2.444502 1.241380 0.000000 
50.000000 46.019543 42.094658 38.278590 34.620092 31.161570 27.937654 24.974268 22.288239 19.887420 17.771285 15.931900 14.355165 13.022213 11.910855 10.996967 10.255739 9.662741 9.194755 8.830385 8.550438 8.338112 8.179012 8.061048 7.974223 7.910377 7.862887 7.826353 7.796298 7.768859 7.740515 7.707814 7.667131 7.614439 7.545106 7.453718 7.333952 7.178509 6.979139 6.726791 6.411938 6.025113 5.557686 5.002906 4.357144 3.621227 2.801638 1.911252 0.969258 0.000000 
50.000000 45.870728 41.799106 37.840370 34.045096 30.457276 27.112835 24.038667 21.252226 18.761659 16.566422 14.658282 13.022612 11.639840 10.486947 9.538908 8.769986 8.154840 7.669386 7.291433 7.001078 6.780900 6.615985 6.493812 6.404049 6.338282 6.289715 6.252856 6.223206 6.196969 6.170775 6.141429 6.105684 6.060040 6.000570 5.922783 5.821530 5.690976 5.524652 5.315611 5.056725 4.741126 4.362826 3.917483 3.403268 2.821732 2.178519 1.483715 0.751643 0.000000 
50.000000 45.746688 41.552759 37.475106 33.565828 29.870238 26.425338 23.258832 20.388698 17.823327 15.562159 13.596712 11.911921 10.487626 9.300116 8.323614 7.531612 6.898008 6.397999 6.008730 5.709708 5.482999 5.313255 5.187603 5.095434 5.028129 4.978758 4.941761 4.912641 4.887676 4.863649 4.837613 4.806676 4.767820 4.717754 4.652801 4.568828 4.461239 4.325030 4.154939 3.945689 3.692346 3.390789 3.038262 2.633970 2.179644 1.679950 1.142650 0.578376 0.000000 
50.000000 45.644747 41.350300 37.174918 33.171946 29.387786 25.860326 22.617934 19.679018 17.052173 14.736820 12.724279 10.999121 9.540702 8.324744 7.324853 6.513885 5.865115 5.353148 4.954585 4.648447 4.416380 4.242684 4.114196 4.020084 3.951566 3.901609 3.864606 3.836074 3.812368 3.790418 3.767502 3.741047 3.708464 3.667016 3.613721 3.545302 3.458180 3.348533 3.212416 3.045961 2.845652 2.608673 2.333297 2.019299 1.668311 1.284064 0.872448 0.441309 0.000000 
50.000000 45.562160 41.186279 36.931723 32.852847 28.996932 25.402589 22.098719 19.104082 16.427434 14.068187 12.017494 10.259634 8.773572 7.534570 6.515731 5.689401 5.028347 4.506695 4.100606 3.788710 3.552311 3.375425 3.244659 3.149000 3.079541 3.029167 2.992243 2.964307 2.941786 2.921743 2.901658 2.879236 2.852253 2.818441 2.775400 2.720550 2.651134 2.564261 2.457001 2.326542 2.170396 1.986649 1.774237 1.533222 1.265021 0.972544 0.660207 0.333766 0.000000 
50.000000 45.496238 41.055357 36.737602 32.598139 28.684951 25.037219 21.684279 18.645166 15.928766 13.534483 11.453339 9.669378 8.161252 6.903857 5.869897 5.031306 4.360449 3.831068 3.418976 3.102487 2.862638 2.683215 2.550645 2.453773 2.383593 2.332932 2.296136 2.268765 2.247315 2.228964 2.211364 2.192454 2.170319 2.143075 2.108793 2.065456 2.010954 1.943114 1.859781 1.758922 1.638785 1.498078 1.336156 1.153207 0.950400 0.729961 0.495167 0.250215 0.000000 
50.000000 45.444447 40.952497 36.585091 32.398027 28.439842 24.750167 21.358674 18.284619 15.536989 13.115182 11.010114 9.205648 7.680189 6.408345 5.362505 4.514283 3.835726 3.300276 2.883469 2.563376 2.320821 2.139414 2.005436 1.907628 1.836905 1.786053 1.749404 1.722544 1.702026 1.685128 1.669643 1.653705 1.635646 1.613894 1.586895 1.553072 1.510817 1.458505 1.394556 1.317511 1.226140 1.119573 0.997427 0.859929 0.708008 0.543345 0.368347 0.186059 0.000000 
50.000000 45.404479 40.873121 36.467398 32.243602 28.250693 24.528651 21.107408 18.006389 15.234660 12.791613 10.668085 8.847795 7.308962 6.025968 4.970963 4.115309 3.430811 2.890679 2.470236 2.147364 1.902725 1.719791 1.584736 1.486217 1.415092 1.364116 1.327616 1.301197 1.281463 1.265773 1.252034 1.238536 1.223809 1.206522 1.185415 1.159250 1.126796 1.086842 1.038230 0.979913 0.911032 0.831000 0.739595 0.637037 0.524050 0.401885 0.272302 0.137499 0.000000 
50.000000 45.374313 40.813209 36.378566 32.127045 28.107927 24.361455 20.917758 17.796387 15.006469 12.547391 10.409929 8.577698 7.028770 5.737362 4.675438 3.814177 3.125195 2.581530 2.158344 1.833377 1.587167 1.403085 1.267223 1.168175 1.096759 1.045706 1.009342 0.983289 0.964191 0.949470 0.937127 0.925568 0.913478 0.899711 0.883229 0.863046 0.838214 0.807824 0.771024 0.727061 0.675328 0.615431 0.547244 0.470961 0.387139 0.296705 0.200941 0.101435 0.000000 
50.000000 45.352239 40.769369 36.313565 32.041757 28.003461 24.239114 20.778986 17.642724 14.839497 12.368689 10.221033 8.380063 6.823750 5.526184 4.459200 3.593835 2.901573 2.355324 1.930132 1.603632 1.356275 1.171355 1.034906 0.935477 0.863855 0.812757 0.776507 0.750742 0.732138 0.718164 0.706890 0.696813 0.686728 0.675630 0.662640 0.646958 0.627841 0.604591 0.576573 0.543237 0.504152 0.459047 0.407851 0.350731 0.288113 0.220686 0.149395 0.075395 0.000000 
50.000000 45.336885 40.738876 36.268352 31.982432 27.930797 24.154016 20.682460 17.535840 14.723356 12.244389 10.089642 8.242594 6.681144 5.379296 4.308792 3.440573 2.746030 2.197983 1.771397 1.443833 1.195678 1.010177 0.873322 0.773630 0.701870 0.650746 0.614584 0.589033 0.570787 0.557355 0.546852 0.537839 0.529193 0.520003 0.509503 0.497022 0.481953 0.463747 0.441914 0.416037 0.385801 0.351013 0.311635 0.267806 0.219860 0.168323 0.113905 0.057471 0.000000 
50.000000 45.327220 40.719681 36.239893 31.945091 27.885059 24.100452 20.621702 17.468562 14.650251 12.166148 10.006938 8.156065 6.591381 5.286838 4.214118 3.344103 2.648125 2.098947 1.671482 1.343248 1.094592 0.908727 0.771617 0.671761 0.599916 0.548779 0.512677 0.487265 0.469253 0.456172 0.446167 0.437841 0.430120 0.422155 0.413251 0.402815 0.390329 0.375334 0.357427 0.336277 0.311633 0.283351 0.251410 0.215930 0.177184 0.135595 0.091729 0.046274 0.000000 
50.000000 45.322559 40.710424 36.226167 31.927081 27.863000 24.074618 20.592399 17.436115 14.614994 12.128414 9.967051 8.114334 6.548090 5.242248 4.168459 3.297578 2.600907 2.051184 1.623296 1.294739 1.045841 0.859800 0.722567 0.622633 0.550748 0.499606 0.463534 0.438190 0.420294 0.407384 0.397624 0.389634 0.382365 0.374998 0.366872 0.357432 0.346202 0.332765 0.316762 0.297899 0.275959 0.250819 0.222464 0.191005 0.156685 0.119878 0.081083 0.040898 0.000000 
50.000000 45.322559 40.710424 36.226167 31.927081 27.863000 24.074618 20.592399 17.436115 14.614994 12.128414 9.967051 8.114334 6.548090 5.242248 4.168459 3.297578 2.600907 2.051184 1.623296 1.294739 1.045841 0.859800 0.722567 0.622633 0.550748 0.499606 0.463534 0.438190 0.420294 0.407384 0.397624 0.389634 0.382365 0.374998 0.366872 0.357432 0.346202 0.332765 0.316762 0.297899 0.275959 0.250819 0.222464 0.191005 0.156685 0.119878 0.081083 0.040898 0.000000 
50.000000 45.327220 40.719681 36.239893 31.945091 27.885059 24.100452 20.621702 17.468562 14.650251 12.166148 10.006938 8.156065 6.591381 5.286838 4.214118 3.344103 2.648125 2.098947 1.671482 1.343248 1.094592 0.908727 0.771617 0.671761 0.599916 0.548779 0.512677 0.487265 0.469253 0.456172 0.446167 0.437841 0.430120 0.422155 0.413251 0.402815 0.390329 0.375334 0.357427 0.336277 0.311633 0.283351 0.251410 0.215930 0.177184 0.135595 0.091729 0.046274 0.000000 
50.000000 45.336885 40.738876 36.268352 31.982432 27.930797 24.154016 20.682460 17.535840 14.723356 12.244389 10.089642 8.242594 6.681144 5.379296 4.308792 3.440573 2.746030 2.197983 1.771397 1.443833 1.195678 1.010177 0.873322 0.773630 0.701870 0.650746 0.614584 0.589033 0.570787 0.557355 0.546852 0.537839 0.529193 0.520003 0.509503 0.497022 0.481953 0.463747 0.441914 0.416037 0.385801 0.351013 0.311635 0.267806 0.219860 0.168323 0.113905 0.057471 0.000000 
50.000000 45.352239 40.769369 36.313565 32.041757 28.003461 24.239114 20.778986 17.642724 14.839497 12.368689 10.221033 8.380063 6.823750 5.526184 4.459200 3.593835 2.901573 2.355324 1.930132 1.603632 1.356275 1.171355 1.034906 0.935477 0.863855 0.812757 0.776507 0.750742 0.732138 0.718164 0.706890 0.696813 0.686728 0.675630 0.662640 0.646958 0.627841 0.604591 0.576573 0.543237 0.504152 0.459047 0.407851 0.350731 0.288113 0.220686 0.149395 0.075395 0.000000 
50.000000 45.374313 40.813209 36.378566 32.127045 28.107927 24.361455 20.917758 17.796387 15.006469 12.547391 10.409929 8.577698 7.028770 5.737362 4.675438 3.814177 3.125195 2.581530 2.158344 1.833377 1.587167 1.403085 1.267223 1.168175 1.096759 1.045706 1.009342 0.983289 0.964191 0.949470 0.937127 0.925568 0.913478 0.899711 0.883229 0.863046 0.838214 0.807824 0.771024 0.727061 0.675328 0.615431 0.547244 0.470961 0.387139 0.296705 0.200941 0.101435 0.000000 
50.000000 45.404479 40.873121 36.467398 32.243602 28.250693 24.528651 21.107408 18.006389 15.234660 12.791613 10.668085 8.847795 7.308962 6.025968 4.970963 4.115309 3.430811 2.890679 2.470236 2.147364 1.902725 1.719791 1.584736 1.486217 1.415092 1.364116 1.327616 1.301197 1.281463 1.265773 1.252034 1.238536 1.223809 1.206522 1.185415 1.159250 1.126796 1.086842 1.038230 0.979913 0.911032 0.831000 0.739595 0.637037 0.524050 0.401885 0.272302 0.137499 0.000000 
50.000000 45.444447 40.952497 36.585091 32.398027 28.439842 24.750167 21.358674 18.284619 15.536989 13.115182 11.010114 9.205648 7.680189 6.408345 5.362505 4.514283 3.835726 3.300276 2.883469 2.563376 2.320821 2.139414 2.005436 1.907628 1.836905 1.786053 1.749404 1.722544 1.702026 1.685128 1.669643 1.653705 1.635646 1.613894 1.586895 1.553072 1.510817 1.458505 1.394556 1.317511 1.226140 1.119573 0.997427 0.859929 0.708008 0.543345 0.368347 0.186059 0.000000 
50.000000 45.496238 41.055357 36.737602 32.598139 28.684951 25.037219 21.684279 18.645166 15.928766 13.534483 11.453339 9.669378 8.161252 6.903857 5.869897 5.031306 4.360449 3.831068 3.418976 3.102487 2.862638 2.683215 2.550645 2.453773 2.383593 2.332932 2.296136 2.268765 2.247315 2.228964 2.211364 2.192454 2.170319 2.143075 2.108793 2.065456 2.010954 1.943114 1.859781 1.758922 1.638785 1.498078 1.336156 1.153207 0.950400 0.729961 0.495167 0.250215 0.000000 
50.000000 45.562160 41.186279 36.931723 32.852847 28.996932 25.402589 22.098719 19.104082 16.427434 14.068187 12.017494 10.259634 8.773572 7.534570 6.515731 5.689401 5.028347 4.506695 4.100606 3.788710 3.552311 3.375425 3.244659 3.149000 3.079541 3.029167 2.992243 2.964307 2.941786 2.921743 2.901658 2.879236 2.852253 2.818441 2.775400 2.720550 2.651134 2.564261 2.457001 2.326542 2.170396 1.986649 1.774237 1.533222 1.265021 0.972544 0.660207 0.333766 0.000000 
50.000000 45.644747 41.350300 37.174918 33.171946 29.387786 25.860326 22.617934 19.679018 17.052173 14.736820 12.724279 10.999121 9.540702 8.324744 7.324853 6.513885 5.865115 5.353148 4.954585 4.648447 4.416380 4.242684 4.114196 4.020084 3.951566 3.901609 3.864606 3.836074 3.812368 3.790418 3.767502 3.741047 3.708464 3.667016 3.613721 3.545302 3.458180 3.348533 3.212416 3.045961 2.845652 2.608673 2.333297 2.019299 1.668311 1.284064 0.872448 0.441309 0.000000 
50.000000 45.746688 41.552759 37.475106 33.565828 29.870238 26.425338 23.258832 20.388698 17.823327 15.562159 13.596712 11.911921 10.487626 9.300116 8.323614 7.531612 6.898008 6.397999 6.008730 5.709708 5.482999 5.313255 5.187603 5.095434 5.028129 4.978758 4.941761 4.912641 4.887676 4.863649 4.837613 4.806676 4.767820 4.717754 4.652801 4.568828 4.461239 4.325030 4.154939 3.945689 3.692346 3.390789 3.038262 2.633970 2.179644 1.679950 1.142650 0.578376 0.000000 
50.000000 45.870728 41.799106 37.840370 34.045096 30.457276 27.112835 24.038667 21.252226 18.761659 16.566422 14.658282 13.022612 11.639840 10.486947 9.538908 8.769986 8.154840 7.669386 7.291433 7.001078 6.780900 6.615985 6.493812 6.404049 6.338282 6.289715 6.252856 6.223206 6.196969 6.170775 6.141429 6.105684 6.060040 6.000570 5.922783 5.821530 5.690976 5.524652 5.315611 5.056725 4.741126 4.362826 3.917483 3.403268 2.821732 2.178519 1.483715 0.751643 0.000000 
50.000000 46.019543 42.094658 38.278590 34.620092 31.161570 27.937654 24.974268 22.288239 19.887420 17.771285 15.931900 14.355165 13.022213 11.910855 10.996967 10.255739 9.662741 9.194755 8.830385 8.550438 8.338112 8.179012 8.061048 7.974223 7.910377 7.862887 7.826353 7.796298 7.768859 7.740515 7.707814 7.667131 7.614439 7.545106 7.453718 7.333952 7.178509 6.979139 6.726791 6.411938 6.025113 5.557686 5.002906 4.357144 3.621227 2.801638 1.911252 0.969258 0.000000 
50.000000 46.195600 42.444314 38.797030 35.300346 31.994792 28.913465 26.081143 23.513909 21.219269 19.196720 17.438680 15.931671 14.657663 13.595446 12.721964 12.013504 11.446713 10.999399 10.651107 10.383486 10.180466 10.028274 9.915328 9.832039 9.770556 9.724471 9.688517 9.658259 9.629795 9.599460 9.563555 9.518069 9.458427 9.379245 9.274107 9.135378 8.954081 8.719863 8.421107 8.045250 7.579380 7.011186 6.330312 5.530108 4.609656 3.575776 2.444502 1.241380 0.000000 
50.000000 46.400998 42.852242 39.401873 36.093971 32.966878 30.051905 27.372493 24.943854 22.773091 20.859728 19.196592 17.770934 16.565696 15.560814 14.734476 14.064249 13.528039 13.104848 12.775323 12.522096 12.329953 12.185850 12.078805 11.999711 11.941087 11.896796 11.861744 11.831579 11.802387 11.770394 11.731675 11.681856 11.615824 11.527437 11.409237 11.252193 11.045479 10.776350 10.430153 9.990581 9.440266 8.761852 7.939684 6.962187 5.824885 4.533711 3.107873 1.581101 0.000000 
50.000000 46.637308 43.321561 40.097740 37.007031 34.085259 31.361677 28.858187 26.589004 24.560764 22.773021 21.219075 19.887014 18.760899 17.821985 17.049891 16.423655 15.922633 15.527204 15.219279 14.982627 14.803021 14.668257 14.568052 14.493862 14.438646 14.396594 14.362837 14.333155 14.303668 14.270543 14.229676 14.176385 14.105073 14.008889 13.879368 13.706072 13.476252 13.174562 12.782912 12.280537 11.644474 10.850629 9.875723 8.700371 7.313424 5.717336 3.933570 2.006060 0.000000 
50.000000 46.905410 43.854023 40.887232 38.042940 35.354113 32.847674 30.543779 28.455508 26.588968 24.943751 23.513689 22.287821 21.251479 20.387412 19.676864 19.100542 18.639449 18.275524 17.992118 17.774286 17.608927 17.484796 17.392407 17.323866 17.272644 17.233323 17.201322 17.172607 17.143398 17.109863 17.067808 17.012328 16.937454 16.835746 16.697857 16.512061 16.263751 15.934948 15.503881 14.944744 14.227835 13.320373 12.188440 10.800626 9.133953 7.182264 4.966155 2.541365 0.000000 
50.000000 47.205364 44.449743 41.770517 39.201915 36.773709 34.510212 32.429624 30.543760 28.858134 27.372378 26.080921 24.973866 24.037966 23.257642 22.615955 22.095484 21.679069 21.350399 21.094435 20.897675 20.748281 20.636084 20.552498 20.490366 20.443748 20.407689 20.377959 20.350779 20.322542 20.289514 20.247508 20.191540 20.115433 20.011366 19.869357 19.676662 19.417100 19.070291 18.610862 18.007711 17.223515 16.214853 14.933583 13.330485 11.362567 9.005407 6.270676 3.225097 0.000000 
50.000000 47.536290 45.106974 42.745007 40.480564 38.339891 36.344422 34.510203 32.847648 31.361619 30.051792 28.913256 27.937285 27.112202 26.424272 25.858562 25.399712 25.032595 24.742828 24.517151 24.343656 24.211900 24.112907 24.039093 23.984123 23.942724 23.910474 23.883565 23.858551 23.832084 23.800630 23.760152 23.705760 23.631299 23.528864 23.388211 23.196052 22.935180 22.583423 22.112393 21.486067 20.659312 19.576684 18.172231 16.371754 14.100099 11.297327 7.947559 4.119318 0.000000 
50.000000 47.896308 45.821985 43.805169 41.871625 40.043764 38.339887 36.773697 35.354085 34.085203 32.966775 31.994607 31.161248 30.456727 29.869318 29.386267 28.994461 28.680981 28.433545 28.240828 28.092660 27.980116 27.895526 27.832400 27.785310 27.749726 27.721829 27.698303 27.676116 27.652273 27.623561 27.586249 27.535752 27.466221 27.370043 27.237225 27.054594 26.804783 26.464903 26.004826 25.384973 24.553543 23.443262 21.968164 20.021891 17.481160 14.221916 10.160694 5.333711 0.000000 
50.000000 48.282524 46.589025 44.942475 43.363909 41.871623 40.480559 39.201903 38.042914 37.006983 36.093883 35.300191 34.619825 34.044643 33.565072 33.170700 32.850820 32.594885 32.392867 32.235519 32.114534 32.022623 31.953518 31.901912 31.863359 31.834140 31.811108 31.791509 31.772800 31.752439 31.727658 31.695200 31.651014 31.589874 31.504903 31.386961 31.223836 30.999150 30.690863 30.269190 29.693672 28.909027 27.839374 26.380483 24.390477 21.681958 18.025627 13.191620 7.081027 0.000000 
50.000000 48.691070 47.400414 46.145538 44.942474 43.805167 42.745002 41.770506 40.887212 40.097702 39.401805 38.796911 38.278385 37.840023 37.474527 37.173964 36.930173 36.735115 36.581147 36.461220 36.369002 36.298937 36.246243 36.206870 36.177420 36.155047 36.137333 36.122150 36.107518 36.091437 36.071703 36.045701 36.010139 35.960739 35.891818 35.795746 35.662208 35.477167 35.221383 34.868239 34.380451 33.704997 32.765128 31.447692 29.583261 26.916853 23.072771 17.543482 9.821109 0.000000 
50.000000 49.117211 48.246747 47.400414 46.589024 45.821983 45.106970 44.449735 43.854009 43.321535 42.852196 42.444233 42.094519 41.798871 41.552367 41.349655 41.185232 41.053676 40.949831 40.868945 40.806744 40.759481 40.723928 40.697352 40.677456 40.662315 40.650287 40.639924 40.629868 40.618738 40.605000 40.586821 40.561877 40.527126 40.478502 40.410506 40.315632 40.183550 39.999898 39.744420 39.388022 38.887887 38.179078 37.159422 35.661296 33.397408 29.856933 24.123374 14.677521 0.000000 
50.000000 49.555503 49.117211 48.691070 48.282524 47.896307 47.536288 47.205360 46.905403 46.637294 46.400975 46.195559 46.019473 45.870610 45.746491 45.644422 45.561632 45.495391 45.443103 45.402374 45.371054 45.347253 45.329348 45.315959 45.305931 45.298291 45.292210 45.286954 45.281832 45.276139 45.269088 45.259734 45.246873 45.228924 45.203766 45.168512 45.119206 45.050357 44.954264 44.819923 44.631262 44.364054 43.980273 43.416975 42.562600 41.201498 38.869962 34.439691 24.777752 0.000000 
50.000000 50.000000 50.000000 50.000000 50.000000 50.000000 50.000000 50.000000 50.000000 50.000000 50.000000 50.000000 50.000000 50.000000 50.000000 50.000000 50.000000 50.000000 50.000000 50.000000 50.000000 50.000000 50.000000 50.000000 50.000000 50.000000 50.000000 50.000000 50.000000 50.000000 50.000000 50.000000 50.000000 50.000000 50.000000 50.000000 50.000000 50.000000 50.000000 50.000000 50.000000 50.000000 50.000000 50.000000 50.000000 50.000000 50.000000 50.000000 50.000000 50.000000 
