50.000000 50.000000 50.000000 50.000000 50.000000 50.000000 50.000000 50.000000 50.000000 50.000000 50.000000 50.000000 50.000000 50.000000 50.000000 50.000000 50.000000 50.000000 50.000000 50.000000 50.000000 50.000000 50.000000 50.000000 50.000000 50.000000 50.000000 50.000000 50.000000 50.000000 50.000000 50.000000 50.000000 50.000000 50.000000 50.000000 50.000000 50.000000 50.000000 50.000000 50.000000 50.000000 50.000000 50.000000 50.000000 50.000000 50.000000 50.000000 50.000000 50.000000 
50.000000 49.813611 49.628313 49.445176 49.265233 49.089461 48.918765 48.753961 48.595768 48.444799 48.301549 48.166396 48.039598 47.921293 47.811504 47.710143 47.617018 47.531841 47.454235 47.383740 47.319826 47.261895 47.209286 47.161277 47.117090 47.075878 47.036725 46.998631 46.960488 46.921058 46.878932 46.832476 46.779762 46.718466 46.645731 46.557968 46.450566 46.317466 46.150495 45.938307 45.664633 45.305213 44.822170 44.152895 43.186351 41.707591 39.253779 34.697632 24.907350 0.000000 
50.000000 49.628343 49.258861 48.893689 48.534886 48.184400 47.844033 47.515417 47.199986 46.898957 46.613322 46.343833 46.091004 45.855113 45.636205 45.434106 45.248435 45.078616 44.923899 44.783373 44.655982 44.540536 44.435721 44.340109 44.252149 44.170169 44.092354 44.016726 43.941104 43.863052 43.779804 43.688167 43.584381 43.463938 43.321319 43.149632 42.940087 42.681226 42.357757 41.948748 41.424715 40.742780 39.838293 38.609742 36.890531 34.394755 30.613305 24.631683 14.932910 0.000000 
50.000000 49.445299 48.893844 48.348822 47.813306 47.290204 46.782206 46.291747 45.820966 45.371684 44.945378 44.543173 44.165838 43.813787 43.487089 43.185488 42.908414 42.655014 42.424172 42.214534 42.024528 41.852389 41.696169 41.553748 41.422833 41.300954 41.185436 41.073370 40.961563 40.846455 40.724029 40.589667 40.437964 40.262484 40.055406 39.807058 39.505236 39.134244 38.673484 38.095340 37.361957 36.420220 35.193801 33.570508 31.382415 28.376566 24.179768 18.287413 10.194878 0.000000 
50.000000 49.265547 48.535391 47.813754 47.104704 46.412090 45.739478 45.090088 44.466756 43.871892 43.307454 42.774932 42.275345 41.809243 41.376723 40.977445 40.610662 40.275250 39.969737 39.692341 39.440994 39.213373 39.006920 38.818856 38.646180 38.485666 38.333832 38.186909 38.040768 37.890842 37.731997 37.558378 37.363186 37.138394 36.874356 36.559283 36.178518 35.713536 35.140538 34.428450 33.536069 32.407988 30.968865 29.115701 26.708549 23.562611 19.451806 14.150028 7.562548 0.000000 
50.000000 49.090102 48.185529 47.291509 46.413084 45.555024 44.721743 43.917236 43.145015 42.408065 41.708816 41.049114 40.430225 39.852833 39.317062 38.822496 38.368217 37.952841 37.574557 37.231169 36.920137 36.638607 36.383441 36.151237 35.938332 35.740795 35.554409 35.374617 35.196465 35.014501 34.822646 34.614022 34.380723 34.113515 33.801448 33.431331 32.987050 32.448653 31.791134 30.982813 29.983214 28.740376 27.187665 25.240580 22.795057 19.730913 15.927931 11.307122 5.909686 0.000000 
50.000000 48.919916 47.846151 46.784915 45.742193 44.723645 43.734515 42.779543 41.862901 40.988133 40.158125 39.375073 38.640480 37.955166 37.319280 36.732339 36.193262 35.700416 35.251670 34.844437 34.475727 34.142188 33.840138 33.565596 33.314285 33.081636 32.862763 32.652420 32.444937 32.234118 32.013116 31.774263 31.508838 31.206794 30.856380 30.443687 29.952049 29.361297 28.646831 27.778481 26.719195 25.423646 23.837105 21.895274 19.526550 16.659289 13.237895 9.251557 4.774445 0.000000 
50.000000 48.755858 47.518997 46.296567 45.095465 43.922213 42.782849 41.682837 40.626982 39.619371 38.663328 37.761387 36.915285 36.125971 35.393625 34.717699 34.096960 33.529545 33.013019 32.544428 32.120362 31.737003 31.390169 31.075341 30.787690 30.522072 30.273011 30.034669 29.800772 29.564528 29.318503 29.054454 28.763137 28.434043 28.055084 27.612210 27.088942 26.465818 25.719773 24.823462 23.744636 22.445746 20.884138 19.013462 16.787329 14.166564 11.131478 7.699265 3.942799 0.000000 
50.000000 48.598713 47.205627 45.828797 44.475990 43.154553 41.871290 40.632354 39.443160 38.308314 37.231562 36.215763 35.262880 34.373986 33.549296 32.788203 32.089334 31.450611 30.869314 30.342152 29.865324 29.434583 29.045286 28.692433 28.370694 28.074418 27.797625 27.533973 27.276706 27.018569 26.751705 26.467512 26.156465 25.807905 25.409783 24.948365 24.407895 23.770238 23.014526 22.116860 21.050193 19.784563 18.287982 16.528417 14.477441 12.116108 9.443261 6.485329 3.304553 0.000000 
50.000000 48.449168 46.907413 45.383651 43.886478 42.424026 41.003826 39.632691 38.316616 37.060700 35.869094 34.744967 33.690497 32.706881 31.794366 30.952297 30.179171 29.472711 28.829938 28.247245 27.720477 27.244994 26.815736 26.427271 26.073827 25.749316 25.447328 25.161110 24.883527 24.606992 24.323376 24.023890 23.698943 23.337971 22.929248 22.459678 21.914577 21.277481 20.530003 19.651808 18.620815 17.413762 16.007352 14.380236 12.516091 10.407917 8.063314 5.509752 2.797860 0.000000 
50.000000 48.307812 46.625529 44.962880 43.329247 41.733504 40.183870 38.687781 37.251780 35.881436 34.581281 33.354781 32.204317 31.131206 30.135732 29.217192 28.373971 27.603608 26.902885 26.267913 25.694210 25.176783 24.710199 24.288643 23.905959 23.555684 23.231050 22.924980 22.630058 22.338472 22.041949 21.731658 21.398106 21.031009 20.619159 20.150299 19.611000 18.986598 18.261198 17.417828 16.438802 15.306416 14.004093 12.518102 10.839943 8.969312 6.917323 4.709234 2.385516 0.000000 
50.000000 48.175131 46.360945 44.567935 42.806218 41.085368 39.414248 37.800879 36.252321 34.774584 33.372560 32.049991 30.809456 29.652385 28.579096 27.588852 26.679931 25.849709 25.094754 24.410916 23.793423 23.236966 22.735781 22.283717 21.874289 21.500716 21.155944 20.832643 20.523198 20.219668 19.913736 19.596645 19.259117 18.891269 18.482535 18.021591 17.496323 16.893840 16.200584 15.402566 14.485804 13.437010 12.244608 10.900124 9.399930 7.747225 5.953939 4.042082 2.043860 0.000000 
50.000000 48.051515 46.114437 44.199971 42.318922 40.481513 38.697209 36.974579 35.321162 33.743380 32.246461 30.834410 29.509986 28.274730 27.128995 26.072014 25.101971 24.216097 23.410766 22.681598 22.023559 21.431060 20.898049 20.418083 19.984395 19.589945 19.227447 18.889387 18.568018 18.255345 17.943087 17.622640 17.285021 16.920822 16.520169 16.072698 15.567573 14.993557 14.339174 13.592982 12.744004 11.782354 10.700080 9.492232 8.158097 6.702487 5.136845 3.479844 1.757137 0.000000 
50.000000 47.937256 45.886588 43.859862 41.868516 39.923372 38.034457 36.210841 34.460511 32.790267 31.205654 29.710913 28.308980 27.001494 25.788847 24.670245 23.643792 22.706589 21.854838 21.083954 20.388672 19.763160 19.201112 18.695835 18.240327 17.827335 17.449394 17.098858 16.767906 16.448545 16.132587 15.811632 15.477041 15.119909 14.731061 14.301058 13.820253 13.278891 12.667287 11.976105 11.196746 10.321883 9.346130 8.266835 7.084937 5.805785 4.439756 3.002476 1.514451 0.000000 
50.000000 47.832560 45.677811 43.548220 41.455809 39.411952 37.427184 35.511039 33.671914 31.916959 30.252004 28.681515 27.208585 25.834949 24.561036 23.386030 22.307967 21.323832 20.429676 19.620734 18.891540 18.236048 17.647734 17.119696 16.644734 16.215424 15.824166 15.463224 15.124749 14.800788 14.483284 14.164074 13.834875 13.487289 13.112809 12.702855 12.248847 11.742313 11.175074 10.539493 9.828816 9.037605 8.162254 7.201565 6.157330 5.034843 3.843227 2.595464 1.308015 0.000000 
50.000000 47.737554 45.488358 43.265424 41.081304 38.947871 36.876125 34.876021 32.956327 31.124510 29.386662 27.747453 26.210121 24.776489 23.447020 22.220885 21.096058 20.069424 19.136904 18.293574 17.533796 16.851337 16.239490 15.691174 15.199030 14.755496 14.352872 13.983369 13.639138 13.312296 12.994939 12.679149 12.356999 12.020572 11.661979 11.273413 10.847223 10.376027 9.852881 9.271497 8.626528 7.913908 7.131242 6.278214 5.356981 4.372477 3.332579 2.248031 1.132113 0.000000 
50.000000 47.652299 45.318347 43.011650 40.745233 38.531419 36.381624 34.306180 32.314190 30.413408 28.610159 26.909297 25.314192 23.826748 22.447461 21.175490 20.008757 18.944064 17.977217 17.103156 16.316093 15.609640 14.976932 14.410741 13.903576 13.447771 13.035553 12.659103 12.310597 11.982239 11.666282 11.355052 11.040960 10.716530 10.374431 10.007530 9.608968 9.172272 8.691492 8.161396 7.577696 6.937308 6.238642 5.481889 4.669277 3.805250 2.896530 1.952006 0.982447 0.000000 
50.000000 47.576796 45.167785 42.786907 40.447609 38.162610 35.943696 33.801536 31.745526 29.783673 27.922515 26.167066 24.520814 22.985737 21.562360 20.249835 19.046042 17.947709 16.950545 16.049375 15.238285 14.510752 13.859783 13.278027 12.757889 12.291621 11.871400 11.489397 11.137824 10.808978 10.495271 10.189257 9.883656 9.571389 9.245610 8.899763 8.527655 8.123550 7.682295 7.199470 6.671571 6.096211 5.472321 4.800355 4.082451 3.322526 2.526282 1.701087 0.855722 0.000000 
50.000000 47.511007 45.036592 42.591077 40.188274 37.841249 35.562111 33.361819 31.250028 29.234968 27.323357 25.520355 23.829549 22.252985 20.791215 19.443385 18.207341 17.079748 16.056235 15.131530 14.299611 13.553848 12.887137 12.292031 11.760850 11.285784 10.858979 10.472606 10.118922 9.790316 9.479348 9.178779 8.881607 8.581093 8.270809 7.944682 7.597064 7.222814 6.817400 6.377025 5.898760 5.380700 4.822107 4.223545 3.586980 2.915822 2.214902 1.490349 0.749381 0.000000 
50.000000 47.454860 44.924628 42.423951 39.966951 37.566993 35.236458 32.986557 30.827165 28.766701 26.812039 24.968460 23.239643 21.627687 20.133170 18.755235 17.491697 16.339174 15.293226 14.348501 13.498891 12.737674 12.057660 11.451322 10.910915 10.428585 9.996454 9.606704 9.251638 8.923732 8.615677 8.320419 8.031190 7.741545 7.445398 7.137076 6.811368 6.463604 6.089731 5.686418 5.251157 4.782370 4.279520 3.743191 3.175147 2.578346 1.956890 1.315917 0.661419 0.000000 
50.000000 47.408268 44.831719 42.285266 39.783294 37.339411 34.966228 32.675162 30.476272 28.378134 26.387751 24.510507 22.750155 21.108841 19.587163 18.184264 16.897936 15.724755 14.660228 13.698939 12.834709 12.060743 11.369784 10.754242 10.206323 9.718138 9.281798 8.889498 8.533583 8.206606 7.901374 7.610985 7.328869 7.048818 6.765028 6.472141 6.165291 5.840170 5.493091 5.121065 4.721883 4.294190 3.837562 3.352557 2.840741 2.304682 1.747896 1.174742 0.590265 0.000000 
50.000000 47.371138 44.757677 42.174745 39.636933 37.158046 34.750876 32.427006 30.196640 28.068480 26.049634 24.145566 22.360088 20.695384 19.152072 17.729290 16.424814 15.235192 14.155884 13.181427 12.305585 11.521512 10.821893 10.199095 9.645284 9.152548 8.712992 8.318825 7.962430 7.636422 7.333702 7.047494 6.771382 6.499347 6.225803 5.945632 5.654234 5.347571 5.022223 4.675450 4.305248 3.910412 3.490575 3.046249 2.578827 2.090563 1.584516 1.064449 0.534697 0.000000 
50.000000 47.343381 44.702326 42.092123 39.527518 37.022463 34.589887 32.241493 29.987598 27.836996 25.796873 23.872755 22.068497 20.386312 18.826831 17.389193 16.071161 14.869258 13.778916 12.794634 11.910137 11.118537 10.412483 9.784305 9.226145 8.730076 8.288198 7.892732 7.536092 7.210942 6.910254 6.627344 6.355914 6.090084 5.824425 5.553998 5.274390 4.981755 4.672861 4.345139 3.996723 3.626499 3.234131 2.820082 2.385606 1.932722 1.464153 0.983233 0.493791 0.000000 
50.000000 47.324922 44.665515 42.037177 39.454754 36.932297 34.482824 32.118122 29.848580 27.683054 25.628782 23.691331 21.874585 20.180777 18.610547 17.163032 15.835989 14.625925 13.528253 12.537446 11.647205 10.850613 10.140297 9.508564 8.947539 8.449285 8.005902 7.609620 7.252871 6.928355 6.629090 6.348457 6.080232 5.818627 5.558319 5.294482 5.022824 4.739624 4.441769 4.126793 3.792918 3.439082 3.064962 2.670982 2.258302 1.828783 1.384927 0.929793 0.466880 0.000000 
50.000000 47.315706 44.647138 42.009746 39.418428 36.887283 34.429375 32.056532 29.779178 27.606202 25.544866 23.600759 21.777779 20.078169 18.502573 17.050129 15.718588 14.504452 13.403122 12.409061 11.515955 10.716877 10.004438 9.370936 8.808490 8.309155 7.865033 7.468356 7.111569 6.787389 6.488857 6.209384 5.942786 5.683321 5.425715 5.165201 4.897545 4.619087 4.326769 4.018180 3.691580 3.345930 2.980913 2.596933 2.195099 1.777196 1.345616 0.903281 0.453531 0.000000 
50.000000 47.315706 44.647138 42.009746 39.418428 36.887283 34.429375 32.056532 29.779178 27.606202 25.544866 23.600759 21.777779 20.078169 18.502573 17.050129 15.718588 14.504452 13.403122 12.409061 11.515955 10.716877 10.004438 9.370936 8.808490 8.309155 7.865033 7.468356 7.111569 6.787389 6.488857 6.209384 5.942786 5.683321 5.425715 5.165201 4.897545 4.619087 4.326769 4.018180 3.691580 3.345930 2.980913 2.596933 2.195099 1.777196 1.345616 0.903281 0.453531 0.000000 
50.000000 47.324922 44.665515 42.037177 39.454754 36.932297 34.482824 32.118122 29.848580 27.683054 25.628782 23.691331 21.874585 20.180777 18.610547 17.163032 15.835989 14.625925 13.528253 12.537446 11.647205 10.850613 10.140297 9.508564 8.947539 8.449285 8.005902 7.609620 7.252871 6.928355 6.629090 6.348457 6.080232 5.818627 5.558319 5.294482 5.022824 4.739624 4.441769 4.126793 3.792918 3.439082 3.064962 2.670982 2.258302 1.828783 1.384927 0.929793 0.466880 0.000000 
50.000000 47.343381 44.702326 42.092123 39.527518 37.022463 34.589887 32.241493 29.987598 27.836996 25.796873 23.872755 22.068497 20.386312 18.826831 17.389193 16.071161 14.869258 13.778916 12.794634 11.910137 11.118537 10.412483 9.784305 9.226145 8.730076 8.288198 7.892732 7.536092 7.210942 6.910254 6.627344 6.355914 6.090084 5.824425 5.553998 5.274390 4.981755 4.672861 4.345139 3.996723 3.626499 3.234131 2.820082 2.385606 1.932722 1.464153 0.983233 0.493791 0.000000 
50.000000 47.371138 44.757677 42.174745 39.636933 37.158046 34.750876 32.427006 30.196640 28.068480 26.049634 24.145566 22.360088 20.695384 19.152072 17.729290 16.424814 15.235192 14.155884 13.181427 12.305585 11.521512 10.821893 10.199095 9.645284 9.152548 8.712992 8.318825 7.962430 7.636422 7.333702 7.047494 6.771382 6.499347 6.225803 5.945632 5.654234 5.347571 5.022223 4.675450 4.305248 3.910412 3.490575 3.046249 2.578827 2.090563 1.584516 1.064449 0.534697 0.000000 
50.000000 47.408268 44.831719 42.285266 39.783294 37.339411 34.966228 32.675162 30.476272 28.378134 26.387751 24.510507 22.750155 21.108841 19.587163 18.184264 16.897936 15.724755 14.660228 13.698939 12.834709 12.060743 11.369784 10.754242 10.206323 9.718138 9.281798 8.889498 8.533583 8.206606 7.901374 7.610985 7.328869 7.048818 6.765028 6.472141 6.165291 5.840170 5.493091 5.121065 4.721883 4.294190 3.837562 3.352557 2.840741 2.304682 1.747896 1.174742 0.590265 0.000000 
50.000000 47.454860 44.924628 42.423951 39.966951 37.566993 35.236458 32.986557 30.827165 28.766701 26.812039 24.968460 23.239643 21.627687 20.133170 18.755235 17.491697 16.339174 15.293226 14.348501 13.498891 12.737674 12.057660 11.451322 10.910915 10.428585 9.996454 9.606704 9.251638 8.923732 8.615677 8.320419 8.031190 7.741545 7.445398 7.137076 6.811368 6.463604 6.089731 5.686418 5.251157 4.782370 4.279520 3.743191 3.175147 2.578346 1.956890 1.315917 0.661419 0.000000 
50.000000 47.511007 45.036592 42.591077 40.188274 37.841249 35.562111 33.361819 31.250028 29.234968 27.323357 25.520355 23.829549 22.252985 20.791215 19.443385 18.207341 17.079748 16.056235 15.131530 14.299611 13.553848 12.887137 12.292031 11.760850 11.285784 10.858979 10.472606 10.118922 9.790316 9.479348 9.178779 8.881607 8.581093 8.270809 7.944682 7.597064 7.222814 6.817400 6.377025 5.898760 5.380700 4.822107 4.223545 3.586980 2.915822 2.214902 1.490349 0.749381 0.000000 
50.000000 47.576796 45.167785 42.786907 40.447609 38.162610 35.943696 33.801536 31.745526 29.783673 27.922515 26.167066 24.520814 22.985737 21.562360 20.249835 19.046042 17.947709 16.950545 16.049375 15.238285 14.510752 13.859783 13.278027 12.757889 12.291621 11.871400 11.489397 11.137824 10.808978 10.495271 10.189257 9.883656 9.571389 9.245610 8.899763 8.527655 8.123550 7.682295 7.199470 6.671571 6.096211 5.472321 4.800355 4.082451 3.322526 2.526282 1.701087 0.855722 0.000000 
50.000000 47.652299 45.318347 43.011650 40.745233 38.531419 36.381624 34.306180 32.314190 30.413408 28.610159 26.909297 25.314192 23.826748 22.447461 21.175490 20.008757 18.944064 17.977217 17.103156 16.316093 15.609640 14.976932 14.410741 13.903576 13.447771 13.035553 12.659103 12.310597 11.982239 11.666282 11.355052 11.040960 10.716530 10.374431 10.007530 9.608968 9.172272 8.691492 8.161396 7.577696 6.937308 6.238642 5.481889 4.669277 3.805250 2.896530 1.952006 0.982447 0.000000 
50.000000 47.737554 45.488358 43.265424 41.081304 38.947871 36.876125 34.876021 32.956327 31.124510 29.386662 27.747453 26.210121 24.776489 23.447020 22.220885 21.096058 20.069424 19.136904 18.293574 17.533796 16.851337 16.239490 15.691174 15.199030 14.755496 14.352872 13.983369 13.639138 13.312296 12.994939 12.679149 12.356999 12.020572 11.661979 11.273413 10.847223 10.376027 9.852881 9.271497 8.626528 7.913908 7.131242 6.278214 5.356981 4.372477 3.332579 2.248031 1.132113 0.000000 
50.000000 47.832560 45.677811 43.548220 41.455809 39.411952 37.427184 35.511039 33.671914 31.916959 30.252004 28.681515 27.208585 25.834949 24.561036 23.386030 22.307967 21.323832 20.429676 19.620734 18.891540 18.236048 17.647734 17.119696 16.644734 16.215424 15.824166 15.463224 15.124749 14.800788 14.483284 14.164074 13.834875 13.487289 13.112809 12.702855 12.248847 11.742313 11.175074 10.539493 9.828816 9.037605 8.162254 7.201565 6.157330 5.034843 3.843227 2.595464 1.308015 0.000000 
50.000000 47.937256 45.886588 43.859862 41.868516 39.923372 38.034457 36.210841 34.460511 32.790267 31.205654 29.710913 28.308980 27.001494 25.788847 24.670245 23.643792 22.706589 21.854838 21.083954 20.388672 19.763160 19.201112 18.695835 18.240327 17.827335 17.449394 17.098858 16.767906 16.448545 16.132587 15.811632 15.477041 15.119909 14.731061 14.301058 13.820253 13.278891 12.667287 11.976105 11.196746 10.321883 9.346130 8.266835 7.084937 5.805785 4.439756 3.002476 1.514451 0.000000 
50.000000 48.051515 46.114437 44.199971 42.318922 40.481513 38.697209 36.974579 35.321162 33.743380 32.246461 30.834410 29.509986 28.274730 27.128995 26.072014 25.101971 24.216097 23.410766 22.681598 22.023559 21.431060 20.898049 20.418083 19.984395 19.589945 19.227447 18.889387 18.568018 18.255345 17.943087 17.622640 17.285021 16.920822 16.520169 16.072698 15.567573 14.993557 14.339174 13.592982 12.744004 11.782354 10.700080 9.492232 8.158097 6.702487 5.136845 3.479844 1.757137 0.000000 
50.000000 48.175131 46.360945 44.567935 42.806218 41.085368 39.414248 37.800879 36.252321 34.774584 33.372560 32.049991 30.809456 29.652385 28.579096 27.588852 26.679931 25.849709 25.094754 24.410916 23.793423 23.236966 22.735781 22.283717 21.874289 21.500716 21.155944 20.832643 20.523198 20.219668 19.913736 19.596645 19.259117 18.891269 18.482535 18.021591 17.496323 16.893840 16.200584 15.402566 14.485804 13.437010 12.244608 10.900124 9.399930 7.747225 5.953939 4.042082 2.043860 0.000000 
50.000000 48.307812 46.625529 44.962880 43.329247 41.733504 40.183870 38.687781 37.251780 35.881436 34.581281 33.354781 32.204317 31.131206 30.135732 29.217192 28.373971 27.603608 26.902885 26.267913 25.694210 25.176783 24.710199 24.288643 23.905959 23.555684 23.231050 22.924980 22.630058 22.338472 22.041949 21.731658 21.398106 21.031009 20.619159 20.150299 19.611000 18.986598 18.261198 17.417828 16.438802 15.306416 14.004093 12.518102 10.839943 8.969312 6.917323 4.709234 2.385516 0.000000 
50.000000 48.449168 46.907413 45.383651 43.886478 42.424026 41.003826 39.632691 38.316616 37.060700 35.869094 34.744967 33.690497 32.706881 31.794366 30.952297 30.179171 29.472711 28.829938 28.247245 27.720477 27.244994 26.815736 26.427271 26.073827 25.749316 25.447328 25.161110 24.883527 24.606992 24.323376 24.023890 23.698943 23.337971 22.929248 22.459678 21.914577 21.277481 20.530003 19.651808 18.620815 17.413762 16.007352 14.380236 12.516091 10.407917 8.063314 5.509752 2.797860 0.000000 
50.000000 48.598713 47.205627 45.828797 44.475990 43.154553 41.871290 40.632354 39.443160 38.308314 37.231562 36.215763 35.262880 34.373986 33.549296 32.788203 32.089334 31.450611 30.869314 30.342152 29.865324 29.434583 29.045286 28.692433 28.370694 28.074418 27.797625 27.533973 27.276706 27.018569 26.751705 26.467512 26.156465 25.807905 25.409783 24.948365 24.407895 23.770238 23.014526 22.116860 21.050193 19.784563 18.287982 16.528417 14.477441 12.116108 9.443261 6.485329 3.304553 0.000000 
50.000000 48.755858 47.518997 46.296567 45.095465 43.922213 42.782849 41.682837 40.626982 39.619371 38.663328 37.761387 36.915285 36.125971 35.393625 34.717699 34.096960 33.529545 33.013019 32.544428 32.120362 31.737003 31.390169 31.075341 30.787690 30.522072 30.273011 30.034669 29.800772 29.564528 29.318503 29.054454 28.763137 28.434043 28.055084 27.612210 27.088942 26.465818 25.719773 24.823462 23.744636 22.445746 20.884138 19.013462 16.787329 14.166564 11.131478 7.699265 3.942799 0.000000 
50.000000 48.919916 47.846151 46.784915 45.742193 44.723645 43.734515 42.779543 41.862901 40.988133 40.158125 39.375073 38.640480 37.955166 37.319280 36.732339 36.193262 35.700416 35.251670 34.844437 34.475727 34.142188 33.840138 33.565596 33.314285 33.081636 32.862763 32.652420 32.444937 32.234118 32.013116 31.774263 31.508838 31.206794 30.856380 30.443687 29.952049 29.361297 28.646831 27.778481 26.719195 25.423646 23.837105 21.895274 19.526550 16.659289 13.237895 9.251557 4.774445 0.000000 
50.000000 49.090102 48.185529 47.291509 46.413084 45.555024 44.721743 43.917236 43.145015 42.408065 41.708816 41.049114 40.430225 39.852833 39.317062 38.822496 38.368217 37.952841 37.574557 37.231169 36.920137 36.638607 36.383441 36.151237 35.938332 35.740795 35.554409 35.374617 35.196465 35.014501 34.822646 34.614022 34.380723 34.113515 33.801448 33.431331 32.987050 32.448653 31.791134 30.982813 29.983214 28.740376 27.187665 25.240580 22.795057 19.730913 15.927931 11.307122 5.909686 0.000000 
50.000000 49.265547 48.535391 47.813754 47.104704 46.412090 45.739478 45.090088 44.466756 43.871892 43.307454 42.774932 42.275345 41.809243 41.376723 40.977445 40.610662 40.275250 39.969737 39.692341 39.440994 39.213373 39.006920 38.818856 38.646180 38.485666 38.333832 38.186909 38.040768 37.890842 37.731997 37.558378 37.363186 37.138394 36.874356 36.559283 36.178518 35.713536 35.140538 34.428450 33.536069 32.407988 30.968865 29.115701 26.708549 23.562611 19.451806 14.150028 7.562548 0.000000 
50.000000 49.445299 48.893844 48.348822 47.813306 47.290204 46.782206 46.291747 45.820966 45.371684 44.945378 44.543173 44.165838 43.813787 43.487089 43.185488 42.908414 42.655014 42.424172 42.214534 42.024528 41.852389 41.696169 41.553748 41.422833 41.300954 41.185436 41.073370 40.961563 40.846455 40.724029 40.589667 40.437964 40.262484 40.055406 39.807058 39.505236 39.134244 38.673484 38.095340 37.361957 36.420220 35.193801 33.570508 31.382415 28.376566 24.179768 18.287413 10.194878 0.000000 
50.000000 49.628343 49.258861 48.893689 48.534886 48.184400 47.844033 47.515417 47.199986 46.898957 46.613322 46.343833 46.091004 45.855113 45.636205 45.434106 45.248435 45.078616 44.923899 44.783373 44.655982 44.540536 44.435721 44.340109 44.252149 44.170169 44.092354 44.016726 43.941104 43.863052 43.779804 43.688167 43.584381 43.463938 43.321319 43.149632 42.940087 42.681226 42.357757 41.948748 41.424715 40.742780 39.838293 38.609742 36.890531 34.394755 30.613305 24.631683 14.932910 0.000000 
50.000000 49.813611 49.628313 49.445176 49.265233 49.089461 48.918765 48.753961 48.595768 48.444799 48.301549 48.166396 48.039598 47.921293 47.811504 47.710143 47.617018 47.531841 47.454235 47.383740 47.319826 47.261895 47.209286 47.161277 47.117090 47.075878 47.036725 46.998631 46.960488 46.921058 46.878932 46.832476 46.779762 46.718466 46.645731 46.557968 46.450566 46.317466 46.150495 45.938307 45.664633 45.305213 44.822170 44.152895 43.186351 41.707591 39.253779 34.697632 24.907350 0.000000 
50.000000 50.000000 50.000000 50.000000 50.000000 50.000000 50.000000 50.000000 50.000000 50.000000 50.000000 50.000000 50.000000 50.000000 50.000000 50.000000 50.000000 50.000000 50.000000 50.000000 50.000000 50.000000 50.000000 50.000000 50.000000 50.000000 50.000000 50.000000 50.000000 50.000000 50.000000 50.000000 50.000000 50.000000 50.000000 50.000000 50.000000 50.000000 50.000000 50.000000 50.000000 50.000000 50.000000 50.000000 50.000000 50.000000 50.000000 50.000000 50.000000 50.000000 
