50.000000 50.000000 50.000000 50.000000 50.000000 50.000000 50.000000 50.000000 50.000000 50.000000 50.000000 50.000000 50.000000 50.000000 50.000000 50.000000 50.000000 50.000000 50.000000 50.000000 50.000000 50.000000 50.000000 50.000000 50.000000 50.000000 50.000000 50.000000 50.000000 50.000000 50.000000 50.000000 50.000000 50.000000 50.000000 50.000000 50.000000 50.000000 50.000000 50.000000 50.000000 50.000000 50.000000 50.000000 50.000000 50.000000 50.000000 50.000000 50.000000 50.000000 
50.000000 49.687480 49.378028 49.074620 48.780060 48.496892 48.227347 47.973284 47.736159 47.517009 47.316450 47.134698 46.971593 46.826644 46.699077 46.587885 46.491889 46.409786 46.340202 46.281734 46.232989 46.192610 46.159298 46.131818 46.109005 46.089757 46.073013 46.057739 46.042883 46.027344 46.009907 45.989184 45.963516 45.930868 45.888667 45.833597 45.761291 45.665898 45.539402 45.370563 45.143150 44.832880 44.401780 43.787078 42.877505 41.457824 39.064849 34.570902 24.843749 0.000000 
50.000000 49.378029 48.762163 48.158329 47.572099 47.008546 46.472103 45.966472 45.494551 45.058402 44.659255 44.297536 43.972929 43.684456 43.430575 43.209287 43.018240 42.854845 42.716366 42.600015 42.503018 42.422677 42.356409 42.301760 42.256419 42.218196 42.184993 42.154762 42.125434 42.094840 42.060605 42.020016 41.969856 41.906183 41.824045 41.717090 41.577014 41.392769 41.149380 40.826121 40.393588 39.808855 39.007087 37.886449 36.279889 33.900927 30.239764 24.381121 14.807164 0.000000 
50.000000 49.074626 48.158336 47.259945 46.387748 45.549288 44.751164 43.998882 43.296754 42.647849 42.053995 41.515828 41.032876 40.603686 40.225964 39.896734 39.612502 39.369412 39.163399 38.990314 38.846036 38.726555 38.628031 38.546827 38.479513 38.422849 38.373740 38.329169 38.286108 38.241393 38.191583 38.132771 38.060354 37.968734 37.850934 37.698075 37.498676 37.237650 36.894867 36.443017 35.844371 35.045741 33.970532 32.506077 30.483786 27.649853 23.630075 17.918695 10.009835 0.000000 
50.000000 48.780074 47.572123 46.387769 45.237947 44.132601 43.080430 42.088693 41.163075 40.307621 39.524742 38.815275 38.178601 37.612802 37.114856 36.680840 36.306149 35.985703 35.714145 35.486009 35.295869 35.138446 35.008689 34.901820 34.813339 34.739006 34.674783 34.616752 34.561003 34.503480 34.439806 34.365055 34.273475 34.158140 34.010502 33.819819 33.572375 33.250446 32.830848 32.282910 31.565598 30.623420 29.380687 27.733791 25.541925 22.619194 18.738208 13.671373 7.322334 0.000000 
50.000000 48.496924 47.008602 45.549354 44.132653 42.770751 41.474368 40.252445 39.111988 38.057981 37.093395 36.219261 35.434817 34.737702 34.124191 33.589453 33.127816 32.733025 32.398483 32.117462 31.883284 31.689459 31.529781 31.398385 31.289763 31.198734 31.120389 31.049990 30.982837 30.914107 30.838638 30.750688 30.643628 30.509569 30.338901 30.119711 29.837038 29.471908 29.000069 28.390341 27.602461 26.584373 25.269031 23.571207 21.385805 18.591322 15.065966 10.728957 5.619535 0.000000 
50.000000 48.227407 46.472214 44.751310 43.080580 41.474477 39.945640 38.504616 37.159666 35.916668 34.779126 33.748257 32.823162 32.001058 31.277553 30.646952 30.102570 29.637033 29.242567 28.911247 28.635211 28.406819 28.218778 28.064205 27.936646 27.830058 27.738735 27.657210 27.580102 27.501946 27.416963 27.318807 27.200248 27.052802 26.866288 26.628284 26.323472 25.932828 25.432637 24.793320 23.978081 22.941499 21.628383 19.973608 17.904390 15.347577 12.245768 8.586099 4.440490 0.000000 
50.000000 47.973390 45.966673 43.999159 42.089010 40.252748 38.504827 36.857302 35.319619 33.898501 32.597952 31.419363 30.361709 29.421808 28.594642 27.873702 27.251348 26.719154 26.268242 25.889560 25.574135 25.313255 25.098611 24.922374 24.777225 24.656330 24.553277 24.461957 24.376424 24.290698 24.198549 24.093228 23.967167 23.811625 23.616285 23.368779 23.054150 22.654232 22.146968 21.505690 20.698453 19.687619 18.430036 16.878451 14.985174 12.709367 10.029348 6.960041 3.571830 0.000000 
50.000000 47.736336 45.494893 43.297237 41.163658 39.112609 37.160234 35.320000 33.602457 32.015114 30.562445 29.246005 28.064649 27.014823 26.090927 25.285691 24.590587 23.996211 23.492654 23.069820 22.717703 22.426600 22.187263 21.990999 21.829699 21.695824 21.582335 21.482584 21.390159 21.298696 21.201660 21.092087 20.962299 20.803584 20.605839 20.357186 20.043547 19.648221 19.151458 18.530117 17.757504 16.803584 15.635847 14.221305 12.530143 10.541632 8.252475 5.686662 2.903760 0.000000 
50.000000 47.517294 45.058960 42.648649 40.308617 38.059101 35.917807 33.899507 32.015771 30.274836 28.681608 27.237794 25.942138 24.790746 23.777476 22.894362 22.132052 21.480242 20.928073 20.464488 20.078535 19.759600 19.497582 19.283002 19.107044 18.961543 18.838920 18.732075 18.634231 18.538753 18.438934 18.327751 18.197603 18.040028 17.845402 17.602631 17.298851 16.919147 16.446353 15.860967 15.141313 14.264076 13.205437 11.943056 10.459166 8.744901 6.805622 4.666238 2.374569 0.000000 
50.000000 47.316898 44.660135 42.055272 39.526361 37.095272 34.781142 32.599935 30.564154 28.682702 26.960882 25.400540 24.000318 22.756012 21.660985 20.706631 19.882852 19.178520 18.581910 18.081090 17.664247 17.319943 17.037307 16.806155 16.617042 16.461259 16.330767 16.218094 16.116191 16.018248 15.917494 15.806973 15.679303 15.526428 15.339377 15.108019 14.820864 14.464901 14.025546 13.486730 12.831222 12.041298 11.099867 9.992199 8.708323 7.246025 5.614117 3.835226 1.946933 0.000000 
50.000000 47.135385 44.298891 41.517809 38.817816 36.222265 33.751586 31.422823 29.249326 27.240600 25.402307 23.736419 22.241489 20.913029 19.743956 18.725088 17.845648 17.093764 16.456932 15.922431 15.477671 15.110478 14.809291 14.563303 14.362517 14.197752 14.060585 13.943248 13.838493 13.739417 13.639273 13.531260 13.408312 13.262884 13.086747 12.870815 12.605006 12.278175 11.878150 11.391912 10.805985 10.107097 9.283187 8.324792 7.226813 5.990527 4.625546 3.151219 1.596830 0.000000 
50.000000 46.972629 43.974976 41.035884 38.182489 35.439471 32.828420 30.367349 28.070368 25.947521 24.004794 22.244270 20.664422 19.260509 18.025050 16.948343 16.019008 15.224507 14.551639 13.986978 13.517247 13.129612 12.811907 12.552776 12.341745 12.169229 12.026487 11.905521 11.798947 11.699831 11.601513 11.497410 11.380831 11.244788 11.081830 10.883915 10.642318 10.347626 9.989813 9.558465 9.043167 8.434091 7.722839 6.903500 5.973918 4.937005 3.801898 2.584628 1.307935 0.000000 
50.000000 46.828182 43.687500 40.608174 37.618635 34.744739 32.009108 29.430615 27.024042 24.799914 22.764502 20.919991 19.264782 17.793910 16.499539 15.371510 14.397907 13.565602 12.860778 12.269389 11.777548 11.371846 11.039586 10.768936 10.549009 10.369885 10.222558 10.098857 9.991313 9.893008 9.797409 9.698189 9.589055 9.463587 9.315100 9.136541 8.920439 8.658919 8.343808 7.966850 7.520058 6.996216 6.389535 5.696455 4.916515 4.053213 3.114672 2.113921 1.068605 0.000000 
50.000000 46.701330 43.435041 40.232562 37.123462 34.134631 31.289596 28.607984 26.105169 23.792098 21.675293 19.757028 18.035640 16.505969 15.159868 13.986778 12.974310 12.108824 11.375961 10.761133 10.249923 9.828422 9.483472 9.202831 8.975266 8.790571 8.639533 8.513848 8.406001 8.309124 8.216835 8.123076 8.021954 7.907597 7.774039 7.615134 7.424524 7.195667 6.921942 6.596842 6.214276 5.768968 5.256967 4.676226 4.027203 3.313413 2.541797 1.722822 0.870169 0.000000 
50.000000 46.591148 43.215759 39.906312 36.693363 33.604701 30.664639 27.893460 25.307053 22.916728 20.729228 18.746903 16.968037 15.387297 13.996271 12.784048 11.737834 10.843541 10.086346 9.451188 8.923196 8.488030 8.132136 7.842927 7.608875 7.419541 7.265544 7.138485 7.030834 6.935789 6.847131 6.759068 6.666090 6.562835 6.443987 6.304206 6.138099 5.940249 5.705310 5.428169 5.104189 4.729522 4.301489 3.818997 3.282948 2.696582 2.065690 1.398604 0.705931 0.000000 
50.000000 46.496563 43.027518 39.626246 36.324149 33.149789 30.128152 27.280086 24.621920 22.165279 19.917094 17.879779 16.051573 14.426998 12.997410 11.751601 10.676428 9.757419 8.979353 8.326769 7.784406 7.337556 6.972334 6.675861 6.436363 6.243210 6.086893 5.958942 5.851831 5.758837 5.673902 5.591487 5.506431 5.413834 5.308955 5.187147 5.043837 4.874540 4.674940 4.441017 4.169237 3.856790 3.501871 3.103967 2.664140 2.185239 1.672008 1.131043 0.570563 0.000000 
50.000000 46.416416 42.868010 39.388928 36.011291 32.764313 29.673554 26.760337 24.041365 21.528531 19.228924 17.145014 15.275002 13.613286 12.151026 10.876763 9.777057 8.837116 8.041380 7.374050 6.819538 6.362828 5.989757 5.687201 5.443187 5.246933 5.088823 4.960346 4.853987 4.763107 4.681800 4.604757 4.527131 4.444423 4.352386 4.246965 4.124264 3.980556 3.812346 3.616460 3.390194 3.131486 2.839119 2.512923 2.153960 1.764658 1.348858 0.911757 0.459726 0.000000 
50.000000 46.349516 42.734868 39.190837 35.750145 32.442553 29.294097 26.326498 23.556773 20.997035 18.654506 16.531705 14.626798 12.934082 11.444554 10.146544 9.026368 8.068962 7.258489 6.578867 6.014236 5.549328 5.169747 4.862173 4.614468 4.415727 4.256258 4.127517 4.022014 3.933185 3.855266 3.783148 3.712257 3.638438 3.557860 3.466954 3.362377 3.241012 3.100004 2.936830 2.749402 2.536190 2.296373 2.029967 1.737956 1.422366 1.086284 0.733797 0.369847 0.000000 
50.000000 46.294700 42.625774 39.028527 35.536171 32.178913 28.983182 25.971025 23.159714 20.561545 18.183848 16.029181 14.095685 12.377570 10.865701 9.548238 8.411293 7.439584 6.617044 5.927364 5.354460 4.882857 4.497976 4.186333 3.935662 3.734962 3.574479 3.445654 3.341019 3.254084 3.179201 3.111440 3.046453 2.980370 2.909702 2.831276 2.742190 2.639805 2.521762 2.386027 2.230966 2.055429 1.858850 1.641342 1.403775 1.147819 0.875948 0.591380 0.297962 0.000000 
50.000000 46.250879 42.538563 38.898773 35.365116 31.968155 28.734631 25.686854 22.842298 20.213407 17.807597 15.627457 13.671106 11.932689 10.402963 9.069950 7.919603 6.936465 6.104286 5.406573 4.827068 4.350131 3.961035 3.646172 3.393172 3.190960 3.029740 2.900940 2.797117 2.711842 2.639570 2.575512 2.515509 2.455920 2.393529 2.325473 2.249196 2.162425 2.063178 1.949785 1.820939 1.675755 1.513833 1.335328 1.140988 0.932189 0.710917 0.479724 0.241632 0.000000 
50.000000 46.217081 42.471300 38.798698 35.233185 31.805603 28.542931 25.467680 22.597485 19.944899 17.517406 15.317620 13.343643 11.589567 10.046069 8.701065 7.540385 6.548435 5.708825 5.004923 4.420335 3.939296 3.546965 3.229638 2.974870 2.771529 2.609787 2.481067 2.377947 2.294048 2.223908 2.162850 2.106860 2.052477 1.996692 1.936882 1.870749 1.796294 1.711811 1.615893 1.507467 1.385826 1.250679 1.102187 0.940994 0.768239 0.585539 0.394947 0.198877 0.000000 
50.000000 46.192487 42.422352 38.725873 35.137180 31.687314 28.403431 25.308189 22.419335 19.749506 17.306236 15.092153 13.105350 11.339880 9.786362 8.432633 7.264433 6.266073 5.421059 4.712657 4.124375 3.640357 3.245682 2.926574 2.670536 2.466394 2.304301 2.175674 2.073111 1.990270 1.921749 1.862956 1.809984 1.759501 1.708651 1.654981 1.596378 1.531038 1.457445 1.374378 1.280918 1.176479 1.060833 0.934139 0.796954 0.650242 0.495356 0.333995 0.168146 0.000000 
50.000000 46.176456 42.390448 38.678406 35.074605 31.610214 28.312506 25.204234 22.303219 19.622151 17.168597 14.945197 12.950033 11.177138 9.617088 8.257673 7.084574 6.082036 5.233501 4.522167 3.931480 3.445524 3.049325 2.729063 2.472204 2.267551 2.105241 1.976693 1.874514 1.792389 1.724956 1.667678 1.616719 1.568831 1.521257 1.471654 1.418028 1.358698 1.292272 1.217640 1.133983 1.040786 0.937858 0.825349 0.703758 0.573936 0.437060 0.294607 0.148291 0.000000 
50.000000 46.168552 42.374718 38.655002 35.043751 31.572199 28.267674 25.152977 22.245966 19.559357 17.100732 14.872737 12.873452 11.096895 9.533625 8.171406 6.995891 5.991294 5.141023 4.428245 3.836373 3.349462 2.952512 2.631683 2.374422 2.169520 2.007108 1.878604 1.776620 1.694856 1.627969 1.571450 1.521497 1.474904 1.428964 1.381385 1.330233 1.273888 1.211015 1.140560 1.061751 0.974105 0.877449 0.771927 0.658009 0.536488 0.408458 0.275285 0.138553 0.000000 
50.000000 46.168552 42.374718 38.655002 35.043751 31.572199 28.267674 25.152977 22.245966 19.559357 17.100732 14.872737 12.873452 11.096895 9.533625 8.171406 6.995891 5.991294 5.141023 4.428245 3.836373 3.349462 2.952512 2.631683 2.374422 2.169520 2.007108 1.878604 1.776620 1.694856 1.627969 1.571450 1.521497 1.474904 1.428964 1.381385 1.330233 1.273888 1.211015 1.140560 1.061751 0.974105 0.877449 0.771927 0.658009 0.536488 0.408458 0.275285 0.138553 0.000000 
50.000000 46.176456 42.390448 38.678406 35.074605 31.610214 28.312506 25.204234 22.303219 19.622151 17.168597 14.945197 12.950033 11.177138 9.617088 8.257673 7.084574 6.082036 5.233501 4.522167 3.931480 3.445524 3.049325 2.729063 2.472204 2.267551 2.105241 1.976693 1.874514 1.792389 1.724956 1.667678 1.616719 1.568831 1.521257 1.471654 1.418028 1.358698 1.292272 1.217640 1.133983 1.040786 0.937858 0.825349 0.703758 0.573936 0.437060 0.294607 0.148291 0.000000 
50.000000 46.192487 42.422352 38.725873 35.137180 31.687314 28.403431 25.308189 22.419335 19.749506 17.306236 15.092153 13.105350 11.339880 9.786362 8.432633 7.264433 6.266073 5.421059 4.712657 4.124375 3.640357 3.245682 2.926574 2.670536 2.466394 2.304301 2.175674 2.073111 1.990270 1.921749 1.862956 1.809984 1.759501 1.708651 1.654981 1.596378 1.531038 1.457445 1.374378 1.280918 1.176479 1.060833 0.934139 0.796954 0.650242 0.495356 0.333995 0.168146 0.000000 
50.000000 46.217081 42.471300 38.798698 35.233185 31.805603 28.542931 25.467680 22.597485 19.944899 17.517406 15.317620 13.343643 11.589567 10.046069 8.701065 7.540385 6.548435 5.708825 5.004923 4.420335 3.939296 3.546965 3.229638 2.974870 2.771529 2.609787 2.481067 2.377947 2.294048 2.223908 2.162850 2.106860 2.052477 1.996692 1.936882 1.870749 1.796294 1.711811 1.615893 1.507467 1.385826 1.250679 1.102187 0.940994 0.768239 0.585539 0.394947 0.198877 0.000000 
50.000000 46.250879 42.538563 38.898773 35.365116 31.968155 28.734631 25.686854 22.842298 20.213407 17.807597 15.627457 13.671106 11.932689 10.402963 9.069950 7.919603 6.936465 6.104286 5.406573 4.827068 4.350131 3.961035 3.646172 3.393172 3.190960 3.029740 2.900940 2.797117 2.711842 2.639570 2.575512 2.515509 2.455920 2.393529 2.325473 2.249196 2.162425 2.063178 1.949785 1.820939 1.675755 1.513833 1.335328 1.140988 0.932189 0.710917 0.479724 0.241632 0.000000 
50.000000 46.294700 42.625774 39.028527 35.536171 32.178913 28.983182 25.971025 23.159714 20.561545 18.183848 16.029181 14.095685 12.377570 10.865701 9.548238 8.411293 7.439584 6.617044 5.927364 5.354460 4.882857 4.497976 4.186333 3.935662 3.734962 3.574479 3.445654 3.341019 3.254084 3.179201 3.111440 3.046453 2.980370 2.909702 2.831276 2.742190 2.639805 2.521762 2.386027 2.230966 2.055429 1.858850 1.641342 1.403775 1.147819 0.875948 0.591380 0.297962 0.000000 
50.000000 46.349516 42.734868 39.190837 35.750145 32.442553 29.294097 26.326498 23.556773 20.997035 18.654506 16.531705 14.626798 12.934082 11.444554 10.146544 9.026368 8.068962 7.258489 6.578867 6.014236 5.549328 5.169747 4.862173 4.614468 4.415727 4.256258 4.127517 4.022014 3.933185 3.855266 3.783148 3.712257 3.638438 3.557860 3.466954 3.362377 3.241012 3.100004 2.936830 2.749402 2.536190 2.296373 2.029967 1.737956 1.422366 1.086284 0.733797 0.369847 0.000000 
50.000000 46.416416 42.868010 39.388928 36.011291 32.764313 29.673554 26.760337 24.041365 21.528531 19.228924 17.145014 15.275002 13.613286 12.151026 10.876763 9.777057 8.837116 8.041380 7.374050 6.819538 6.362828 5.989757 5.687201 5.443187 5.246933 5.088823 4.960346 4.853987 4.763107 4.681800 4.604757 4.527131 4.444423 4.352386 4.246965 4.124264 3.980556 3.812346 3.616460 3.390194 3.131486 2.839119 2.512923 2.153960 1.764658 1.348858 0.911757 0.459726 0.000000 
50.000000 46.496563 43.027518 39.626246 36.324149 33.149789 30.128152 27.280086 24.621920 22.165279 19.917094 17.879779 16.051573 14.426998 12.997410 11.751601 10.676428 9.757419 8.979353 8.326769 7.784406 7.337556 6.972334 6.675861 6.436363 6.243210 6.086893 5.958942 5.851831 5.758837 5.673902 5.591487 5.506431 5.413834 5.308955 5.187147 5.043837 4.874540 4.674940 4.441017 4.169237 3.856790 3.501871 3.103967 2.664140 2.185239 1.672008 1.131043 0.570563 0.000000 
50.000000 46.591148 43.215759 39.906312 36.693363 33.604701 30.664639 27.893460 25.307053 22.916728 20.729228 18.746903 16.968037 15.387297 13.996271 12.784048 11.737834 10.843541 10.086346 9.451188 8.923196 8.488030 8.132136 7.842927 7.608875 7.419541 7.265544 7.138485 7.030834 6.935789 6.847131 6.759068 6.666090 6.562835 6.443987 6.304206 6.138099 5.940249 5.705310 5.428169 5.104189 4.729522 4.301489 3.818997 3.282948 2.696582 2.065690 1.398604 0.705931 0.000000 
50.000000 46.701330 43.435041 40.232562 37.123462 34.134631 31.289596 28.607984 26.105169 23.792098 21.675293 19.757028 18.035640 16.505969 15.159868 13.986778 12.974310 12.108824 11.375961 10.761133 10.249923 9.828422 9.483472 9.202831 8.975266 8.790571 8.639533 8.513848 8.406001 8.309124 8.216835 8.123076 8.021954 7.907597 7.774039 7.615134 7.424524 7.195667 6.921942 6.596842 6.214276 5.768968 5.256967 4.676226 4.027203 3.313413 2.541797 1.722822 0.870169 0.000000 
50.000000 46.828182 43.687500 40.608174 37.618635 34.744739 32.009108 29.430615 27.024042 24.799914 22.764502 20.919991 19.264782 17.793910 16.499539 15.371510 14.397907 13.565602 12.860778 12.269389 11.777548 11.371846 11.039586 10.768936 10.549009 10.369885 10.222558 10.098857 9.991313 9.893008 9.797409 9.698189 9.589055 9.463587 9.315100 9.136541 8.920439 8.658919 8.343808 7.966850 7.520058 6.996216 6.389535 5.696455 4.916515 4.053213 3.114672 2.113921 1.068605 0.000000 
50.000000 46.972629 43.974976 41.035884 38.182489 35.439471 32.828420 30.367349 28.070368 25.947521 24.004794 22.244270 20.664422 19.260509 18.025050 16.948343 16.019008 15.224507 14.551639 13.986978 13.517247 13.129612 12.811907 12.552776 12.341745 12.169229 12.026487 11.905521 11.798947 11.699831 11.601513 11.497410 11.380831 11.244788 11.081830 10.883915 10.642318 10.347626 9.989813 9.558465 9.043167 8.434091 7.722839 6.903500 5.973918 4.937005 3.801898 2.584628 1.307935 0.000000 
50.000000 47.135385 44.298891 41.517809 38.817816 36.222265 33.751586 31.422823 29.249326 27.240600 25.402307 23.736419 22.241489 20.913029 19.743956 18.725088 17.845648 17.093764 16.456932 15.922431 15.477671 15.110478 14.809291 14.563303 14.362517 14.197752 14.060585 13.943248 13.838493 13.739417 13.639273 13.531260 13.408312 13.262884 13.086747 12.870815 12.605006 12.278175 11.878150 11.391912 10.805985 10.107097 9.283187 8.324792 7.226813 5.990527 4.625546 3.151219 1.596830 0.000000 
50.000000 47.316898 44.660135 42.055272 39.526361 37.095272 34.781142 32.599935 30.564154 28.682702 26.960882 25.400540 24.000318 22.756012 21.660985 20.706631 19.882852 19.178520 18.581910 18.081090 17.664247 17.319943 17.037307 16.806155 16.617042 16.461259 16.330767 16.218094 16.116191 16.018248 15.917494 15.806973 15.679303 15.526428 15.339377 15.108019 14.820864 14.464901 14.025546 13.486730 12.831222 12.041298 11.099867 9.992199 8.708323 7.246025 5.614117 3.835226 1.946933 0.000000 
50.000000 47.517294 45.058960 42.648649 40.308617 38.059101 35.917807 33.899507 32.015771 30.274836 28.681608 27.237794 25.942138 24.790746 23.777476 22.894362 22.132052 21.480242 20.928073 20.464488 20.078535 19.759600 19.497582 19.283002 19.107044 18.961543 18.838920 18.732075 18.634231 18.538753 18.438934 18.327751 18.197603 18.040028 17.845402 17.602631 17.298851 16.919147 16.446353 15.860967 15.141313 14.264076 13.205437 11.943056 10.459166 8.744901 6.805622 4.666238 2.374569 0.000000 
50.000000 47.736336 45.494893 43.297237 41.163658 39.112609 37.160234 35.320000 33.602457 32.015114 30.562445 29.246005 28.064649 27.014823 26.090927 25.285691 24.590587 23.996211 23.492654 23.069820 22.717703 22.426600 22.187263 21.990999 21.829699 21.695824 21.582335 21.482584 21.390159 21.298696 21.201660 21.092087 20.962299 20.803584 20.605839 20.357186 20.043547 19.648221 19.151458 18.530117 17.757504 16.803584 15.635847 14.221305 12.530143 10.541632 8.252475 5.686662 2.903760 0.000000 
50.000000 47.973390 45.966673 43.999159 42.089010 40.252748 38.504827 36.857302 35.319619 33.898501 32.597952 31.419363 30.361709 29.421808 28.594642 27.873702 27.251348 26.719154 26.268242 25.889560 25.574135 25.313255 25.098611 24.922374 24.777225 24.656330 24.553277 24.461957 24.376424 24.290698 24.198549 24.093228 23.967167 23.811625 23.616285 23.368779 23.054150 22.654232 22.146968 21.505690 20.698453 19.687619 18.430036 16.878451 14.985174 12.709367 10.029348 6.960041 3.571830 0.000000 
50.000000 48.227407 46.472214 44.751310 43.080580 41.474477 39.945640 38.504616 37.159666 35.916668 34.779126 33.748257 32.823162 32.001058 31.277553 30.646952 30.102570 29.637033 29.242567 28.911247 28.635211 28.406819 28.218778 28.064205 27.936646 27.830058 27.738735 27.657210 27.580102 27.501946 27.416963 27.318807 27.200248 27.052802 26.866288 26.628284 26.323472 25.932828 25.432637 24.793320 23.978081 22.941499 21.628383 19.973608 17.904390 15.347577 12.245768 8.586099 4.440490 0.000000 
50.000000 48.496924 47.008602 45.549354 44.132653 42.770751 41.474368 40.252445 39.111988 38.057981 37.093395 36.219261 35.434817 34.737702 34.124191 33.589453 33.127816 32.733025 32.398483 32.117462 31.883284 31.689459 31.529781 31.398385 31.289763 31.198734 31.120389 31.049990 30.982837 30.914107 30.838638 30.750688 30.643628 30.509569 30.338901 30.119711 29.837038 29.471908 29.000069 28.390341 27.602461 26.584373 25.269031 23.571207 21.385805 18.591322 15.065966 10.728957 5.619535 0.000000 
50.000000 48.780074 47.572123 46.387769 45.237947 44.132601 43.080430 42.088693 41.163075 40.307621 39.524742 38.815275 38.178601 37.612802 37.114856 36.680840 36.306149 35.985703 35.714145 35.486009 35.295869 35.138446 35.008689 34.901820 34.813339 34.739006 34.674783 34.616752 34.561003 34.503480 34.439806 34.365055 34.273475 34.158140 34.010502 33.819819 33.572375 33.250446 32.830848 32.282910 31.565598 30.623420 29.380687 27.733791 25.541925 22.619194 18.738208 13.671373 7.322334 0.000000 
50.000000 49.074626 48.158336 47.259945 46.387748 45.549288 44.751164 43.998882 43.296754 42.647849 42.053995 41.515828 41.032876 40.603686 40.225964 39.896734 39.612502 39.369412 39.163399 38.990314 38.846036 38.726555 38.628031 38.546827 38.479513 38.422849 38.373740 38.329169 38.286108 38.241393 38.191583 38.132771 38.060354 37.968734 37.850934 37.698075 37.498676 37.237650 36.894867 36.443017 35.844371 35.045741 33.970532 32.506077 30.483786 27.649853 23.630075 17.918695 10.009835 0.000000 
50.000000 49.378029 48.762163 48.158329 47.572099 47.008546 46.472103 45.966472 45.494551 45.058402 44.659255 44.297536 43.972929 43.684456 43.430575 43.209287 43.018240 42.854845 42.716366 42.600015 42.503018 42.422677 42.356409 42.301760 42.256419 42.218196 42.184993 42.154762 42.125434 42.094840 42.060605 42.020016 41.969856 41.906183 41.824045 41.717090 41.577014 41.392769 41.149380 40.826121 40.393588 39.808855 39.007087 37.886449 36.279889 33.900927 30.239764 24.381121 14.807164 0.000000 
50.000000 49.687480 49.378028 49.074620 48.780060 48.496892 48.227347 47.973284 47.736159 47.517009 47.316450 47.134698 46.971593 46.826644 46.699077 46.587885 46.491889 46.409786 46.340202 46.281734 46.232989 46.192610 46.159298 46.131818 46.109005 46.089757 46.073013 46.057739 46.042883 46.027344 46.009907 45.989184 45.963516 45.930868 45.888667 45.833597 45.761291 45.665898 45.539402 45.370563 45.143150 44.832880 44.401780 43.787078 42.877505 41.457824 39.064849 34.570902 24.843749 0.000000 
50.000000 50.000000 50.000000 50.000000 50.000000 50.000000 50.000000 50.000000 50.000000 50.000000 50.000000 50.000000 50.000000 50.000000 50.000000 50.000000 50.000000 50.000000 50.000000 50.000000 50.000000 50.000000 50.000000 50.000000 50.000000 50.000000 50.000000 50.000000 50.000000 50.000000 50.000000 50.000000 50.000000 50.000000 50.000000 50.000000 50.000000 50.000000 50.000000 50.000000 50.000000 50.000000 50.000000 50.000000 50.000000 50.000000 50.000000 50.000000 50.000000 50.000000 
