50.000000 50.000000 50.000000 50.000000 50.000000 50.000000 50.000000 50.000000 50.000000 50.000000 50.000000 50.000000 50.000000 50.000000 50.000000 50.000000 50.000000 50.000000 50.000000 50.000000 50.000000 50.000000 50.000000 50.000000 50.000000 50.000000 50.000000 50.000000 50.000000 50.000000 50.000000 50.000000 50.000000 50.000000 50.000000 50.000000 50.000000 50.000000 50.000000 50.000000 50.000000 50.000000 50.000000 50.000000 50.000000 50.000000 50.000000 50.000000 50.000000 50.000000 
50.000000 49.830498 49.661898 49.495085 49.330916 49.170207 49.013715 48.862132 48.716076 48.576077 48.442577 48.315922 48.196363 48.084052 47.979047 47.881310 47.790714 47.707047 47.630013 47.559241 47.494290 47.434647 47.379734 47.328906 47.281453 47.236589 47.193448 47.151070 47.108379 47.064160 47.017017 46.965325 46.907157 46.840185 46.761548 46.667647 46.553866 46.414138 46.240285 46.020961 45.739897 45.372843 44.881930 44.204567 43.229736 41.742517 39.280104 34.715245 24.916175 0.000000 
50.000000 49.661941 49.325680 48.992984 48.665562 48.345038 48.032927 47.730609 47.439313 47.160098 46.893845 46.641246 46.402801 46.178816 45.969403 45.774490 45.593824 45.426983 45.273380 45.132278 45.002797 44.883921 44.774500 44.673257 44.578781 44.489517 44.403752 44.319590 44.234911 44.147325 44.054094 43.952038 43.837404 43.705675 43.551322 43.367437 43.145215 42.873184 42.536045 42.112861 41.574153 40.877055 39.956941 38.712330 36.976666 34.464096 30.665568 24.666650 14.950431 0.000000 
50.000000 49.495260 48.993204 48.496471 48.007613 47.529057 47.063060 46.611687 46.176770 45.759894 45.362374 44.985244 44.629250 44.294850 43.982216 43.691241 43.421550 43.172514 42.943265 42.732706 42.539532 42.362232 42.199106 42.048261 41.907609 41.774856 41.647480 41.522695 41.397397 41.268096 41.130817 40.980963 40.813136 40.620888 40.396385 40.129928 39.809292 39.418763 38.937725 38.338560 37.583419 36.619204 35.369621 33.722525 31.510050 28.479314 24.257210 18.339225 10.220840 0.000000 
50.000000 49.331361 48.666277 48.008245 47.360647 46.726695 46.109385 45.511447 44.935313 44.383081 43.856496 43.356927 42.885367 42.442422 42.028325 41.642936 41.285765 40.955986 40.652455 40.373731 40.118095 39.883567 39.667914 39.468656 39.283066 39.108151 38.940632 38.776898 38.612945 38.444294 38.265870 38.071843 37.855424 37.608572 37.321620 36.982749 36.577270 36.086633 35.487018 34.747344 33.826417 32.668853 31.199352 29.314977 26.875857 23.697294 19.553316 14.217942 7.596578 0.000000 
50.000000 49.171111 48.346630 47.530891 46.728087 45.942203 45.176951 44.435717 43.721518 43.036955 42.384192 41.764931 41.180402 40.631364 40.118108 39.640467 39.197842 38.789217 38.413188 38.067983 37.751494 37.461291 37.194638 36.948505 36.719566 36.504185 36.298387 36.097818 35.897678 35.692622 35.476644 35.242901 34.983495 34.689180 34.348974 33.949651 33.475059 32.905213 32.215080 31.372971 30.338419 29.059492 27.469604 25.484327 22.999695 19.895641 16.052082 11.390182 5.951305 0.000000 
50.000000 49.015329 48.035895 47.066848 46.113169 45.179591 44.270526 43.390000 42.541593 41.728401 40.952996 40.217402 39.523087 38.870955 38.261358 37.694108 37.168503 36.683350 36.236997 35.827364 35.451973 35.107973 34.792162 34.500999 34.230608 33.976768 33.734884 33.499949 33.266474 33.028395 32.778949 32.510509 32.214367 31.880457 31.496995 31.050028 30.522843 29.895232 29.142564 28.234656 27.134463 25.796690 24.166666 22.180176 19.765728 16.851813 13.382991 9.348628 4.823083 0.000000 
50.000000 48.864778 47.735593 46.618385 45.518897 44.442587 43.394542 42.379405 41.401307 40.463819 39.569908 38.721913 37.921531 37.169811 36.467168 35.813397 35.207700 34.648720 34.134576 33.662899 33.230868 32.835241 32.472388 32.138302 31.828611 31.538570 31.263045 30.996468 30.732778 30.465332 30.186793 29.888970 29.562629 29.197241 28.780682 28.298848 27.735208 27.070253 26.280879 25.339726 24.214552 22.867841 21.257000 19.335776 17.057898 14.384346 11.295604 7.809064 3.997814 0.000000 
50.000000 48.720152 47.447111 46.187574 44.948018 43.734597 42.553048 41.408605 40.305931 39.249054 38.241322 37.285379 36.383142 35.535804 34.743843 34.007039 33.324513 32.694757 32.115675 31.584633 31.098494 30.653663 30.246115 29.871427 29.524785 29.200989 28.894440 28.599105 28.308463 28.015432 27.712265 27.390414 27.040370 26.651451 26.211566 25.706920 25.121699 24.437712 23.634047 22.686786 21.568886 20.250418 18.699461 16.884082 14.775988 12.356396 9.624341 6.606467 3.365248 0.000000 
50.000000 48.582076 47.171695 45.776276 44.402998 43.058679 41.749677 40.481794 39.260198 38.089354 36.972979 35.914005 34.914566 33.975993 33.098826 32.282841 31.527081 30.829901 30.189015 29.601542 29.064062 28.572655 28.122948 27.710144 27.329045 26.974061 26.639203 26.318061 26.003762 25.688910 25.365496 25.024796 24.657232 24.252218 23.797980 23.281356 22.687596 22.000171 21.200644 20.268657 19.182129 17.917831 16.452536 14.765000 12.839039 10.667828 8.259173 5.640772 2.863505 0.000000 
50.000000 48.451100 46.910441 45.386130 43.886008 42.417525 40.987630 39.602662 38.268271 36.989337 35.769927 34.613251 33.521649 32.496584 31.538663 30.647658 29.822547 29.061563 28.362243 27.721490 27.135623 26.600438 26.111250 25.662935 25.249965 24.866420 24.505992 24.161979 23.827251 23.494204 23.154697 22.799972 22.420550 22.006122 21.545430 21.026141 20.434755 19.756535 18.975532 18.074741 17.036473 15.843058 14.477986 12.927636 11.183652 9.245913 7.125748 4.848655 2.455370 0.000000 
50.000000 48.327698 46.664296 45.018546 43.398917 41.813454 40.269662 38.774389 37.333736 35.952980 34.636515 33.387817 32.209420 31.102918 30.068981 29.107383 28.217047 27.396095 26.641912 25.951202 25.320058 24.744018 24.218127 23.736980 23.294766 22.885293 22.502002 22.137968 21.785884 21.438035 21.086249 20.721845 20.335562 19.917492 19.457011 18.942717 18.362415 17.703135 16.951256 16.092752 15.113634 14.000641 12.742267 11.330147 9.760802 8.037616 6.172742 4.188440 2.117187 0.000000 
50.000000 48.212269 46.434052 44.674710 42.943296 41.248414 39.598088 37.999643 36.459604 34.983619 33.576392 32.241645 30.982099 29.799472 28.694496 27.666951 26.715714 25.838813 25.033493 24.296286 23.623083 23.009201 22.449448 21.938180 21.469350 21.036543 20.633007 20.251656 19.885078 19.525516 19.164847 18.794545 18.405651 17.988728 17.533839 17.030537 16.467898 15.834599 15.119095 14.309898 13.396020 12.367598 11.216747 9.938624 8.532666 7.003877 5.363921 3.631728 1.833232 0.000000 
50.000000 48.105136 46.220358 44.355589 42.520427 40.723994 38.974796 37.280602 35.648333 34.083979 32.592532 31.177949 29.843123 28.589890 27.419043 26.330374 25.322718 24.394022 23.541411 22.761267 22.049304 21.400646 20.809899 20.271218 19.778361 19.324738 18.903448 18.507300 18.128828 17.760292 17.393670 17.020650 16.632613 16.220628 15.775451 15.287558 14.747204 14.144541 13.469808 12.713617 11.867351 10.923702 9.877346 8.725737 7.469962 6.115560 4.673135 3.158569 1.592651 0.000000 
50.000000 48.006556 46.023725 44.061946 42.131320 40.241445 38.401274 36.618982 34.901855 33.256200 31.687277 30.199256 28.795194 27.477035 26.245634 25.100793 24.041318 23.065084 22.169114 21.349658 20.602278 19.921934 19.303061 18.739644 18.225284 17.753255 17.316548 16.907906 16.519854 16.144705 15.774580 15.401406 15.016925 14.612708 14.180179 13.710666 13.195484 12.626063 11.994139 11.292017 10.512918 9.651418 8.703967 7.669469 6.549862 5.350629 4.081118 2.754567 1.387721 0.000000 
50.000000 47.916721 45.844535 43.794354 41.776735 39.801711 37.878641 36.016073 34.221625 32.501894 30.862385 29.307464 27.840337 26.463052 25.176520 23.980558 22.873946 21.854501 20.919157 20.064052 19.284618 18.575676 17.931516 17.345986 16.812560 16.324408 15.874445 15.455384 15.059765 14.679987 14.308328 13.936969 13.558008 13.163495 12.745472 12.296032 11.807414 11.272132 10.683149 10.034112 9.319643 8.535682 7.679886 6.752036 5.754431 4.692189 3.573408 2.409092 1.212797 0.000000 
50.000000 47.835769 45.683063 43.553221 41.457211 39.405459 37.407691 35.472789 33.608673 31.822201 30.119099 28.503913 26.979984 25.549453 24.213286 22.971314 21.822300 20.764012 19.793306 18.906228 18.098100 17.363625 16.696974 16.091883 15.541725 15.039593 14.578354 14.150710 13.749242 13.366444 12.994765 12.626629 12.254476 11.870797 11.468187 11.039409 10.577491 10.075845 9.528425 8.929928 8.276023 7.563628 6.791200 5.959021 5.069454 4.127124 3.138970 2.114135 1.063664 0.000000 
50.000000 47.763788 45.539485 43.338810 41.173098 39.053123 36.988937 34.989722 33.063665 31.217857 29.458223 27.789466 26.215052 24.737205 23.356941 22.074107 20.887453 19.794704 18.792657 17.877275 17.043792 16.286810 15.600406 14.978223 14.413559 13.899447 13.428727 12.994108 12.588221 12.203665 11.833050 11.469036 11.104373 10.731948 10.344837 9.936379 9.500260 9.030626 8.522218 7.970539 7.372039 6.724323 6.026363 5.278697 4.483594 3.645146 2.769266 1.863571 0.937114 0.000000 
50.000000 47.700827 45.413900 43.151269 40.924590 38.744943 36.622665 34.567200 32.586969 30.689270 28.880197 27.164597 25.546041 24.026832 22.608027 21.289492 20.069964 18.947137 17.917758 16.977722 16.122187 15.345679 14.642193 14.005301 13.428242 12.904009 12.425427 11.985223 11.576082 11.190706 10.821858 10.462411 10.105391 9.744027 9.371811 8.982559 8.570499 8.130365 7.657517 7.148071 6.599046 6.008524 5.375800 4.701517 3.987765 3.238123 2.457628 1.652652 0.830680 0.000000 
50.000000 47.646905 45.306345 42.990653 40.711760 38.481009 36.308982 34.205345 32.178723 30.236586 28.385181 26.629473 24.973128 23.418512 21.966724 20.617643 19.370000 18.221464 17.168738 16.207666 15.333344 14.540234 13.822269 13.172964 12.585514 12.052884 11.567894 11.123293 10.711824 10.326280 9.959566 9.604738 9.255060 8.904053 8.545551 8.173765 7.783357 7.369528 6.928110 6.455680 5.949670 5.408488 4.831619 4.219722 3.574680 2.899611 2.198819 1.477679 0.742445 0.000000 
50.000000 47.602018 45.216813 42.856952 40.534596 38.261306 36.047867 33.904133 31.838896 29.859773 27.973135 26.184048 24.496256 22.912181 21.432954 20.058468 18.787450 17.617549 16.545434 15.566909 14.677020 13.870177 13.140268 12.480762 11.884823 11.345398 10.855307 10.407323 9.994239 9.608935 9.244430 8.893941 8.550928 8.209151 7.862721 7.506162 7.134481 6.743233 6.328612 5.887534 5.417725 4.917807 4.387377 3.827058 3.238530 2.624519 1.988735 1.335768 0.670920 0.000000 
50.000000 47.566151 45.145271 42.750116 40.393030 38.085749 35.839220 33.663448 31.567356 29.558682 27.643895 25.828141 24.115228 22.507621 21.006480 19.611710 18.322033 17.135084 16.047507 15.055073 14.152792 13.335036 12.595655 11.928087 11.325472 10.780746 10.286732 9.836226 9.422066 9.037199 8.674745 8.328043 7.990713 7.656700 7.320334 6.976379 6.620100 6.247321 5.854501 5.438798 4.998141 4.531295 4.037910 3.518561 2.974746 2.408874 1.824193 1.224692 0.614959 0.000000 
50.000000 47.539280 45.091672 42.670076 40.286971 37.954224 35.682905 33.483131 31.363925 29.333114 27.397239 25.561510 23.829780 22.204550 20.686998 19.277039 17.973395 16.773688 15.674546 14.671715 13.760178 12.934281 12.187846 11.514291 10.906737 10.358115 9.861253 9.408965 8.994123 8.609729 8.248974 7.905296 7.572428 7.244457 6.915868 6.581602 6.237109 5.878405 5.502131 5.105613 4.686915 4.244890 3.779215 3.290411 2.779836 2.249658 1.702784 1.142773 0.573699 0.000000 
50.000000 47.521381 45.055971 42.616762 40.216326 37.866617 35.578787 33.363025 31.228424 29.182868 27.232948 25.383916 23.639654 22.002687 20.474208 19.054137 17.741195 16.532998 15.426160 14.416414 13.498727 12.667424 11.916311 11.238792 10.627980 10.076800 9.578084 9.124659 8.709422 8.325412 7.965868 7.624290 7.294492 6.970650 6.647353 6.319656 5.983128 5.633908 5.268752 4.885091 4.481071 4.055597 3.608355 3.139825 2.651267 2.144689 1.622777 1.088806 0.546523 0.000000 
50.000000 47.512437 45.038130 42.590120 40.181024 37.822839 35.526757 33.303006 31.160712 29.107787 27.150850 25.295170 23.544647 21.901816 20.367877 18.942754 17.625167 16.412729 15.302049 14.288851 13.368094 12.534094 11.780650 11.101159 10.488727 9.936279 9.436650 8.982672 8.567257 8.183458 7.824543 7.484041 7.155806 6.834058 6.513439 6.189058 5.856545 5.512095 5.152524 4.775310 4.378640 3.961441 3.523403 3.064982 2.587390 2.092553 1.583049 1.062014 0.533033 0.000000 
50.000000 47.512437 45.038130 42.590120 40.181024 37.822839 35.526757 33.303006 31.160712 29.107787 27.150850 25.295170 23.544647 21.901816 20.367877 18.942754 17.625167 16.412729 15.302049 14.288851 13.368094 12.534094 11.780650 11.101159 10.488727 9.936279 9.436650 8.982672 8.567257 8.183458 7.824543 7.484041 7.155806 6.834058 6.513439 6.189058 5.856545 5.512095 5.152524 4.775310 4.378640 3.961441 3.523403 3.064982 2.587390 2.092553 1.583049 1.062014 0.533033 0.000000 
50.000000 47.521381 45.055971 42.616762 40.216326 37.866617 35.578787 33.363025 31.228424 29.182868 27.232948 25.383916 23.639654 22.002687 20.474208 19.054137 17.741195 16.532998 15.426160 14.416414 13.498727 12.667424 11.916311 11.238792 10.627980 10.076800 9.578084 9.124659 8.709422 8.325412 7.965868 7.624290 7.294492 6.970650 6.647353 6.319656 5.983128 5.633908 5.268752 4.885091 4.481071 4.055597 3.608355 3.139825 2.651267 2.144689 1.622777 1.088806 0.546523 0.000000 
50.000000 47.539280 45.091672 42.670076 40.286971 37.954224 35.682905 33.483131 31.363925 29.333114 27.397239 25.561510 23.829780 22.204550 20.686998 19.277039 17.973395 16.773688 15.674546 14.671715 13.760178 12.934281 12.187846 11.514291 10.906737 10.358115 9.861253 9.408965 8.994123 8.609729 8.248974 7.905296 7.572428 7.244457 6.915868 6.581602 6.237109 5.878405 5.502131 5.105613 4.686915 4.244890 3.779215 3.290411 2.779836 2.249658 1.702784 1.142773 0.573699 0.000000 
50.000000 47.566151 45.145271 42.750116 40.393030 38.085749 35.839220 33.663448 31.567356 29.558682 27.643895 25.828141 24.115228 22.507621 21.006480 19.611710 18.322033 17.135084 16.047507 15.055073 14.152792 13.335036 12.595655 11.928087 11.325472 10.780746 10.286732 9.836226 9.422066 9.037199 8.674745 8.328043 7.990713 7.656700 7.320334 6.976379 6.620100 6.247321 5.854501 5.438798 4.998141 4.531295 4.037910 3.518561 2.974746 2.408874 1.824193 1.224692 0.614959 0.000000 
50.000000 47.602018 45.216813 42.856952 40.534596 38.261306 36.047867 33.904133 31.838896 29.859773 27.973135 26.184048 24.496256 22.912181 21.432954 20.058468 18.787450 17.617549 16.545434 15.566909 14.677020 13.870177 13.140268 12.480762 11.884823 11.345398 10.855307 10.407323 9.994239 9.608935 9.244430 8.893941 8.550928 8.209151 7.862721 7.506162 7.134481 6.743233 6.328612 5.887534 5.417725 4.917807 4.387377 3.827058 3.238530 2.624519 1.988735 1.335768 0.670920 0.000000 
50.000000 47.646905 45.306345 42.990653 40.711760 38.481009 36.308982 34.205345 32.178723 30.236586 28.385181 26.629473 24.973128 23.418512 21.966724 20.617643 19.370000 18.221464 17.168738 16.207666 15.333344 14.540234 13.822269 13.172964 12.585514 12.052884 11.567894 11.123293 10.711824 10.326280 9.959566 9.604738 9.255060 8.904053 8.545551 8.173765 7.783357 7.369528 6.928110 6.455680 5.949670 5.408488 4.831619 4.219722 3.574680 2.899611 2.198819 1.477679 0.742445 0.000000 
50.000000 47.700827 45.413900 43.151269 40.924590 38.744943 36.622665 34.567200 32.586969 30.689270 28.880197 27.164597 25.546041 24.026832 22.608027 21.289492 20.069964 18.947137 17.917758 16.977722 16.122187 15.345679 14.642193 14.005301 13.428242 12.904009 12.425427 11.985223 11.576082 11.190706 10.821858 10.462411 10.105391 9.744027 9.371811 8.982559 8.570499 8.130365 7.657517 7.148071 6.599046 6.008524 5.375800 4.701517 3.987765 3.238123 2.457628 1.652652 0.830680 0.000000 
50.000000 47.763788 45.539485 43.338810 41.173098 39.053123 36.988937 34.989722 33.063665 31.217857 29.458223 27.789466 26.215052 24.737205 23.356941 22.074107 20.887453 19.794704 18.792657 17.877275 17.043792 16.286810 15.600406 14.978223 14.413559 13.899447 13.428727 12.994108 12.588221 12.203665 11.833050 11.469036 11.104373 10.731948 10.344837 9.936379 9.500260 9.030626 8.522218 7.970539 7.372039 6.724323 6.026363 5.278697 4.483594 3.645146 2.769266 1.863571 0.937114 0.000000 
50.000000 47.835769 45.683063 43.553221 41.457211 39.405459 37.407691 35.472789 33.608673 31.822201 30.119099 28.503913 26.979984 25.549453 24.213286 22.971314 21.822300 20.764012 19.793306 18.906228 18.098100 17.363625 16.696974 16.091883 15.541725 15.039593 14.578354 14.150710 13.749242 13.366444 12.994765 12.626629 12.254476 11.870797 11.468187 11.039409 10.577491 10.075845 9.528425 8.929928 8.276023 7.563628 6.791200 5.959021 5.069454 4.127124 3.138970 2.114135 1.063664 0.000000 
50.000000 47.916721 45.844535 43.794354 41.776735 39.801711 37.878641 36.016073 34.221625 32.501894 30.862385 29.307464 27.840337 26.463052 25.176520 23.980558 22.873946 21.854501 20.919157 20.064052 19.284618 18.575676 17.931516 17.345986 16.812560 16.324408 15.874445 15.455384 15.059765 14.679987 14.308328 13.936969 13.558008 13.163495 12.745472 12.296032 11.807414 11.272132 10.683149 10.034112 9.319643 8.535682 7.679886 6.752036 5.754431 4.692189 3.573408 2.409092 1.212797 0.000000 
50.000000 48.006556 46.023725 44.061946 42.131320 40.241445 38.401274 36.618982 34.901855 33.256200 31.687277 30.199256 28.795194 27.477035 26.245634 25.100793 24.041318 23.065084 22.169114 21.349658 20.602278 19.921934 19.303061 18.739644 18.225284 17.753255 17.316548 16.907906 16.519854 16.144705 15.774580 15.401406 15.016925 14.612708 14.180179 13.710666 13.195484 12.626063 11.994139 11.292017 10.512918 9.651418 8.703967 7.669469 6.549862 5.350629 4.081118 2.754567 1.387721 0.000000 
50.000000 48.105136 46.220358 44.355589 42.520427 40.723994 38.974796 37.280602 35.648333 34.083979 32.592532 31.177949 29.843123 28.589890 27.419043 26.330374 25.322718 24.394022 23.541411 22.761267 22.049304 21.400646 20.809899 20.271218 19.778361 19.324738 18.903448 18.507300 18.128828 17.760292 17.393670 17.020650 16.632613 16.220628 15.775451 15.287558 14.747204 14.144541 13.469808 12.713617 11.867351 10.923702 9.877346 8.725737 7.469962 6.115560 4.673135 3.158569 1.592651 0.000000 
50.000000 48.212269 46.434052 44.674710 42.943296 41.248414 39.598088 37.999643 36.459604 34.983619 33.576392 32.241645 30.982099 29.799472 28.694496 27.666951 26.715714 25.838813 25.033493 24.296286 23.623083 23.009201 22.449448 21.938180 21.469350 21.036543 20.633007 20.251656 19.885078 19.525516 19.164847 18.794545 18.405651 17.988728 17.533839 17.030537 16.467898 15.834599 15.119095 14.309898 13.396020 12.367598 11.216747 9.938624 8.532666 7.003877 5.363921 3.631728 1.833232 0.000000 
50.000000 48.327698 46.664296 45.018546 43.398917 41.813454 40.269662 38.774389 37.333736 35.952980 34.636515 33.387817 32.209420 31.102918 30.068981 29.107383 28.217047 27.396095 26.641912 25.951202 25.320058 24.744018 24.218127 23.736980 23.294766 22.885293 22.502002 22.137968 21.785884 21.438035 21.086249 20.721845 20.335562 19.917492 19.457011 18.942717 18.362415 17.703135 16.951256 16.092752 15.113634 14.000641 12.742267 11.330147 9.760802 8.037616 6.172742 4.188440 2.117187 0.000000 
50.000000 48.451100 46.910441 45.386130 43.886008 42.417525 40.987630 39.602662 38.268271 36.989337 35.769927 34.613251 33.521649 32.496584 31.538663 30.647658 29.822547 29.061563 28.362243 27.721490 27.135623 26.600438 26.111250 25.662935 25.249965 24.866420 24.505992 24.161979 23.827251 23.494204 23.154697 22.799972 22.420550 22.006122 21.545430 21.026141 20.434755 19.756535 18.975532 18.074741 17.036473 15.843058 14.477986 12.927636 11.183652 9.245913 7.125748 4.848655 2.455370 0.000000 
50.000000 48.582076 47.171695 45.776276 44.402998 43.058679 41.749677 40.481794 39.260198 38.089354 36.972979 35.914005 34.914566 33.975993 33.098826 32.282841 31.527081 30.829901 30.189015 29.601542 29.064062 28.572655 28.122948 27.710144 27.329045 26.974061 26.639203 26.318061 26.003762 25.688910 25.365496 25.024796 24.657232 24.252218 23.797980 23.281356 22.687596 22.000171 21.200644 20.268657 19.182129 17.917831 16.452536 14.765000 12.839039 10.667828 8.259173 5.640772 2.863505 0.000000 
50.000000 48.720152 47.447111 46.187574 44.948018 43.734597 42.553048 41.408605 40.305931 39.249054 38.241322 37.285379 36.383142 35.535804 34.743843 34.007039 33.324513 32.694757 32.115675 31.584633 31.098494 30.653663 30.246115 29.871427 29.524785 29.200989 28.894440 28.599105 28.308463 28.015432 27.712265 27.390414 27.040370 26.651451 26.211566 25.706920 25.121699 24.437712 23.634047 22.686786 21.568886 20.250418 18.699461 16.884082 14.775988 12.356396 9.624341 6.606467 3.365248 0.000000 
50.000000 48.864778 47.735593 46.618385 45.518897 44.442587 43.394542 42.379405 41.401307 40.463819 39.569908 38.721913 37.921531 37.169811 36.467168 35.813397 35.207700 34.648720 34.134576 33.662899 33.230868 32.835241 32.472388 32.138302 31.828611 31.538570 31.263045 30.996468 30.732778 30.465332 30.186793 29.888970 29.562629 29.197241 28.780682 28.298848 27.735208 27.070253 26.280879 25.339726 24.214552 22.867841 21.257000 19.335776 17.057898 14.384346 11.295604 7.809064 3.997814 0.000000 
50.000000 49.015329 48.035895 47.066848 46.113169 45.179591 44.270526 43.390000 42.541593 41.728401 40.952996 40.217402 39.523087 38.870955 38.261358 37.694108 37.168503 36.683350 36.236997 35.827364 35.451973 35.107973 34.792162 34.500999 34.230608 33.976768 33.734884 33.499949 33.266474 33.028395 32.778949 32.510509 32.214367 31.880457 31.496995 31.050028 30.522843 29.895232 29.142564 28.234656 27.134463 25.796690 24.166666 22.180176 19.765728 16.851813 13.382991 9.348628 4.823083 0.000000 
50.000000 49.171111 48.346630 47.530891 46.728087 45.942203 45.176951 44.435717 43.721518 43.036955 42.384192 41.764931 41.180402 40.631364 40.118108 39.640467 39.197842 38.789217 38.413188 38.067983 37.751494 37.461291 37.194638 36.948505 36.719566 36.504185 36.298387 36.097818 35.897678 35.692622 35.476644 35.242901 34.983495 34.689180 34.348974 33.949651 33.475059 32.905213 32.215080 31.372971 30.338419 29.059492 27.469604 25.484327 22.999695 19.895641 16.052082 11.390182 5.951305 0.000000 
50.000000 49.331361 48.666277 48.008245 47.360647 46.726695 46.109385 45.511447 44.935313 44.383081 43.856496 43.356927 42.885367 42.442422 42.028325 41.642936 41.285765 40.955986 40.652455 40.373731 40.118095 39.883567 39.667914 39.468656 39.283066 39.108151 38.940632 38.776898 38.612945 38.444294 38.265870 38.071843 37.855424 37.608572 37.321620 36.982749 36.577270 36.086633 35.487018 34.747344 33.826417 32.668853 31.199352 29.314977 26.875857 23.697294 19.553316 14.217942 7.596578 0.000000 
50.000000 49.495260 48.993204 48.496471 48.007613 47.529057 47.063060 46.611687 46.176770 45.759894 45.362374 44.985244 44.629250 44.294850 43.982216 43.691241 43.421550 43.172514 42.943265 42.732706 42.539532 42.362232 42.199106 42.048261 41.907609 41.774856 41.647480 41.522695 41.397397 41.268096 41.130817 40.980963 40.813136 40.620888 40.396385 40.129928 39.809292 39.418763 38.937725 38.338560 37.583419 36.619204 35.369621 33.722525 31.510050 28.479314 24.257210 18.339225 10.220840 0.000000 
50.000000 49.661941 49.325680 48.992984 48.665562 48.345038 48.032927 47.730609 47.439313 47.160098 46.893845 46.641246 46.402801 46.178816 45.969403 45.774490 45.593824 45.426983 45.273380 45.132278 45.002797 44.883921 44.774500 44.673257 44.578781 44.489517 44.403752 44.319590 44.234911 44.147325 44.054094 43.952038 43.837404 43.705675 43.551322 43.367437 43.145215 42.873184 42.536045 42.112861 41.574153 40.877055 39.956941 38.712330 36.976666 34.464096 30.665568 24.666650 14.950431 0.000000 
50.000000 49.830498 49.661898 49.495085 49.330916 49.170207 49.013715 48.862132 48.716076 48.576077 48.442577 48.315922 48.196363 48.084052 47.979047 47.881310 47.790714 47.707047 47.630013 47.559241 47.494290 47.434647 47.379734 47.328906 47.281453 47.236589 47.193448 47.151070 47.108379 47.064160 47.017017 46.965325 46.907157 46.840185 46.761548 46.667647 46.553866 46.414138 46.240285 46.020961 45.739897 45.372843 44.881930 44.204567 43.229736 41.742517 39.280104 34.715245 24.916175 0.000000 
50.000000 50.000000 50.000000 50.000000 50.000000 50.000000 50.000000 50.000000 50.000000 50.000000 50.000000 50.000000 50.000000 50.000000 50.000000 50.000000 50.000000 50.000000 50.000000 50.000000 50.000000 50.000000 50.000000 50.000000 50.000000 50.000000 50.000000 50.000000 50.000000 50.000000 50.000000 50.000000 50.000000 50.000000 50.000000 50.000000 50.000000 50.000000 50.000000 50.000000 50.000000 50.000000 50.000000 50.000000 50.000000 50.000000 50.000000 50.000000 50.000000 50.000000 
