50.000000 50.000000 50.000000 50.000000 50.000000 50.000000 50.000000 50.000000 50.000000 50.000000 50.000000 50.000000 50.000000 50.000000 50.000000 50.000000 50.000000 50.000000 50.000000 50.000000 50.000000 50.000000 50.000000 50.000000 50.000000 50.000000 50.000000 50.000000 50.000000 50.000000 50.000000 50.000000 50.000000 50.000000 50.000000 50.000000 50.000000 50.000000 50.000000 50.000000 50.000000 50.000000 50.000000 50.000000 50.000000 50.000000 50.000000 50.000000 50.000000 50.000000 
50.000000 49.730931 49.464136 49.201832 48.946121 48.698944 48.462032 48.236877 48.024698 47.826431 47.642724 47.473934 47.320148 47.181199 47.056693 46.946041 46.848491 46.763161 46.689076 46.625192 46.570429 46.523691 46.483878 46.449905 46.420699 46.395197 46.372338 46.351045 46.330196 46.308590 46.284898 46.257603 46.224914 46.184657 46.134131 46.069896 45.987476 45.880928 45.742165 45.559896 45.317870 44.991808 44.543771 43.911051 42.982472 41.542913 39.129333 34.614214 24.865503 0.000000 
50.000000 49.464141 48.932810 48.410422 47.901166 47.408904 46.937087 46.488682 46.066121 45.671267 45.305408 44.969259 44.662990 44.386271 44.138317 43.917954 43.723685 43.553756 43.406223 43.279013 43.169974 43.076924 42.997680 42.930083 42.872000 42.821326 42.775960 42.733770 42.692544 42.649921 42.603294 42.549699 42.485651 42.406941 42.308357 42.183304 42.023262 41.817000 41.549402 41.199643 40.738277 40.122388 39.287206 38.131022 36.486966 34.068789 30.366974 24.466565 14.850079 0.000000 
50.000000 49.201849 48.410444 47.632358 46.873832 46.140619 45.437859 44.769970 44.140575 43.552450 43.007513 42.506828 42.050652 41.638489 41.269174 40.940958 40.651612 40.398527 40.178809 39.989372 39.827016 39.688497 39.570572 39.470034 39.383724 39.308526 39.241336 39.179020 39.118332 39.055827 38.987721 38.909735 38.816871 38.703136 38.561168 38.381732 38.153027 37.859696 37.481398 36.990682 36.349752 35.505434 34.381230 32.864657 30.787388 27.895960 23.816581 18.043967 10.072754 0.000000 
50.000000 48.946166 47.901238 46.873897 45.872381 44.904288 43.976403 43.094561 42.263544 41.487019 40.767516 40.106444 39.504141 38.959953 38.472342 38.039003 37.656993 37.322870 37.032817 36.782765 36.568500 36.385745 36.230236 36.097756 35.984162 35.885376 35.797349 35.716007 35.637159 35.556377 35.468840 35.369132 35.250988 35.106965 34.928017 34.702932 34.417580 34.053884 33.588386 32.990229 32.218291 31.217096 29.911080 28.196872 25.934003 22.937020 18.979064 13.833149 7.403588 0.000000 
50.000000 48.699038 47.409071 46.140815 44.904440 43.709326 42.563850 41.475214 40.449323 39.490703 38.602479 37.786390 37.042854 36.371067 35.769129 35.234198 34.762645 34.350224 33.992232 33.683652 33.419294 33.193895 33.002212 32.839072 32.699398 32.578209 32.470584 32.371592 32.276194 32.179109 32.074635 31.956436 31.817254 31.648575 31.440181 31.179591 30.851340 30.436024 29.909060 29.239038 28.385588 27.296672 25.905392 24.126799 21.856204 18.972634 15.354931 10.923045 5.717018 0.000000 
50.000000 48.462208 46.937412 45.438280 43.976833 42.564158 41.210157 39.923346 38.710702 37.577578 36.527666 35.563024 34.684147 33.890085 33.178596 32.546324 31.988983 31.501563 31.078509 30.713908 30.401637 30.135501 29.909331 29.717052 29.552720 29.410522 29.284738 29.169675 29.059558 28.948388 28.829759 28.696630 28.541045 28.353793 28.123986 27.838547 27.481571 27.033536 26.470343 25.762146 24.872021 23.754564 22.354750 20.607770 18.441304 15.782802 12.575587 8.807626 4.551754 0.000000 
50.000000 48.237178 46.489254 44.770750 43.095445 41.476051 39.923917 38.448805 37.058715 35.759784 34.556244 33.450455 32.442987 31.532753 30.717186 29.992441 29.353615 28.794970 28.310150 27.892393 27.534700 27.230000 26.971256 26.751560 26.564166 26.402502 26.260139 26.130715 26.007836 25.884924 25.755039 25.610654 25.443383 25.243670 25.000405 24.700484 24.328295 23.865115 23.288452 22.571338 21.681684 20.581863 19.228902 17.575894 15.575655 13.188008 10.392065 7.203663 3.694191 0.000000 
50.000000 48.025187 46.067064 44.141899 42.265129 40.450993 38.712207 37.059707 35.502456 34.047326 32.699064 31.460313 30.331711 29.312047 28.398447 27.586609 26.871048 26.245345 25.702396 25.234641 24.834268 24.493387 24.204165 23.958922 23.750184 23.570702 23.413418 23.271404 23.137755 23.005450 22.867174 22.715110 22.540687 22.334298 22.084976 21.780038 21.404692 20.941627 20.370618 19.668196 18.807503 17.758509 16.488893 14.966029 13.160641 11.052702 8.639763 5.946786 3.034409 0.000000 
50.000000 47.827195 45.672754 43.554576 41.489645 39.493628 37.580517 35.762344 34.048971 32.447962 30.964537 29.601609 28.359882 27.238024 26.232879 25.339722 24.552523 23.864232 23.267050 22.752680 22.312557 21.938038 21.620560 21.351741 21.123456 20.927852 20.757331 20.604488 20.462015 20.322570 20.178606 20.022183 19.844742 19.636862 19.387995 19.086187 18.717807 18.267292 17.716965 17.046970 16.235450 15.259089 14.094256 12.718986 11.116067 9.277364 7.209116 4.937244 2.510683 0.000000 
50.000000 47.643881 45.307675 43.010790 40.771647 38.607233 36.532720 34.561156 32.703237 30.967164 29.358601 27.880706 26.534246 25.317781 24.227894 23.259466 22.405969 21.659773 21.012436 20.454987 19.978170 19.572660 19.229226 18.938860 18.692854 18.482829 18.300725 18.138750 17.989289 17.844780 17.697566 17.539720 17.362848 17.157888 16.914893 16.622830 16.269401 15.840915 15.322249 14.696958 13.947615 13.056486 12.006662 10.783793 9.378466 7.789209 6.025730 4.111682 2.085783 0.000000 
50.000000 47.475645 44.972625 42.511735 40.112710 37.793750 35.571113 33.458778 31.468203 29.608180 27.884775 26.301376 24.858806 23.555527 22.387883 21.350396 20.436084 19.636786 18.943476 18.346569 17.836185 17.402377 17.035320 16.725447 16.463536 16.240755 16.048657 15.879138 15.724356 15.576624 15.428267 15.271474 15.098126 14.899630 14.666748 14.389456 14.056838 13.657041 13.177334 12.604304 11.924265 11.123924 10.191394 9.117582 7.897947 6.534501 5.037749 3.428069 1.735877 0.000000 
50.000000 47.322630 44.667889 42.057832 39.513390 37.053868 34.696508 32.456138 30.344913 28.372155 26.544303 24.864949 23.334973 21.952744 20.714391 19.614114 18.644518 17.796960 17.061890 16.429169 15.888354 15.428946 15.040589 14.713222 14.437178 14.203236 14.002629 13.827009 13.668380 13.518993 13.371232 13.217472 13.049940 12.860569 12.640877 12.381860 12.073940 11.706976 11.270370 10.753301 10.145128 9.435992 8.617653 7.684558 6.635094 5.472892 4.207965 2.857352 1.444909 0.000000 
50.000000 47.184742 44.393279 41.648802 38.973319 36.387131 33.908369 31.552623 29.332676 27.258331 25.336361 23.570544 21.961808 20.508444 19.206387 18.049546 17.030156 16.139146 15.366494 14.701567 14.133422 13.651070 13.243688 12.900782 12.612302 12.368700 12.160946 11.980506 11.819283 11.669524 11.523718 11.374475 11.214400 11.035976 10.831468 10.592852 10.311788 9.979667 9.587730 9.127306 8.590170 7.969058 7.258329 6.454754 5.558396 4.573444 3.508866 2.378667 1.201570 0.000000 
50.000000 47.061683 44.148201 41.283759 38.491329 35.792097 33.204988 30.746276 28.429300 26.264296 24.258331 22.415354 20.736335 19.219494 17.860596 16.653290 15.589485 14.659727 13.853580 13.159971 12.567519 12.064802 11.640591 11.284019 10.984706 10.732831 10.519153 10.335000 10.172215 10.023082 9.880226 9.736511 9.584932 9.418511 9.230224 9.012946 8.759449 8.462450 8.114738 7.709383 7.240046 6.701388 6.089584 5.402899 4.642281 3.811900 2.919505 1.976491 0.997569 0.000000 
50.000000 46.952985 43.931724 40.961317 38.065587 35.266505 32.583694 30.034031 27.631352 25.386270 23.306117 21.394988 19.653893 18.080991 16.671896 15.420030 14.317013 13.353059 12.517364 11.798475 11.184624 10.664017 10.225072 9.856602 9.547950 9.289066 9.070544 8.883610 8.720081 8.572300 8.433047 8.295447 8.152868 7.998843 7.826999 7.631016 7.404632 7.141691 6.836255 6.482781 6.076375 5.613113 5.090421 4.507488 3.865671 3.168827 2.423502 1.638906 0.826617 0.000000 
50.000000 46.858051 43.742659 40.679706 37.693757 34.807468 32.041075 29.411980 26.934450 24.619432 22.474487 20.503840 18.708535 17.086678 15.633751 14.342980 13.205736 12.211940 11.350472 10.609549 9.977072 9.440924 8.989221 8.610506 8.293890 8.029136 7.806706 7.617754 7.454097 7.308151 7.172854 7.041579 6.908051 6.766263 6.610422 6.434911 6.234290 6.003340 5.737153 5.431279 5.081919 4.686170 4.242309 3.750078 3.210957 2.628362 2.007742 1.356512 0.683797 0.000000 
50.000000 46.776197 43.579642 40.436893 37.373155 34.411674 31.573214 28.875632 26.333565 23.958248 21.757440 19.735477 17.893435 16.229372 14.738660 13.414356 12.247614 11.228109 10.344447 9.584565 8.936078 8.386598 7.923987 7.536559 7.213233 6.943621 6.718082 6.527724 6.364373 6.220527 6.089277 5.964229 5.839426 5.709271 5.568475 5.412017 5.235148 5.033413 4.802728 4.539487 4.240714 3.904242 3.528912 3.114778 2.663282 2.177372 1.661540 1.121739 0.565181 0.000000 
50.000000 46.706689 43.441215 40.230707 37.100914 34.075584 31.175929 28.420190 25.823323 23.396804 21.148560 19.083025 17.201299 15.501402 13.978611 12.625841 11.434063 10.392743 9.490258 8.714306 8.052266 7.491521 7.019719 6.624987 6.296087 6.022510 5.794536 5.603241 5.440474 5.298811 5.171484 5.052309 4.935608 4.816138 4.689036 4.549782 4.394190 4.218421 4.019038 3.793086 3.538197 3.252725 2.935884 2.587888 2.210057 1.804895 1.376084 0.928406 0.467580 0.000000 
50.000000 46.648790 43.325907 40.058956 36.874140 33.795625 30.844994 28.040812 25.398297 22.929128 20.641372 18.539544 16.624763 14.895021 13.345514 11.969037 10.756415 9.696935 8.778788 7.989474 7.316177 6.746088 6.266686 5.865943 5.532494 5.255735 5.025886 4.834003 4.671963 4.532413 4.408712 4.294858 4.185409 4.075419 3.960380 3.836180 3.699083 3.545741 3.373217 3.179046 2.961310 2.718728 2.450753 2.157665 1.840636 1.501770 1.144084 0.771435 0.388385 0.000000 
50.000000 46.601791 43.232305 39.919537 36.690056 33.568367 30.576358 27.732852 25.053283 22.549493 20.229665 18.098377 16.156766 14.402799 12.831608 11.435894 10.206357 9.132146 8.201298 7.401155 6.718741 6.141099 5.655567 5.249997 4.912922 4.633666 4.402404 4.210181 4.048900 3.911273 3.790767 3.681528 3.578313 3.476418 3.371617 3.260122 3.138556 3.003944 2.853733 2.685822 2.498616 2.291089 2.062844 1.814173 1.546101 1.260394 0.959537 0.646669 0.325468 0.000000 
50.000000 46.565046 43.159125 39.810536 36.546135 33.390692 30.366332 27.492083 24.783544 22.252687 19.907785 17.753465 15.790880 14.017975 12.429834 11.019082 9.776326 8.690604 7.749835 6.941236 6.251710 5.668183 5.177885 4.768575 4.428710 4.147559 3.915264 3.722867 3.562290 3.426303 3.308456 3.203018 3.104900 3.009587 2.913073 2.811820 2.702718 2.583076 2.450621 2.303517 2.140399 1.960412 1.763251 1.549196 1.319138 1.074573 0.817580 0.550754 0.277119 0.000000 
50.000000 46.538002 43.105267 39.730315 36.440214 33.259929 30.211760 27.314884 24.585025 22.034248 19.670892 17.499622 15.521601 13.734760 12.134145 10.712328 9.459846 8.365656 7.417590 6.602775 5.908024 5.320178 4.826388 4.414346 4.072454 3.789942 3.556930 3.364456 3.204463 3.069760 2.953966 2.851436 2.757199 2.666875 2.576622 2.483079 2.383332 2.274889 2.155674 2.024035 1.878762 1.719112 1.544832 1.356184 1.153950 0.939428 0.714398 0.481069 0.242001 0.000000 
50.000000 46.520225 43.069863 39.677580 36.370585 33.173971 30.110150 27.198401 24.454526 21.890655 19.515169 17.332757 15.344589 13.548587 11.939774 10.510684 9.251809 8.152055 7.199195 6.380296 5.682115 5.091435 4.595358 4.181530 3.838319 3.554928 3.321464 3.128965 2.969387 2.835567 2.721165 2.620601 2.528974 2.441999 2.355937 2.267544 2.174031 2.073033 1.962600 1.841195 1.707705 1.561452 1.402214 1.230232 1.046217 0.851332 0.647165 0.435677 0.219131 0.000000 
50.000000 46.511413 43.052313 39.651441 36.336072 33.131362 30.059784 27.140662 24.389840 21.819479 19.437980 17.250045 15.256848 13.456305 11.843428 10.410734 9.148691 8.046179 7.090943 6.270021 5.570141 4.978058 4.480849 4.066139 3.722278 3.438456 3.204775 3.012271 2.852908 2.719536 2.605839 2.506264 2.415950 2.330654 2.246692 2.160876 2.070477 1.973194 1.867138 1.750826 1.623191 1.483587 1.331804 1.168073 0.993067 0.807883 0.614014 0.413300 0.207857 0.000000 
50.000000 46.511413 43.052313 39.651441 36.336072 33.131362 30.059784 27.140662 24.389840 21.819479 19.437980 17.250045 15.256848 13.456305 11.843428 10.410734 9.148691 8.046179 7.090943 6.270021 5.570141 4.978058 4.480849 4.066139 3.722278 3.438456 3.204775 3.012271 2.852908 2.719536 2.605839 2.506264 2.415950 2.330654 2.246692 2.160876 2.070477 1.973194 1.867138 1.750826 1.623191 1.483587 1.331804 1.168073 0.993067 0.807883 0.614014 0.413300 0.207857 0.000000 
50.000000 46.520225 43.069863 39.677580 36.370585 33.173971 30.110150 27.198401 24.454526 21.890655 19.515169 17.332757 15.344589 13.548587 11.939774 10.510684 9.251809 8.152055 7.199195 6.380296 5.682115 5.091435 4.595358 4.181530 3.838319 3.554928 3.321464 3.128965 2.969387 2.835567 2.721165 2.620601 2.528974 2.441999 2.355937 2.267544 2.174031 2.073033 1.962600 1.841195 1.707705 1.561452 1.402214 1.230232 1.046217 0.851332 0.647165 0.435677 0.219131 0.000000 
50.000000 46.538002 43.105267 39.730315 36.440214 33.259929 30.211760 27.314884 24.585025 22.034248 19.670892 17.499622 15.521601 13.734760 12.134145 10.712328 9.459846 8.365656 7.417590 6.602775 5.908024 5.320178 4.826388 4.414346 4.072454 3.789942 3.556930 3.364456 3.204463 3.069760 2.953966 2.851436 2.757199 2.666875 2.576622 2.483079 2.383332 2.274889 2.155674 2.024035 1.878762 1.719112 1.544832 1.356184 1.153950 0.939428 0.714398 0.481069 0.242001 0.000000 
50.000000 46.565046 43.159125 39.810536 36.546135 33.390692 30.366332 27.492083 24.783544 22.252687 19.907785 17.753465 15.790880 14.017975 12.429834 11.019082 9.776326 8.690604 7.749835 6.941236 6.251710 5.668183 5.177885 4.768575 4.428710 4.147559 3.915264 3.722867 3.562290 3.426303 3.308456 3.203018 3.104900 3.009587 2.913073 2.811820 2.702718 2.583076 2.450621 2.303517 2.140399 1.960412 1.763251 1.549196 1.319138 1.074573 0.817580 0.550754 0.277119 0.000000 
50.000000 46.601791 43.232305 39.919537 36.690056 33.568367 30.576358 27.732852 25.053283 22.549493 20.229665 18.098377 16.156766 14.402799 12.831608 11.435894 10.206357 9.132146 8.201298 7.401155 6.718741 6.141099 5.655567 5.249997 4.912922 4.633666 4.402404 4.210181 4.048900 3.911273 3.790767 3.681528 3.578313 3.476418 3.371617 3.260122 3.138556 3.003944 2.853733 2.685822 2.498616 2.291089 2.062844 1.814173 1.546101 1.260394 0.959537 0.646669 0.325468 0.000000 
50.000000 46.648790 43.325907 40.058956 36.874140 33.795625 30.844994 28.040812 25.398297 22.929128 20.641372 18.539544 16.624763 14.895021 13.345514 11.969037 10.756415 9.696935 8.778788 7.989474 7.316177 6.746088 6.266686 5.865943 5.532494 5.255735 5.025886 4.834003 4.671963 4.532413 4.408712 4.294858 4.185409 4.075419 3.960380 3.836180 3.699083 3.545741 3.373217 3.179046 2.961310 2.718728 2.450753 2.157665 1.840636 1.501770 1.144084 0.771435 0.388385 0.000000 
50.000000 46.706689 43.441215 40.230707 37.100914 34.075584 31.175929 28.420190 25.823323 23.396804 21.148560 19.083025 17.201299 15.501402 13.978611 12.625841 11.434063 10.392743 9.490258 8.714306 8.052266 7.491521 7.019719 6.624987 6.296087 6.022510 5.794536 5.603241 5.440474 5.298811 5.171484 5.052309 4.935608 4.816138 4.689036 4.549782 4.394190 4.218421 4.019038 3.793086 3.538197 3.252725 2.935884 2.587888 2.210057 1.804895 1.376084 0.928406 0.467580 0.000000 
50.000000 46.776197 43.579642 40.436893 37.373155 34.411674 31.573214 28.875632 26.333565 23.958248 21.757440 19.735477 17.893435 16.229372 14.738660 13.414356 12.247614 11.228109 10.344447 9.584565 8.936078 8.386598 7.923987 7.536559 7.213233 6.943621 6.718082 6.527724 6.364373 6.220527 6.089277 5.964229 5.839426 5.709271 5.568475 5.412017 5.235148 5.033413 4.802728 4.539487 4.240714 3.904242 3.528912 3.114778 2.663282 2.177372 1.661540 1.121739 0.565181 0.000000 
50.000000 46.858051 43.742659 40.679706 37.693757 34.807468 32.041075 29.411980 26.934450 24.619432 22.474487 20.503840 18.708535 17.086678 15.633751 14.342980 13.205736 12.211940 11.350472 10.609549 9.977072 9.440924 8.989221 8.610506 8.293890 8.029136 7.806706 7.617754 7.454097 7.308151 7.172854 7.041579 6.908051 6.766263 6.610422 6.434911 6.234290 6.003340 5.737153 5.431279 5.081919 4.686170 4.242309 3.750078 3.210957 2.628362 2.007742 1.356512 0.683797 0.000000 
50.000000 46.952985 43.931724 40.961317 38.065587 35.266505 32.583694 30.034031 27.631352 25.386270 23.306117 21.394988 19.653893 18.080991 16.671896 15.420030 14.317013 13.353059 12.517364 11.798475 11.184624 10.664017 10.225072 9.856602 9.547950 9.289066 9.070544 8.883610 8.720081 8.572300 8.433047 8.295447 8.152868 7.998843 7.826999 7.631016 7.404632 7.141691 6.836255 6.482781 6.076375 5.613113 5.090421 4.507488 3.865671 3.168827 2.423502 1.638906 0.826617 0.000000 
50.000000 47.061683 44.148201 41.283759 38.491329 35.792097 33.204988 30.746276 28.429300 26.264296 24.258331 22.415354 20.736335 19.219494 17.860596 16.653290 15.589485 14.659727 13.853580 13.159971 12.567519 12.064802 11.640591 11.284019 10.984706 10.732831 10.519153 10.335000 10.172215 10.023082 9.880226 9.736511 9.584932 9.418511 9.230224 9.012946 8.759449 8.462450 8.114738 7.709383 7.240046 6.701388 6.089584 5.402899 4.642281 3.811900 2.919505 1.976491 0.997569 0.000000 
50.000000 47.184742 44.393279 41.648802 38.973319 36.387131 33.908369 31.552623 29.332676 27.258331 25.336361 23.570544 21.961808 20.508444 19.206387 18.049546 17.030156 16.139146 15.366494 14.701567 14.133422 13.651070 13.243688 12.900782 12.612302 12.368700 12.160946 11.980506 11.819283 11.669524 11.523718 11.374475 11.214400 11.035976 10.831468 10.592852 10.311788 9.979667 9.587730 9.127306 8.590170 7.969058 7.258329 6.454754 5.558396 4.573444 3.508866 2.378667 1.201570 0.000000 
50.000000 47.322630 44.667889 42.057832 39.513390 37.053868 34.696508 32.456138 30.344913 28.372155 26.544303 24.864949 23.334973 21.952744 20.714391 19.614114 18.644518 17.796960 17.061890 16.429169 15.888354 15.428946 15.040589 14.713222 14.437178 14.203236 14.002629 13.827009 13.668380 13.518993 13.371232 13.217472 13.049940 12.860569 12.640877 12.381860 12.073940 11.706976 11.270370 10.753301 10.145128 9.435992 8.617653 7.684558 6.635094 5.472892 4.207965 2.857352 1.444909 0.000000 
50.000000 47.475645 44.972625 42.511735 40.112710 37.793750 35.571113 33.458778 31.468203 29.608180 27.884775 26.301376 24.858806 23.555527 22.387883 21.350396 20.436084 19.636786 18.943476 18.346569 17.836185 17.402377 17.035320 16.725447 16.463536 16.240755 16.048657 15.879138 15.724356 15.576624 15.428267 15.271474 15.098126 14.899630 14.666748 14.389456 14.056838 13.657041 13.177334 12.604304 11.924265 11.123924 10.191394 9.117582 7.897947 6.534501 5.037749 3.428069 1.735877 0.000000 
50.000000 47.643881 45.307675 43.010790 40.771647 38.607233 36.532720 34.561156 32.703237 30.967164 29.358601 27.880706 26.534246 25.317781 24.227894 23.259466 22.405969 21.659773 21.012436 20.454987 19.978170 19.572660 19.229226 18.938860 18.692854 18.482829 18.300725 18.138750 17.989289 17.844780 17.697566 17.539720 17.362848 17.157888 16.914893 16.622830 16.269401 15.840915 15.322249 14.696958 13.947615 13.056486 12.006662 10.783793 9.378466 7.789209 6.025730 4.111682 2.085783 0.000000 
50.000000 47.827195 45.672754 43.554576 41.489645 39.493628 37.580517 35.762344 34.048971 32.447962 30.964537 29.601609 28.359882 27.238024 26.232879 25.339722 24.552523 23.864232 23.267050 22.752680 22.312557 21.938038 21.620560 21.351741 21.123456 20.927852 20.757331 20.604488 20.462015 20.322570 20.178606 20.022183 19.844742 19.636862 19.387995 19.086187 18.717807 18.267292 17.716965 17.046970 16.235450 15.259089 14.094256 12.718986 11.116067 9.277364 7.209116 4.937244 2.510683 0.000000 
50.000000 48.025187 46.067064 44.141899 42.265129 40.450993 38.712207 37.059707 35.502456 34.047326 32.699064 31.460313 30.331711 29.312047 28.398447 27.586609 26.871048 26.245345 25.702396 25.234641 24.834268 24.493387 24.204165 23.958922 23.750184 23.570702 23.413418 23.271404 23.137755 23.005450 22.867174 22.715110 22.540687 22.334298 22.084976 21.780038 21.404692 20.941627 20.370618 19.668196 18.807503 17.758509 16.488893 14.966029 13.160641 11.052702 8.639763 5.946786 3.034409 0.000000 
50.000000 48.237178 46.489254 44.770750 43.095445 41.476051 39.923917 38.448805 37.058715 35.759784 34.556244 33.450455 32.442987 31.532753 30.717186 29.992441 29.353615 28.794970 28.310150 27.892393 27.534700 27.230000 26.971256 26.751560 26.564166 26.402502 26.260139 26.130715 26.007836 25.884924 25.755039 25.610654 25.443383 25.243670 25.000405 24.700484 24.328295 23.865115 23.288452 22.571338 21.681684 20.581863 19.228902 17.575894 15.575655 13.188008 10.392065 7.203663 3.694191 0.000000 
50.000000 48.462208 46.937412 45.438280 43.976833 42.564158 41.210157 39.923346 38.710702 37.577578 36.527666 35.563024 34.684147 33.890085 33.178596 32.546324 31.988983 31.501563 31.078509 30.713908 30.401637 30.135501 29.909331 29.717052 29.552720 29.410522 29.284738 29.169675 29.059558 28.948388 28.829759 28.696630 28.541045 28.353793 28.123986 27.838547 27.481571 27.033536 26.470343 25.762146 24.872021 23.754564 22.354750 20.607770 18.441304 15.782802 12.575587 8.807626 4.551754 0.000000 
50.000000 48.699038 47.409071 46.140815 44.904440 43.709326 42.563850 41.475214 40.449323 39.490703 38.602479 37.786390 37.042854 36.371067 35.769129 35.234198 34.762645 34.350224 33.992232 33.683652 33.419294 33.193895 33.002212 32.839072 32.699398 32.578209 32.470584 32.371592 32.276194 32.179109 32.074635 31.956436 31.817254 31.648575 31.440181 31.179591 30.851340 30.436024 29.909060 29.239038 28.385588 27.296672 25.905392 24.126799 21.856204 18.972634 15.354931 10.923045 5.717018 0.000000 
50.000000 48.946166 47.901238 46.873897 45.872381 44.904288 43.976403 43.094561 42.263544 41.487019 40.767516 40.106444 39.504141 38.959953 38.472342 38.039003 37.656993 37.322870 37.032817 36.782765 36.568500 36.385745 36.230236 36.097756 35.984162 35.885376 35.797349 35.716007 35.637159 35.556377 35.468840 35.369132 35.250988 35.106965 34.928017 34.702932 34.417580 34.053884 33.588386 32.990229 32.218291 31.217096 29.911080 28.196872 25.934003 22.937020 18.979064 13.833149 7.403588 0.000000 
50.000000 49.201849 48.410444 47.632358 46.873832 46.140619 45.437859 44.769970 44.140575 43.552450 43.007513 42.506828 42.050652 41.638489 41.269174 40.940958 40.651612 40.398527 40.178809 39.989372 39.827016 39.688497 39.570572 39.470034 39.383724 39.308526 39.241336 39.179020 39.118332 39.055827 38.987721 38.909735 38.816871 38.703136 38.561168 38.381732 38.153027 37.859696 37.481398 36.990682 36.349752 35.505434 34.381230 32.864657 30.787388 27.895960 23.816581 18.043967 10.072754 0.000000 
50.000000 49.464141 48.932810 48.410422 47.901166 47.408904 46.937087 46.488682 46.066121 45.671267 45.305408 44.969259 44.662990 44.386271 44.138317 43.917954 43.723685 43.553756 43.406223 43.279013 43.169974 43.076924 42.997680 42.930083 42.872000 42.821326 42.775960 42.733770 42.692544 42.649921 42.603294 42.549699 42.485651 42.406941 42.308357 42.183304 42.023262 41.817000 41.549402 41.199643 40.738277 40.122388 39.287206 38.131022 36.486966 34.068789 30.366974 24.466565 14.850079 0.000000 
50.000000 49.730931 49.464136 49.201832 48.946121 48.698944 48.462032 48.236877 48.024698 47.826431 47.642724 47.473934 47.320148 47.181199 47.056693 46.946041 46.848491 46.763161 46.689076 46.625192 46.570429 46.523691 46.483878 46.449905 46.420699 46.395197 46.372338 46.351045 46.330196 46.308590 46.284898 46.257603 46.224914 46.184657 46.134131 46.069896 45.987476 45.880928 45.742165 45.559896 45.317870 44.991808 44.543771 43.911051 42.982472 41.542913 39.129333 34.614214 24.865503 0.000000 
50.000000 50.000000 50.000000 50.000000 50.000000 50.000000 50.000000 50.000000 50.000000 50.000000 50.000000 50.000000 50.000000 50.000000 50.000000 50.000000 50.000000 50.000000 50.000000 50.000000 50.000000 50.000000 50.000000 50.000000 50.000000 50.000000 50.000000 50.000000 50.000000 50.000000 50.000000 50.000000 50.000000 50.000000 50.000000 50.000000 50.000000 50.000000 50.000000 50.000000 50.000000 50.000000 50.000000 50.000000 50.000000 50.000000 50.000000 50.000000 50.000000 50.000000 
