50.000000 50.000000 50.000000 50.000000 50.000000 50.000000 50.000000 50.000000 50.000000 50.000000 50.000000 50.000000 50.000000 50.000000 50.000000 50.000000 50.000000 50.000000 50.000000 50.000000 50.000000 50.000000 50.000000 50.000000 50.000000 50.000000 50.000000 50.000000 50.000000 50.000000 50.000000 50.000000 50.000000 50.000000 50.000000 50.000000 50.000000 50.000000 50.000000 50.000000 50.000000 50.000000 50.000000 50.000000 50.000000 50.000000 50.000000 50.000000 50.000000 50.000000 
50.000000 49.533894 49.074611 48.628675 48.202032 47.799816 47.426166 47.084120 46.775569 46.501283 46.261001 46.053559 45.877062 45.729062 45.606745 45.507106 45.427100 45.363773 45.314355 45.276326 45.247456 45.225816 45.209770 45.197958 45.189254 45.182731 45.177611 45.173219 45.168923 45.164081 45.157970 45.149710 45.138168 45.121835 45.098661 45.065837 45.019478 44.954169 44.862270 44.732836 44.549836 44.289068 43.912509 43.357199 42.511531 41.159785 38.838160 34.418236 24.766947 0.000000 
50.000000 49.074611 48.162769 47.277425 46.430385 45.631839 44.890010 44.210926 43.598341 43.053785 42.576739 42.164893 41.814483 41.520650 41.277808 41.079988 40.921149 40.795424 40.697312 40.621813 40.564498 40.521538 40.489690 40.466249 40.448985 40.436062 40.425941 40.417287 40.408861 40.399406 40.387515 40.371483 40.349123 40.317535 40.272798 40.209557 40.120453 39.995298 39.819856 39.573981 39.228661 38.741130 38.046458 37.042434 35.561348 33.315771 29.794692 24.081385 14.656375 0.000000 
50.000000 48.628675 47.277425 45.965442 44.710221 43.526865 42.427557 41.421230 40.513447 39.706476 38.999547 38.389239 37.869972 37.434546 37.074681 36.781537 36.546157 36.359848 36.214461 36.102584 36.017656 35.954006 35.906826 35.872115 35.846575 35.827489 35.812594 35.799930 35.787691 35.774057 35.757012 35.734128 35.702315 35.657497 35.594201 35.505012 35.379825 35.204806 34.960901 34.621651 34.149891 33.492672 32.573256 31.278436 29.438658 26.798743 22.982722 17.482733 9.790516 0.000000 
50.000000 48.202032 46.430385 44.710222 43.064481 41.512963 40.071643 38.752232 37.562024 36.503994 35.577130 34.776948 34.096131 33.525239 33.053418 32.669075 32.360469 32.116201 31.925587 31.778911 31.667574 31.584139 31.522311 31.476848 31.443435 31.418527 31.399179 31.382857 31.367243 31.350030 31.328688 31.300208 31.260789 31.205467 31.127634 31.018422 30.865886 30.653905 30.360676 29.956616 29.401416 28.639885 27.596158 26.165935 24.207180 21.532243 17.911482 13.114616 7.042248 0.000000 
50.000000 47.799816 45.631840 43.526867 41.512965 39.614365 37.850614 36.236046 34.779585 33.484871 32.350667 31.371483 30.538369 29.839770 29.262406 28.792088 28.414450 28.115545 27.882299 27.702823 27.566597 27.464525 27.388910 27.333347 27.292570 27.262264 27.238858 27.219302 27.200838 27.180753 27.156121 27.123504 27.078616 27.015917 26.928112 26.805526 26.635303 26.400377 26.078138 25.638692 25.042640 24.238285 23.158372 21.716855 19.807187 17.305791 14.088212 10.070495 5.288286 0.000000 
50.000000 47.426167 44.890012 42.427560 40.071646 37.850616 35.787337 33.898577 32.194776 30.680192 29.353376 28.207908 27.233316 26.416084 25.740675 25.190493 24.748731 24.399073 24.126227 23.916289 23.756953 23.637585 23.549189 23.484283 23.436729 23.401508 23.374488 23.352168 23.331421 23.309222 23.282363 23.247140 23.199000 23.132137 23.038998 22.909698 22.731298 22.486930 22.154729 21.706568 21.106623 20.309879 19.260911 17.893680 16.133776 13.905720 11.149130 7.847582 4.068970 0.000000 
50.000000 47.084122 44.210931 41.421236 38.752239 36.236053 33.898583 31.758824 29.828606 28.112752 26.609619 25.311935 24.207835 23.282008 22.516851 21.893562 21.393104 20.996991 20.687901 20.450085 20.269605 20.134422 20.034352 19.960939 19.907248 19.867634 19.837468 19.812867 19.790409 19.766843 19.738794 19.702438 19.653160 19.585157 19.490987 19.361049 19.182980 18.940955 18.614921 18.179787 17.604660 16.852343 15.879436 14.637702 13.077702 11.156095 8.847990 6.164479 3.171616 0.000000 
50.000000 46.775573 43.598349 40.513459 37.562039 34.779601 32.194792 29.828618 27.694157 25.796745 24.134565 22.699574 21.478653 20.454868 19.608755 18.919524 18.366120 17.928107 17.586328 17.323372 17.123831 16.974399 16.863827 16.782782 16.723625 16.680152 16.647311 16.620898 16.597268 16.573026 16.544726 16.508554 16.459998 16.393477 16.301948 16.176461 16.005677 15.775362 15.467873 15.061727 14.531336 13.847126 12.976338 11.884957 10.541349 8.922177 7.020803 4.857229 2.486511 0.000000 
50.000000 46.501291 43.053801 39.706499 36.504023 33.484905 30.680228 28.112785 25.796768 23.737964 21.934404 20.377359 19.052594 17.941734 17.023661 16.275814 15.675350 15.200094 14.829263 14.543966 14.327493 14.165412 14.045532 13.957744 13.893792 13.846991 13.811925 13.784137 13.759816 13.735492 13.707732 13.672833 13.626509 13.563563 13.477545 13.360390 13.202051 12.990150 12.709680 12.342837 11.869075 11.265557 10.508214 9.573670 8.442315 7.102645 5.556636 3.825158 1.951464 0.000000 
50.000000 46.261015 42.576767 38.999589 35.577184 32.350731 29.353447 26.609691 24.134630 21.934448 20.007039 18.343076 16.927345 15.740211 14.759102 13.959910 13.318224 12.810347 12.414072 12.109213 11.877917 11.704772 11.576763 11.483109 11.415017 11.365393 11.328521 11.299741 11.275133 11.251207 11.224602 11.191799 11.148823 11.090960 11.012466 10.906278 10.763745 10.574408 10.325849 10.003695 9.591853 9.073077 8.430037 7.646982 6.712120 5.620631 4.377985 3.002817 1.528194 0.000000 
50.000000 46.053585 42.164944 38.389314 34.777045 31.371600 28.208041 25.312076 22.699715 20.377484 18.343159 16.586898 15.092639 13.839660 12.804136 11.960622 11.283353 10.747319 10.329082 10.007342 9.763260 9.580579 9.445575 9.346892 9.275281 9.223304 9.184998 9.155551 9.130975 9.107801 9.082784 9.052629 9.013724 8.961882 8.892107 8.798361 8.673378 8.508529 8.293774 8.017764 7.668136 7.232097 6.697359 6.053478 5.293598 4.416476 3.428493 2.345142 1.191342 0.000000 
50.000000 45.877108 41.814573 37.870104 34.096303 30.538577 27.233555 24.208096 21.478924 19.052859 16.927576 15.092791 13.531726 12.222730 11.140914 10.259695 9.552157 8.992171 8.555255 8.219159 7.964208 7.773426 7.632492 7.529561 7.455004 7.401097 7.361681 7.331828 7.307518 7.285329 7.262159 7.234956 7.200483 7.155091 7.094513 7.013698 6.906669 6.766453 6.585091 6.353783 6.063190 5.703954 5.267468 4.746898 4.138427 3.442581 2.665436 1.819367 0.922985 0.000000 
50.000000 45.729140 41.520805 37.434774 33.525538 29.840132 26.416502 23.282471 20.455362 17.942239 15.740694 13.840074 12.222999 10.867039 9.746413 8.833583 8.100668 7.520604 7.068030 6.719903 6.455847 6.258285 6.112396 6.005930 5.928944 5.873480 5.833224 5.803167 5.779278 5.758201 5.736982 5.712820 5.682840 5.643903 5.592427 5.524257 5.434565 5.317817 5.167811 4.977831 4.740916 4.450302 4.100022 3.685658 3.205211 2.659961 2.055183 1.400510 0.709741 0.000000 
50.000000 45.606878 41.278071 37.075071 33.053928 29.263025 25.741393 22.517652 19.609621 17.024566 14.760011 12.804996 11.141642 9.746880 8.594188 7.655242 6.901362 6.304710 5.839202 5.481139 5.209566 5.006412 4.856443 4.747079 4.668119 4.611419 4.570545 4.540430 4.517048 4.497118 4.477834 4.456630 4.430969 4.398175 4.355279 4.298912 4.225235 4.129922 4.008214 3.855051 3.665312 3.434154 3.157473 2.832450 2.458138 2.036025 1.570454 1.068781 0.541176 0.000000 
50.000000 45.507329 41.080431 36.782192 32.669931 28.793130 25.191704 21.894920 18.921003 16.277382 13.961523 11.962220 10.261188 8.834834 7.656036 6.695827 5.924879 5.314723 4.838688 4.472538 4.194851 3.987152 3.833873 3.722166 3.641626 3.583961 3.542643 3.512568 3.489727 3.470910 3.453452 3.434999 3.413319 3.386138 3.351018 3.305258 3.245845 3.169442 3.072444 2.951087 2.801639 2.620664 2.405363 2.153955 1.866081 1.543164 1.188651 0.808080 0.408893 0.000000 
50.000000 45.427471 40.921884 36.547244 32.361890 28.416182 24.750745 21.395368 18.368597 15.677995 13.320983 11.286154 9.554898 8.103202 6.903464 5.926200 5.141562 4.520576 4.036098 3.663465 3.380876 3.169537 3.013613 2.900042 2.818256 2.759848 2.718221 2.688247 2.665936 2.648150 2.632347 2.616360 2.598217 2.575991 2.547686 2.511155 2.464055 2.403842 2.327816 2.233205 2.117315 1.977729 1.812547 1.620660 1.402017 1.157854 0.890839 0.605087 0.306008 0.000000 
50.000000 45.364380 40.796627 36.361628 32.118528 28.118382 24.402376 21.000709 17.932184 15.204467 12.814944 10.752049 8.996917 7.525203 6.308922 5.318186 4.522734 3.893194 3.402048 3.024295 2.737838 2.523629 2.365622 2.250589 2.167835 2.108864 2.067030 2.037186 2.015368 1.998499 1.984144 1.970296 1.955200 1.937215 1.914706 1.885974 1.849209 1.802490 1.743809 1.671146 1.582572 1.476397 1.351339 1.206717 1.042624 0.860077 0.661099 0.448711 0.226820 0.000000 
50.000000 45.315337 40.699258 36.217339 31.929350 27.886887 24.131571 20.693921 17.592939 14.836371 12.421577 10.336867 8.563176 7.075901 5.846762 4.845555 4.041698 3.405510 2.909182 2.527451 2.237990 2.021553 1.861933 1.745772 1.662277 1.602888 1.560918 1.531214 1.509832 1.493750 1.480624 1.468575 1.456027 1.441568 1.423853 1.401535 1.373219 1.337462 1.292782 1.237715 1.170890 1.091130 0.997576 0.889814 0.767992 0.632917 0.486095 0.329725 0.166609 0.000000 
50.000000 45.277894 40.624921 36.107180 31.784920 27.710149 23.924822 20.459701 17.333940 14.555347 12.121260 10.019895 8.232036 6.732883 5.493929 4.484728 3.674455 3.033192 2.532909 2.148143 1.856390 1.638255 1.477407 1.360391 1.276340 1.216644 1.174590 1.145020 1.124009 1.108581 1.096463 1.085883 1.075403 1.063795 1.049936 1.032750 1.011162 0.984085 0.950430 0.909139 0.859240 0.799918 0.730598 0.651032 0.561376 0.462251 0.354770 0.240517 0.121492 0.000000 
50.000000 45.249928 40.569399 36.024904 31.677048 27.578148 23.770406 20.284768 17.140500 14.345457 11.896961 9.783158 7.984718 6.476693 5.230408 4.215238 3.400174 2.755121 2.251885 1.864853 1.571390 1.351989 1.190227 1.072577 0.988117 0.928200 0.886096 0.856644 0.835936 0.821032 0.809716 0.800296 0.791444 0.782067 0.771216 0.758017 0.741631 0.721235 0.696024 0.665235 0.628175 0.584279 0.533162 0.474676 0.408966 0.336503 0.258099 0.174897 0.088320 0.000000 
50.000000 45.229666 40.529172 35.965292 31.598891 27.482509 23.658527 20.158024 17.000348 14.193387 11.734451 9.611637 7.805531 6.291079 5.039484 4.019989 3.201454 2.553656 2.048281 1.659608 1.364907 1.144590 0.982168 0.864060 0.779308 0.719237 0.677105 0.647751 0.627279 0.612777 0.602071 0.593532 0.585910 0.578215 0.569622 0.559405 0.546895 0.531459 0.512493 0.489436 0.461793 0.429165 0.391292 0.348088 0.299676 0.246412 0.188894 0.127947 0.064594 0.000000 
50.000000 45.215694 40.501433 35.924187 31.544998 27.416560 23.581381 20.070627 16.903706 14.088527 11.622393 9.493366 7.681974 6.163090 4.907833 3.885356 3.064428 2.414738 1.907888 1.518084 1.222529 1.001582 0.838705 0.720284 0.635333 0.575159 0.533013 0.503732 0.483433 0.469221 0.458954 0.451044 0.444299 0.437800 0.430808 0.422700 0.412922 0.400971 0.386379 0.368722 0.347632 0.322823 0.294111 0.261445 0.224930 0.184840 0.141623 0.095893 0.048400 0.000000 
50.000000 45.206960 40.484093 35.898490 31.511307 27.375333 23.533153 20.015992 16.843291 14.022975 11.552341 9.419429 7.604733 6.083079 4.825534 3.801193 2.978769 2.327895 1.820124 1.429613 1.133525 0.912183 0.749024 0.630407 0.545332 0.485096 0.442943 0.413712 0.393525 0.379500 0.369515 0.362010 0.355827 0.350092 0.344122 0.337355 0.329313 0.319570 0.307743 0.293492 0.276528 0.256627 0.233653 0.207575 0.178483 0.146598 0.112277 0.075999 0.038352 0.000000 
50.000000 45.202766 40.475766 35.886151 31.495130 27.355538 23.509996 19.989759 16.814282 13.991500 11.518705 9.383929 7.567646 6.044662 4.786017 3.760781 2.937639 2.286198 1.777984 1.387134 1.090790 0.869259 0.705963 0.587253 0.502119 0.441854 0.399698 0.370492 0.350360 0.336427 0.326580 0.319272 0.313363 0.308000 0.302526 0.296411 0.289210 0.280536 0.270047 0.257440 0.242463 0.224925 0.204710 0.181796 0.156263 0.128309 0.098245 0.066489 0.033549 0.000000 
50.000000 45.202766 40.475766 35.886151 31.495130 27.355538 23.509996 19.989759 16.814282 13.991500 11.518705 9.383929 7.567646 6.044662 4.786017 3.760781 2.937639 2.286198 1.777984 1.387134 1.090790 0.869259 0.705963 0.587253 0.502119 0.441854 0.399698 0.370492 0.350360 0.336427 0.326580 0.319272 0.313363 0.308000 0.302526 0.296411 0.289210 0.280536 0.270047 0.257440 0.242463 0.224925 0.204710 0.181796 0.156263 0.128309 0.098245 0.066489 0.033549 0.000000 
50.000000 45.206960 40.484093 35.898490 31.511307 27.375333 23.533153 20.015992 16.843291 14.022975 11.552341 9.419429 7.604733 6.083079 4.825534 3.801193 2.978769 2.327895 1.820124 1.429613 1.133525 0.912183 0.749024 0.630407 0.545332 0.485096 0.442943 0.413712 0.393525 0.379500 0.369515 0.362010 0.355827 0.350092 0.344122 0.337355 0.329313 0.319570 0.307743 0.293492 0.276528 0.256627 0.233653 0.207575 0.178483 0.146598 0.112277 0.075999 0.038352 0.000000 
50.000000 45.215694 40.501433 35.924187 31.544998 27.416560 23.581381 20.070627 16.903706 14.088527 11.622393 9.493366 7.681974 6.163090 4.907833 3.885356 3.064428 2.414738 1.907888 1.518084 1.222529 1.001582 0.838705 0.720284 0.635333 0.575159 0.533013 0.503732 0.483433 0.469221 0.458954 0.451044 0.444299 0.437800 0.430808 0.422700 0.412922 0.400971 0.386379 0.368722 0.347632 0.322823 0.294111 0.261445 0.224930 0.184840 0.141623 0.095893 0.048400 0.000000 
50.000000 45.229666 40.529172 35.965292 31.598891 27.482509 23.658527 20.158024 17.000348 14.193387 11.734451 9.611637 7.805531 6.291079 5.039484 4.019989 3.201454 2.553656 2.048281 1.659608 1.364907 1.144590 0.982168 0.864060 0.779308 0.719237 0.677105 0.647751 0.627279 0.612777 0.602071 0.593532 0.585910 0.578215 0.569622 0.559405 0.546895 0.531459 0.512493 0.489436 0.461793 0.429165 0.391292 0.348088 0.299676 0.246412 0.188894 0.127947 0.064594 0.000000 
50.000000 45.249928 40.569399 36.024904 31.677048 27.578148 23.770406 20.284768 17.140500 14.345457 11.896961 9.783158 7.984718 6.476693 5.230408 4.215238 3.400174 2.755121 2.251885 1.864853 1.571390 1.351989 1.190227 1.072577 0.988117 0.928200 0.886096 0.856644 0.835936 0.821032 0.809716 0.800296 0.791444 0.782067 0.771216 0.758017 0.741631 0.721235 0.696024 0.665235 0.628175 0.584279 0.533162 0.474676 0.408966 0.336503 0.258099 0.174897 0.088320 0.000000 
50.000000 45.277894 40.624921 36.107180 31.784920 27.710149 23.924822 20.459701 17.333940 14.555347 12.121260 10.019895 8.232036 6.732883 5.493929 4.484728 3.674455 3.033192 2.532909 2.148143 1.856390 1.638255 1.477407 1.360391 1.276340 1.216644 1.174590 1.145020 1.124009 1.108581 1.096463 1.085883 1.075403 1.063795 1.049936 1.032750 1.011162 0.984085 0.950430 0.909139 0.859240 0.799918 0.730598 0.651032 0.561376 0.462251 0.354770 0.240517 0.121492 0.000000 
50.000000 45.315337 40.699258 36.217339 31.929350 27.886887 24.131571 20.693921 17.592939 14.836371 12.421577 10.336867 8.563176 7.075901 5.846762 4.845555 4.041698 3.405510 2.909182 2.527451 2.237990 2.021553 1.861933 1.745772 1.662277 1.602888 1.560918 1.531214 1.509832 1.493750 1.480624 1.468575 1.456027 1.441568 1.423853 1.401535 1.373219 1.337462 1.292782 1.237715 1.170890 1.091130 0.997576 0.889814 0.767992 0.632917 0.486095 0.329725 0.166609 0.000000 
50.000000 45.364380 40.796627 36.361628 32.118528 28.118382 24.402376 21.000709 17.932184 15.204467 12.814944 10.752049 8.996917 7.525203 6.308922 5.318186 4.522734 3.893194 3.402048 3.024295 2.737838 2.523629 2.365622 2.250589 2.167835 2.108864 2.067030 2.037186 2.015368 1.998499 1.984144 1.970296 1.955200 1.937215 1.914706 1.885974 1.849209 1.802490 1.743809 1.671146 1.582572 1.476397 1.351339 1.206717 1.042624 0.860077 0.661099 0.448711 0.226820 0.000000 
50.000000 45.427471 40.921884 36.547244 32.361890 28.416182 24.750745 21.395368 18.368597 15.677995 13.320983 11.286154 9.554898 8.103202 6.903464 5.926200 5.141562 4.520576 4.036098 3.663465 3.380876 3.169537 3.013613 2.900042 2.818256 2.759848 2.718221 2.688247 2.665936 2.648150 2.632347 2.616360 2.598217 2.575991 2.547686 2.511155 2.464055 2.403842 2.327816 2.233205 2.117315 1.977729 1.812547 1.620660 1.402017 1.157854 0.890839 0.605087 0.306008 0.000000 
50.000000 45.507329 41.080431 36.782192 32.669931 28.793130 25.191704 21.894920 18.921003 16.277382 13.961523 11.962220 10.261188 8.834834 7.656036 6.695827 5.924879 5.314723 4.838688 4.472538 4.194851 3.987152 3.833873 3.722166 3.641626 3.583961 3.542643 3.512568 3.489727 3.470910 3.453452 3.434999 3.413319 3.386138 3.351018 3.305258 3.245845 3.169442 3.072444 2.951087 2.801639 2.620664 2.405363 2.153955 1.866081 1.543164 1.188651 0.808080 0.408893 0.000000 
50.000000 45.606878 41.278071 37.075071 33.053928 29.263025 25.741393 22.517652 19.609621 17.024566 14.760011 12.804996 11.141642 9.746880 8.594188 7.655242 6.901362 6.304710 5.839202 5.481139 5.209566 5.006412 4.856443 4.747079 4.668119 4.611419 4.570545 4.540430 4.517048 4.497118 4.477834 4.456630 4.430969 4.398175 4.355279 4.298912 4.225235 4.129922 4.008214 3.855051 3.665312 3.434154 3.157473 2.832450 2.458138 2.036025 1.570454 1.068781 0.541176 0.000000 
50.000000 45.729140 41.520805 37.434774 33.525538 29.840132 26.416502 23.282471 20.455362 17.942239 15.740694 13.840074 12.222999 10.867039 9.746413 8.833583 8.100668 7.520604 7.068030 6.719903 6.455847 6.258285 6.112396 6.005930 5.928944 5.873480 5.833224 5.803167 5.779278 5.758201 5.736982 5.712820 5.682840 5.643903 5.592427 5.524257 5.434565 5.317817 5.167811 4.977831 4.740916 4.450302 4.100022 3.685658 3.205211 2.659961 2.055183 1.400510 0.709741 0.000000 
50.000000 45.877108 41.814573 37.870104 34.096303 30.538577 27.233555 24.208096 21.478924 19.052859 16.927576 15.092791 13.531726 12.222730 11.140914 10.259695 9.552157 8.992171 8.555255 8.219159 7.964208 7.773426 7.632492 7.529561 7.455004 7.401097 7.361681 7.331828 7.307518 7.285329 7.262159 7.234956 7.200483 7.155091 7.094513 7.013698 6.906669 6.766453 6.585091 6.353783 6.063190 5.703954 5.267468 4.746898 4.138427 3.442581 2.665436 1.819367 0.922985 0.000000 
50.000000 46.053585 42.164944 38.389314 34.777045 31.371600 28.208041 25.312076 22.699715 20.377484 18.343159 16.586898 15.092639 13.839660 12.804136 11.960622 11.283353 10.747319 10.329082 10.007342 9.763260 9.580579 9.445575 9.346892 9.275281 9.223304 9.184998 9.155551 9.130975 9.107801 9.082784 9.052629 9.013724 8.961882 8.892107 8.798361 8.673378 8.508529 8.293774 8.017764 7.668136 7.232097 6.697359 6.053478 5.293598 4.416476 3.428493 2.345142 1.191342 0.000000 
50.000000 46.261015 42.576767 38.999589 35.577184 32.350731 29.353447 26.609691 24.134630 21.934448 20.007039 18.343076 16.927345 15.740211 14.759102 13.959910 13.318224 12.810347 12.414072 12.109213 11.877917 11.704772 11.576763 11.483109 11.415017 11.365393 11.328521 11.299741 11.275133 11.251207 11.224602 11.191799 11.148823 11.090960 11.012466 10.906278 10.763745 10.574408 10.325849 10.003695 9.591853 9.073077 8.430037 7.646982 6.712120 5.620631 4.377985 3.002817 1.528194 0.000000 
50.000000 46.501291 43.053801 39.706499 36.504023 33.484905 30.680228 28.112785 25.796768 23.737964 21.934404 20.377359 19.052594 17.941734 17.023661 16.275814 15.675350 15.200094 14.829263 14.543966 14.327493 14.165412 14.045532 13.957744 13.893792 13.846991 13.811925 13.784137 13.759816 13.735492 13.707732 13.672833 13.626509 13.563563 13.477545 13.360390 13.202051 12.990150 12.709680 12.342837 11.869075 11.265557 10.508214 9.573670 8.442315 7.102645 5.556636 3.825158 1.951464 0.000000 
50.000000 46.775573 43.598349 40.513459 37.562039 34.779601 32.194792 29.828618 27.694157 25.796745 24.134565 22.699574 21.478653 20.454868 19.608755 18.919524 18.366120 17.928107 17.586328 17.323372 17.123831 16.974399 16.863827 16.782782 16.723625 16.680152 16.647311 16.620898 16.597268 16.573026 16.544726 16.508554 16.459998 16.393477 16.301948 16.176461 16.005677 15.775362 15.467873 15.061727 14.531336 13.847126 12.976338 11.884957 10.541349 8.922177 7.020803 4.857229 2.486511 0.000000 
50.000000 47.084122 44.210931 41.421236 38.752239 36.236053 33.898583 31.758824 29.828606 28.112752 26.609619 25.311935 24.207835 23.282008 22.516851 21.893562 21.393104 20.996991 20.687901 20.450085 20.269605 20.134422 20.034352 19.960939 19.907248 19.867634 19.837468 19.812867 19.790409 19.766843 19.738794 19.702438 19.653160 19.585157 19.490987 19.361049 19.182980 18.940955 18.614921 18.179787 17.604660 16.852343 15.879436 14.637702 13.077702 11.156095 8.847990 6.164479 3.171616 0.000000 
50.000000 47.426167 44.890012 42.427560 40.071646 37.850616 35.787337 33.898577 32.194776 30.680192 29.353376 28.207908 27.233316 26.416084 25.740675 25.190493 24.748731 24.399073 24.126227 23.916289 23.756953 23.637585 23.549189 23.484283 23.436729 23.401508 23.374488 23.352168 23.331421 23.309222 23.282363 23.247140 23.199000 23.132137 23.038998 22.909698 22.731298 22.486930 22.154729 21.706568 21.106623 20.309879 19.260911 17.893680 16.133776 13.905720 11.149130 7.847582 4.068970 0.000000 
50.000000 47.799816 45.631840 43.526867 41.512965 39.614365 37.850614 36.236046 34.779585 33.484871 32.350667 31.371483 30.538369 29.839770 29.262406 28.792088 28.414450 28.115545 27.882299 27.702823 27.566597 27.464525 27.388910 27.333347 27.292570 27.262264 27.238858 27.219302 27.200838 27.180753 27.156121 27.123504 27.078616 27.015917 26.928112 26.805526 26.635303 26.400377 26.078138 25.638692 25.042640 24.238285 23.158372 21.716855 19.807187 17.305791 14.088212 10.070495 5.288286 0.000000 
50.000000 48.202032 46.430385 44.710222 43.064481 41.512963 40.071643 38.752232 37.562024 36.503994 35.577130 34.776948 34.096131 33.525239 33.053418 32.669075 32.360469 32.116201 31.925587 31.778911 31.667574 31.584139 31.522311 31.476848 31.443435 31.418527 31.399179 31.382857 31.367243 31.350030 31.328688 31.300208 31.260789 31.205467 31.127634 31.018422 30.865886 30.653905 30.360676 29.956616 29.401416 28.639885 27.596158 26.165935 24.207180 21.532243 17.911482 13.114616 7.042248 0.000000 
50.000000 48.628675 47.277425 45.965442 44.710221 43.526865 42.427557 41.421230 40.513447 39.706476 38.999547 38.389239 37.869972 37.434546 37.074681 36.781537 36.546157 36.359848 36.214461 36.102584 36.017656 35.954006 35.906826 35.872115 35.846575 35.827489 35.812594 35.799930 35.787691 35.774057 35.757012 35.734128 35.702315 35.657497 35.594201 35.505012 35.379825 35.204806 34.960901 34.621651 34.149891 33.492672 32.573256 31.278436 29.438658 26.798743 22.982722 17.482733 9.790516 0.000000 
50.000000 49.074611 48.162769 47.277425 46.430385 45.631839 44.890010 44.210926 43.598341 43.053785 42.576739 42.164893 41.814483 41.520650 41.277808 41.079988 40.921149 40.795424 40.697312 40.621813 40.564498 40.521538 40.489690 40.466249 40.448985 40.436062 40.425941 40.417287 40.408861 40.399406 40.387515 40.371483 40.349123 40.317535 40.272798 40.209557 40.120453 39.995298 39.819856 39.573981 39.228661 38.741130 38.046458 37.042434 35.561348 33.315771 29.794692 24.081385 14.656375 0.000000 
50.000000 49.533894 49.074611 48.628675 48.202032 47.799816 47.426166 47.084120 46.775569 46.501283 46.261001 46.053559 45.877062 45.729062 45.606745 45.507106 45.427100 45.363773 45.314355 45.276326 45.247456 45.225816 45.209770 45.197958 45.189254 45.182731 45.177611 45.173219 45.168923 45.164081 45.157970 45.149710 45.138168 45.121835 45.098661 45.065837 45.019478 44.954169 44.862270 44.732836 44.549836 44.289068 43.912509 43.357199 42.511531 41.159785 38.838160 34.418236 24.766947 0.000000 
50.000000 50.000000 50.000000 50.000000 50.000000 50.000000 50.000000 50.000000 50.000000 50.000000 50.000000 50.000000 50.000000 50.000000 50.000000 50.000000 50.000000 50.000000 50.000000 50.000000 50.000000 50.000000 50.000000 50.000000 50.000000 50.000000 50.000000 50.000000 50.000000 50.000000 50.000000 50.000000 50.000000 50.000000 50.000000 50.000000 50.000000 50.000000 50.000000 50.000000 50.000000 50.000000 50.000000 50.000000 50.000000 50.000000 50.000000 50.000000 50.000000 50.000000 
