50.000000 50.000000 50.000000 50.000000 50.000000 50.000000 50.000000 50.000000 50.000000 50.000000 50.000000 50.000000 50.000000 50.000000 50.000000 50.000000 50.000000 50.000000 50.000000 50.000000 50.000000 50.000000 50.000000 50.000000 50.000000 50.000000 50.000000 50.000000 50.000000 50.000000 50.000000 50.000000 50.000000 50.000000 50.000000 50.000000 50.000000 50.000000 50.000000 50.000000 50.000000 50.000000 50.000000 50.000000 50.000000 50.000000 50.000000 50.000000 50.000000 50.000000 
50.000000 49.799056 49.599380 49.402215 49.208758 49.020134 48.837381 48.661428 48.493085 48.333028 48.181795 48.039784 47.907247 47.784298 47.670917 47.566958 47.472159 47.386153 47.308478 47.238590 47.175874 47.119649 47.069181 47.023679 46.982306 46.944168 46.908308 46.873697 46.839209 46.803594 46.765439 46.723114 46.674698 46.617880 46.549816 46.466929 46.364623 46.236852 46.075448 45.869074 45.601457 45.248337 44.771824 44.109295 43.149692 41.678046 39.231491 34.682711 24.899870 0.000000 
50.000000 49.599402 49.201331 48.808268 48.422595 48.046560 47.682227 47.331451 46.995846 46.676761 46.375269 46.092161 45.827942 45.582840 45.356814 45.149574 44.960599 44.789158 44.634332 44.495040 44.370055 44.258027 44.157492 44.066885 43.984541 43.908688 43.837434 43.768744 43.700398 43.629936 43.554587 43.471163 43.375921 43.264374 43.131031 42.969028 42.769601 42.521315 42.208897 41.811422 41.299408 40.629969 39.738436 38.523266 36.817824 34.336158 30.569100 24.602089 14.918075 0.000000 
50.000000 49.402305 48.808381 48.221927 47.646502 47.085454 46.541868 46.018511 45.517788 45.041714 44.591892 44.169501 43.775295 43.409615 43.072403 42.763226 42.481310 42.225566 41.994628 41.786886 41.600519 41.433518 41.283711 41.148779 41.026254 40.913518 40.807782 40.706051 40.605072 40.501254 40.390568 40.268405 40.129385 39.967104 39.773782 39.539788 39.252957 38.897630 38.453232 37.892164 37.176573 36.253329 35.046077 33.442583 31.274862 28.289886 24.114379 18.243637 10.172934 0.000000 
50.000000 49.208986 48.422964 47.646828 46.885288 46.142777 45.423377 44.730748 44.068076 43.438028 42.842727 42.283731 41.762043 41.278114 40.831870 40.422742 40.049707 39.711331 39.405814 39.131032 38.884587 38.663836 38.465925 38.287808 38.126254 37.977843 37.838943 37.705665 37.573808 37.438757 37.295368 37.137794 36.959269 36.751810 36.505822 36.209573 35.848458 35.403999 34.852429 34.162696 33.293600 32.189718 30.775671 28.948406 26.567899 23.449261 19.366299 14.092784 7.533854 0.000000 
50.000000 49.020603 48.047386 47.086411 46.143508 45.224167 44.333442 43.475866 42.655384 41.875299 41.138240 40.446140 39.800240 39.201102 38.648638 38.142149 37.680375 37.261547 36.883447 36.543460 36.238633 35.965718 35.721211 35.501380 35.302276 35.119731 34.949334 34.786391 34.625849 34.462203 34.289355 34.100442 33.887594 33.641635 33.351676 33.004596 32.584347 32.071034 31.439693 30.658670 29.687495 28.474188 26.952072 25.036578 22.623554 19.592702 15.823672 11.237325 5.874699 0.000000 
50.000000 48.838227 47.683786 46.543866 45.425385 44.334854 43.278269 42.261010 41.287755 40.362424 39.488138 38.667191 37.901059 37.190412 36.535151 35.934453 35.386831 34.890199 34.441940 34.038972 33.677816 33.354651 33.065363 32.805578 32.570681 32.355821 32.155886 31.965461 31.778760 31.589526 31.390890 31.175196 30.933771 30.656630 30.332101 29.946354 29.482800 28.921341 28.237427 27.400920 26.374774 25.113644 23.562753 21.657724 19.326852 16.498362 13.116503 9.170292 4.733710 0.000000 
50.000000 48.662832 47.334101 46.022087 44.734748 43.479581 42.263488 41.092660 39.972485 38.907476 37.901225 36.956379 36.074638 35.256779 34.502693 33.811444 33.181330 32.609965 32.094355 31.630978 31.215861 30.844648 30.512656 30.214920 29.946219 29.701083 29.473779 29.258271 29.048156 28.836566 28.616040 28.378357 28.114318 27.813489 27.463872 27.051508 26.560007 25.969988 25.258444 24.398070 23.356628 22.096547 20.575120 18.745916 16.562427 13.985333 10.994776 7.607753 3.896928 0.000000 
50.000000 48.495277 47.000051 45.523635 44.074989 42.662548 41.294080 39.976554 38.716034 37.517600 36.385297 35.322107 34.329949 33.409701 32.561252 31.783556 31.074712 30.432055 29.852236 29.331324 28.864886 28.448069 28.075670 27.742183 27.441840 27.168624 26.916262 26.678194 26.447512 26.216880 25.978411 25.723519 25.442736 25.125485 24.759816 24.332098 23.826676 23.225507 22.507789 21.649669 20.624116 19.401146 17.948716 16.234705 14.230559 11.917176 9.293212 6.384885 3.254206 0.000000 
50.000000 48.336306 46.683112 45.050717 43.449027 41.887370 40.374336 38.917630 37.523960 36.198944 34.947059 33.771605 32.674709 31.657351 30.719415 29.859758 29.076297 28.366101 27.725500 27.150178 26.635282 26.175503 25.765162 25.398269 25.068569 24.769567 24.494529 24.236461 23.988063 23.741653 23.489067 23.221537 22.929531 22.602576 22.229054 21.795983 21.288793 20.691117 19.984648 19.149102 18.162417 17.001313 15.642438 14.064349 12.250590 10.193994 7.901965 5.401747 2.743724 0.000000 
50.000000 48.186534 46.384514 44.605166 42.859290 41.157054 39.507822 37.919995 36.400885 34.956623 33.592088 32.310884 31.115336 30.006520 28.984321 28.047506 27.193823 26.420102 25.722372 25.095970 24.535654 24.035704 23.590013 23.192157 22.835454 22.512998 22.217670 21.942128 21.678773 21.419690 21.156568 20.880598 20.582348 20.251633 19.877362 19.447403 18.948449 18.365945 17.684085 16.885953 15.953890 14.870175 13.618176 12.184067 10.559212 8.743133 6.746738 4.595051 2.328285 0.000000 
50.000000 48.046452 46.105235 44.188444 42.307711 40.473994 38.697379 36.986919 35.350494 33.794709 32.324826 30.944732 29.656939 28.462615 27.361648 26.352726 25.433442 24.600409 23.849381 23.175379 22.572811 22.035587 21.557215 21.130892 20.749565 20.405977 20.092694 19.802101 19.526385 19.257494 18.987068 18.706369 18.406189 18.076748 17.707604 17.287569 16.804659 16.246104 15.598441 14.847747 13.980070 12.982110 11.842240 10.551890 9.107293 7.511471 5.776142 3.923076 1.984213 0.000000 
50.000000 47.916430 45.846013 43.801648 41.795744 39.839989 37.945141 36.120859 34.375549 32.716259 31.148606 29.676741 28.303350 27.029691 25.855655 24.779860 23.799761 22.911774 22.111404 21.393388 20.751820 20.180279 19.671937 19.219655 18.816062 18.453611 18.124610 17.821239 17.535542 17.259401 16.984490 16.702223 16.403690 16.079591 15.720185 15.315250 14.854093 14.325603 13.718411 13.021145 12.222867 11.313684 10.285595 9.133555 7.856715 6.459708 4.953762 3.357304 1.695721 0.000000 
50.000000 47.796721 45.607350 43.445531 41.324386 39.256273 37.252574 35.323501 33.477948 31.723371 30.065715 28.509374 27.057197 25.710524 24.469254 23.331944 22.295924 21.357432 20.511754 19.753372 19.076100 18.473225 17.937623 17.461867 17.038317 16.659182 16.316568 16.002506 15.708951 15.427780 15.150755 14.869495 14.575434 14.259783 13.913503 13.527310 13.091703 12.597065 12.033824 11.392723 10.665208 9.843953 8.923526 7.901182 6.777728 5.558333 4.253162 2.877592 1.451861 0.000000 
50.000000 47.687472 45.389543 43.120533 40.894216 38.723565 36.620528 34.595825 32.658794 30.817264 29.077479 27.444058 25.920000 24.506721 23.204129 22.010727 20.923736 19.939237 19.052320 18.257241 17.547569 16.916333 16.356154 15.859358 15.418078 15.024324 14.670046 14.347168 14.047605 13.763266 13.486042 13.207785 12.920290 12.615276 12.284381 11.919184 11.511262 11.052286 10.534200 9.949454 9.291344 8.554440 7.735096 6.832026 5.846893 4.784814 3.654703 2.469296 1.244783 0.000000 
50.000000 47.588737 45.192697 42.826812 40.505446 38.242128 36.049315 33.938189 31.918488 29.998380 28.184380 26.481312 24.892308 23.418858 22.060878 20.816825 19.683826 18.657823 17.733733 16.905614 16.166822 15.510162 14.928036 14.412560 13.955676 13.549237 13.185072 12.855035 12.551032 12.265034 11.989079 11.715267 11.435748 11.142724 10.828461 10.485314 10.105795 9.682675 9.209139 8.678994 8.086952 7.428958 6.702585 5.907436 5.045542 4.121668 3.143479 2.121484 1.068694 0.000000 
50.000000 47.500491 45.016762 42.564295 40.157978 37.811838 35.538788 33.350423 31.256839 29.266508 27.386186 25.620880 23.973847 22.446638 21.039183 19.749899 18.575829 17.512795 16.555565 15.698026 14.933346 14.254141 13.652625 13.120738 12.650265 12.232933 11.860481 11.524720 11.217570 10.931081 10.657448 10.389009 10.118257 9.837839 9.540578 9.219513 8.867954 8.479586 8.048597 7.569856 7.039141 6.453386 5.810976 5.112028 4.358649 3.555119 2.707957 1.825819 0.919209 0.000000 
50.000000 47.422646 44.861565 42.332720 39.851466 37.432266 35.088438 32.831941 30.673186 28.620912 26.682093 24.861895 23.163685 21.589073 20.137998 18.808846 17.598587 16.502941 15.516548 14.633146 13.845747 13.146803 12.528369 11.982240 11.500075 11.073497 10.694182 10.353920 10.044656 9.758529 9.487886 9.225295 8.963558 8.695719 8.415094 8.115301 7.790323 7.434588 7.043084 6.611505 6.136416 5.615455 5.047537 4.433046 3.774007 3.074180 2.339070 1.575817 0.792947 0.000000 
50.000000 47.355068 44.726837 42.131688 39.585381 37.102758 34.697490 32.381847 30.166520 28.060479 26.070883 24.203042 22.460415 20.844667 19.355745 17.992008 16.750367 15.626455 14.614803 13.709022 12.901993 12.186032 11.553062 10.994757 10.502673 10.068358 9.683439 9.339698 9.029116 8.743919 8.476598 8.219930 7.966989 7.711169 7.446202 7.166193 6.865677 6.539682 6.183825 5.794424 5.368629 4.904568 4.401490 3.859898 3.281651 2.670009 2.029614 1.366373 0.687256 0.000000 
50.000000 47.297594 44.612253 41.960715 39.359081 36.822519 34.364997 31.999055 29.735617 27.583850 25.551075 23.642720 21.862327 20.211604 18.690509 17.297378 16.029074 14.881156 13.848064 12.923308 12.099656 11.369313 10.724094 10.155577 9.655236 9.214558 8.825140 8.478762 8.167446 7.883499 7.619541 7.368531 7.123781 6.878976 6.628197 6.365950 6.087212 5.787486 5.462874 5.110167 4.726938 4.311651 3.863762 3.383801 2.873431 2.335467 1.773827 1.193436 0.600046 0.000000 
50.000000 47.250049 44.517464 41.819277 39.171875 36.590693 34.089945 31.682393 29.379157 27.189567 25.121074 23.179209 21.367580 19.687932 18.140234 16.722802 15.432460 14.264708 13.213912 12.273500 11.436148 10.693973 10.038705 9.461843 8.954798 8.509014 8.116064 7.767735 7.456085 7.173495 6.912696 6.666801 6.429318 6.194172 5.955726 5.708805 5.448735 5.171384 4.873225 4.551396 4.203774 3.829053 3.426805 2.997540 2.542730 2.064808 1.567111 1.053791 0.529659 0.000000 
50.000000 47.212260 44.442125 41.706862 39.023083 36.406436 33.871333 31.430711 29.095843 26.876192 24.779314 22.810817 20.974367 19.271736 17.702899 16.266163 14.958318 13.774818 12.709973 11.757144 10.908939 10.157404 9.494204 8.910778 8.398490 7.948750 7.553120 7.203391 6.891656 6.610355 6.352314 6.110765 5.879374 5.652256 5.423992 5.189652 4.944827 4.685661 4.408896 4.111923 3.792832 3.450465 3.084462 2.695290 2.284253 1.853474 1.405841 0.944914 0.474803 0.000000 
50.000000 47.184071 44.385925 41.623005 38.912091 36.268989 33.708257 31.242967 28.884505 26.642431 24.524379 22.536019 20.681054 18.961281 17.376682 15.925551 14.604657 13.409420 12.334108 11.372032 10.515752 9.757262 9.088177 8.499895 7.983746 7.531118 7.133561 6.782876 6.471183 6.190969 5.935126 5.696982 5.470319 5.249390 5.028936 4.804208 4.570985 4.325607 4.065006 3.786746 3.489058 3.170882 2.831889 2.472502 2.093892 1.697950 1.287232 0.864877 0.434489 0.000000 
50.000000 47.165354 44.348609 41.567326 38.838394 36.177727 33.599980 31.118310 28.744182 26.487220 24.355110 22.353561 20.486305 18.755153 17.160089 15.699403 14.369849 13.166824 12.084567 11.116361 10.254729 9.491633 8.818656 8.227170 7.708482 7.253964 6.855164 6.503888 6.192273 5.912837 5.658522 5.422717 5.199278 4.982553 4.767388 4.549147 4.323733 4.087613 3.837837 3.572079 3.288656 2.986564 2.665489 2.325820 1.968633 1.595667 1.209261 0.812278 0.408001 0.000000 
50.000000 47.156019 44.329998 41.539556 38.801638 36.132210 33.545976 31.056137 28.674196 26.409808 24.270688 22.262562 20.389175 18.652348 17.052066 15.586616 14.252742 13.045834 11.960117 10.988855 10.124556 9.359167 8.684255 8.091176 7.571228 7.115778 6.716368 6.364809 6.053248 5.774219 5.520687 5.286070 5.064266 4.849665 4.637167 4.422193 4.200706 3.969233 3.724884 3.465382 3.189090 2.895025 2.582882 2.253028 1.906495 1.544942 1.170602 0.786205 0.394871 0.000000 
50.000000 47.156019 44.329998 41.539556 38.801638 36.132210 33.545976 31.056137 28.674196 26.409808 24.270688 22.262562 20.389175 18.652348 17.052066 15.586616 14.252742 13.045834 11.960117 10.988855 10.124556 9.359167 8.684255 8.091176 7.571228 7.115778 6.716368 6.364809 6.053248 5.774219 5.520687 5.286070 5.064266 4.849665 4.637167 4.422193 4.200706 3.969233 3.724884 3.465382 3.189090 2.895025 2.582882 2.253028 1.906495 1.544942 1.170602 0.786205 0.394871 0.000000 
50.000000 47.165354 44.348609 41.567326 38.838394 36.177727 33.599980 31.118310 28.744182 26.487220 24.355110 22.353561 20.486305 18.755153 17.160089 15.699403 14.369849 13.166824 12.084567 11.116361 10.254729 9.491633 8.818656 8.227170 7.708482 7.253964 6.855164 6.503888 6.192273 5.912837 5.658522 5.422717 5.199278 4.982553 4.767388 4.549147 4.323733 4.087613 3.837837 3.572079 3.288656 2.986564 2.665489 2.325820 1.968633 1.595667 1.209261 0.812278 0.408001 0.000000 
50.000000 47.184071 44.385925 41.623005 38.912091 36.268989 33.708257 31.242967 28.884505 26.642431 24.524379 22.536019 20.681054 18.961281 17.376682 15.925551 14.604657 13.409420 12.334108 11.372032 10.515752 9.757262 9.088177 8.499895 7.983746 7.531118 7.133561 6.782876 6.471183 6.190969 5.935126 5.696982 5.470319 5.249390 5.028936 4.804208 4.570985 4.325607 4.065006 3.786746 3.489058 3.170882 2.831889 2.472502 2.093892 1.697950 1.287232 0.864877 0.434489 0.000000 
50.000000 47.212260 44.442125 41.706862 39.023083 36.406436 33.871333 31.430711 29.095843 26.876192 24.779314 22.810817 20.974367 19.271736 17.702899 16.266163 14.958318 13.774818 12.709973 11.757144 10.908939 10.157404 9.494204 8.910778 8.398490 7.948750 7.553120 7.203391 6.891656 6.610355 6.352314 6.110765 5.879374 5.652256 5.423992 5.189652 4.944827 4.685661 4.408896 4.111923 3.792832 3.450465 3.084462 2.695290 2.284253 1.853474 1.405841 0.944914 0.474803 0.000000 
50.000000 47.250049 44.517464 41.819277 39.171875 36.590693 34.089945 31.682393 29.379157 27.189567 25.121074 23.179209 21.367580 19.687932 18.140234 16.722802 15.432460 14.264708 13.213912 12.273500 11.436148 10.693973 10.038705 9.461843 8.954798 8.509014 8.116064 7.767735 7.456085 7.173495 6.912696 6.666801 6.429318 6.194172 5.955726 5.708805 5.448735 5.171384 4.873225 4.551396 4.203774 3.829053 3.426805 2.997540 2.542730 2.064808 1.567111 1.053791 0.529659 0.000000 
50.000000 47.297594 44.612253 41.960715 39.359081 36.822519 34.364997 31.999055 29.735617 27.583850 25.551075 23.642720 21.862327 20.211604 18.690509 17.297378 16.029074 14.881156 13.848064 12.923308 12.099656 11.369313 10.724094 10.155577 9.655236 9.214558 8.825140 8.478762 8.167446 7.883499 7.619541 7.368531 7.123781 6.878976 6.628197 6.365950 6.087212 5.787486 5.462874 5.110167 4.726938 4.311651 3.863762 3.383801 2.873431 2.335467 1.773827 1.193436 0.600046 0.000000 
50.000000 47.355068 44.726837 42.131688 39.585381 37.102758 34.697490 32.381847 30.166520 28.060479 26.070883 24.203042 22.460415 20.844667 19.355745 17.992008 16.750367 15.626455 14.614803 13.709022 12.901993 12.186032 11.553062 10.994757 10.502673 10.068358 9.683439 9.339698 9.029116 8.743919 8.476598 8.219930 7.966989 7.711169 7.446202 7.166193 6.865677 6.539682 6.183825 5.794424 5.368629 4.904568 4.401490 3.859898 3.281651 2.670009 2.029614 1.366373 0.687256 0.000000 
50.000000 47.422646 44.861565 42.332720 39.851466 37.432266 35.088438 32.831941 30.673186 28.620912 26.682093 24.861895 23.163685 21.589073 20.137998 18.808846 17.598587 16.502941 15.516548 14.633146 13.845747 13.146803 12.528369 11.982240 11.500075 11.073497 10.694182 10.353920 10.044656 9.758529 9.487886 9.225295 8.963558 8.695719 8.415094 8.115301 7.790323 7.434588 7.043084 6.611505 6.136416 5.615455 5.047537 4.433046 3.774007 3.074180 2.339070 1.575817 0.792947 0.000000 
50.000000 47.500491 45.016762 42.564295 40.157978 37.811838 35.538788 33.350423 31.256839 29.266508 27.386186 25.620880 23.973847 22.446638 21.039183 19.749899 18.575829 17.512795 16.555565 15.698026 14.933346 14.254141 13.652625 13.120738 12.650265 12.232933 11.860481 11.524720 11.217570 10.931081 10.657448 10.389009 10.118257 9.837839 9.540578 9.219513 8.867954 8.479586 8.048597 7.569856 7.039141 6.453386 5.810976 5.112028 4.358649 3.555119 2.707957 1.825819 0.919209 0.000000 
50.000000 47.588737 45.192697 42.826812 40.505446 38.242128 36.049315 33.938189 31.918488 29.998380 28.184380 26.481312 24.892308 23.418858 22.060878 20.816825 19.683826 18.657823 17.733733 16.905614 16.166822 15.510162 14.928036 14.412560 13.955676 13.549237 13.185072 12.855035 12.551032 12.265034 11.989079 11.715267 11.435748 11.142724 10.828461 10.485314 10.105795 9.682675 9.209139 8.678994 8.086952 7.428958 6.702585 5.907436 5.045542 4.121668 3.143479 2.121484 1.068694 0.000000 
50.000000 47.687472 45.389543 43.120533 40.894216 38.723565 36.620528 34.595825 32.658794 30.817264 29.077479 27.444058 25.920000 24.506721 23.204129 22.010727 20.923736 19.939237 19.052320 18.257241 17.547569 16.916333 16.356154 15.859358 15.418078 15.024324 14.670046 14.347168 14.047605 13.763266 13.486042 13.207785 12.920290 12.615276 12.284381 11.919184 11.511262 11.052286 10.534200 9.949454 9.291344 8.554440 7.735096 6.832026 5.846893 4.784814 3.654703 2.469296 1.244783 0.000000 
50.000000 47.796721 45.607350 43.445531 41.324386 39.256273 37.252574 35.323501 33.477948 31.723371 30.065715 28.509374 27.057197 25.710524 24.469254 23.331944 22.295924 21.357432 20.511754 19.753372 19.076100 18.473225 17.937623 17.461867 17.038317 16.659182 16.316568 16.002506 15.708951 15.427780 15.150755 14.869495 14.575434 14.259783 13.913503 13.527310 13.091703 12.597065 12.033824 11.392723 10.665208 9.843953 8.923526 7.901182 6.777728 5.558333 4.253162 2.877592 1.451861 0.000000 
50.000000 47.916430 45.846013 43.801648 41.795744 39.839989 37.945141 36.120859 34.375549 32.716259 31.148606 29.676741 28.303350 27.029691 25.855655 24.779860 23.799761 22.911774 22.111404 21.393388 20.751820 20.180279 19.671937 19.219655 18.816062 18.453611 18.124610 17.821239 17.535542 17.259401 16.984490 16.702223 16.403690 16.079591 15.720185 15.315250 14.854093 14.325603 13.718411 13.021145 12.222867 11.313684 10.285595 9.133555 7.856715 6.459708 4.953762 3.357304 1.695721 0.000000 
50.000000 48.046452 46.105235 44.188444 42.307711 40.473994 38.697379 36.986919 35.350494 33.794709 32.324826 30.944732 29.656939 28.462615 27.361648 26.352726 25.433442 24.600409 23.849381 23.175379 22.572811 22.035587 21.557215 21.130892 20.749565 20.405977 20.092694 19.802101 19.526385 19.257494 18.987068 18.706369 18.406189 18.076748 17.707604 17.287569 16.804659 16.246104 15.598441 14.847747 13.980070 12.982110 11.842240 10.551890 9.107293 7.511471 5.776142 3.923076 1.984213 0.000000 
50.000000 48.186534 46.384514 44.605166 42.859290 41.157054 39.507822 37.919995 36.400885 34.956623 33.592088 32.310884 31.115336 30.006520 28.984321 28.047506 27.193823 26.420102 25.722372 25.095970 24.535654 24.035704 23.590013 23.192157 22.835454 22.512998 22.217670 21.942128 21.678773 21.419690 21.156568 20.880598 20.582348 20.251633 19.877362 19.447403 18.948449 18.365945 17.684085 16.885953 15.953890 14.870175 13.618176 12.184067 10.559212 8.743133 6.746738 4.595051 2.328285 0.000000 
50.000000 48.336306 46.683112 45.050717 43.449027 41.887370 40.374336 38.917630 37.523960 36.198944 34.947059 33.771605 32.674709 31.657351 30.719415 29.859758 29.076297 28.366101 27.725500 27.150178 26.635282 26.175503 25.765162 25.398269 25.068569 24.769567 24.494529 24.236461 23.988063 23.741653 23.489067 23.221537 22.929531 22.602576 22.229054 21.795983 21.288793 20.691117 19.984648 19.149102 18.162417 17.001313 15.642438 14.064349 12.250590 10.193994 7.901965 5.401747 2.743724 0.000000 
50.000000 48.495277 47.000051 45.523635 44.074989 42.662548 41.294080 39.976554 38.716034 37.517600 36.385297 35.322107 34.329949 33.409701 32.561252 31.783556 31.074712 30.432055 29.852236 29.331324 28.864886 28.448069 28.075670 27.742183 27.441840 27.168624 26.916262 26.678194 26.447512 26.216880 25.978411 25.723519 25.442736 25.125485 24.759816 24.332098 23.826676 23.225507 22.507789 21.649669 20.624116 19.401146 17.948716 16.234705 14.230559 11.917176 9.293212 6.384885 3.254206 0.000000 
50.000000 48.662832 47.334101 46.022087 44.734748 43.479581 42.263488 41.092660 39.972485 38.907476 37.901225 36.956379 36.074638 35.256779 34.502693 33.811444 33.181330 32.609965 32.094355 31.630978 31.215861 30.844648 30.512656 30.214920 29.946219 29.701083 29.473779 29.258271 29.048156 28.836566 28.616040 28.378357 28.114318 27.813489 27.463872 27.051508 26.560007 25.969988 25.258444 24.398070 23.356628 22.096547 20.575120 18.745916 16.562427 13.985333 10.994776 7.607753 3.896928 0.000000 
50.000000 48.838227 47.683786 46.543866 45.425385 44.334854 43.278269 42.261010 41.287755 40.362424 39.488138 38.667191 37.901059 37.190412 36.535151 35.934453 35.386831 34.890199 34.441940 34.038972 33.677816 33.354651 33.065363 32.805578 32.570681 32.355821 32.155886 31.965461 31.778760 31.589526 31.390890 31.175196 30.933771 30.656630 30.332101 29.946354 29.482800 28.921341 28.237427 27.400920 26.374774 25.113644 23.562753 21.657724 19.326852 16.498362 13.116503 9.170292 4.733710 0.000000 
50.000000 49.020603 48.047386 47.086411 46.143508 45.224167 44.333442 43.475866 42.655384 41.875299 41.138240 40.446140 39.800240 39.201102 38.648638 38.142149 37.680375 37.261547 36.883447 36.543460 36.238633 35.965718 35.721211 35.501380 35.302276 35.119731 34.949334 34.786391 34.625849 34.462203 34.289355 34.100442 33.887594 33.641635 33.351676 33.004596 32.584347 32.071034 31.439693 30.658670 29.687495 28.474188 26.952072 25.036578 22.623554 19.592702 15.823672 11.237325 5.874699 0.000000 
50.000000 49.208986 48.422964 47.646828 46.885288 46.142777 45.423377 44.730748 44.068076 43.438028 42.842727 42.283731 41.762043 41.278114 40.831870 40.422742 40.049707 39.711331 39.405814 39.131032 38.884587 38.663836 38.465925 38.287808 38.126254 37.977843 37.838943 37.705665 37.573808 37.438757 37.295368 37.137794 36.959269 36.751810 36.505822 36.209573 35.848458 35.403999 34.852429 34.162696 33.293600 32.189718 30.775671 28.948406 26.567899 23.449261 19.366299 14.092784 7.533854 0.000000 
50.000000 49.402305 48.808381 48.221927 47.646502 47.085454 46.541868 46.018511 45.517788 45.041714 44.591892 44.169501 43.775295 43.409615 43.072403 42.763226 42.481310 42.225566 41.994628 41.786886 41.600519 41.433518 41.283711 41.148779 41.026254 40.913518 40.807782 40.706051 40.605072 40.501254 40.390568 40.268405 40.129385 39.967104 39.773782 39.539788 39.252957 38.897630 38.453232 37.892164 37.176573 36.253329 35.046077 33.442583 31.274862 28.289886 24.114379 18.243637 10.172934 0.000000 
50.000000 49.599402 49.201331 48.808268 48.422595 48.046560 47.682227 47.331451 46.995846 46.676761 46.375269 46.092161 45.827942 45.582840 45.356814 45.149574 44.960599 44.789158 44.634332 44.495040 44.370055 44.258027 44.157492 44.066885 43.984541 43.908688 43.837434 43.768744 43.700398 43.629936 43.554587 43.471163 43.375921 43.264374 43.131031 42.969028 42.769601 42.521315 42.208897 41.811422 41.299408 40.629969 39.738436 38.523266 36.817824 34.336158 30.569100 24.602089 14.918075 0.000000 
50.000000 49.799056 49.599380 49.402215 49.208758 49.020134 48.837381 48.661428 48.493085 48.333028 48.181795 48.039784 47.907247 47.784298 47.670917 47.566958 47.472159 47.386153 47.308478 47.238590 47.175874 47.119649 47.069181 47.023679 46.982306 46.944168 46.908308 46.873697 46.839209 46.803594 46.765439 46.723114 46.674698 46.617880 46.549816 46.466929 46.364623 46.236852 46.075448 45.869074 45.601457 45.248337 44.771824 44.109295 43.149692 41.678046 39.231491 34.682711 24.899870 0.000000 
50.000000 50.000000 50.000000 50.000000 50.000000 50.000000 50.000000 50.000000 50.000000 50.000000 50.000000 50.000000 50.000000 50.000000 50.000000 50.000000 50.000000 50.000000 50.000000 50.000000 50.000000 50.000000 50.000000 50.000000 50.000000 50.000000 50.000000 50.000000 50.000000 50.000000 50.000000 50.000000 50.000000 50.000000 50.000000 50.000000 50.000000 50.000000 50.000000 50.000000 50.000000 50.000000 50.000000 50.000000 50.000000 50.000000 50.000000 50.000000 50.000000 50.000000 
