50.000000 50.000000 50.000000 50.000000 50.000000 50.000000 50.000000 50.000000 50.000000 50.000000 50.000000 50.000000 50.000000 50.000000 50.000000 50.000000 50.000000 50.000000 50.000000 50.000000 50.000000 50.000000 50.000000 50.000000 50.000000 50.000000 50.000000 50.000000 50.000000 50.000000 50.000000 50.000000 50.000000 50.000000 50.000000 50.000000 50.000000 50.000000 50.000000 50.000000 50.000000 50.000000 50.000000 50.000000 50.000000 50.000000 50.000000 50.000000 50.000000 50.000000 
50.000000 49.464409 48.937826 48.428807 47.945034 47.492976 47.077640 46.702434 46.369152 46.078048 45.828022 45.616845 45.441437 45.298146 45.183020 45.092041 45.021319 44.967238 44.926551 44.896430 44.874480 44.858724 44.847568 44.839747 44.834275 44.830383 44.827462 44.825007 44.822563 44.819662 44.815764 44.810179 44.801977 44.789864 44.772026 44.745895 44.707839 44.652692 44.573054 44.458193 44.292250 44.051140 43.696887 43.166492 42.348219 41.026126 38.736092 34.349297 24.732204 0.000000 
50.000000 48.937827 47.893519 46.884042 45.924633 45.028121 44.204435 43.460336 42.799377 42.222068 41.726223 41.307422 40.959556 40.675386 40.447071 40.266644 40.126391 40.019140 39.938451 39.878716 39.835186 39.803943 39.781821 39.766317 39.755475 39.747772 39.742006 39.737181 39.732403 39.726762 39.719207 39.708410 39.692580 39.669241 39.634926 39.584758 39.511870 39.406562 39.255064 39.037649 38.725639 38.276498 37.625384 36.670016 35.242429 33.054757 29.595371 23.946759 14.588529 0.000000 
50.000000 48.428807 46.884042 45.390798 43.971618 42.645477 41.427062 40.326375 39.348670 38.494703 37.761239 37.141741 36.627172 36.206823 35.869097 35.602207 35.394744 35.236098 35.116743 35.028384 34.963997 34.917786 34.885073 34.862153 34.846139 34.834783 34.826317 34.819284 34.812382 34.804302 34.793547 34.778236 34.755854 34.722940 34.674677 34.604339 34.502531 34.356125 34.146740 33.848515 33.424776 32.822897 31.966273 30.741590 28.978933 26.422489 22.695399 17.288670 9.692715 0.000000 
50.000000 47.945034 45.924633 43.971618 42.115471 40.381010 38.787446 37.347859 36.069121 34.952220 33.992926 33.182688 32.509688 31.959917 31.518209 31.169148 30.897810 30.690320 30.534219 30.418659 30.334455 30.274025 30.231254 30.201303 30.180399 30.165615 30.154653 30.145635 30.136898 30.126792 30.113455 30.094574 30.067082 30.026796 29.967938 29.882511 29.759467 29.583578 29.333888 28.981572 28.486935 27.795200 26.830665 25.488897 23.627403 21.057736 17.549129 12.869876 6.918908 0.000000 
50.000000 47.492976 45.028121 42.645477 40.381010 38.265001 36.320883 34.564616 33.004582 31.641990 30.471673 29.483204 28.662162 27.991458 27.452589 27.026746 26.695725 26.442597 26.252162 26.111188 26.008470 25.934761 25.882604 25.846102 25.820661 25.802725 25.789516 25.778779 25.768547 25.756894 25.741690 25.720321 25.689366 25.644200 25.578501 25.483612 25.347722 25.154806 24.883241 24.504016 23.978446 23.255317 22.267563 20.928984 19.132501 16.753609 13.666544 9.785693 5.144757 0.000000 
50.000000 47.077640 44.204435 41.427062 38.787446 36.320883 34.054691 32.007471 30.188997 28.600673 27.236481 26.084263 25.127210 24.345401 23.717267 23.220884 22.835030 22.539975 22.318000 22.153680 22.033958 21.948057 21.887290 21.844790 21.815215 21.794442 21.779261 21.767097 21.755730 21.743034 21.726703 21.703959 21.671215 21.623683 21.554887 21.456066 21.315437 21.117276 20.840806 20.458872 19.936436 19.229012 18.281386 17.027347 15.391901 13.298551 10.685473 7.534420 3.911149 0.000000 
50.000000 46.702435 43.460337 40.326376 37.347860 34.564617 32.007472 29.697416 27.645476 25.853237 24.313907 23.013767 21.933849 21.051675 20.342905 19.782802 19.347418 19.014490 18.764025 18.578621 18.443543 18.346638 18.278106 18.230210 18.196938 18.173661 18.156796 18.143496 18.131348 18.118093 18.101338 18.078263 18.045286 17.997693 17.929185 17.831353 17.693052 17.499666 17.232290 16.866854 16.373296 15.714975 14.848712 13.726091 12.297057 10.517197 8.360105 5.834954 3.005548 0.000000 
50.000000 46.369152 42.799379 39.348672 36.069123 33.004586 30.189000 27.645478 25.386162 23.412796 21.717901 20.286371 19.097322 18.126001 17.345609 16.728909 16.249534 15.882968 15.607202 15.403073 15.254362 15.147690 15.072275 15.019609 14.983089 14.957646 14.939379 14.925220 14.912616 14.899233 14.882669 14.860162 14.828275 14.782551 14.717119 14.624249 14.493845 14.312903 14.064948 13.729535 13.281918 12.693089 11.930514 10.959996 9.749274 8.273927 6.525778 4.522882 2.318013 0.000000 
50.000000 46.078050 42.222072 38.494708 34.952226 31.641996 28.600681 25.853244 23.412801 21.281236 19.450469 17.904183 16.619819 15.570638 14.727695 14.061565 13.543769 13.147827 12.849965 12.629486 12.468873 12.353679 12.272265 12.215453 12.176131 12.148851 12.129449 12.114680 12.101896 12.088740 12.072861 12.051630 12.021853 11.979462 11.919176 11.834139 11.715536 11.552204 11.330287 11.033003 10.640636 10.130907 9.479965 8.664257 7.663559 6.465298 5.069938 3.496436 1.785802 0.000000 
50.000000 45.828026 41.726229 37.761248 33.992937 30.471687 27.236497 24.313923 21.717916 19.450479 17.503018 15.858174 14.491949 13.375901 12.479236 11.770656 11.219865 10.798696 10.481859 10.247341 10.076511 9.954006 9.867452 9.807099 9.765401 9.736594 9.716295 9.701128 9.688385 9.675724 9.660885 9.641428 9.614460 9.576375 9.522565 9.447139 9.342632 9.199753 9.007188 8.751546 8.417524 7.988415 7.447095 6.777645 5.967687 5.011378 3.912742 2.688587 1.369835 0.000000 
50.000000 45.616851 41.307433 37.141758 33.182710 29.483231 26.084294 23.013800 20.286404 17.904213 15.858195 14.130112 12.694751 11.522229 10.580194 9.835764 9.257108 8.814635 8.481776 8.235405 8.055951 7.927277 7.836393 7.773066 7.729388 7.699335 7.678349 7.662953 7.650413 7.638425 7.624850 7.607458 7.583689 7.550423 7.503746 7.438728 7.349221 7.227689 7.065128 6.851104 6.573996 6.221510 5.781554 5.243525 4.600020 3.848846 2.995036 2.052381 1.043803 0.000000 
50.000000 45.441448 40.959578 36.627205 32.509730 28.662214 25.127269 21.933914 19.097390 16.619886 14.492009 12.694791 11.202008 9.982583 9.002868 8.228663 7.626866 7.166701 6.820537 6.564323 6.377710 6.243919 6.149447 6.083664 6.038365 6.007315 5.985816 5.970322 5.958089 5.946872 5.934661 5.919446 5.898998 5.870674 5.831224 5.776620 5.701917 5.601144 5.467291 5.292394 5.067790 4.784576 4.434324 4.010058 3.507461 2.926196 2.271113 1.553039 0.788767 0.000000 
50.000000 45.298167 40.675427 36.206884 31.959996 27.991554 24.345512 21.051797 18.126132 15.570773 13.376032 11.522343 9.982659 8.724923 7.714431 6.915908 6.295210 5.820595 5.463565 5.199315 5.006857 4.868891 4.771497 4.703721 4.657117 4.625282 4.603412 4.587912 4.576043 4.565625 4.554779 4.541706 4.524490 4.500928 4.468373 4.423606 4.362727 4.281106 4.173391 4.033612 3.855414 3.632440 3.358879 3.030191 2.643930 2.200609 1.704414 1.163598 0.590348 0.000000 
50.000000 45.183058 40.447146 35.869208 31.518353 27.452764 23.717469 20.343131 17.345854 14.727951 12.479496 10.580443 9.003082 7.714571 6.679356 5.861299 5.225419 4.739198 4.373441 4.102737 3.905587 3.764272 3.664535 3.595168 3.547532 3.515090 3.492961 3.477515 3.466028 3.456384 3.446829 3.435756 3.421530 3.402339 3.376063 3.340170 3.291648 3.226969 3.142121 3.032700 2.894112 2.721872 2.512015 2.261611 1.969329 1.635987 1.264979 0.862463 0.437201 0.000000 
50.000000 45.092109 40.266779 35.602406 31.169406 27.027060 23.221248 19.783209 16.729354 14.062036 11.771143 9.836250 8.229122 6.916299 5.861553 5.028063 4.380190 3.884801 3.512150 3.236349 3.035494 2.891536 2.789954 2.719337 2.670897 2.637996 2.615692 2.600333 2.589216 2.580285 2.571897 2.562613 2.551044 2.535707 2.514926 2.486743 2.448867 2.398657 2.333150 2.249150 2.143376 2.012701 1.854444 1.666731 1.448876 1.201728 0.927927 0.631987 0.320151 0.000000 
50.000000 45.021439 40.126629 35.395095 30.898267 26.696281 22.835676 19.348142 16.250324 13.544613 11.220747 9.258007 7.627752 6.296039 5.226119 4.380640 3.723449 3.220938 2.842932 2.563172 2.359441 2.213431 2.110420 2.038838 1.989783 1.956540 1.934121 1.918865 1.908086 1.899785 1.892411 1.884671 1.875378 1.863324 1.847194 1.825491 1.796498 1.758268 1.708645 1.645339 1.566040 1.468588 1.351185 1.212644 1.052639 0.871930 0.672506 0.457626 0.231695 0.000000 
50.000000 44.967448 40.019555 35.236710 30.691119 26.443567 22.541101 19.015755 15.884352 13.149309 10.800253 8.816241 7.168319 5.822176 4.740663 3.886026 3.221718 2.713767 2.331672 2.048888 1.842961 1.695386 1.591286 1.518971 1.469453 1.435959 1.413470 1.398317 1.387834 1.380068 1.373547 1.367097 1.359692 1.350348 1.338035 1.321619 1.299828 1.271244 1.234320 1.187436 1.128983 1.057485 0.971745 0.871019 0.755175 0.624836 0.481469 0.327390 0.165681 0.000000 
50.000000 44.926911 39.939164 35.117796 30.535593 26.253832 22.319939 18.766203 15.609586 12.852522 10.484555 8.484572 6.823387 5.466412 4.376198 3.514685 2.845035 2.333001 1.947836 1.662783 1.455208 1.306460 1.201544 1.128682 1.078822 1.045147 1.022617 1.007560 0.997325 0.989999 0.984174 0.978768 0.972886 0.965715 0.956447 0.944226 0.928118 0.907100 0.880076 0.845910 0.803496 0.751831 0.690129 0.617925 0.535184 0.442394 0.340613 0.231468 0.117093 0.000000 
50.000000 44.897041 39.879926 35.030170 30.420989 26.114021 22.156969 18.582314 15.407118 12.633829 10.251928 8.240178 6.569220 5.204263 4.107638 3.241061 2.567475 2.052432 1.665005 1.378281 1.169493 1.019881 0.914366 0.841104 0.790995 0.757193 0.734641 0.719666 0.709633 0.702658 0.697383 0.692798 0.688107 0.682629 0.675724 0.666742 0.655000 0.639765 0.620266 0.595716 0.565357 0.528518 0.484682 0.433560 0.375166 0.309866 0.238410 0.161929 0.081888 0.000000 
50.000000 44.875502 39.837211 34.966986 30.338352 26.013207 22.039457 18.449719 15.261126 12.476138 10.084189 8.063955 6.385952 5.015240 3.913993 3.043764 2.367340 1.850129 1.461072 1.173144 0.963481 0.813248 0.707301 0.633752 0.583466 0.549576 0.527013 0.512107 0.502231 0.495526 0.490672 0.486712 0.482926 0.478729 0.473602 0.467050 0.458568 0.447632 0.433701 0.416232 0.394708 0.368682 0.337814 0.301928 0.261053 0.215459 0.165673 0.112474 0.056862 0.000000 
50.000000 44.860410 39.807282 34.922715 30.280451 25.942571 21.957121 18.356816 15.158837 12.365652 9.966665 7.940486 6.257547 4.882804 3.778318 2.905531 2.227120 1.708389 1.318191 1.029419 0.819144 0.668475 0.562227 0.488477 0.438070 0.404120 0.381554 0.366700 0.356942 0.350437 0.345893 0.342392 0.339268 0.336003 0.332169 0.327375 0.321244 0.313397 0.303450 0.291026 0.275775 0.257392 0.235658 0.210462 0.181838 0.149981 0.115262 0.078218 0.039534 0.000000 
50.000000 44.850311 39.787253 34.893088 30.241703 25.895300 21.902020 18.294642 15.090383 12.291712 9.888014 7.857858 6.171616 4.794175 3.687522 2.813023 2.133282 1.613535 1.222573 0.933236 0.722552 0.571592 0.465143 0.391260 0.340771 0.306782 0.284216 0.269400 0.259726 0.253361 0.249033 0.245851 0.243185 0.240565 0.237620 0.234034 0.229513 0.223773 0.216537 0.207536 0.196524 0.183293 0.167695 0.149660 0.129219 0.106518 0.081820 0.055503 0.028046 0.000000 
50.000000 44.844146 39.775028 34.875005 30.218053 25.866448 21.868390 18.256696 15.048602 12.246584 9.840012 7.807428 6.119169 4.740082 3.632107 2.756564 2.076011 1.555643 1.164215 0.874534 0.663600 0.512463 0.405891 0.331927 0.281389 0.247378 0.224812 0.210021 0.200399 0.194123 0.189930 0.186949 0.184569 0.182351 0.179962 0.177127 0.173604 0.169170 0.163608 0.156717 0.148312 0.138241 0.126397 0.112735 0.097282 0.080151 0.061540 0.041733 0.021084 0.000000 
50.000000 44.841232 39.769249 34.866457 30.206873 25.852810 21.852493 18.238758 15.028853 12.225252 9.817321 7.783589 6.094378 4.714513 3.605913 2.729875 2.048939 1.528278 1.136630 0.846786 0.635734 0.484513 0.377883 0.303880 0.253320 0.219298 0.196733 0.181954 0.172357 0.166124 0.161996 0.159111 0.156869 0.154844 0.152721 0.150245 0.147200 0.143388 0.138623 0.132735 0.125567 0.116995 0.106929 0.095334 0.082237 0.067733 0.051992 0.035251 0.017807 0.000000 
50.000000 44.841232 39.769249 34.866457 30.206873 25.852810 21.852493 18.238758 15.028853 12.225252 9.817321 7.783589 6.094378 4.714513 3.605913 2.729875 2.048939 1.528278 1.136630 0.846786 0.635734 0.484513 0.377883 0.303880 0.253320 0.219298 0.196733 0.181954 0.172357 0.166124 0.161996 0.159111 0.156869 0.154844 0.152721 0.150245 0.147200 0.143388 0.138623 0.132735 0.125567 0.116995 0.106929 0.095334 0.082237 0.067733 0.051992 0.035251 0.017807 0.000000 
50.000000 44.844146 39.775028 34.875005 30.218053 25.866448 21.868390 18.256696 15.048602 12.246584 9.840012 7.807428 6.119169 4.740082 3.632107 2.756564 2.076011 1.555643 1.164215 0.874534 0.663600 0.512463 0.405891 0.331927 0.281389 0.247378 0.224812 0.210021 0.200399 0.194123 0.189930 0.186949 0.184569 0.182351 0.179962 0.177127 0.173604 0.169170 0.163608 0.156717 0.148312 0.138241 0.126397 0.112735 0.097282 0.080151 0.061540 0.041733 0.021084 0.000000 
50.000000 44.850311 39.787253 34.893088 30.241703 25.895300 21.902020 18.294642 15.090383 12.291712 9.888014 7.857858 6.171616 4.794175 3.687522 2.813023 2.133282 1.613535 1.222573 0.933236 0.722552 0.571592 0.465143 0.391260 0.340771 0.306782 0.284216 0.269400 0.259726 0.253361 0.249033 0.245851 0.243185 0.240565 0.237620 0.234034 0.229513 0.223773 0.216537 0.207536 0.196524 0.183293 0.167695 0.149660 0.129219 0.106518 0.081820 0.055503 0.028046 0.000000 
50.000000 44.860410 39.807282 34.922715 30.280451 25.942571 21.957121 18.356816 15.158837 12.365652 9.966665 7.940486 6.257547 4.882804 3.778318 2.905531 2.227120 1.708389 1.318191 1.029419 0.819144 0.668475 0.562227 0.488477 0.438070 0.404120 0.381554 0.366700 0.356942 0.350437 0.345893 0.342392 0.339268 0.336003 0.332169 0.327375 0.321244 0.313397 0.303450 0.291026 0.275775 0.257392 0.235658 0.210462 0.181838 0.149981 0.115262 0.078218 0.039534 0.000000 
50.000000 44.875502 39.837211 34.966986 30.338352 26.013207 22.039457 18.449719 15.261126 12.476138 10.084189 8.063955 6.385952 5.015240 3.913993 3.043764 2.367340 1.850129 1.461072 1.173144 0.963481 0.813248 0.707301 0.633752 0.583466 0.549576 0.527013 0.512107 0.502231 0.495526 0.490672 0.486712 0.482926 0.478729 0.473602 0.467050 0.458568 0.447632 0.433701 0.416232 0.394708 0.368682 0.337814 0.301928 0.261053 0.215459 0.165673 0.112474 0.056862 0.000000 
50.000000 44.897041 39.879926 35.030170 30.420989 26.114021 22.156969 18.582314 15.407118 12.633829 10.251928 8.240178 6.569220 5.204263 4.107638 3.241061 2.567475 2.052432 1.665005 1.378281 1.169493 1.019881 0.914366 0.841104 0.790995 0.757193 0.734641 0.719666 0.709633 0.702658 0.697383 0.692798 0.688107 0.682629 0.675724 0.666742 0.655000 0.639765 0.620266 0.595716 0.565357 0.528518 0.484682 0.433560 0.375166 0.309866 0.238410 0.161929 0.081888 0.000000 
50.000000 44.926911 39.939164 35.117796 30.535593 26.253832 22.319939 18.766203 15.609586 12.852522 10.484555 8.484572 6.823387 5.466412 4.376198 3.514685 2.845035 2.333001 1.947836 1.662783 1.455208 1.306460 1.201544 1.128682 1.078822 1.045147 1.022617 1.007560 0.997325 0.989999 0.984174 0.978768 0.972886 0.965715 0.956447 0.944226 0.928118 0.907100 0.880076 0.845910 0.803496 0.751831 0.690129 0.617925 0.535184 0.442394 0.340613 0.231468 0.117093 0.000000 
50.000000 44.967448 40.019555 35.236710 30.691119 26.443567 22.541101 19.015755 15.884352 13.149309 10.800253 8.816241 7.168319 5.822176 4.740663 3.886026 3.221718 2.713767 2.331672 2.048888 1.842961 1.695386 1.591286 1.518971 1.469453 1.435959 1.413470 1.398317 1.387834 1.380068 1.373547 1.367097 1.359692 1.350348 1.338035 1.321619 1.299828 1.271244 1.234320 1.187436 1.128983 1.057485 0.971745 0.871019 0.755175 0.624836 0.481469 0.327390 0.165681 0.000000 
50.000000 45.021439 40.126629 35.395095 30.898267 26.696281 22.835676 19.348142 16.250324 13.544613 11.220747 9.258007 7.627752 6.296039 5.226119 4.380640 3.723449 3.220938 2.842932 2.563172 2.359441 2.213431 2.110420 2.038838 1.989783 1.956540 1.934121 1.918865 1.908086 1.899785 1.892411 1.884671 1.875378 1.863324 1.847194 1.825491 1.796498 1.758268 1.708645 1.645339 1.566040 1.468588 1.351185 1.212644 1.052639 0.871930 0.672506 0.457626 0.231695 0.000000 
50.000000 45.092109 40.266779 35.602406 31.169406 27.027060 23.221248 19.783209 16.729354 14.062036 11.771143 9.836250 8.229122 6.916299 5.861553 5.028063 4.380190 3.884801 3.512150 3.236349 3.035494 2.891536 2.789954 2.719337 2.670897 2.637996 2.615692 2.600333 2.589216 2.580285 2.571897 2.562613 2.551044 2.535707 2.514926 2.486743 2.448867 2.398657 2.333150 2.249150 2.143376 2.012701 1.854444 1.666731 1.448876 1.201728 0.927927 0.631987 0.320151 0.000000 
50.000000 45.183058 40.447146 35.869208 31.518353 27.452764 23.717469 20.343131 17.345854 14.727951 12.479496 10.580443 9.003082 7.714571 6.679356 5.861299 5.225419 4.739198 4.373441 4.102737 3.905587 3.764272 3.664535 3.595168 3.547532 3.515090 3.492961 3.477515 3.466028 3.456384 3.446829 3.435756 3.421530 3.402339 3.376063 3.340170 3.291648 3.226969 3.142121 3.032700 2.894112 2.721872 2.512015 2.261611 1.969329 1.635987 1.264979 0.862463 0.437201 0.000000 
50.000000 45.298167 40.675427 36.206884 31.959996 27.991554 24.345512 21.051797 18.126132 15.570773 13.376032 11.522343 9.982659 8.724923 7.714431 6.915908 6.295210 5.820595 5.463565 5.199315 5.006857 4.868891 4.771497 4.703721 4.657117 4.625282 4.603412 4.587912 4.576043 4.565625 4.554779 4.541706 4.524490 4.500928 4.468373 4.423606 4.362727 4.281106 4.173391 4.033612 3.855414 3.632440 3.358879 3.030191 2.643930 2.200609 1.704414 1.163598 0.590348 0.000000 
50.000000 45.441448 40.959578 36.627205 32.509730 28.662214 25.127269 21.933914 19.097390 16.619886 14.492009 12.694791 11.202008 9.982583 9.002868 8.228663 7.626866 7.166701 6.820537 6.564323 6.377710 6.243919 6.149447 6.083664 6.038365 6.007315 5.985816 5.970322 5.958089 5.946872 5.934661 5.919446 5.898998 5.870674 5.831224 5.776620 5.701917 5.601144 5.467291 5.292394 5.067790 4.784576 4.434324 4.010058 3.507461 2.926196 2.271113 1.553039 0.788767 0.000000 
50.000000 45.616851 41.307433 37.141758 33.182710 29.483231 26.084294 23.013800 20.286404 17.904213 15.858195 14.130112 12.694751 11.522229 10.580194 9.835764 9.257108 8.814635 8.481776 8.235405 8.055951 7.927277 7.836393 7.773066 7.729388 7.699335 7.678349 7.662953 7.650413 7.638425 7.624850 7.607458 7.583689 7.550423 7.503746 7.438728 7.349221 7.227689 7.065128 6.851104 6.573996 6.221510 5.781554 5.243525 4.600020 3.848846 2.995036 2.052381 1.043803 0.000000 
50.000000 45.828026 41.726229 37.761248 33.992937 30.471687 27.236497 24.313923 21.717916 19.450479 17.503018 15.858174 14.491949 13.375901 12.479236 11.770656 11.219865 10.798696 10.481859 10.247341 10.076511 9.954006 9.867452 9.807099 9.765401 9.736594 9.716295 9.701128 9.688385 9.675724 9.660885 9.641428 9.614460 9.576375 9.522565 9.447139 9.342632 9.199753 9.007188 8.751546 8.417524 7.988415 7.447095 6.777645 5.967687 5.011378 3.912742 2.688587 1.369835 0.000000 
50.000000 46.078050 42.222072 38.494708 34.952226 31.641996 28.600681 25.853244 23.412801 21.281236 19.450469 17.904183 16.619819 15.570638 14.727695 14.061565 13.543769 13.147827 12.849965 12.629486 12.468873 12.353679 12.272265 12.215453 12.176131 12.148851 12.129449 12.114680 12.101896 12.088740 12.072861 12.051630 12.021853 11.979462 11.919176 11.834139 11.715536 11.552204 11.330287 11.033003 10.640636 10.130907 9.479965 8.664257 7.663559 6.465298 5.069938 3.496436 1.785802 0.000000 
50.000000 46.369152 42.799379 39.348672 36.069123 33.004586 30.189000 27.645478 25.386162 23.412796 21.717901 20.286371 19.097322 18.126001 17.345609 16.728909 16.249534 15.882968 15.607202 15.403073 15.254362 15.147690 15.072275 15.019609 14.983089 14.957646 14.939379 14.925220 14.912616 14.899233 14.882669 14.860162 14.828275 14.782551 14.717119 14.624249 14.493845 14.312903 14.064948 13.729535 13.281918 12.693089 11.930514 10.959996 9.749274 8.273927 6.525778 4.522882 2.318013 0.000000 
50.000000 46.702435 43.460337 40.326376 37.347860 34.564617 32.007472 29.697416 27.645476 25.853237 24.313907 23.013767 21.933849 21.051675 20.342905 19.782802 19.347418 19.014490 18.764025 18.578621 18.443543 18.346638 18.278106 18.230210 18.196938 18.173661 18.156796 18.143496 18.131348 18.118093 18.101338 18.078263 18.045286 17.997693 17.929185 17.831353 17.693052 17.499666 17.232290 16.866854 16.373296 15.714975 14.848712 13.726091 12.297057 10.517197 8.360105 5.834954 3.005548 0.000000 
50.000000 47.077640 44.204435 41.427062 38.787446 36.320883 34.054691 32.007471 30.188997 28.600673 27.236481 26.084263 25.127210 24.345401 23.717267 23.220884 22.835030 22.539975 22.318000 22.153680 22.033958 21.948057 21.887290 21.844790 21.815215 21.794442 21.779261 21.767097 21.755730 21.743034 21.726703 21.703959 21.671215 21.623683 21.554887 21.456066 21.315437 21.117276 20.840806 20.458872 19.936436 19.229012 18.281386 17.027347 15.391901 13.298551 10.685473 7.534420 3.911149 0.000000 
50.000000 47.492976 45.028121 42.645477 40.381010 38.265001 36.320883 34.564616 33.004582 31.641990 30.471673 29.483204 28.662162 27.991458 27.452589 27.026746 26.695725 26.442597 26.252162 26.111188 26.008470 25.934761 25.882604 25.846102 25.820661 25.802725 25.789516 25.778779 25.768547 25.756894 25.741690 25.720321 25.689366 25.644200 25.578501 25.483612 25.347722 25.154806 24.883241 24.504016 23.978446 23.255317 22.267563 20.928984 19.132501 16.753609 13.666544 9.785693 5.144757 0.000000 
50.000000 47.945034 45.924633 43.971618 42.115471 40.381010 38.787446 37.347859 36.069121 34.952220 33.992926 33.182688 32.509688 31.959917 31.518209 31.169148 30.897810 30.690320 30.534219 30.418659 30.334455 30.274025 30.231254 30.201303 30.180399 30.165615 30.154653 30.145635 30.136898 30.126792 30.113455 30.094574 30.067082 30.026796 29.967938 29.882511 29.759467 29.583578 29.333888 28.981572 28.486935 27.795200 26.830665 25.488897 23.627403 21.057736 17.549129 12.869876 6.918908 0.000000 
50.000000 48.428807 46.884042 45.390798 43.971618 42.645477 41.427062 40.326375 39.348670 38.494703 37.761239 37.141741 36.627172 36.206823 35.869097 35.602207 35.394744 35.236098 35.116743 35.028384 34.963997 34.917786 34.885073 34.862153 34.846139 34.834783 34.826317 34.819284 34.812382 34.804302 34.793547 34.778236 34.755854 34.722940 34.674677 34.604339 34.502531 34.356125 34.146740 33.848515 33.424776 32.822897 31.966273 30.741590 28.978933 26.422489 22.695399 17.288670 9.692715 0.000000 
50.000000 48.937827 47.893519 46.884042 45.924633 45.028121 44.204435 43.460336 42.799377 42.222068 41.726223 41.307422 40.959556 40.675386 40.447071 40.266644 40.126391 40.019140 39.938451 39.878716 39.835186 39.803943 39.781821 39.766317 39.755475 39.747772 39.742006 39.737181 39.732403 39.726762 39.719207 39.708410 39.692580 39.669241 39.634926 39.584758 39.511870 39.406562 39.255064 39.037649 38.725639 38.276498 37.625384 36.670016 35.242429 33.054757 29.595371 23.946759 14.588529 0.000000 
50.000000 49.464409 48.937826 48.428807 47.945034 47.492976 47.077640 46.702434 46.369152 46.078048 45.828022 45.616845 45.441437 45.298146 45.183020 45.092041 45.021319 44.967238 44.926551 44.896430 44.874480 44.858724 44.847568 44.839747 44.834275 44.830383 44.827462 44.825007 44.822563 44.819662 44.815764 44.810179 44.801977 44.789864 44.772026 44.745895 44.707839 44.652692 44.573054 44.458193 44.292250 44.051140 43.696887 43.166492 42.348219 41.026126 38.736092 34.349297 24.732204 0.000000 
50.000000 50.000000 50.000000 50.000000 50.000000 50.000000 50.000000 50.000000 50.000000 50.000000 50.000000 50.000000 50.000000 50.000000 50.000000 50.000000 50.000000 50.000000 50.000000 50.000000 50.000000 50.000000 50.000000 50.000000 50.000000 50.000000 50.000000 50.000000 50.000000 50.000000 50.000000 50.000000 50.000000 50.000000 50.000000 50.000000 50.000000 50.000000 50.000000 50.000000 50.000000 50.000000 50.000000 50.000000 50.000000 50.000000 50.000000 50.000000 50.000000 50.000000 
