50.000000 50.000000 50.000000 50.000000 50.000000 50.000000 50.000000 50.000000 50.000000 50.000000 50.000000 50.000000 50.000000 50.000000 50.000000 50.000000 50.000000 50.000000 50.000000 50.000000 50.000000 50.000000 50.000000 50.000000 50.000000 50.000000 50.000000 50.000000 50.000000 50.000000 50.000000 50.000000 50.000000 50.000000 50.000000 50.000000 50.000000 50.000000 50.000000 50.000000 50.000000 50.000000 50.000000 50.000000 50.000000 50.000000 50.000000 50.000000 50.000000 50.000000 
50.000000 49.788147 49.577704 49.370051 49.166514 48.968338 48.776662 48.592502 48.416735 48.250086 48.093121 47.946244 47.809698 47.683571 47.567803 47.462194 47.366421 47.280052 47.202553 47.133313 47.071645 47.016807 46.968005 46.924399 46.885109 46.849204 46.815705 46.783564 46.751643 46.718692 46.683300 46.643844 46.598415 46.544714 46.479912 46.400449 46.301741 46.177753 46.020328 45.818131 45.554893 45.206350 44.734605 44.077022 43.122529 41.656134 39.214949 34.671631 24.894314 0.000000 
50.000000 49.577721 49.158251 48.744344 48.338642 47.943623 47.561562 47.194483 46.844134 46.511959 46.199088 45.906325 45.634157 45.382758 45.152007 44.941510 44.750623 44.578482 44.424030 44.286045 44.163166 44.053913 43.956710 43.869888 43.791698 43.720299 43.653748 43.589975 43.526738 43.461575 43.391718 43.313994 43.224683 43.119327 42.992461 42.837251 42.644960 42.404178 42.099648 41.710456 41.207123 40.546757 39.664674 38.459309 36.763993 34.292735 30.536319 24.580132 14.907066 0.000000 
50.000000 49.370121 48.744432 48.127041 47.521888 46.932672 46.362783 45.815243 45.292658 44.797183 44.330503 43.893820 43.487858 43.112879 42.768703 42.454744 42.170045 41.913318 41.682990 41.477244 41.294054 41.131224 40.986410 40.857138 40.740817 40.634726 40.535998 40.441587 40.348210 40.252266 40.149736 40.036033 39.905809 39.752701 39.568972 39.345034 39.068765 38.724537 38.291805 37.742983 37.040223 36.130388 34.937102 33.348095 31.195336 28.225737 24.065952 18.211200 10.156669 0.000000 
50.000000 49.166693 48.338930 47.522144 46.721549 45.942039 45.188099 44.463726 43.772369 43.116880 42.499487 41.921783 41.384727 40.888665 40.433364 40.018050 39.641458 39.301893 38.997280 38.725220 38.483048 38.267869 38.076603 37.906004 37.752673 37.613054 37.483413 37.359795 37.237956 37.113272 36.980607 36.834145 36.667162 36.471729 36.238309 35.955225 35.607927 35.177983 34.641662 33.967931 33.115597 32.029228 30.633418 28.825068 26.464094 23.365528 19.303089 14.050446 7.512625 0.000000 
50.000000 48.968705 47.944272 46.933425 45.942615 44.977901 44.044834 43.148360 42.292748 41.481529 40.717462 40.002517 39.337886 38.723999 38.160569 37.646643 37.180664 36.760538 36.383707 36.047218 35.747786 35.481853 35.245634 35.035150 34.846245 34.674584 34.515630 34.364602 34.216399 34.065500 33.905822 33.730536 33.531826 33.300580 33.025980 32.694976 32.291587 31.795973 31.183214 30.421684 29.470921 28.278935 26.779014 24.886538 22.497279 19.490847 15.746783 11.185825 5.848877 0.000000 
50.000000 48.777328 47.562791 46.364361 45.189688 44.045954 42.939741 41.876915 40.862536 39.900792 38.994955 38.147364 37.359432 36.631675 35.963756 35.354551 34.802221 34.304296 33.857756 33.459116 33.104507 32.789741 32.510370 32.261729 32.038957 31.837003 31.650608 31.474255 31.302099 31.127863 30.944695 30.744981 30.520109 30.260170 29.953576 29.586581 29.142674 28.601824 27.939532 27.125695 26.123278 24.886923 23.361817 21.483523 19.180249 16.380114 13.027243 9.110507 4.703733 0.000000 
50.000000 48.593612 47.196582 45.818080 44.466906 43.151322 41.878897 40.656381 39.489596 38.383360 37.341438 36.366524 35.460246 34.623202 33.855010 33.154385 32.519223 31.946694 31.433343 30.975186 30.567800 30.206407 29.885943 29.601107 29.346395 29.116110 28.904347 28.704952 28.511455 28.316967 28.114042 27.894505 27.649231 27.367871 27.038522 26.647321 26.177968 25.611159 24.923949 24.089070 23.074299 21.842054 20.349588 18.550403 16.397896 13.852631 10.894607 7.540663 3.863289 0.000000 
50.000000 48.418480 46.847483 45.297322 43.777893 42.298488 40.867620 39.492878 38.180812 36.936842 35.765203 34.668928 33.649852 32.708653 31.844908 31.057183 30.343123 29.699562 29.122638 28.607897 28.150402 27.744830 27.385544 27.066666 26.782108 26.525598 26.290670 26.070631 25.858498 25.646907 25.427989 25.193211 24.933185 24.637428 24.294097 23.889669 23.408588 22.832899 22.141869 21.311690 20.315349 19.122851 17.702113 16.020941 14.050681 11.772102 9.183708 6.311544 3.217433 0.000000 
50.000000 48.252711 46.517049 44.804407 43.125720 41.491254 39.910415 38.391590 36.942016 35.567682 34.273272 33.062139 31.936317 30.896558 29.942407 29.072288 28.283615 27.572911 26.935932 26.367791 25.863077 25.415961 25.020291 24.669660 24.357465 24.076926 23.821099 23.582841 23.354767 23.129166 22.897892 22.652233 22.382744 22.079056 21.729668 21.321716 20.840739 20.270468 19.592672 18.787120 17.831770 16.703335 15.378420 13.835508 12.058038 10.038707 7.784756 5.323248 2.704365 0.000000 
50.000000 48.096940 46.206544 44.341222 42.512884 40.732710 39.010949 37.356735 35.777951 34.281124 32.871359 31.552311 30.326200 29.193854 28.154787 27.207294 26.348577 25.574870 24.881579 24.263418 23.714542 23.228664 22.799162 22.419161 22.081598 21.779261 21.504796 21.250703 21.009289 20.772606 20.532360 20.279803 20.005595 19.699664 19.351046 18.947733 18.476541 17.923019 17.271446 16.504964 15.605939 14.556647 13.340413 11.943336 10.356671 8.579799 6.623462 4.512491 2.286891 0.000000 
50.000000 47.951657 45.916945 43.909223 41.941309 40.025240 38.172046 36.391561 34.692272 33.081207 31.563863 30.144180 28.824552 27.605881 26.487652 25.468046 24.544067 23.711688 22.965993 22.301336 21.711475 21.189712 20.729003 20.322059 19.961418 19.639493 19.348600 19.080951 18.828632 18.583551 18.337369 18.081411 17.806565 17.503173 17.160926 16.768770 16.314853 15.786517 15.170391 14.452616 13.619272 12.657057 11.554305 10.302370 8.897376 7.342200 5.648392 3.837523 1.941319 0.000000 
50.000000 47.817209 45.648945 43.509442 41.412364 39.370536 37.395714 35.498379 33.687578 31.970802 30.353912 28.841114 27.434964 26.136432 24.944981 23.858687 22.874379 21.987788 21.193712 20.486174 19.858580 19.303860 18.814599 18.383145 18.001690 17.662334 17.357120 17.078042 16.817036 16.565941 16.316450 16.060044 15.787912 15.490884 15.159357 14.783254 14.352017 13.854660 13.279909 12.616466 11.853428 10.980905 9.990860 8.878173 7.641887 6.286491 4.823040 3.269764 1.651832 0.000000 
50.000000 47.693812 45.402972 43.142521 40.926895 38.769646 36.683195 34.678617 32.765474 30.951682 29.243439 27.645192 26.159650 24.787846 23.529224 22.381769 21.342150 20.405883 19.567508 18.820752 18.158705 17.573972 17.058809 16.605247 16.205185 15.850462 15.532902 15.244338 14.976612 14.721553 14.470942 14.216465 13.949662 13.661875 13.344213 12.987542 12.582505 12.119614 11.589403 10.982693 10.290971 9.506917 8.625067 7.642609 6.560238 5.382985 4.120840 2.788985 1.407438 0.000000 
50.000000 47.581560 45.179216 42.808741 40.485274 38.223030 36.035034 33.932903 31.926666 30.024627 28.233290 26.557324 24.999577 23.561141 22.241447 21.038396 19.948517 18.967134 18.088556 17.306250 16.613026 16.001201 15.462747 14.989422 14.572877 14.204734 13.876648 13.580335 13.307588 13.050268 12.800280 12.549547 12.289971 12.013409 11.711650 11.376432 10.999479 10.572601 10.087852 9.537766 8.915687 8.216197 7.435621 6.572609 5.628719 4.608930 3.521987 2.380428 1.200231 0.000000 
50.000000 47.480442 44.977654 42.508069 40.087460 37.730636 35.451170 33.261165 31.171071 29.189545 27.323364 25.577399 23.954625 22.456188 21.081507 19.828412 18.693306 17.671348 16.756639 15.942420 15.221256 14.585212 14.026016 13.535193 13.104185 12.724439 12.387477 12.084938 11.808597 11.550375 11.302323 11.056611 10.805500 10.541334 10.256534 9.943618 9.595254 9.204356 8.764224 8.268756 7.712717 7.092071 6.404367 5.649148 4.828344 3.946588 3.011379 2.033034 1.024352 0.000000 
50.000000 47.390361 44.798092 42.240215 39.733067 37.291987 34.931035 32.662750 30.497956 28.445622 26.512774 24.704460 23.023769 21.471897 20.048255 18.750610 17.575257 16.517208 15.570386 14.727833 13.981901 13.324442 12.746971 12.240818 11.797251 11.407578 11.063219 10.755762 10.476989 10.218898 9.973695 9.733790 9.491786 9.240476 8.972845 8.682095 8.361701 8.005492 7.607781 7.163532 6.668580 6.119885 5.515814 4.856428 4.143740 3.381902 2.577272 1.738321 0.875346 0.000000 
50.000000 47.311151 44.640199 42.004684 39.421440 36.906273 34.473670 32.136553 29.906076 27.791484 25.800020 23.936889 22.205281 20.606438 19.139763 17.802971 16.592264 15.502526 14.527528 13.660139 12.892532 12.216374 11.623002 11.103582 10.649241 10.251174 9.900725 9.589452 9.309162 9.051935 8.810128 8.576382 8.343610 8.105006 7.854047 7.584524 7.290583 6.966806 6.608309 6.210883 5.771162 5.286811 4.756732 4.181261 3.562335 2.903589 2.210377 1.489657 0.749756 0.000000 
50.000000 47.242597 44.503548 41.800840 39.151739 36.572452 34.077840 31.681152 29.393832 27.225361 25.183170 23.272604 21.496939 19.857456 18.353554 16.982905 15.741629 14.624503 13.625169 12.736351 11.950067 11.257831 10.650832 10.120101 9.656649 9.251581 8.896188 8.582013 8.300893 8.044992 7.806812 7.579199 7.355345 7.128789 6.893431 6.643551 6.373851 6.079517 5.756297 5.400615 5.009691 4.581685 4.115841 3.612619 3.073794 2.502512 1.903265 1.281788 0.644856 0.000000 
50.000000 47.184458 44.387658 41.627967 38.923013 36.289350 33.742149 31.294943 28.959417 26.745256 24.660050 22.709260 20.896239 19.222300 17.686840 16.287493 15.020315 13.879992 12.860057 11.953115 11.151057 10.445267 9.826815 9.286620 8.815602 8.404798 8.045460 7.729122 7.447660 7.193315 6.958719 6.736898 6.521282 6.305705 6.084415 5.852098 5.603900 5.335486 5.043093 4.723621 4.374719 3.994888 3.583584 3.141297 2.669615 2.171242 1.649956 1.110514 0.558481 0.000000 
50.000000 47.136486 44.292033 41.485322 38.734284 36.055752 33.465159 30.976269 28.600969 26.349109 24.228412 22.244436 20.400595 18.698233 17.136743 15.713729 14.425194 13.265752 12.228847 11.306986 10.491957 9.775043 9.147214 8.599304 8.122160 7.706767 7.344348 7.026440 6.744952 6.492195 6.260912 6.044282 5.835932 5.629937 5.420829 5.203614 4.973791 4.727392 4.461028 4.171950 3.858116 3.518258 3.151956 2.759685 2.342847 1.903768 1.445651 0.972487 0.488907 0.000000 
50.000000 47.098441 44.216197 41.372197 38.584611 35.870496 33.245491 30.723545 28.316701 26.034945 23.886104 21.875813 20.007534 18.282634 16.700507 15.258733 13.953272 12.778681 11.728337 10.794669 9.969385 9.243687 8.608472 8.054506 7.572581 7.153644 6.788898 6.469886 6.188544 5.937246 5.708822 5.496576 5.294290 5.096229 4.897147 4.692295 4.477439 4.248889 4.003530 3.738867 3.453072 3.145035 2.814402 2.461611 2.087899 1.695291 1.286543 0.865061 0.434779 0.000000 
50.000000 47.070111 44.159727 41.287961 38.473160 35.732550 33.081921 30.535360 28.105029 25.801013 23.631216 21.601330 19.714857 17.973178 16.375688 14.919949 13.601891 12.416029 11.355689 10.413243 9.580341 8.848127 8.207441 7.649002 7.163563 6.742043 6.375633 6.055881 5.774747 5.524651 5.298491 5.089663 4.892067 4.700107 4.508697 4.313269 4.109782 3.894740 3.665221 3.418907 3.154113 2.869827 2.565732 2.242226 1.900415 1.542096 1.169697 0.786206 0.395058 0.000000 
50.000000 47.051326 44.122282 41.232104 38.399257 35.641078 32.973458 30.410575 27.964670 25.645893 23.462201 21.419323 19.520785 17.767982 16.160306 14.695310 13.368903 12.175571 11.108607 10.160348 9.322403 8.585879 7.941580 7.380193 6.892446 6.469240 6.101760 5.781556 5.500607 5.251363 5.026768 4.820280 4.625876 4.438051 4.251827 4.062750 3.866904 3.660919 3.441996 3.207924 2.957110 2.688597 2.402088 2.097944 1.777186 1.441455 1.092968 0.734442 0.368988 0.000000 
50.000000 47.041965 44.103622 41.204268 38.362428 35.595493 32.919406 30.348389 27.894723 25.568590 23.377973 21.328621 19.424072 17.665725 16.052974 14.583364 13.252797 12.055744 10.985482 10.034327 9.193872 8.455204 7.809108 7.246258 6.757366 6.333328 5.965325 5.644908 5.364066 5.115262 4.891466 4.686167 4.493377 4.307641 4.124029 3.938148 3.746140 3.544698 3.331082 3.103133 2.859300 2.598655 2.320904 2.026394 1.716096 1.391578 1.054952 0.708799 0.356075 0.000000 
50.000000 47.041965 44.103622 41.204268 38.362428 35.595493 32.919406 30.348389 27.894723 25.568590 23.377973 21.328621 19.424072 17.665725 16.052974 14.583364 13.252797 12.055744 10.985482 10.034327 9.193872 8.455204 7.809108 7.246258 6.757366 6.333328 5.965325 5.644908 5.364066 5.115262 4.891466 4.686167 4.493377 4.307641 4.124029 3.938148 3.746140 3.544698 3.331082 3.103133 2.859300 2.598655 2.320904 2.026394 1.716096 1.391578 1.054952 0.708799 0.356075 0.000000 
50.000000 47.051326 44.122282 41.232104 38.399257 35.641078 32.973458 30.410575 27.964670 25.645893 23.462201 21.419323 19.520785 17.767982 16.160306 14.695310 13.368903 12.175571 11.108607 10.160348 9.322403 8.585879 7.941580 7.380193 6.892446 6.469240 6.101760 5.781556 5.500607 5.251363 5.026768 4.820280 4.625876 4.438051 4.251827 4.062750 3.866904 3.660919 3.441996 3.207924 2.957110 2.688597 2.402088 2.097944 1.777186 1.441455 1.092968 0.734442 0.368988 0.000000 
50.000000 47.070111 44.159727 41.287961 38.473160 35.732550 33.081921 30.535360 28.105029 25.801013 23.631216 21.601330 19.714857 17.973178 16.375688 14.919949 13.601891 12.416029 11.355689 10.413243 9.580341 8.848127 8.207441 7.649002 7.163563 6.742043 6.375633 6.055881 5.774747 5.524651 5.298491 5.089663 4.892067 4.700107 4.508697 4.313269 4.109782 3.894740 3.665221 3.418907 3.154113 2.869827 2.565732 2.242226 1.900415 1.542096 1.169697 0.786206 0.395058 0.000000 
50.000000 47.098441 44.216197 41.372197 38.584611 35.870496 33.245491 30.723545 28.316701 26.034945 23.886104 21.875813 20.007534 18.282634 16.700507 15.258733 13.953272 12.778681 11.728337 10.794669 9.969385 9.243687 8.608472 8.054506 7.572581 7.153644 6.788898 6.469886 6.188544 5.937246 5.708822 5.496576 5.294290 5.096229 4.897147 4.692295 4.477439 4.248889 4.003530 3.738867 3.453072 3.145035 2.814402 2.461611 2.087899 1.695291 1.286543 0.865061 0.434779 0.000000 
50.000000 47.136486 44.292033 41.485322 38.734284 36.055752 33.465159 30.976269 28.600969 26.349109 24.228412 22.244436 20.400595 18.698233 17.136743 15.713729 14.425194 13.265752 12.228847 11.306986 10.491957 9.775043 9.147214 8.599304 8.122160 7.706767 7.344348 7.026440 6.744952 6.492195 6.260912 6.044282 5.835932 5.629937 5.420829 5.203614 4.973791 4.727392 4.461028 4.171950 3.858116 3.518258 3.151956 2.759685 2.342847 1.903768 1.445651 0.972487 0.488907 0.000000 
50.000000 47.184458 44.387658 41.627967 38.923013 36.289350 33.742149 31.294943 28.959417 26.745256 24.660050 22.709260 20.896239 19.222300 17.686840 16.287493 15.020315 13.879992 12.860057 11.953115 11.151057 10.445267 9.826815 9.286620 8.815602 8.404798 8.045460 7.729122 7.447660 7.193315 6.958719 6.736898 6.521282 6.305705 6.084415 5.852098 5.603900 5.335486 5.043093 4.723621 4.374719 3.994888 3.583584 3.141297 2.669615 2.171242 1.649956 1.110514 0.558481 0.000000 
50.000000 47.242597 44.503548 41.800840 39.151739 36.572452 34.077840 31.681152 29.393832 27.225361 25.183170 23.272604 21.496939 19.857456 18.353554 16.982905 15.741629 14.624503 13.625169 12.736351 11.950067 11.257831 10.650832 10.120101 9.656649 9.251581 8.896188 8.582013 8.300893 8.044992 7.806812 7.579199 7.355345 7.128789 6.893431 6.643551 6.373851 6.079517 5.756297 5.400615 5.009691 4.581685 4.115841 3.612619 3.073794 2.502512 1.903265 1.281788 0.644856 0.000000 
50.000000 47.311151 44.640199 42.004684 39.421440 36.906273 34.473670 32.136553 29.906076 27.791484 25.800020 23.936889 22.205281 20.606438 19.139763 17.802971 16.592264 15.502526 14.527528 13.660139 12.892532 12.216374 11.623002 11.103582 10.649241 10.251174 9.900725 9.589452 9.309162 9.051935 8.810128 8.576382 8.343610 8.105006 7.854047 7.584524 7.290583 6.966806 6.608309 6.210883 5.771162 5.286811 4.756732 4.181261 3.562335 2.903589 2.210377 1.489657 0.749756 0.000000 
50.000000 47.390361 44.798092 42.240215 39.733067 37.291987 34.931035 32.662750 30.497956 28.445622 26.512774 24.704460 23.023769 21.471897 20.048255 18.750610 17.575257 16.517208 15.570386 14.727833 13.981901 13.324442 12.746971 12.240818 11.797251 11.407578 11.063219 10.755762 10.476989 10.218898 9.973695 9.733790 9.491786 9.240476 8.972845 8.682095 8.361701 8.005492 7.607781 7.163532 6.668580 6.119885 5.515814 4.856428 4.143740 3.381902 2.577272 1.738321 0.875346 0.000000 
50.000000 47.480442 44.977654 42.508069 40.087460 37.730636 35.451170 33.261165 31.171071 29.189545 27.323364 25.577399 23.954625 22.456188 21.081507 19.828412 18.693306 17.671348 16.756639 15.942420 15.221256 14.585212 14.026016 13.535193 13.104185 12.724439 12.387477 12.084938 11.808597 11.550375 11.302323 11.056611 10.805500 10.541334 10.256534 9.943618 9.595254 9.204356 8.764224 8.268756 7.712717 7.092071 6.404367 5.649148 4.828344 3.946588 3.011379 2.033034 1.024352 0.000000 
50.000000 47.581560 45.179216 42.808741 40.485274 38.223030 36.035034 33.932903 31.926666 30.024627 28.233290 26.557324 24.999577 23.561141 22.241447 21.038396 19.948517 18.967134 18.088556 17.306250 16.613026 16.001201 15.462747 14.989422 14.572877 14.204734 13.876648 13.580335 13.307588 13.050268 12.800280 12.549547 12.289971 12.013409 11.711650 11.376432 10.999479 10.572601 10.087852 9.537766 8.915687 8.216197 7.435621 6.572609 5.628719 4.608930 3.521987 2.380428 1.200231 0.000000 
50.000000 47.693812 45.402972 43.142521 40.926895 38.769646 36.683195 34.678617 32.765474 30.951682 29.243439 27.645192 26.159650 24.787846 23.529224 22.381769 21.342150 20.405883 19.567508 18.820752 18.158705 17.573972 17.058809 16.605247 16.205185 15.850462 15.532902 15.244338 14.976612 14.721553 14.470942 14.216465 13.949662 13.661875 13.344213 12.987542 12.582505 12.119614 11.589403 10.982693 10.290971 9.506917 8.625067 7.642609 6.560238 5.382985 4.120840 2.788985 1.407438 0.000000 
50.000000 47.817209 45.648945 43.509442 41.412364 39.370536 37.395714 35.498379 33.687578 31.970802 30.353912 28.841114 27.434964 26.136432 24.944981 23.858687 22.874379 21.987788 21.193712 20.486174 19.858580 19.303860 18.814599 18.383145 18.001690 17.662334 17.357120 17.078042 16.817036 16.565941 16.316450 16.060044 15.787912 15.490884 15.159357 14.783254 14.352017 13.854660 13.279909 12.616466 11.853428 10.980905 9.990860 8.878173 7.641887 6.286491 4.823040 3.269764 1.651832 0.000000 
50.000000 47.951657 45.916945 43.909223 41.941309 40.025240 38.172046 36.391561 34.692272 33.081207 31.563863 30.144180 28.824552 27.605881 26.487652 25.468046 24.544067 23.711688 22.965993 22.301336 21.711475 21.189712 20.729003 20.322059 19.961418 19.639493 19.348600 19.080951 18.828632 18.583551 18.337369 18.081411 17.806565 17.503173 17.160926 16.768770 16.314853 15.786517 15.170391 14.452616 13.619272 12.657057 11.554305 10.302370 8.897376 7.342200 5.648392 3.837523 1.941319 0.000000 
50.000000 48.096940 46.206544 44.341222 42.512884 40.732710 39.010949 37.356735 35.777951 34.281124 32.871359 31.552311 30.326200 29.193854 28.154787 27.207294 26.348577 25.574870 24.881579 24.263418 23.714542 23.228664 22.799162 22.419161 22.081598 21.779261 21.504796 21.250703 21.009289 20.772606 20.532360 20.279803 20.005595 19.699664 19.351046 18.947733 18.476541 17.923019 17.271446 16.504964 15.605939 14.556647 13.340413 11.943336 10.356671 8.579799 6.623462 4.512491 2.286891 0.000000 
50.000000 48.252711 46.517049 44.804407 43.125720 41.491254 39.910415 38.391590 36.942016 35.567682 34.273272 33.062139 31.936317 30.896558 29.942407 29.072288 28.283615 27.572911 26.935932 26.367791 25.863077 25.415961 25.020291 24.669660 24.357465 24.076926 23.821099 23.582841 23.354767 23.129166 22.897892 22.652233 22.382744 22.079056 21.729668 21.321716 20.840739 20.270468 19.592672 18.787120 17.831770 16.703335 15.378420 13.835508 12.058038 10.038707 7.784756 5.323248 2.704365 0.000000 
50.000000 48.418480 46.847483 45.297322 43.777893 42.298488 40.867620 39.492878 38.180812 36.936842 35.765203 34.668928 33.649852 32.708653 31.844908 31.057183 30.343123 29.699562 29.122638 28.607897 28.150402 27.744830 27.385544 27.066666 26.782108 26.525598 26.290670 26.070631 25.858498 25.646907 25.427989 25.193211 24.933185 24.637428 24.294097 23.889669 23.408588 22.832899 22.141869 21.311690 20.315349 19.122851 17.702113 16.020941 14.050681 11.772102 9.183708 6.311544 3.217433 0.000000 
50.000000 48.593612 47.196582 45.818080 44.466906 43.151322 41.878897 40.656381 39.489596 38.383360 37.341438 36.366524 35.460246 34.623202 33.855010 33.154385 32.519223 31.946694 31.433343 30.975186 30.567800 30.206407 29.885943 29.601107 29.346395 29.116110 28.904347 28.704952 28.511455 28.316967 28.114042 27.894505 27.649231 27.367871 27.038522 26.647321 26.177968 25.611159 24.923949 24.089070 23.074299 21.842054 20.349588 18.550403 16.397896 13.852631 10.894607 7.540663 3.863289 0.000000 
50.000000 48.777328 47.562791 46.364361 45.189688 44.045954 42.939741 41.876915 40.862536 39.900792 38.994955 38.147364 37.359432 36.631675 35.963756 35.354551 34.802221 34.304296 33.857756 33.459116 33.104507 32.789741 32.510370 32.261729 32.038957 31.837003 31.650608 31.474255 31.302099 31.127863 30.944695 30.744981 30.520109 30.260170 29.953576 29.586581 29.142674 28.601824 27.939532 27.125695 26.123278 24.886923 23.361817 21.483523 19.180249 16.380114 13.027243 9.110507 4.703733 0.000000 
50.000000 48.968705 47.944272 46.933425 45.942615 44.977901 44.044834 43.148360 42.292748 41.481529 40.717462 40.002517 39.337886 38.723999 38.160569 37.646643 37.180664 36.760538 36.383707 36.047218 35.747786 35.481853 35.245634 35.035150 34.846245 34.674584 34.515630 34.364602 34.216399 34.065500 33.905822 33.730536 33.531826 33.300580 33.025980 32.694976 32.291587 31.795973 31.183214 30.421684 29.470921 28.278935 26.779014 24.886538 22.497279 19.490847 15.746783 11.185825 5.848877 0.000000 
50.000000 49.166693 48.338930 47.522144 46.721549 45.942039 45.188099 44.463726 43.772369 43.116880 42.499487 41.921783 41.384727 40.888665 40.433364 40.018050 39.641458 39.301893 38.997280 38.725220 38.483048 38.267869 38.076603 37.906004 37.752673 37.613054 37.483413 37.359795 37.237956 37.113272 36.980607 36.834145 36.667162 36.471729 36.238309 35.955225 35.607927 35.177983 34.641662 33.967931 33.115597 32.029228 30.633418 28.825068 26.464094 23.365528 19.303089 14.050446 7.512625 0.000000 
50.000000 49.370121 48.744432 48.127041 47.521888 46.932672 46.362783 45.815243 45.292658 44.797183 44.330503 43.893820 43.487858 43.112879 42.768703 42.454744 42.170045 41.913318 41.682990 41.477244 41.294054 41.131224 40.986410 40.857138 40.740817 40.634726 40.535998 40.441587 40.348210 40.252266 40.149736 40.036033 39.905809 39.752701 39.568972 39.345034 39.068765 38.724537 38.291805 37.742983 37.040223 36.130388 34.937102 33.348095 31.195336 28.225737 24.065952 18.211200 10.156669 0.000000 
50.000000 49.577721 49.158251 48.744344 48.338642 47.943623 47.561562 47.194483 46.844134 46.511959 46.199088 45.906325 45.634157 45.382758 45.152007 44.941510 44.750623 44.578482 44.424030 44.286045 44.163166 44.053913 43.956710 43.869888 43.791698 43.720299 43.653748 43.589975 43.526738 43.461575 43.391718 43.313994 43.224683 43.119327 42.992461 42.837251 42.644960 42.404178 42.099648 41.710456 41.207123 40.546757 39.664674 38.459309 36.763993 34.292735 30.536319 24.580132 14.907066 0.000000 
50.000000 49.788147 49.577704 49.370051 49.166514 48.968338 48.776662 48.592502 48.416735 48.250086 48.093121 47.946244 47.809698 47.683571 47.567803 47.462194 47.366421 47.280052 47.202553 47.133313 47.071645 47.016807 46.968005 46.924399 46.885109 46.849204 46.815705 46.783564 46.751643 46.718692 46.683300 46.643844 46.598415 46.544714 46.479912 46.400449 46.301741 46.177753 46.020328 45.818131 45.554893 45.206350 44.734605 44.077022 43.122529 41.656134 39.214949 34.671631 24.894314 0.000000 
50.000000 50.000000 50.000000 50.000000 50.000000 50.000000 50.000000 50.000000 50.000000 50.000000 50.000000 50.000000 50.000000 50.000000 50.000000 50.000000 50.000000 50.000000 50.000000 50.000000 50.000000 50.000000 50.000000 50.000000 50.000000 50.000000 50.000000 50.000000 50.000000 50.000000 50.000000 50.000000 50.000000 50.000000 50.000000 50.000000 50.000000 50.000000 50.000000 50.000000 50.000000 50.000000 50.000000 50.000000 50.000000 50.000000 50.000000 50.000000 50.000000 50.000000 
