50.000000 50.000000 50.000000 50.000000 50.000000 50.000000 50.000000 50.000000 50.000000 50.000000 50.000000 50.000000 50.000000 50.000000 50.000000 50.000000 50.000000 50.000000 50.000000 50.000000 50.000000 50.000000 50.000000 50.000000 50.000000 50.000000 50.000000 50.000000 50.000000 50.000000 50.000000 50.000000 50.000000 50.000000 50.000000 50.000000 50.000000 50.000000 50.000000 50.000000 50.000000 50.000000 50.000000 50.000000 50.000000 50.000000 50.000000 50.000000 50.000000 50.000000 
50.000000 49.800352 49.601956 49.406040 49.213783 49.026299 48.844613 48.669644 48.502193 48.342932 48.192395 48.050977 47.918933 47.796379 47.683299 47.579553 47.484885 47.398936 47.321252 47.251298 47.188465 47.132081 47.081418 47.035692 46.994069 46.955661 46.919514 46.884602 46.849798 46.813855 46.775360 46.732681 46.683898 46.626696 46.558230 46.474923 46.372178 46.243945 46.082059 45.875178 45.607032 45.253360 44.776273 44.113151 43.152936 41.680661 39.233465 34.684033 24.900533 0.000000 
50.000000 49.601979 49.206453 48.815870 48.432584 48.058814 47.696602 47.347781 47.013949 46.696444 46.396334 46.114404 45.851163 45.606843 45.381413 45.174594 44.985877 44.814547 44.659702 44.520275 44.395056 44.282709 44.181784 44.090728 44.007886 43.931495 43.859671 43.790380 43.721406 43.650292 43.574267 43.490139 43.394166 43.281857 43.147718 42.984881 42.784582 42.535381 42.222003 41.823525 41.310461 40.639928 39.747258 38.530911 36.824256 34.341343 30.573013 24.604709 14.919389 0.000000 
50.000000 49.406132 48.815986 48.233216 47.661334 47.103649 46.563211 46.042754 45.544662 45.070932 44.623157 44.202511 43.809753 43.445229 43.108895 42.800337 42.518798 42.263214 42.032240 41.824293 41.637572 41.470092 41.319701 41.184097 41.060829 40.947290 40.840702 40.738077 40.636164 40.531377 40.419686 40.296479 40.156374 39.992962 39.798461 39.563232 39.275109 38.918428 38.472611 37.910058 37.192914 36.268051 35.059119 33.453884 31.284369 28.297552 24.120164 18.247511 10.174876 0.000000 
50.000000 49.214018 48.432964 47.661670 46.904788 46.166696 45.451430 44.762612 44.103394 43.476423 42.883805 42.327097 41.807303 41.324884 40.879785 40.471458 40.098909 39.760731 39.455156 39.180092 38.933171 38.711780 38.513091 38.334082 38.171543 38.022070 37.882043 37.747584 37.614497 37.478170 37.333457 37.174512 36.994562 36.785619 36.538085 36.240218 35.877411 35.431179 34.877753 34.186077 33.314951 32.208954 30.792710 28.963171 26.580320 23.459275 19.373856 14.097845 7.536391 0.000000 
50.000000 49.026782 48.059664 47.104634 46.167448 45.253531 44.367878 43.514974 42.698726 41.922409 41.188634 40.499330 39.855741 39.258443 38.707368 38.201847 37.740650 37.322048 36.943858 36.603507 36.298078 36.024361 35.778883 35.557943 35.357617 35.173756 35.001968 34.837567 34.675510 34.510292 34.335819 34.145221 33.930627 33.682851 33.390999 33.041943 32.619627 32.104150 31.470544 30.687152 29.713502 28.497618 26.972824 25.054560 22.638680 19.604897 15.832874 11.243487 5.877789 0.000000 
50.000000 48.845483 47.698204 46.565264 45.453494 44.369328 43.318694 42.306913 41.338619 40.417700 39.547255 38.729574 37.966136 37.257627 36.603974 36.004387 35.457419 34.961026 34.512636 34.109215 33.747328 33.423197 33.132747 32.871639 32.635289 32.418869 32.217286 32.025139 31.836650 31.645566 31.445019 31.227349 30.983876 30.704609 30.377867 29.989812 29.523846 28.959864 28.273310 27.434044 26.405017 25.140888 23.586881 21.678630 19.344437 16.512539 13.127202 9.177456 4.737302 0.000000 
50.000000 48.671086 47.350504 46.046428 44.766720 43.518789 42.309457 41.144850 40.030305 38.970297 37.968395 37.027240 36.148536 35.333081 34.580794 33.890775 33.261370 32.690242 32.174449 31.710523 31.294542 30.922199 30.588856 30.289589 30.019210 29.772279 29.543082 29.325601 29.113442 28.899741 28.677039 28.437108 28.170745 27.867507 27.515385 27.100412 26.606187 26.013322 25.298804 24.435321 23.390635 22.127178 20.602248 18.769419 16.582195 14.001270 11.006801 7.615805 3.900965 0.000000 
50.000000 48.504445 47.018268 45.550666 44.110491 42.706079 41.345109 40.034478 38.780191 37.587288 36.459790 35.400668 34.411849 33.494235 32.647743 31.871372 31.163273 30.520835 29.940769 29.419204 28.951764 28.533653 28.159716 27.824495 27.522258 27.247022 26.992536 26.752259 26.519294 26.286310 26.045419 25.788033 25.504676 25.184761 24.816327 24.385732 23.877312 23.273012 22.552025 21.690492 20.661380 19.434707 17.978435 16.260451 14.252212 11.934633 9.306384 6.393705 3.258628 0.000000 
50.000000 48.346297 46.702963 45.080171 43.487706 41.934790 40.429914 38.980704 37.593804 36.274788 35.028106 33.857048 32.763751 31.749216 30.813365 29.955102 29.172399 28.462390 27.821466 27.245380 26.729341 26.268104 25.856043 25.487218 25.155417 24.854181 24.576801 24.316305 24.065403 23.816419 23.561191 23.290946 22.996142 22.666298 22.289784 21.853604 21.343178 20.742128 20.032138 19.192920 18.202409 17.037327 15.674325 14.091971 12.273819 10.212720 7.916094 5.411207 2.748466 0.000000 
50.000000 48.197255 46.405814 44.636768 42.900785 41.207917 39.567424 37.987620 36.475750 35.037893 33.678904 32.402374 31.210638 30.104798 29.084779 28.149400 27.296469 26.522885 25.824747 25.197463 24.635861 24.134289 23.686699 23.286721 22.927721 22.602829 22.304957 22.026783 21.760722 21.498866 21.232905 20.954023 20.652781 20.318983 19.941525 19.508260 19.005871 18.419790 17.734202 16.932186 15.996079 14.908161 13.651806 12.213196 10.583707 8.762877 6.761635 4.605025 2.333285 0.000000 
50.000000 48.057811 46.127801 44.221920 42.351662 40.527857 38.760483 37.058499 35.429713 33.880678 32.416626 31.041434 29.757624 28.566393 27.467670 26.460200 25.541643 24.708683 23.957151 23.282144 22.678146 22.139137 21.658693 21.230067 20.846256 20.500044 20.184028 19.890618 19.612015 19.340171 19.066731 18.782951 18.479612 18.146924 17.774430 17.350929 16.864423 16.302128 15.650573 14.895828 14.023936 13.021601 11.877197 10.582164 9.132749 7.531989 5.791622 3.933440 1.989409 0.000000 
50.000000 47.928336 45.869664 43.836730 41.841797 39.896418 38.011237 36.195812 34.458475 32.806218 31.244628 29.777845 28.408567 27.138081 25.966324 24.891976 23.912560 23.024569 22.223590 21.504442 20.861300 20.287816 19.777233 19.322475 18.916224 18.550973 18.219068 17.912712 17.623964 17.344714 17.066638 16.781144 16.479312 16.151832 15.788945 15.380417 14.915537 14.383184 13.771976 13.070536 12.267919 11.354235 10.321485 9.164634 7.882845 6.480768 4.969649 3.367940 1.701053 0.000000 
50.000000 47.809087 45.631915 43.481964 41.372204 39.314855 37.321174 35.401272 33.563964 31.816647 30.165235 28.614112 27.166139 25.822688 24.583706 23.447815 22.412418 21.473836 20.627439 19.867795 19.188805 18.583833 18.045830 17.567435 17.141062 16.758967 16.413292 16.096093 15.799345 15.514928 15.234609 14.950001 14.652528 14.333387 13.983525 13.593641 13.154221 12.655631 12.088289 11.442930 10.710995 9.885156 8.959987 7.932752 6.804267 5.579721 4.269296 2.888394 1.457275 0.000000 
50.000000 47.700217 45.414859 43.158078 40.943486 38.783914 36.691179 34.675899 32.747326 30.913231 29.179826 27.551719 26.031921 24.621884 23.321567 22.129539 21.043099 20.058414 19.170663 18.374193 17.662661 17.029180 16.466448 15.966860 15.522606 15.125745 14.768265 14.442117 14.139234 13.851534 13.570907 13.289203 12.998206 12.689619 12.355067 11.986113 11.574314 11.111331 10.589091 10.000039 9.337464 8.595935 7.771809 6.863809 5.873608 4.806342 3.670942 2.480166 1.250232 0.000000 
50.000000 47.601788 45.218620 42.865252 40.555883 38.303892 36.121606 34.020096 32.009016 30.096473 28.288947 26.591253 25.006537 23.536325 22.180587 20.937850 19.805320 18.779030 17.853990 17.024352 16.283563 15.624518 15.039697 14.521287 14.061291 13.651612 13.284119 12.950694 12.643263 12.353805 12.074359 11.797020 11.513929 11.217274 10.899303 10.552354 10.168924 9.741767 9.264055 8.729587 8.133066 7.470439 6.739278 5.939197 5.072236 4.143176 3.159702 2.132343 1.074137 0.000000 
50.000000 47.513783 45.043162 42.603437 40.209328 37.874707 35.612354 33.433750 31.348905 29.366227 27.492439 25.732538 24.089796 22.565803 21.160542 19.872505 18.698817 17.635393 16.677098 15.817916 15.051110 14.369388 13.765044 13.230093 12.756383 12.335693 11.959802 11.620551 11.309881 11.019850 10.742654 10.470628 10.196253 9.912162 9.611162 9.286273 8.930789 8.538378 8.103213 7.620157 7.084976 6.494606 5.847432 5.143578 4.385162 3.576479 2.724067 1.836602 0.924614 0.000000 
50.000000 47.436122 44.888327 42.372396 39.903509 37.495971 35.162965 32.916332 30.766395 28.721832 26.789578 24.974793 23.280859 21.709424 20.260487 18.932506 17.722540 16.626402 15.638834 14.753671 13.964025 13.262441 12.641059 12.091749 11.606234 11.176194 10.793344 10.449505 10.136643 9.846907 9.572645 9.306421 9.041025 8.769489 8.485110 8.181487 7.852587 7.492820 7.097161 6.661291 6.181771 5.656233 5.083595 4.464247 3.800223 3.095299 2.354997 1.586477 0.798289 0.000000 
50.000000 47.368680 44.753868 42.171759 39.637933 37.167075 34.772714 32.467005 30.260547 28.162245 26.179225 24.316786 22.578407 20.965789 19.478943 18.116301 16.874865 15.750364 14.737431 13.829781 13.020394 12.301683 11.665656 11.104066 10.608536 10.170666 9.782130 9.434738 9.120495 8.831635 8.560652 8.300317 8.043696 7.784166 7.515441 7.231610 6.927187 6.597185 6.237204 5.843552 5.413372 4.944786 4.437045 3.890659 3.307494 2.690825 2.045311 1.376879 0.692522 0.000000 
50.000000 47.311304 44.639476 42.001065 39.411994 36.887266 34.440709 32.084742 29.830199 27.686183 25.659978 23.757004 21.980822 20.333179 18.814096 17.421987 16.153804 15.005207 13.970740 13.044017 12.217908 11.484717 10.836347 10.264455 9.760583 9.316274 8.923169 8.573079 8.258050 7.970397 7.702745 7.448046 7.199602 6.951084 6.696553 6.430499 6.147877 5.844175 5.515479 5.158567 4.771005 4.351254 3.898767 3.414080 2.898866 2.355952 1.789273 1.203774 0.605226 0.000000 
50.000000 47.263826 44.544818 41.859819 39.225032 36.655728 34.165979 31.768426 29.474095 27.292254 25.230317 23.293806 21.486348 19.809731 18.263984 16.847506 15.557210 14.388699 13.336444 12.393980 11.554087 10.808981 10.150482 9.570169 9.059523 8.610043 8.213349 7.861259 7.545855 7.259527 6.995011 6.745412 6.504229 6.265372 6.023185 5.772476 5.508549 5.227257 4.925055 4.599069 4.247169 3.868042 3.461261 3.027340 2.567760 2.084965 1.582309 1.063962 0.534756 0.000000 
50.000000 47.226080 44.469564 41.747527 39.076396 36.471655 33.947568 31.516955 29.190994 26.979083 24.888742 22.925571 21.093254 19.393608 17.826671 16.390829 15.082966 13.898640 12.832267 11.877316 11.026500 10.271967 9.605470 9.018532 8.502586 8.049100 7.649680 7.296153 6.980633 6.695571 6.433794 6.188533 5.953441 5.722617 5.490625 5.252516 5.003861 4.740786 4.460018 4.158934 3.835614 3.488897 3.118421 2.724656 2.308916 1.873334 1.420813 0.954934 0.479824 0.000000 
50.000000 47.197918 44.413416 41.663745 38.965498 36.334316 33.784611 31.329331 28.979772 26.745426 24.633893 22.650833 20.799971 19.083146 17.500403 16.050120 14.729158 13.533043 12.456148 11.491897 10.632953 9.871412 9.198981 8.607141 8.087292 7.630879 7.229500 6.874990 6.559489 6.275496 6.015907 5.774046 5.543682 5.319054 5.094885 4.866405 4.629375 4.380116 4.115544 3.833210 3.531336 3.208855 2.865438 2.501511 2.118253 1.717565 1.302019 0.874772 0.439448 0.000000 
50.000000 47.179216 44.376130 41.608107 38.891853 36.243113 33.676395 31.204735 28.839505 26.590261 24.464656 22.468389 20.605213 18.876982 17.283745 15.823874 14.494218 13.290278 12.206403 11.235984 10.371652 9.605471 8.929115 8.334040 7.811623 7.353296 6.950652 6.595531 6.280093 5.996869 5.738802 5.499276 5.272139 5.051720 4.832848 4.610868 4.381665 4.141683 3.887961 3.618155 3.330575 3.024211 2.698747 2.354575 1.992779 1.615108 1.223917 0.822085 0.412915 0.000000 
50.000000 47.169887 44.357532 41.580355 38.855119 36.197621 33.622417 31.142588 28.769540 26.512866 24.380242 22.377388 20.508070 18.774150 17.175679 15.711027 14.377035 13.169194 12.081839 11.108346 10.241330 9.472837 8.794529 8.197846 7.674156 7.214883 6.811618 6.456206 6.140815 5.857993 5.600705 5.362366 5.136864 4.918573 4.702373 4.483668 4.258400 4.023076 3.774792 3.511257 3.230823 2.932503 2.615989 2.281652 1.930530 1.564293 1.185190 0.795966 0.399763 0.000000 
50.000000 47.169887 44.357532 41.580355 38.855119 36.197621 33.622417 31.142588 28.769540 26.512866 24.380242 22.377388 20.508070 18.774150 17.175679 15.711027 14.377035 13.169194 12.081839 11.108346 10.241330 9.472837 8.794529 8.197846 7.674156 7.214883 6.811618 6.456206 6.140815 5.857993 5.600705 5.362366 5.136864 4.918573 4.702373 4.483668 4.258400 4.023076 3.774792 3.511257 3.230823 2.932503 2.615989 2.281652 1.930530 1.564293 1.185190 0.795966 0.399763 0.000000 
50.000000 47.179216 44.376130 41.608107 38.891853 36.243113 33.676395 31.204735 28.839505 26.590261 24.464656 22.468389 20.605213 18.876982 17.283745 15.823874 14.494218 13.290278 12.206403 11.235984 10.371652 9.605471 8.929115 8.334040 7.811623 7.353296 6.950652 6.595531 6.280093 5.996869 5.738802 5.499276 5.272139 5.051720 4.832848 4.610868 4.381665 4.141683 3.887961 3.618155 3.330575 3.024211 2.698747 2.354575 1.992779 1.615108 1.223917 0.822085 0.412915 0.000000 
50.000000 47.197918 44.413416 41.663745 38.965498 36.334316 33.784611 31.329331 28.979772 26.745426 24.633893 22.650833 20.799971 19.083146 17.500403 16.050120 14.729158 13.533043 12.456148 11.491897 10.632953 9.871412 9.198981 8.607141 8.087292 7.630879 7.229500 6.874990 6.559489 6.275496 6.015907 5.774046 5.543682 5.319054 5.094885 4.866405 4.629375 4.380116 4.115544 3.833210 3.531336 3.208855 2.865438 2.501511 2.118253 1.717565 1.302019 0.874772 0.439448 0.000000 
50.000000 47.226080 44.469564 41.747527 39.076396 36.471655 33.947568 31.516955 29.190994 26.979083 24.888742 22.925571 21.093254 19.393608 17.826671 16.390829 15.082966 13.898640 12.832267 11.877316 11.026500 10.271967 9.605470 9.018532 8.502586 8.049100 7.649680 7.296153 6.980633 6.695571 6.433794 6.188533 5.953441 5.722617 5.490625 5.252516 5.003861 4.740786 4.460018 4.158934 3.835614 3.488897 3.118421 2.724656 2.308916 1.873334 1.420813 0.954934 0.479824 0.000000 
50.000000 47.263826 44.544818 41.859819 39.225032 36.655728 34.165979 31.768426 29.474095 27.292254 25.230317 23.293806 21.486348 19.809731 18.263984 16.847506 15.557210 14.388699 13.336444 12.393980 11.554087 10.808981 10.150482 9.570169 9.059523 8.610043 8.213349 7.861259 7.545855 7.259527 6.995011 6.745412 6.504229 6.265372 6.023185 5.772476 5.508549 5.227257 4.925055 4.599069 4.247169 3.868042 3.461261 3.027340 2.567760 2.084965 1.582309 1.063962 0.534756 0.000000 
50.000000 47.311304 44.639476 42.001065 39.411994 36.887266 34.440709 32.084742 29.830199 27.686183 25.659978 23.757004 21.980822 20.333179 18.814096 17.421987 16.153804 15.005207 13.970740 13.044017 12.217908 11.484717 10.836347 10.264455 9.760583 9.316274 8.923169 8.573079 8.258050 7.970397 7.702745 7.448046 7.199602 6.951084 6.696553 6.430499 6.147877 5.844175 5.515479 5.158567 4.771005 4.351254 3.898767 3.414080 2.898866 2.355952 1.789273 1.203774 0.605226 0.000000 
50.000000 47.368680 44.753868 42.171759 39.637933 37.167075 34.772714 32.467005 30.260547 28.162245 26.179225 24.316786 22.578407 20.965789 19.478943 18.116301 16.874865 15.750364 14.737431 13.829781 13.020394 12.301683 11.665656 11.104066 10.608536 10.170666 9.782130 9.434738 9.120495 8.831635 8.560652 8.300317 8.043696 7.784166 7.515441 7.231610 6.927187 6.597185 6.237204 5.843552 5.413372 4.944786 4.437045 3.890659 3.307494 2.690825 2.045311 1.376879 0.692522 0.000000 
50.000000 47.436122 44.888327 42.372396 39.903509 37.495971 35.162965 32.916332 30.766395 28.721832 26.789578 24.974793 23.280859 21.709424 20.260487 18.932506 17.722540 16.626402 15.638834 14.753671 13.964025 13.262441 12.641059 12.091749 11.606234 11.176194 10.793344 10.449505 10.136643 9.846907 9.572645 9.306421 9.041025 8.769489 8.485110 8.181487 7.852587 7.492820 7.097161 6.661291 6.181771 5.656233 5.083595 4.464247 3.800223 3.095299 2.354997 1.586477 0.798289 0.000000 
50.000000 47.513783 45.043162 42.603437 40.209328 37.874707 35.612354 33.433750 31.348905 29.366227 27.492439 25.732538 24.089796 22.565803 21.160542 19.872505 18.698817 17.635393 16.677098 15.817916 15.051110 14.369388 13.765044 13.230093 12.756383 12.335693 11.959802 11.620551 11.309881 11.019850 10.742654 10.470628 10.196253 9.912162 9.611162 9.286273 8.930789 8.538378 8.103213 7.620157 7.084976 6.494606 5.847432 5.143578 4.385162 3.576479 2.724067 1.836602 0.924614 0.000000 
50.000000 47.601788 45.218620 42.865252 40.555883 38.303892 36.121606 34.020096 32.009016 30.096473 28.288947 26.591253 25.006537 23.536325 22.180587 20.937850 19.805320 18.779030 17.853990 17.024352 16.283563 15.624518 15.039697 14.521287 14.061291 13.651612 13.284119 12.950694 12.643263 12.353805 12.074359 11.797020 11.513929 11.217274 10.899303 10.552354 10.168924 9.741767 9.264055 8.729587 8.133066 7.470439 6.739278 5.939197 5.072236 4.143176 3.159702 2.132343 1.074137 0.000000 
50.000000 47.700217 45.414859 43.158078 40.943486 38.783914 36.691179 34.675899 32.747326 30.913231 29.179826 27.551719 26.031921 24.621884 23.321567 22.129539 21.043099 20.058414 19.170663 18.374193 17.662661 17.029180 16.466448 15.966860 15.522606 15.125745 14.768265 14.442117 14.139234 13.851534 13.570907 13.289203 12.998206 12.689619 12.355067 11.986113 11.574314 11.111331 10.589091 10.000039 9.337464 8.595935 7.771809 6.863809 5.873608 4.806342 3.670942 2.480166 1.250232 0.000000 
50.000000 47.809087 45.631915 43.481964 41.372204 39.314855 37.321174 35.401272 33.563964 31.816647 30.165235 28.614112 27.166139 25.822688 24.583706 23.447815 22.412418 21.473836 20.627439 19.867795 19.188805 18.583833 18.045830 17.567435 17.141062 16.758967 16.413292 16.096093 15.799345 15.514928 15.234609 14.950001 14.652528 14.333387 13.983525 13.593641 13.154221 12.655631 12.088289 11.442930 10.710995 9.885156 8.959987 7.932752 6.804267 5.579721 4.269296 2.888394 1.457275 0.000000 
50.000000 47.928336 45.869664 43.836730 41.841797 39.896418 38.011237 36.195812 34.458475 32.806218 31.244628 29.777845 28.408567 27.138081 25.966324 24.891976 23.912560 23.024569 22.223590 21.504442 20.861300 20.287816 19.777233 19.322475 18.916224 18.550973 18.219068 17.912712 17.623964 17.344714 17.066638 16.781144 16.479312 16.151832 15.788945 15.380417 14.915537 14.383184 13.771976 13.070536 12.267919 11.354235 10.321485 9.164634 7.882845 6.480768 4.969649 3.367940 1.701053 0.000000 
50.000000 48.057811 46.127801 44.221920 42.351662 40.527857 38.760483 37.058499 35.429713 33.880678 32.416626 31.041434 29.757624 28.566393 27.467670 26.460200 25.541643 24.708683 23.957151 23.282144 22.678146 22.139137 21.658693 21.230067 20.846256 20.500044 20.184028 19.890618 19.612015 19.340171 19.066731 18.782951 18.479612 18.146924 17.774430 17.350929 16.864423 16.302128 15.650573 14.895828 14.023936 13.021601 11.877197 10.582164 9.132749 7.531989 5.791622 3.933440 1.989409 0.000000 
50.000000 48.197255 46.405814 44.636768 42.900785 41.207917 39.567424 37.987620 36.475750 35.037893 33.678904 32.402374 31.210638 30.104798 29.084779 28.149400 27.296469 26.522885 25.824747 25.197463 24.635861 24.134289 23.686699 23.286721 22.927721 22.602829 22.304957 22.026783 21.760722 21.498866 21.232905 20.954023 20.652781 20.318983 19.941525 19.508260 19.005871 18.419790 17.734202 16.932186 15.996079 14.908161 13.651806 12.213196 10.583707 8.762877 6.761635 4.605025 2.333285 0.000000 
50.000000 48.346297 46.702963 45.080171 43.487706 41.934790 40.429914 38.980704 37.593804 36.274788 35.028106 33.857048 32.763751 31.749216 30.813365 29.955102 29.172399 28.462390 27.821466 27.245380 26.729341 26.268104 25.856043 25.487218 25.155417 24.854181 24.576801 24.316305 24.065403 23.816419 23.561191 23.290946 22.996142 22.666298 22.289784 21.853604 21.343178 20.742128 20.032138 19.192920 18.202409 17.037327 15.674325 14.091971 12.273819 10.212720 7.916094 5.411207 2.748466 0.000000 
50.000000 48.504445 47.018268 45.550666 44.110491 42.706079 41.345109 40.034478 38.780191 37.587288 36.459790 35.400668 34.411849 33.494235 32.647743 31.871372 31.163273 30.520835 29.940769 29.419204 28.951764 28.533653 28.159716 27.824495 27.522258 27.247022 26.992536 26.752259 26.519294 26.286310 26.045419 25.788033 25.504676 25.184761 24.816327 24.385732 23.877312 23.273012 22.552025 21.690492 20.661380 19.434707 17.978435 16.260451 14.252212 11.934633 9.306384 6.393705 3.258628 0.000000 
50.000000 48.671086 47.350504 46.046428 44.766720 43.518789 42.309457 41.144850 40.030305 38.970297 37.968395 37.027240 36.148536 35.333081 34.580794 33.890775 33.261370 32.690242 32.174449 31.710523 31.294542 30.922199 30.588856 30.289589 30.019210 29.772279 29.543082 29.325601 29.113442 28.899741 28.677039 28.437108 28.170745 27.867507 27.515385 27.100412 26.606187 26.013322 25.298804 24.435321 23.390635 22.127178 20.602248 18.769419 16.582195 14.001270 11.006801 7.615805 3.900965 0.000000 
50.000000 48.845483 47.698204 46.565264 45.453494 44.369328 43.318694 42.306913 41.338619 40.417700 39.547255 38.729574 37.966136 37.257627 36.603974 36.004387 35.457419 34.961026 34.512636 34.109215 33.747328 33.423197 33.132747 32.871639 32.635289 32.418869 32.217286 32.025139 31.836650 31.645566 31.445019 31.227349 30.983876 30.704609 30.377867 29.989812 29.523846 28.959864 28.273310 27.434044 26.405017 25.140888 23.586881 21.678630 19.344437 16.512539 13.127202 9.177456 4.737302 0.000000 
50.000000 49.026782 48.059664 47.104634 46.167448 45.253531 44.367878 43.514974 42.698726 41.922409 41.188634 40.499330 39.855741 39.258443 38.707368 38.201847 37.740650 37.322048 36.943858 36.603507 36.298078 36.024361 35.778883 35.557943 35.357617 35.173756 35.001968 34.837567 34.675510 34.510292 34.335819 34.145221 33.930627 33.682851 33.390999 33.041943 32.619627 32.104150 31.470544 30.687152 29.713502 28.497618 26.972824 25.054560 22.638680 19.604897 15.832874 11.243487 5.877789 0.000000 
50.000000 49.214018 48.432964 47.661670 46.904788 46.166696 45.451430 44.762612 44.103394 43.476423 42.883805 42.327097 41.807303 41.324884 40.879785 40.471458 40.098909 39.760731 39.455156 39.180092 38.933171 38.711780 38.513091 38.334082 38.171543 38.022070 37.882043 37.747584 37.614497 37.478170 37.333457 37.174512 36.994562 36.785619 36.538085 36.240218 35.877411 35.431179 34.877753 34.186077 33.314951 32.208954 30.792710 28.963171 26.580320 23.459275 19.373856 14.097845 7.536391 0.000000 
50.000000 49.406132 48.815986 48.233216 47.661334 47.103649 46.563211 46.042754 45.544662 45.070932 44.623157 44.202511 43.809753 43.445229 43.108895 42.800337 42.518798 42.263214 42.032240 41.824293 41.637572 41.470092 41.319701 41.184097 41.060829 40.947290 40.840702 40.738077 40.636164 40.531377 40.419686 40.296479 40.156374 39.992962 39.798461 39.563232 39.275109 38.918428 38.472611 37.910058 37.192914 36.268051 35.059119 33.453884 31.284369 28.297552 24.120164 18.247511 10.174876 0.000000 
50.000000 49.601979 49.206453 48.815870 48.432584 48.058814 47.696602 47.347781 47.013949 46.696444 46.396334 46.114404 45.851163 45.606843 45.381413 45.174594 44.985877 44.814547 44.659702 44.520275 44.395056 44.282709 44.181784 44.090728 44.007886 43.931495 43.859671 43.790380 43.721406 43.650292 43.574267 43.490139 43.394166 43.281857 43.147718 42.984881 42.784582 42.535381 42.222003 41.823525 41.310461 40.639928 39.747258 38.530911 36.824256 34.341343 30.573013 24.604709 14.919389 0.000000 
50.000000 49.800352 49.601956 49.406040 49.213783 49.026299 48.844613 48.669644 48.502193 48.342932 48.192395 48.050977 47.918933 47.796379 47.683299 47.579553 47.484885 47.398936 47.321252 47.251298 47.188465 47.132081 47.081418 47.035692 46.994069 46.955661 46.919514 46.884602 46.849798 46.813855 46.775360 46.732681 46.683898 46.626696 46.558230 46.474923 46.372178 46.243945 46.082059 45.875178 45.607032 45.253360 44.776273 44.113151 43.152936 41.680661 39.233465 34.684033 24.900533 0.000000 
50.000000 50.000000 50.000000 50.000000 50.000000 50.000000 50.000000 50.000000 50.000000 50.000000 50.000000 50.000000 50.000000 50.000000 50.000000 50.000000 50.000000 50.000000 50.000000 50.000000 50.000000 50.000000 50.000000 50.000000 50.000000 50.000000 50.000000 50.000000 50.000000 50.000000 50.000000 50.000000 50.000000 50.000000 50.000000 50.000000 50.000000 50.000000 50.000000 50.000000 50.000000 50.000000 50.000000 50.000000 50.000000 50.000000 50.000000 50.000000 50.000000 50.000000 
