50.000000 50.000000 50.000000 50.000000 50.000000 50.000000 50.000000 50.000000 50.000000 50.000000 50.000000 50.000000 50.000000 50.000000 50.000000 50.000000 50.000000 50.000000 50.000000 50.000000 50.000000 50.000000 50.000000 50.000000 50.000000 50.000000 50.000000 50.000000 50.000000 50.000000 50.000000 50.000000 50.000000 50.000000 50.000000 50.000000 50.000000 50.000000 50.000000 50.000000 50.000000 50.000000 50.000000 50.000000 50.000000 50.000000 50.000000 50.000000 50.000000 50.000000 
50.000000 49.812767 49.626635 49.442683 49.261955 49.085434 48.914033 48.748577 48.589788 48.438282 48.294559 48.158997 48.031853 47.913266 47.803255 47.701731 47.608497 47.523260 47.445639 47.375171 47.311320 47.253482 47.200994 47.153130 47.109106 47.068074 47.029117 46.991230 46.953306 46.914106 46.872218 46.826012 46.773557 46.712531 46.640077 46.552607 46.445510 46.312729 46.146089 45.934247 45.660931 45.301883 44.819225 44.150346 43.184209 41.705865 39.252478 34.696762 24.906913 0.000000 
50.000000 49.626664 49.255523 48.888731 48.528365 48.176390 47.834624 47.504711 47.188093 46.885999 46.599423 46.329120 46.075606 45.839155 45.619808 45.417385 45.231497 45.061561 44.906818 44.766346 44.639080 44.523822 44.419249 44.323924 44.236291 44.154670 44.077244 44.002030 43.926844 43.849248 43.766476 43.675334 43.572064 43.452158 43.310098 43.138993 42.930054 42.671825 42.349015 41.940691 41.417369 40.736172 39.832449 38.604685 36.886281 34.391331 30.610723 24.629955 14.932044 0.000000 
50.000000 49.442804 48.888883 48.341454 47.803616 47.278302 46.768225 46.275837 45.803296 45.352431 44.924729 44.521318 44.142967 43.790086 43.462739 43.160659 42.883267 42.629698 42.398819 42.189265 41.999449 41.827592 41.671734 41.529743 41.399317 41.277975 41.163036 41.051588 40.940429 40.826000 40.704282 40.570656 40.419719 40.245035 40.038787 39.791302 39.490378 39.120324 38.660539 38.083410 37.351082 36.410438 35.185149 33.563021 31.376124 28.371498 24.175947 18.284856 10.193596 0.000000 
50.000000 49.262263 48.528862 47.804055 47.091949 46.396426 45.721077 45.069152 44.443506 43.846562 43.280290 42.746184 42.245264 41.778076 41.344707 40.944805 40.577611 40.241981 39.936427 39.659148 39.408057 39.180814 38.974843 38.787351 38.615322 38.455519 38.304452 38.158343 38.013058 37.864027 37.706115 37.533465 37.339280 37.115535 36.852586 36.538646 36.159060 35.695307 35.123588 34.412830 33.521830 32.395181 30.957538 29.105900 26.700313 23.555977 19.446804 14.146680 7.560870 0.000000 
50.000000 49.086064 48.177500 47.279584 46.397402 45.535765 44.699123 43.891501 43.116437 42.376936 41.675437 41.013795 40.393275 39.814555 39.277749 38.782427 38.327651 37.912018 37.533693 37.190459 36.879752 36.598696 36.344132 36.112639 35.900537 35.703883 35.518444 35.339658 35.162562 34.981701 34.790994 34.583561 34.351499 34.085576 33.774844 33.406114 32.963278 32.426385 31.770431 30.963736 29.965825 28.724738 27.173835 25.228612 22.785002 19.722814 15.921824 11.303034 5.907637 0.000000 
50.000000 48.915164 47.836706 46.770887 45.723746 44.700993 43.707912 42.749281 41.829300 40.951538 40.118892 39.333567 38.597067 37.910202 37.273112 36.685295 36.145647 35.652513 35.203734 34.796697 34.428383 34.095415 33.794087 33.520392 33.270037 33.038435 32.820685 32.611532 32.405295 32.195777 31.976127 31.738675 31.474705 31.174167 30.825319 30.414252 29.924304 29.335311 28.622674 27.756225 26.698910 25.405404 23.820973 21.881316 19.514822 16.649843 13.230773 9.246790 4.772056 0.000000 
50.000000 48.750442 47.508229 46.280577 45.074440 43.896396 42.752533 41.648355 40.588702 39.577687 38.618649 37.714130 36.865869 36.074803 35.341102 34.664195 34.042825 33.475102 32.958557 32.490208 32.066613 31.683924 31.337928 31.024083 30.737536 30.473122 30.225353 29.988375 29.755906 29.521150 29.276667 29.014216 28.724554 28.397173 28.019991 27.578961 27.057608 26.436476 25.692500 24.798337 23.721740 22.425158 20.865933 18.997712 16.774096 14.155906 11.123442 7.693887 3.940103 0.000000 
50.000000 48.592684 47.193641 45.810998 44.452589 43.125822 41.837555 40.593990 39.400579 38.261955 37.181883 36.163232 35.207963 34.317141 33.490963 32.728802 32.029255 31.390212 30.808920 30.282052 29.805772 29.375799 28.987457 28.635717 28.315225 28.020307 27.744965 27.482842 27.227173 26.970697 26.705553 26.423138 26.113929 25.767271 25.371118 24.911740 24.373388 23.737931 22.984501 22.089205 21.024995 19.761908 18.267951 16.511087 14.462883 12.104384 9.434421 6.479413 3.301588 0.000000 
50.000000 48.442581 46.894318 45.364206 43.860915 42.392645 40.966986 39.590803 38.270132 37.010104 35.814889 34.687665 33.630611 32.644913 31.730801 30.887592 30.113755 29.406976 28.764238 28.181896 27.655755 27.181139 26.752951 26.365727 26.013667 25.690659 25.390271 25.105737 24.829910 24.555197 24.273463 23.975919 23.652976 23.294074 22.887491 22.420136 21.877331 21.242617 20.497609 19.621976 18.593637 17.389329 15.985752 14.361551 12.500396 10.395277 8.053784 5.503375 2.794664 0.000000 
50.000000 48.300723 46.611438 44.941958 43.301745 41.699747 40.144247 38.642737 37.201804 35.827052 34.523035 33.293226 32.140009 31.064687 30.067525 29.147793 28.303840 27.533168 26.832520 26.197961 25.624967 25.108505 24.643103 24.222911 23.841742 23.493106 23.170214 22.865973 22.572952 22.283333 21.988838 21.680638 21.349237 20.984358 20.574798 20.108305 19.571456 18.949591 18.226822 17.386176 16.409971 15.280502 13.981185 12.498288 10.823301 8.955910 6.907219 4.702473 2.382128 0.000000 
50.000000 48.167599 46.345973 44.545705 42.777001 41.049509 39.372165 37.753049 36.199268 34.716866 33.310761 31.984705 30.741274 29.581887 28.506841 27.515367 26.605708 25.775199 25.020363 24.337004 23.720304 23.164910 22.665016 22.214435 21.806645 21.434840 21.091941 20.770600 20.463189 20.161758 19.857986 19.543115 19.207868 18.842367 18.436051 17.977603 17.454914 16.855100 16.164606 15.369447 14.455643 13.409903 12.220650 10.879403 9.382529 7.733212 5.943376 4.035014 2.040318 0.000000 
50.000000 48.043594 46.098694 44.176600 42.288209 40.443824 38.652987 36.924327 35.265437 33.682773 32.181590 30.765901 29.438467 28.200813 27.053271 25.995039 25.024264 24.138134 23.332973 22.604352 21.947190 21.355852 20.824238 20.345866 19.913934 19.521371 19.160867 18.824887 18.505672 18.195216 17.885234 17.567120 17.231893 16.870151 16.472024 16.027155 15.524715 14.953473 14.301959 13.558732 12.712819 11.754332 10.675317 9.470818 8.140114 6.688009 5.125931 3.472541 1.753478 0.000000 
50.000000 47.929002 45.870185 43.835511 41.836518 39.884114 37.988402 36.158519 34.402504 32.727199 31.138169 29.639672 28.234638 26.924695 25.710207 24.590348 23.563181 22.625759 21.774235 21.003970 20.309650 19.685391 19.124840 18.621264 18.167623 17.756628 17.380792 17.032445 16.703754 16.386713 16.073131 15.754607 15.422503 15.067918 14.681684 14.254369 13.776333 13.237827 12.629173 11.941037 11.164823 10.293204 9.320790 8.244925 7.066540 5.790974 4.428593 2.995007 1.510708 0.000000 
50.000000 47.824024 45.660848 43.523042 41.422728 39.371370 37.379586 35.456977 33.611994 31.851830 30.182339 28.608000 27.131903 25.755769 24.479998 23.303742 22.224991 21.240681 20.346811 19.538561 18.810412 18.156264 17.569545 17.043307 16.570312 16.143102 15.754048 15.395393 15.059272 14.737722 14.422681 14.105984 13.779350 13.434384 13.062588 12.655389 12.204213 11.700597 11.136366 10.503888 9.796412 9.008500 8.136543 7.179337 6.138668 5.019820 3.831904 2.587889 1.304219 0.000000 
50.000000 47.728785 45.470930 43.239559 41.047324 38.906194 36.827251 34.820523 32.894832 31.057690 29.315213 27.672085 26.131539 24.695385 23.364057 22.136688 21.011206 19.984446 19.052274 18.209709 17.451055 16.770027 16.159865 15.613443 15.123358 14.682016 14.281686 13.914556 13.572762 13.248409 12.933588 12.620379 12.300857 11.967108 11.611253 11.225492 10.802180 10.333943 9.813845 9.235601 8.593867 7.884578 7.105336 6.255822 5.338183 4.357347 3.321175 2.240402 1.128291 0.000000 
50.000000 47.643338 45.300540 42.985224 40.710521 38.488851 36.331715 34.249520 32.251426 30.345228 28.537282 26.832453 25.234105 23.744130 22.362991 21.089809 19.922461 18.857694 17.891257 17.018031 16.232170 15.527230 14.896291 14.332078 13.827058 13.373527 12.963682 12.589682 12.243684 11.917880 11.604520 11.295925 10.984511 10.662805 10.323483 9.959421 9.563768 9.130057 8.652347 8.125412 7.544963 6.907919 6.212689 5.459459 4.650451 3.790098 2.885111 1.944368 0.978619 0.000000 
50.000000 47.567683 45.149675 42.760035 40.412314 38.119334 35.892967 33.743957 31.681760 29.714427 27.848523 26.089075 24.439566 22.901958 21.476746 20.163041 18.958675 17.860320 16.863626 15.963359 15.153543 14.427598 13.778476 13.198775 12.680857 12.216936 11.799158 11.419669 11.070665 10.744429 10.433368 10.130034 9.827149 9.517639 9.194665 8.851679 8.482498 8.081392 7.643215 7.163555 6.638910 6.066893 5.446436 4.777988 4.063679 3.307420 2.514899 1.693472 0.851907 0.000000 
50.000000 47.501773 45.018246 42.563855 40.152524 37.797422 35.510745 33.303529 31.185491 29.164905 27.248516 25.441496 23.747431 22.168345 20.704762 19.355785 18.119210 16.991646 15.968661 15.044922 14.214344 13.470237 12.805442 12.212459 11.683565 11.210910 10.786607 10.402804 10.051740 9.725790 9.417507 9.119653 8.825225 8.527492 8.220030 7.896777 7.552093 7.180845 6.778510 6.341294 5.866275 5.351547 4.796372 4.201310 3.568322 2.900808 2.203589 1.482782 0.745590 0.000000 
50.000000 47.445535 44.906102 42.396463 39.930856 37.522747 35.184611 32.927733 30.762051 28.696029 26.736570 24.888967 23.156893 21.542430 20.046125 18.667076 17.403049 16.250603 15.205236 14.261534 13.413324 12.653824 11.975786 11.371631 10.833568 10.353702 9.924125 9.536992 9.184587 8.859373 8.554036 8.261518 7.975055 7.688204 7.394891 7.089448 6.766675 6.421908 6.051106 5.650941 5.218909 4.753437 4.253983 3.721131 3.156638 2.563454 1.945670 1.308412 0.657659 0.000000 
50.000000 47.398876 44.813058 42.257581 39.746943 37.294857 34.914027 32.615947 30.410738 28.307023 26.311833 24.430565 22.666964 21.023160 19.499719 18.095738 16.808958 15.635898 14.571999 13.611782 12.749003 11.976806 11.287875 10.674566 10.129039 9.643363 9.209618 8.819973 8.466752 8.142497 7.840006 7.552377 7.273040 6.995794 6.714843 6.424834 6.120915 5.798784 5.454763 5.085870 4.689899 4.265499 3.812244 3.330688 2.822394 2.289922 1.736776 1.167304 0.586539 0.000000 
50.000000 47.361697 44.738920 42.146919 39.600399 37.113273 34.698424 32.367515 30.130813 27.997065 25.973408 24.065318 22.276603 20.609426 19.064373 17.640537 16.335643 15.146176 14.067536 13.094192 12.219845 11.437582 10.740033 10.119508 9.568127 9.077937 8.641009 8.249526 7.895851 7.572587 7.272626 6.989191 6.715868 6.446644 6.175939 5.898646 5.610172 5.306489 4.984186 4.640529 4.273520 3.881954 3.465466 3.024564 2.560636 2.075929 1.573492 1.057075 0.531003 0.000000 
50.000000 47.333907 44.683503 42.064201 39.490861 36.977542 34.537266 32.181818 29.921576 27.765380 25.720446 23.792311 21.984825 20.300183 18.738980 17.300311 15.981886 14.780167 13.690524 12.707386 11.824416 11.034659 10.330705 9.704831 9.149131 8.655634 8.216409 7.823649 7.469747 7.147357 6.849440 6.569313 6.300678 6.037661 5.774841 5.507288 5.230598 4.940934 4.635074 4.310453 3.965213 3.598240 3.209201 2.798553 2.367548 1.918195 1.453210 0.975915 0.490125 0.000000 
50.000000 47.315427 44.646652 42.009195 39.418021 36.887285 34.430101 32.058336 29.782440 27.611318 25.552236 23.610772 21.790807 20.094551 18.522612 17.074083 15.746665 14.536805 13.439851 12.450211 11.561518 10.766792 10.058598 9.429189 8.870643 8.374980 7.934266 7.540703 7.186705 6.864958 6.568473 6.290628 6.025201 5.766411 5.508941 5.247975 4.979230 4.698994 4.404163 4.092278 3.761567 3.410969 3.040161 2.649567 2.240340 1.814334 1.374043 0.922514 0.463234 0.000000 
50.000000 47.306201 44.628256 41.981736 39.381659 36.842228 34.376603 31.996692 29.712983 27.534410 25.468265 23.520148 21.693953 19.991901 18.414603 16.961152 15.629246 14.415324 13.314723 12.321839 11.430293 10.633090 9.922785 9.291618 8.731660 8.234925 7.793479 7.399529 7.045499 6.724093 6.428345 6.151662 5.887865 5.631214 5.376446 5.118800 4.854055 4.578556 4.289259 3.983755 3.660311 3.317892 2.956180 2.575577 2.177187 1.762788 1.334763 0.896023 0.449895 0.000000 
50.000000 47.306201 44.628256 41.981736 39.381659 36.842228 34.376603 31.996692 29.712983 27.534410 25.468265 23.520148 21.693953 19.991901 18.414603 16.961152 15.629246 14.415324 13.314723 12.321839 11.430293 10.633090 9.922785 9.291618 8.731660 8.234925 7.793479 7.399529 7.045499 6.724093 6.428345 6.151662 5.887865 5.631214 5.376446 5.118800 4.854055 4.578556 4.289259 3.983755 3.660311 3.317892 2.956180 2.575577 2.177187 1.762788 1.334763 0.896023 0.449895 0.000000 
50.000000 47.315427 44.646652 42.009195 39.418021 36.887285 34.430101 32.058336 29.782440 27.611318 25.552236 23.610772 21.790807 20.094551 18.522612 17.074083 15.746665 14.536805 13.439851 12.450211 11.561518 10.766792 10.058598 9.429189 8.870643 8.374980 7.934266 7.540703 7.186705 6.864958 6.568473 6.290628 6.025201 5.766411 5.508941 5.247975 4.979230 4.698994 4.404163 4.092278 3.761567 3.410969 3.040161 2.649567 2.240340 1.814334 1.374043 0.922514 0.463234 0.000000 
50.000000 47.333907 44.683503 42.064201 39.490861 36.977542 34.537266 32.181818 29.921576 27.765380 25.720446 23.792311 21.984825 20.300183 18.738980 17.300311 15.981886 14.780167 13.690524 12.707386 11.824416 11.034659 10.330705 9.704831 9.149131 8.655634 8.216409 7.823649 7.469747 7.147357 6.849440 6.569313 6.300678 6.037661 5.774841 5.507288 5.230598 4.940934 4.635074 4.310453 3.965213 3.598240 3.209201 2.798553 2.367548 1.918195 1.453210 0.975915 0.490125 0.000000 
50.000000 47.361697 44.738920 42.146919 39.600399 37.113273 34.698424 32.367515 30.130813 27.997065 25.973408 24.065318 22.276603 20.609426 19.064373 17.640537 16.335643 15.146176 14.067536 13.094192 12.219845 11.437582 10.740033 10.119508 9.568127 9.077937 8.641009 8.249526 7.895851 7.572587 7.272626 6.989191 6.715868 6.446644 6.175939 5.898646 5.610172 5.306489 4.984186 4.640529 4.273520 3.881954 3.465466 3.024564 2.560636 2.075929 1.573492 1.057075 0.531003 0.000000 
50.000000 47.398876 44.813058 42.257581 39.746943 37.294857 34.914027 32.615947 30.410738 28.307023 26.311833 24.430565 22.666964 21.023160 19.499719 18.095738 16.808958 15.635898 14.571999 13.611782 12.749003 11.976806 11.287875 10.674566 10.129039 9.643363 9.209618 8.819973 8.466752 8.142497 7.840006 7.552377 7.273040 6.995794 6.714843 6.424834 6.120915 5.798784 5.454763 5.085870 4.689899 4.265499 3.812244 3.330688 2.822394 2.289922 1.736776 1.167304 0.586539 0.000000 
50.000000 47.445535 44.906102 42.396463 39.930856 37.522747 35.184611 32.927733 30.762051 28.696029 26.736570 24.888967 23.156893 21.542430 20.046125 18.667076 17.403049 16.250603 15.205236 14.261534 13.413324 12.653824 11.975786 11.371631 10.833568 10.353702 9.924125 9.536992 9.184587 8.859373 8.554036 8.261518 7.975055 7.688204 7.394891 7.089448 6.766675 6.421908 6.051106 5.650941 5.218909 4.753437 4.253983 3.721131 3.156638 2.563454 1.945670 1.308412 0.657659 0.000000 
50.000000 47.501773 45.018246 42.563855 40.152524 37.797422 35.510745 33.303529 31.185491 29.164905 27.248516 25.441496 23.747431 22.168345 20.704762 19.355785 18.119210 16.991646 15.968661 15.044922 14.214344 13.470237 12.805442 12.212459 11.683565 11.210910 10.786607 10.402804 10.051740 9.725790 9.417507 9.119653 8.825225 8.527492 8.220030 7.896777 7.552093 7.180845 6.778510 6.341294 5.866275 5.351547 4.796372 4.201310 3.568322 2.900808 2.203589 1.482782 0.745590 0.000000 
50.000000 47.567683 45.149675 42.760035 40.412314 38.119334 35.892967 33.743957 31.681760 29.714427 27.848523 26.089075 24.439566 22.901958 21.476746 20.163041 18.958675 17.860320 16.863626 15.963359 15.153543 14.427598 13.778476 13.198775 12.680857 12.216936 11.799158 11.419669 11.070665 10.744429 10.433368 10.130034 9.827149 9.517639 9.194665 8.851679 8.482498 8.081392 7.643215 7.163555 6.638910 6.066893 5.446436 4.777988 4.063679 3.307420 2.514899 1.693472 0.851907 0.000000 
50.000000 47.643338 45.300540 42.985224 40.710521 38.488851 36.331715 34.249520 32.251426 30.345228 28.537282 26.832453 25.234105 23.744130 22.362991 21.089809 19.922461 18.857694 17.891257 17.018031 16.232170 15.527230 14.896291 14.332078 13.827058 13.373527 12.963682 12.589682 12.243684 11.917880 11.604520 11.295925 10.984511 10.662805 10.323483 9.959421 9.563768 9.130057 8.652347 8.125412 7.544963 6.907919 6.212689 5.459459 4.650451 3.790098 2.885111 1.944368 0.978619 0.000000 
50.000000 47.728785 45.470930 43.239559 41.047324 38.906194 36.827251 34.820523 32.894832 31.057690 29.315213 27.672085 26.131539 24.695385 23.364057 22.136688 21.011206 19.984446 19.052274 18.209709 17.451055 16.770027 16.159865 15.613443 15.123358 14.682016 14.281686 13.914556 13.572762 13.248409 12.933588 12.620379 12.300857 11.967108 11.611253 11.225492 10.802180 10.333943 9.813845 9.235601 8.593867 7.884578 7.105336 6.255822 5.338183 4.357347 3.321175 2.240402 1.128291 0.000000 
50.000000 47.824024 45.660848 43.523042 41.422728 39.371370 37.379586 35.456977 33.611994 31.851830 30.182339 28.608000 27.131903 25.755769 24.479998 23.303742 22.224991 21.240681 20.346811 19.538561 18.810412 18.156264 17.569545 17.043307 16.570312 16.143102 15.754048 15.395393 15.059272 14.737722 14.422681 14.105984 13.779350 13.434384 13.062588 12.655389 12.204213 11.700597 11.136366 10.503888 9.796412 9.008500 8.136543 7.179337 6.138668 5.019820 3.831904 2.587889 1.304219 0.000000 
50.000000 47.929002 45.870185 43.835511 41.836518 39.884114 37.988402 36.158519 34.402504 32.727199 31.138169 29.639672 28.234638 26.924695 25.710207 24.590348 23.563181 22.625759 21.774235 21.003970 20.309650 19.685391 19.124840 18.621264 18.167623 17.756628 17.380792 17.032445 16.703754 16.386713 16.073131 15.754607 15.422503 15.067918 14.681684 14.254369 13.776333 13.237827 12.629173 11.941037 11.164823 10.293204 9.320790 8.244925 7.066540 5.790974 4.428593 2.995007 1.510708 0.000000 
50.000000 48.043594 46.098694 44.176600 42.288209 40.443824 38.652987 36.924327 35.265437 33.682773 32.181590 30.765901 29.438467 28.200813 27.053271 25.995039 25.024264 24.138134 23.332973 22.604352 21.947190 21.355852 20.824238 20.345866 19.913934 19.521371 19.160867 18.824887 18.505672 18.195216 17.885234 17.567120 17.231893 16.870151 16.472024 16.027155 15.524715 14.953473 14.301959 13.558732 12.712819 11.754332 10.675317 9.470818 8.140114 6.688009 5.125931 3.472541 1.753478 0.000000 
50.000000 48.167599 46.345973 44.545705 42.777001 41.049509 39.372165 37.753049 36.199268 34.716866 33.310761 31.984705 30.741274 29.581887 28.506841 27.515367 26.605708 25.775199 25.020363 24.337004 23.720304 23.164910 22.665016 22.214435 21.806645 21.434840 21.091941 20.770600 20.463189 20.161758 19.857986 19.543115 19.207868 18.842367 18.436051 17.977603 17.454914 16.855100 16.164606 15.369447 14.455643 13.409903 12.220650 10.879403 9.382529 7.733212 5.943376 4.035014 2.040318 0.000000 
50.000000 48.300723 46.611438 44.941958 43.301745 41.699747 40.144247 38.642737 37.201804 35.827052 34.523035 33.293226 32.140009 31.064687 30.067525 29.147793 28.303840 27.533168 26.832520 26.197961 25.624967 25.108505 24.643103 24.222911 23.841742 23.493106 23.170214 22.865973 22.572952 22.283333 21.988838 21.680638 21.349237 20.984358 20.574798 20.108305 19.571456 18.949591 18.226822 17.386176 16.409971 15.280502 13.981185 12.498288 10.823301 8.955910 6.907219 4.702473 2.382128 0.000000 
50.000000 48.442581 46.894318 45.364206 43.860915 42.392645 40.966986 39.590803 38.270132 37.010104 35.814889 34.687665 33.630611 32.644913 31.730801 30.887592 30.113755 29.406976 28.764238 28.181896 27.655755 27.181139 26.752951 26.365727 26.013667 25.690659 25.390271 25.105737 24.829910 24.555197 24.273463 23.975919 23.652976 23.294074 22.887491 22.420136 21.877331 21.242617 20.497609 19.621976 18.593637 17.389329 15.985752 14.361551 12.500396 10.395277 8.053784 5.503375 2.794664 0.000000 
50.000000 48.592684 47.193641 45.810998 44.452589 43.125822 41.837555 40.593990 39.400579 38.261955 37.181883 36.163232 35.207963 34.317141 33.490963 32.728802 32.029255 31.390212 30.808920 30.282052 29.805772 29.375799 28.987457 28.635717 28.315225 28.020307 27.744965 27.482842 27.227173 26.970697 26.705553 26.423138 26.113929 25.767271 25.371118 24.911740 24.373388 23.737931 22.984501 22.089205 21.024995 19.761908 18.267951 16.511087 14.462883 12.104384 9.434421 6.479413 3.301588 0.000000 
50.000000 48.750442 47.508229 46.280577 45.074440 43.896396 42.752533 41.648355 40.588702 39.577687 38.618649 37.714130 36.865869 36.074803 35.341102 34.664195 34.042825 33.475102 32.958557 32.490208 32.066613 31.683924 31.337928 31.024083 30.737536 30.473122 30.225353 29.988375 29.755906 29.521150 29.276667 29.014216 28.724554 28.397173 28.019991 27.578961 27.057608 26.436476 25.692500 24.798337 23.721740 22.425158 20.865933 18.997712 16.774096 14.155906 11.123442 7.693887 3.940103 0.000000 
50.000000 48.915164 47.836706 46.770887 45.723746 44.700993 43.707912 42.749281 41.829300 40.951538 40.118892 39.333567 38.597067 37.910202 37.273112 36.685295 36.145647 35.652513 35.203734 34.796697 34.428383 34.095415 33.794087 33.520392 33.270037 33.038435 32.820685 32.611532 32.405295 32.195777 31.976127 31.738675 31.474705 31.174167 30.825319 30.414252 29.924304 29.335311 28.622674 27.756225 26.698910 25.405404 23.820973 21.881316 19.514822 16.649843 13.230773 9.246790 4.772056 0.000000 
50.000000 49.086064 48.177500 47.279584 46.397402 45.535765 44.699123 43.891501 43.116437 42.376936 41.675437 41.013795 40.393275 39.814555 39.277749 38.782427 38.327651 37.912018 37.533693 37.190459 36.879752 36.598696 36.344132 36.112639 35.900537 35.703883 35.518444 35.339658 35.162562 34.981701 34.790994 34.583561 34.351499 34.085576 33.774844 33.406114 32.963278 32.426385 31.770431 30.963736 29.965825 28.724738 27.173835 25.228612 22.785002 19.722814 15.921824 11.303034 5.907637 0.000000 
50.000000 49.262263 48.528862 47.804055 47.091949 46.396426 45.721077 45.069152 44.443506 43.846562 43.280290 42.746184 42.245264 41.778076 41.344707 40.944805 40.577611 40.241981 39.936427 39.659148 39.408057 39.180814 38.974843 38.787351 38.615322 38.455519 38.304452 38.158343 38.013058 37.864027 37.706115 37.533465 37.339280 37.115535 36.852586 36.538646 36.159060 35.695307 35.123588 34.412830 33.521830 32.395181 30.957538 29.105900 26.700313 23.555977 19.446804 14.146680 7.560870 0.000000 
50.000000 49.442804 48.888883 48.341454 47.803616 47.278302 46.768225 46.275837 45.803296 45.352431 44.924729 44.521318 44.142967 43.790086 43.462739 43.160659 42.883267 42.629698 42.398819 42.189265 41.999449 41.827592 41.671734 41.529743 41.399317 41.277975 41.163036 41.051588 40.940429 40.826000 40.704282 40.570656 40.419719 40.245035 40.038787 39.791302 39.490378 39.120324 38.660539 38.083410 37.351082 36.410438 35.185149 33.563021 31.376124 28.371498 24.175947 18.284856 10.193596 0.000000 
50.000000 49.626664 49.255523 48.888731 48.528365 48.176390 47.834624 47.504711 47.188093 46.885999 46.599423 46.329120 46.075606 45.839155 45.619808 45.417385 45.231497 45.061561 44.906818 44.766346 44.639080 44.523822 44.419249 44.323924 44.236291 44.154670 44.077244 44.002030 43.926844 43.849248 43.766476 43.675334 43.572064 43.452158 43.310098 43.138993 42.930054 42.671825 42.349015 41.940691 41.417369 40.736172 39.832449 38.604685 36.886281 34.391331 30.610723 24.629955 14.932044 0.000000 
50.000000 49.812767 49.626635 49.442683 49.261955 49.085434 48.914033 48.748577 48.589788 48.438282 48.294559 48.158997 48.031853 47.913266 47.803255 47.701731 47.608497 47.523260 47.445639 47.375171 47.311320 47.253482 47.200994 47.153130 47.109106 47.068074 47.029117 46.991230 46.953306 46.914106 46.872218 46.826012 46.773557 46.712531 46.640077 46.552607 46.445510 46.312729 46.146089 45.934247 45.660931 45.301883 44.819225 44.150346 43.184209 41.705865 39.252478 34.696762 24.906913 0.000000 
50.000000 50.000000 50.000000 50.000000 50.000000 50.000000 50.000000 50.000000 50.000000 50.000000 50.000000 50.000000 50.000000 50.000000 50.000000 50.000000 50.000000 50.000000 50.000000 50.000000 50.000000 50.000000 50.000000 50.000000 50.000000 50.000000 50.000000 50.000000 50.000000 50.000000 50.000000 50.000000 50.000000 50.000000 50.000000 50.000000 50.000000 50.000000 50.000000 50.000000 50.000000 50.000000 50.000000 50.000000 50.000000 50.000000 50.000000 50.000000 50.000000 50.000000 
