50.000000 50.000000 50.000000 50.000000 50.000000 50.000000 50.000000 50.000000 50.000000 50.000000 50.000000 50.000000 50.000000 50.000000 50.000000 50.000000 50.000000 50.000000 50.000000 50.000000 50.000000 50.000000 50.000000 50.000000 50.000000 50.000000 50.000000 50.000000 50.000000 50.000000 50.000000 50.000000 50.000000 50.000000 50.000000 50.000000 50.000000 50.000000 50.000000 50.000000 50.000000 50.000000 50.000000 50.000000 50.000000 50.000000 50.000000 50.000000 50.000000 50.000000 
50.000000 49.681219 49.365630 49.056329 48.756225 48.467958 48.193830 47.935755 47.695220 47.473269 47.270510 47.087128 46.922918 46.777334 46.649537 46.538455 46.442841 46.361326 46.292477 46.234839 46.186976 46.147495 46.115069 46.088450 46.066462 46.048000 46.032010 46.017464 46.003327 45.988512 45.971826 45.951899 45.927095 45.895398 45.854256 45.800372 45.729396 45.635492 45.510655 45.343653 45.118260 44.810191 44.381469 43.769314 42.862442 41.445598 39.055576 34.564669 24.840617 0.000000 
50.000000 49.365631 48.737614 48.122110 47.524908 46.951261 46.405752 45.892187 45.413525 44.971848 44.568361 44.203433 43.876659 43.586950 43.332638 43.111589 42.921320 42.759111 42.622109 42.507421 42.412187 42.333639 42.269141 42.216209 42.172510 42.135851 42.104146 42.075362 42.047459 42.018302 41.985552 41.946537 41.898081 41.836285 41.756236 41.651621 41.514167 41.332856 41.092737 40.773098 40.344544 39.764149 38.967068 37.851448 36.250211 33.876839 30.221491 24.368839 14.800992 0.000000 
50.000000 49.056334 48.122116 47.206512 46.318133 45.464795 44.653313 43.889351 43.177310 42.520286 41.920073 41.377219 40.891122 40.460163 40.081861 39.753041 39.470011 39.228724 39.024940 38.854356 38.712721 38.595922 38.500045 38.421401 38.356534 38.302198 38.255312 38.212888 38.171935 38.129340 38.081718 38.025222 37.955309 37.866443 37.751705 37.602274 37.406715 37.149985 36.811987 36.365435 35.772612 34.980330 33.911978 32.454866 30.440362 27.614609 23.603340 17.900726 10.000805 0.000000 
50.000000 48.756237 47.524928 46.318151 45.147258 44.022548 42.953008 41.946097 41.007620 40.141656 39.350571 38.635085 37.994407 37.426403 36.927802 36.494423 36.121399 35.803400 35.534838 35.310046 35.123427 34.969570 34.843323 34.739843 34.654594 34.583330 34.522031 34.466815 34.413824 34.359067 34.298239 34.226492 34.138155 34.026380 33.882698 33.696435 33.453943 33.137551 32.724118 32.183005 31.473193 30.539189 29.305287 27.667847 25.486009 22.573811 18.703782 13.648234 7.310708 0.000000 
50.000000 48.467984 46.951308 45.464851 44.022593 42.637223 41.319807 40.079538 38.923562 37.856905 36.882482 36.001180 35.212024 34.512387 33.898241 33.364437 32.904981 32.513312 32.182550 31.905723 31.675943 31.486556 31.331235 31.204035 31.099405 31.012157 30.937403 30.870450 30.806663 30.741294 30.669272 30.584951 30.481795 30.352014 30.186091 29.972198 29.695454 29.336948 28.872485 28.270918 27.492005 26.483689 25.178905 23.492384 21.318969 18.537076 15.024817 10.701299 5.605638 0.000000 
50.000000 48.193881 46.405847 44.653438 42.953136 41.319901 39.766780 38.304607 36.941810 35.684314 34.535553 33.496577 32.566235 31.741430 31.017418 30.388126 29.846494 29.384790 28.994908 28.668636 28.397867 28.174772 27.991915 27.842318 27.719482 27.617352 27.530250 27.452757 27.379571 27.305315 27.224315 27.130333 27.016252 26.873699 26.692601 26.460635 26.162573 25.779466 25.287662 24.657624 23.852577 22.827101 21.525983 19.884050 17.828452 15.285945 12.199017 8.554675 4.424700 0.000000 
50.000000 47.935846 45.892360 43.889589 41.946370 40.079799 38.304788 36.633721 35.076227 33.639079 32.326203 31.138798 30.075549 29.132920 28.305486 27.586315 26.967337 26.439722 25.994214 25.621437 25.312141 25.057398 24.848740 24.678231 24.538499 24.422702 24.324452 24.237703 24.156592 24.075242 23.987538 23.886854 23.765747 23.615602 23.426219 23.185343 22.878115 22.486457 21.988377 21.357254 20.561171 19.562488 18.318030 16.780494 14.902115 12.641956 9.978213 6.925671 3.554560 0.000000 
50.000000 47.695372 45.413820 43.177727 41.008124 38.924100 36.942302 35.076558 33.337619 31.733049 30.267229 28.941499 27.754393 26.701963 25.778155 24.975231 24.284186 23.695167 23.197848 22.781774 22.436635 22.152488 21.919910 21.730091 21.574865 21.446682 21.338534 21.243839 21.156277 21.069599 20.977394 20.872832 20.748373 20.595440 20.404061 20.162475 19.856715 19.470171 18.983165 18.372609 17.611837 16.670813 15.517005 14.117371 12.442017 10.470108 8.198221 5.650196 2.885437 0.000000 
50.000000 47.473517 44.972331 42.520980 40.142521 37.857879 35.685305 33.639957 31.733624 29.974594 28.367674 26.914332 25.612962 24.459237 23.446524 22.566342 21.808824 21.163176 20.618089 20.162114 19.783969 19.472782 19.218264 19.010809 18.841539 18.702279 18.585484 18.484126 18.391527 18.301174 18.206495 18.100610 17.976065 17.824541 17.636552 17.401133 17.105533 16.734935 16.272250 15.698032 14.990633 14.126741 13.082513 11.835554 10.368015 8.670924 6.749507 4.628521 2.355618 0.000000 
50.000000 47.270900 44.569127 41.921186 39.351982 36.884121 34.537315 32.327940 30.268729 28.368636 26.632854 25.062969 23.657248 22.411018 21.317117 20.366387 19.548176 18.850831 18.262147 17.769775 17.361548 17.025754 16.751321 16.527933 16.346079 16.197039 16.072811 15.966001 15.869665 15.777120 15.681740 15.576719 15.454826 15.308160 15.127891 14.904022 14.625180 14.278459 13.849353 13.321850 12.678752 11.902337 10.975491 9.883430 8.616100 7.171178 5.557342 3.797066 1.927759 0.000000 
50.000000 47.087729 44.204619 41.378955 38.637313 36.003816 33.499501 31.141841 28.944425 26.916809 25.064534 23.389294 21.889240 20.559388 19.392097 18.377599 17.504534 16.760473 16.132407 15.607170 15.171807 14.813851 14.521531 14.283903 14.090901 13.933333 13.802817 13.691665 13.592740 13.499273 13.404666 13.302273 13.185189 13.046022 12.876693 12.668250 12.410736 12.093108 11.703276 11.228281 10.654679 9.969204 9.159771 8.216865 7.135306 5.916262 4.569214 3.113357 1.577806 0.000000 
50.000000 46.923830 43.878461 40.893772 37.997835 35.216129 32.570876 30.080534 27.759455 25.617734 23.661224 21.891716 20.307258 18.902586 17.669634 16.598087 15.675952 14.890110 14.226831 13.672227 13.212637 12.834927 12.526710 12.276490 12.073721 11.908810 11.773056 11.658546 11.558012 11.464658 11.371975 11.273543 11.162831 11.033009 10.876780 10.686236 10.452778 10.167097 9.819250 9.398885 8.895618 8.299630 7.602499 6.798267 5.884696 4.864596 3.746975 2.547712 1.289387 0.000000 
50.000000 46.778695 43.589646 40.464140 37.431573 34.518627 31.748574 29.140741 26.710159 24.467399 22.418590 20.565609 18.906413 17.435493 16.144404 15.022349 14.056774 13.233952 12.539516 11.958942 11.477948 11.082815 10.760620 10.499385 10.288153 10.116993 9.976946 9.859926 9.758582 9.666139 9.576218 9.482656 9.379324 9.259961 9.118033 8.946627 8.738395 8.485567 8.180052 7.813656 7.378427 6.867157 6.274037 5.595458 4.830888 3.983723 3.061963 2.078494 1.050804 0.000000 
50.000000 46.651544 43.336617 40.087741 36.935474 33.907551 31.028161 28.317396 25.790879 23.459601 21.329931 19.403822 17.679153 16.150197 14.808180 13.641882 12.638262 11.783056 11.061346 10.458051 9.958350 9.548015 9.213658 8.942891 8.724407 8.547994 8.404483 8.285660 8.184131 8.093171 8.006556 7.918392 7.822949 7.714518 7.587281 7.435231 7.252133 7.031548 6.766937 6.451857 6.080248 5.646846 5.147683 4.580668 3.946190 3.247668 2.491930 1.689306 0.853328 0.000000 
50.000000 46.541379 43.117391 39.761627 36.505650 33.378110 30.403991 27.604045 24.994411 22.586440 20.386714 18.397249 16.615855 15.036620 13.650483 12.445860 11.409286 10.526038 9.780717 9.157763 8.641891 8.218438 7.873618 7.594693 7.370065 7.189287 7.043026 6.922973 6.821720 6.732611 6.649585 6.567014 6.479552 6.381996 6.269180 6.135899 5.976880 5.786812 5.560427 5.292674 4.978950 4.615419 4.199388 3.729725 3.207266 2.635166 2.019106 1.367295 0.690200 0.000000 
50.000000 46.447054 42.929686 39.482402 36.137629 32.924795 29.869567 26.993263 24.312464 21.838829 19.579121 17.535411 15.705451 14.083170 12.659261 11.421830 10.357049 9.449802 8.684281 8.044518 7.514833 7.080192 6.726474 6.440650 6.210875 6.026514 5.878104 5.757270 5.656607 5.569539 5.490167 5.413113 5.333381 5.246227 5.147058 5.031361 4.894679 4.732630 4.540977 4.315758 4.053477 3.751335 3.407516 3.021472 2.594207 2.128489 1.628965 1.102114 0.556027 0.000000 
50.000000 46.367337 42.771050 39.246420 35.826602 32.541683 29.417908 26.477073 23.736130 21.207001 18.896601 16.807049 14.936046 13.277387 11.821560 10.556407 9.467794 8.540273 7.757694 7.103744 6.562412 6.118352 5.757165 5.465579 5.231548 5.044283 4.894222 4.772944 4.673060 4.588075 4.512242 4.440413 4.367904 4.290369 4.203708 4.103993 3.987446 3.850438 3.689552 3.501671 3.284128 3.034874 2.752685 2.437358 2.089905 1.712680 1.309435 0.885262 0.446414 0.000000 
50.000000 46.300971 42.638982 39.049961 35.567665 32.222735 29.041893 26.047335 23.256322 20.680994 18.328392 16.200676 14.295506 12.606564 11.124168 9.835938 8.727490 7.783100 6.986331 6.320585 5.769576 5.317704 4.950339 4.654009 4.416507 4.226922 4.075613 3.954132 3.855112 3.772135 3.699591 3.632536 3.566552 3.497637 3.422102 3.336505 3.237617 3.122415 2.988121 2.832268 2.652803 2.448215 2.217674 1.961170 1.679642 1.375049 1.050397 0.709679 0.357729 0.000000 
50.000000 46.246731 42.531044 38.889396 35.356039 31.962063 28.734581 25.696115 22.864181 20.251095 17.864004 15.705098 13.772004 12.058315 10.554205 9.247119 8.122465 7.164293 6.355934 5.680559 5.121658 4.663423 4.291039 3.990872 3.750588 3.559179 3.406947 3.285424 3.187268 3.106132 3.036527 2.973679 2.913398 2.851964 2.786026 2.712536 2.628701 2.531976 2.420076 2.291022 2.143217 1.975525 1.787380 1.578870 1.350824 1.104856 0.843364 0.569482 0.286960 0.000000 
50.000000 46.203473 42.444963 38.761344 35.187265 31.754173 28.489495 25.416013 22.551443 19.908246 17.493649 15.309869 13.354507 11.621082 10.099658 8.777536 7.639959 6.670801 5.853206 5.170159 4.604975 4.141682 3.765316 3.462119 3.219654 3.026843 2.873942 2.752472 2.655117 2.575590 2.508502 2.449221 2.393742 2.338572 2.280629 2.217174 2.145758 2.064198 1.970584 1.863301 1.741078 1.603047 1.448808 1.278494 1.092820 0.893108 0.681279 0.459806 0.231624 0.000000 
50.000000 46.170181 42.378711 38.662791 35.057370 31.594174 28.300870 25.200438 22.310751 19.644379 17.208614 15.005691 13.033191 11.284577 9.749829 8.416136 7.268617 6.291006 5.466305 4.777361 4.207349 3.740173 3.360756 3.055247 2.811130 2.617273 2.463901 2.342530 2.245864 2.167666 2.102628 2.046229 1.994608 1.944447 1.892873 1.837381 1.775779 1.706156 1.626876 1.536587 1.434251 1.319180 1.191082 1.050103 0.896854 0.732428 0.558381 0.376697 0.189707 0.000000 
50.000000 46.145997 42.330587 38.591202 34.963016 31.477952 28.163854 25.043846 22.135914 19.452708 17.001566 14.784738 12.799790 11.040144 9.495716 8.153620 6.998879 6.015130 5.185271 4.492045 3.918531 3.448541 3.066917 2.759739 2.514437 2.319841 2.166153 2.044887 1.948764 1.871584 1.808100 1.753873 1.705147 1.658734 1.611909 1.562336 1.508007 1.447203 1.378479 1.300665 1.212880 1.114555 1.005466 0.885755 0.755953 0.616979 0.470132 0.317044 0.159630 0.000000 
50.000000 46.130256 42.299262 38.544604 34.901600 31.402302 28.074668 24.941918 22.022111 19.327948 16.866797 14.640918 12.647868 10.881041 9.330314 7.982748 6.823307 5.835563 5.002348 4.306337 3.730546 3.258727 2.875670 2.567411 2.321346 2.126277 1.972397 1.851215 1.755465 1.678974 1.616532 1.563756 1.516959 1.473035 1.429359 1.383702 1.334173 1.279177 1.217390 1.147756 1.069489 0.982095 0.885386 0.779498 0.664905 0.542416 0.413159 0.278545 0.140221 0.000000 
50.000000 46.122501 42.283830 38.521648 34.871343 31.365033 28.030731 24.891704 21.966046 19.266485 16.800403 14.570066 12.573024 10.802659 9.248829 7.898568 6.736813 5.747101 4.912232 4.214850 3.637937 3.165218 2.781457 2.472667 2.226228 2.030930 1.876958 1.755823 1.660263 1.584118 1.522199 1.470149 1.424315 1.381633 1.339524 1.295815 1.248672 1.196557 1.138207 1.072619 0.999055 0.917055 0.826446 0.727362 0.620247 0.505854 0.385228 0.259675 0.130710 0.000000 
50.000000 46.122501 42.283830 38.521648 34.871343 31.365033 28.030731 24.891704 21.966046 19.266485 16.800403 14.570066 12.573024 10.802659 9.248829 7.898568 6.736813 5.747101 4.912232 4.214850 3.637937 3.165218 2.781457 2.472667 2.226228 2.030930 1.876958 1.755823 1.660263 1.584118 1.522199 1.470149 1.424315 1.381633 1.339524 1.295815 1.248672 1.196557 1.138207 1.072619 0.999055 0.917055 0.826446 0.727362 0.620247 0.505854 0.385228 0.259675 0.130710 0.000000 
50.000000 46.130256 42.299262 38.544604 34.901600 31.402302 28.074668 24.941918 22.022111 19.327948 16.866797 14.640918 12.647868 10.881041 9.330314 7.982748 6.823307 5.835563 5.002348 4.306337 3.730546 3.258727 2.875670 2.567411 2.321346 2.126277 1.972397 1.851215 1.755465 1.678974 1.616532 1.563756 1.516959 1.473035 1.429359 1.383702 1.334173 1.279177 1.217390 1.147756 1.069489 0.982095 0.885386 0.779498 0.664905 0.542416 0.413159 0.278545 0.140221 0.000000 
50.000000 46.145997 42.330587 38.591202 34.963016 31.477952 28.163854 25.043846 22.135914 19.452708 17.001566 14.784738 12.799790 11.040144 9.495716 8.153620 6.998879 6.015130 5.185271 4.492045 3.918531 3.448541 3.066917 2.759739 2.514437 2.319841 2.166153 2.044887 1.948764 1.871584 1.808100 1.753873 1.705147 1.658734 1.611909 1.562336 1.508007 1.447203 1.378479 1.300665 1.212880 1.114555 1.005466 0.885755 0.755953 0.616979 0.470132 0.317044 0.159630 0.000000 
50.000000 46.170181 42.378711 38.662791 35.057370 31.594174 28.300870 25.200438 22.310751 19.644379 17.208614 15.005691 13.033191 11.284577 9.749829 8.416136 7.268617 6.291006 5.466305 4.777361 4.207349 3.740173 3.360756 3.055247 2.811130 2.617273 2.463901 2.342530 2.245864 2.167666 2.102628 2.046229 1.994608 1.944447 1.892873 1.837381 1.775779 1.706156 1.626876 1.536587 1.434251 1.319180 1.191082 1.050103 0.896854 0.732428 0.558381 0.376697 0.189707 0.000000 
50.000000 46.203473 42.444963 38.761344 35.187265 31.754173 28.489495 25.416013 22.551443 19.908246 17.493649 15.309869 13.354507 11.621082 10.099658 8.777536 7.639959 6.670801 5.853206 5.170159 4.604975 4.141682 3.765316 3.462119 3.219654 3.026843 2.873942 2.752472 2.655117 2.575590 2.508502 2.449221 2.393742 2.338572 2.280629 2.217174 2.145758 2.064198 1.970584 1.863301 1.741078 1.603047 1.448808 1.278494 1.092820 0.893108 0.681279 0.459806 0.231624 0.000000 
50.000000 46.246731 42.531044 38.889396 35.356039 31.962063 28.734581 25.696115 22.864181 20.251095 17.864004 15.705098 13.772004 12.058315 10.554205 9.247119 8.122465 7.164293 6.355934 5.680559 5.121658 4.663423 4.291039 3.990872 3.750588 3.559179 3.406947 3.285424 3.187268 3.106132 3.036527 2.973679 2.913398 2.851964 2.786026 2.712536 2.628701 2.531976 2.420076 2.291022 2.143217 1.975525 1.787380 1.578870 1.350824 1.104856 0.843364 0.569482 0.286960 0.000000 
50.000000 46.300971 42.638982 39.049961 35.567665 32.222735 29.041893 26.047335 23.256322 20.680994 18.328392 16.200676 14.295506 12.606564 11.124168 9.835938 8.727490 7.783100 6.986331 6.320585 5.769576 5.317704 4.950339 4.654009 4.416507 4.226922 4.075613 3.954132 3.855112 3.772135 3.699591 3.632536 3.566552 3.497637 3.422102 3.336505 3.237617 3.122415 2.988121 2.832268 2.652803 2.448215 2.217674 1.961170 1.679642 1.375049 1.050397 0.709679 0.357729 0.000000 
50.000000 46.367337 42.771050 39.246420 35.826602 32.541683 29.417908 26.477073 23.736130 21.207001 18.896601 16.807049 14.936046 13.277387 11.821560 10.556407 9.467794 8.540273 7.757694 7.103744 6.562412 6.118352 5.757165 5.465579 5.231548 5.044283 4.894222 4.772944 4.673060 4.588075 4.512242 4.440413 4.367904 4.290369 4.203708 4.103993 3.987446 3.850438 3.689552 3.501671 3.284128 3.034874 2.752685 2.437358 2.089905 1.712680 1.309435 0.885262 0.446414 0.000000 
50.000000 46.447054 42.929686 39.482402 36.137629 32.924795 29.869567 26.993263 24.312464 21.838829 19.579121 17.535411 15.705451 14.083170 12.659261 11.421830 10.357049 9.449802 8.684281 8.044518 7.514833 7.080192 6.726474 6.440650 6.210875 6.026514 5.878104 5.757270 5.656607 5.569539 5.490167 5.413113 5.333381 5.246227 5.147058 5.031361 4.894679 4.732630 4.540977 4.315758 4.053477 3.751335 3.407516 3.021472 2.594207 2.128489 1.628965 1.102114 0.556027 0.000000 
50.000000 46.541379 43.117391 39.761627 36.505650 33.378110 30.403991 27.604045 24.994411 22.586440 20.386714 18.397249 16.615855 15.036620 13.650483 12.445860 11.409286 10.526038 9.780717 9.157763 8.641891 8.218438 7.873618 7.594693 7.370065 7.189287 7.043026 6.922973 6.821720 6.732611 6.649585 6.567014 6.479552 6.381996 6.269180 6.135899 5.976880 5.786812 5.560427 5.292674 4.978950 4.615419 4.199388 3.729725 3.207266 2.635166 2.019106 1.367295 0.690200 0.000000 
50.000000 46.651544 43.336617 40.087741 36.935474 33.907551 31.028161 28.317396 25.790879 23.459601 21.329931 19.403822 17.679153 16.150197 14.808180 13.641882 12.638262 11.783056 11.061346 10.458051 9.958350 9.548015 9.213658 8.942891 8.724407 8.547994 8.404483 8.285660 8.184131 8.093171 8.006556 7.918392 7.822949 7.714518 7.587281 7.435231 7.252133 7.031548 6.766937 6.451857 6.080248 5.646846 5.147683 4.580668 3.946190 3.247668 2.491930 1.689306 0.853328 0.000000 
50.000000 46.778695 43.589646 40.464140 37.431573 34.518627 31.748574 29.140741 26.710159 24.467399 22.418590 20.565609 18.906413 17.435493 16.144404 15.022349 14.056774 13.233952 12.539516 11.958942 11.477948 11.082815 10.760620 10.499385 10.288153 10.116993 9.976946 9.859926 9.758582 9.666139 9.576218 9.482656 9.379324 9.259961 9.118033 8.946627 8.738395 8.485567 8.180052 7.813656 7.378427 6.867157 6.274037 5.595458 4.830888 3.983723 3.061963 2.078494 1.050804 0.000000 
50.000000 46.923830 43.878461 40.893772 37.997835 35.216129 32.570876 30.080534 27.759455 25.617734 23.661224 21.891716 20.307258 18.902586 17.669634 16.598087 15.675952 14.890110 14.226831 13.672227 13.212637 12.834927 12.526710 12.276490 12.073721 11.908810 11.773056 11.658546 11.558012 11.464658 11.371975 11.273543 11.162831 11.033009 10.876780 10.686236 10.452778 10.167097 9.819250 9.398885 8.895618 8.299630 7.602499 6.798267 5.884696 4.864596 3.746975 2.547712 1.289387 0.000000 
50.000000 47.087729 44.204619 41.378955 38.637313 36.003816 33.499501 31.141841 28.944425 26.916809 25.064534 23.389294 21.889240 20.559388 19.392097 18.377599 17.504534 16.760473 16.132407 15.607170 15.171807 14.813851 14.521531 14.283903 14.090901 13.933333 13.802817 13.691665 13.592740 13.499273 13.404666 13.302273 13.185189 13.046022 12.876693 12.668250 12.410736 12.093108 11.703276 11.228281 10.654679 9.969204 9.159771 8.216865 7.135306 5.916262 4.569214 3.113357 1.577806 0.000000 
50.000000 47.270900 44.569127 41.921186 39.351982 36.884121 34.537315 32.327940 30.268729 28.368636 26.632854 25.062969 23.657248 22.411018 21.317117 20.366387 19.548176 18.850831 18.262147 17.769775 17.361548 17.025754 16.751321 16.527933 16.346079 16.197039 16.072811 15.966001 15.869665 15.777120 15.681740 15.576719 15.454826 15.308160 15.127891 14.904022 14.625180 14.278459 13.849353 13.321850 12.678752 11.902337 10.975491 9.883430 8.616100 7.171178 5.557342 3.797066 1.927759 0.000000 
50.000000 47.473517 44.972331 42.520980 40.142521 37.857879 35.685305 33.639957 31.733624 29.974594 28.367674 26.914332 25.612962 24.459237 23.446524 22.566342 21.808824 21.163176 20.618089 20.162114 19.783969 19.472782 19.218264 19.010809 18.841539 18.702279 18.585484 18.484126 18.391527 18.301174 18.206495 18.100610 17.976065 17.824541 17.636552 17.401133 17.105533 16.734935 16.272250 15.698032 14.990633 14.126741 13.082513 11.835554 10.368015 8.670924 6.749507 4.628521 2.355618 0.000000 
50.000000 47.695372 45.413820 43.177727 41.008124 38.924100 36.942302 35.076558 33.337619 31.733049 30.267229 28.941499 27.754393 26.701963 25.778155 24.975231 24.284186 23.695167 23.197848 22.781774 22.436635 22.152488 21.919910 21.730091 21.574865 21.446682 21.338534 21.243839 21.156277 21.069599 20.977394 20.872832 20.748373 20.595440 20.404061 20.162475 19.856715 19.470171 18.983165 18.372609 17.611837 16.670813 15.517005 14.117371 12.442017 10.470108 8.198221 5.650196 2.885437 0.000000 
50.000000 47.935846 45.892360 43.889589 41.946370 40.079799 38.304788 36.633721 35.076227 33.639079 32.326203 31.138798 30.075549 29.132920 28.305486 27.586315 26.967337 26.439722 25.994214 25.621437 25.312141 25.057398 24.848740 24.678231 24.538499 24.422702 24.324452 24.237703 24.156592 24.075242 23.987538 23.886854 23.765747 23.615602 23.426219 23.185343 22.878115 22.486457 21.988377 21.357254 20.561171 19.562488 18.318030 16.780494 14.902115 12.641956 9.978213 6.925671 3.554560 0.000000 
50.000000 48.193881 46.405847 44.653438 42.953136 41.319901 39.766780 38.304607 36.941810 35.684314 34.535553 33.496577 32.566235 31.741430 31.017418 30.388126 29.846494 29.384790 28.994908 28.668636 28.397867 28.174772 27.991915 27.842318 27.719482 27.617352 27.530250 27.452757 27.379571 27.305315 27.224315 27.130333 27.016252 26.873699 26.692601 26.460635 26.162573 25.779466 25.287662 24.657624 23.852577 22.827101 21.525983 19.884050 17.828452 15.285945 12.199017 8.554675 4.424700 0.000000 
50.000000 48.467984 46.951308 45.464851 44.022593 42.637223 41.319807 40.079538 38.923562 37.856905 36.882482 36.001180 35.212024 34.512387 33.898241 33.364437 32.904981 32.513312 32.182550 31.905723 31.675943 31.486556 31.331235 31.204035 31.099405 31.012157 30.937403 30.870450 30.806663 30.741294 30.669272 30.584951 30.481795 30.352014 30.186091 29.972198 29.695454 29.336948 28.872485 28.270918 27.492005 26.483689 25.178905 23.492384 21.318969 18.537076 15.024817 10.701299 5.605638 0.000000 
50.000000 48.756237 47.524928 46.318151 45.147258 44.022548 42.953008 41.946097 41.007620 40.141656 39.350571 38.635085 37.994407 37.426403 36.927802 36.494423 36.121399 35.803400 35.534838 35.310046 35.123427 34.969570 34.843323 34.739843 34.654594 34.583330 34.522031 34.466815 34.413824 34.359067 34.298239 34.226492 34.138155 34.026380 33.882698 33.696435 33.453943 33.137551 32.724118 32.183005 31.473193 30.539189 29.305287 27.667847 25.486009 22.573811 18.703782 13.648234 7.310708 0.000000 
50.000000 49.056334 48.122116 47.206512 46.318133 45.464795 44.653313 43.889351 43.177310 42.520286 41.920073 41.377219 40.891122 40.460163 40.081861 39.753041 39.470011 39.228724 39.024940 38.854356 38.712721 38.595922 38.500045 38.421401 38.356534 38.302198 38.255312 38.212888 38.171935 38.129340 38.081718 38.025222 37.955309 37.866443 37.751705 37.602274 37.406715 37.149985 36.811987 36.365435 35.772612 34.980330 33.911978 32.454866 30.440362 27.614609 23.603340 17.900726 10.000805 0.000000 
50.000000 49.365631 48.737614 48.122110 47.524908 46.951261 46.405752 45.892187 45.413525 44.971848 44.568361 44.203433 43.876659 43.586950 43.332638 43.111589 42.921320 42.759111 42.622109 42.507421 42.412187 42.333639 42.269141 42.216209 42.172510 42.135851 42.104146 42.075362 42.047459 42.018302 41.985552 41.946537 41.898081 41.836285 41.756236 41.651621 41.514167 41.332856 41.092737 40.773098 40.344544 39.764149 38.967068 37.851448 36.250211 33.876839 30.221491 24.368839 14.800992 0.000000 
50.000000 49.681219 49.365630 49.056329 48.756225 48.467958 48.193830 47.935755 47.695220 47.473269 47.270510 47.087128 46.922918 46.777334 46.649537 46.538455 46.442841 46.361326 46.292477 46.234839 46.186976 46.147495 46.115069 46.088450 46.066462 46.048000 46.032010 46.017464 46.003327 45.988512 45.971826 45.951899 45.927095 45.895398 45.854256 45.800372 45.729396 45.635492 45.510655 45.343653 45.118260 44.810191 44.381469 43.769314 42.862442 41.445598 39.055576 34.564669 24.840617 0.000000 
50.000000 50.000000 50.000000 50.000000 50.000000 50.000000 50.000000 50.000000 50.000000 50.000000 50.000000 50.000000 50.000000 50.000000 50.000000 50.000000 50.000000 50.000000 50.000000 50.000000 50.000000 50.000000 50.000000 50.000000 50.000000 50.000000 50.000000 50.000000 50.000000 50.000000 50.000000 50.000000 50.000000 50.000000 50.000000 50.000000 50.000000 50.000000 50.000000 50.000000 50.000000 50.000000 50.000000 50.000000 50.000000 50.000000 50.000000 50.000000 50.000000 50.000000 
