50.000000 50.000000 50.000000 50.000000 50.000000 50.000000 50.000000 50.000000 50.000000 50.000000 50.000000 50.000000 50.000000 50.000000 50.000000 50.000000 50.000000 50.000000 50.000000 50.000000 50.000000 50.000000 50.000000 50.000000 50.000000 50.000000 50.000000 50.000000 50.000000 50.000000 50.000000 50.000000 50.000000 50.000000 50.000000 50.000000 50.000000 50.000000 50.000000 50.000000 50.000000 50.000000 50.000000 50.000000 50.000000 50.000000 50.000000 50.000000 50.000000 50.000000 
50.000000 49.772772 49.547165 49.324767 49.107096 48.895570 48.691481 48.495969 48.310005 48.134378 47.969687 47.816339 47.674552 47.544366 47.425649 47.318118 47.221350 47.134807 47.057851 46.989760 46.929750 46.876984 46.830585 46.789643 46.753219 46.720340 46.689995 46.661117 46.632563 46.603084 46.571282 46.535551 46.494007 46.444375 46.383852 46.308905 46.214975 46.096044 45.943972 45.747434 45.490163 45.147892 44.682712 44.031971 43.084570 41.625487 39.191798 34.656116 24.886532 0.000000 
50.000000 49.547177 49.097586 48.654389 48.220611 47.799080 47.392369 47.002751 46.632160 46.282170 45.953973 45.648382 45.365831 45.106399 44.869824 44.655541 44.462712 44.290263 44.136922 44.001256 43.881702 43.776596 43.684195 43.602690 43.530218 43.464849 43.404580 43.347302 43.290762 43.232502 43.169778 43.099453 43.017853 42.920568 42.802190 42.655935 42.473113 42.242353 41.948430 41.570449 41.078936 40.430992 39.561913 38.370096 36.688826 34.232047 30.490473 24.549408 14.891655 0.000000 
50.000000 49.324816 48.654450 47.993618 47.346831 46.718305 46.111877 45.530936 44.978366 44.456513 43.967157 43.511507 43.090216 42.703397 42.350665 42.031175 41.743681 41.486584 41.257991 41.055769 40.877592 40.720988 40.583367 40.462047 40.354264 40.257165 40.167795 40.083050 39.999627 39.913936 39.821991 39.719256 39.600454 39.459294 39.288122 39.077423 38.815146 38.485725 38.068657 37.536387 36.851076 35.959576 34.785480 33.216466 31.084432 28.136198 23.998311 18.165871 10.133934 0.000000 
50.000000 49.107221 48.220813 47.347011 46.491781 45.660698 44.858834 44.090672 43.360026 42.669997 42.022939 41.420455 40.863404 40.351941 39.885555 39.463136 39.083035 38.743144 38.440966 38.173687 37.938244 37.731378 37.549684 37.389640 37.247620 37.119895 37.002611 36.891739 36.783009 36.671807 36.553042 36.420968 36.268951 36.089158 35.872158 35.606375 35.277351 34.866732 34.350848 33.698704 32.869121 31.806654 30.435857 28.653563 26.319594 23.248868 19.214962 13.991388 7.483003 0.000000 
50.000000 48.895828 47.799537 46.718836 45.661106 44.633240 43.641513 42.691468 41.787824 40.934417 40.134159 39.389032 38.700102 38.067562 37.490783 36.968394 36.498364 36.078090 35.704492 35.374104 35.083151 34.827625 34.603339 34.405974 34.231092 34.074147 33.930450 33.795132 33.663057 33.528716 33.386082 33.228410 33.047994 32.835843 32.581267 32.271340 31.890194 31.418087 30.830174 30.094877 29.171751 28.008791 26.539240 24.678394 22.321916 19.349273 15.639837 11.114157 5.812931 0.000000 
50.000000 48.691952 47.393239 46.112997 44.859966 43.642314 42.467476 41.342017 40.271530 39.260558 38.312552 37.429863 36.613756 35.864460 35.181236 34.562465 34.005746 33.508006 33.065610 32.674465 32.330122 32.027861 31.762760 31.529749 31.323639 31.139126 30.970771 30.812950 30.659779 30.504995 30.341808 30.162705 29.959202 29.721532 29.438257 29.095776 28.677715 28.164155 27.530688 26.747268 25.776882 24.574158 23.084228 21.242565 18.977247 16.216230 12.903446 9.027549 4.662124 0.000000 
50.000000 48.496760 47.004248 45.532964 44.092952 42.693600 41.343451 40.050053 38.819832 37.658011 36.568559 35.554176 34.616322 33.755263 32.970155 32.259142 31.619476 31.047637 30.539462 30.090270 29.694973 29.348185 29.044297 28.777545 28.542046 28.331812 28.140734 27.962536 27.790698 27.618347 27.438109 27.241922 27.020805 26.764572 26.461490 26.097864 25.657547 25.121366 24.466479 23.665685 22.686789 21.492195 20.039099 18.280901 16.170857 13.669349 10.756160 7.447889 3.816757 0.000000 
50.000000 48.311258 46.634569 44.981727 43.364018 41.791987 40.275234 38.822236 37.440215 36.135040 34.911171 33.771644 32.718102 31.750849 30.868942 30.070306 29.351864 28.709675 28.139083 27.634854 27.191307 26.802433 26.461990 26.163577 25.900684 25.666711 25.454964 25.258609 25.070608 24.883615 24.689837 24.480869 24.247478 23.979368 23.664881 23.290680 22.841384 22.299181 21.643457 20.850479 19.893268 18.741818 17.363985 15.727468 13.803460 11.572536 9.032966 6.210533 3.166771 0.000000 
50.000000 48.136281 46.285864 44.461765 42.676440 40.941529 39.267623 37.664083 36.138879 34.698488 33.347835 32.090276 30.927624 29.860223 28.887039 28.005791 27.213096 26.504622 25.875254 25.319244 24.830362 24.402027 24.027416 23.699552 23.411362 23.155711 22.925395 22.713122 22.511443 22.312661 22.108717 21.891034 21.650339 21.376462 21.058108 20.682615 20.235712 19.701292 19.061251 18.295444 17.381872 16.297236 15.018082 13.522783 11.794614 9.826071 7.624148 5.215628 2.650389 0.000000 
50.000000 47.972483 45.959438 43.975025 42.032795 40.145410 38.324397 36.579935 34.920699 33.353738 31.884410 30.516370 29.251597 28.090468 27.031868 26.073327 25.211178 24.440729 23.756439 23.152090 22.620947 22.155908 21.749624 21.394600 21.083266 20.808018 20.561227 20.335225 20.122247 19.914362 19.703366 19.480654 19.237072 18.962761 18.646977 18.277932 17.842645 17.326841 16.714938 15.990175 15.134966 14.131581 12.963287 11.616069 10.081017 8.357304 6.455413 4.399888 2.230417 0.000000 
50.000000 47.820344 45.656247 43.522931 41.434964 39.405960 37.448310 35.572960 33.789237 32.104719 30.525172 29.054526 27.694915 26.446751 25.308844 24.278551 23.351945 22.524005 21.788801 21.139683 20.569460 20.070558 19.635156 19.255299 18.922981 18.630197 18.368963 18.131311 17.909250 17.694702 17.479422 17.254886 17.012178 16.741864 16.433872 16.077380 15.660752 15.171519 14.596461 13.921825 13.133746 12.218923 11.165631 9.965115 8.613333 7.112947 5.475247 3.721509 1.883135 0.000000 
50.000000 47.680173 45.376904 43.106398 40.884159 38.724676 36.641139 34.645200 32.746785 30.953963 29.272873 27.707703 26.260729 24.932396 23.721449 22.625086 21.639146 20.758307 19.976285 19.286044 18.679980 18.150094 17.688147 17.285780 16.934609 16.626286 16.352539 16.105168 15.876023 15.656959 15.439762 15.216071 14.977283 14.714460 14.418247 14.078813 13.685828 13.228506 12.695735 12.076331 11.359454 10.535221 9.595543 8.535193 7.353047 6.053382 4.646992 3.151810 1.592676 0.000000 
50.000000 47.552118 45.121710 42.725873 40.380969 38.102288 35.903748 33.797645 31.794456 29.902698 28.128851 26.477338 24.950567 23.549015 22.271368 21.114682 20.074586 19.145484 18.320779 17.593085 16.954429 16.396438 15.910502 15.487909 15.119950 14.797994 14.513532 14.258190 14.023719 13.801959 13.584789 13.364058 13.131518 12.878754 12.597135 12.277780 11.911574 11.489236 11.001474 10.439230 9.794065 9.058671 8.227540 7.297753 6.269848 5.148643 3.943871 2.670418 1.347976 0.000000 
50.000000 47.436188 44.890678 42.381378 39.925424 37.538832 35.236179 33.030346 30.932307 28.950985 27.093169 25.363499 23.764499 22.296679 20.958671 19.747407 18.658325 17.685590 16.822323 16.060826 15.392801 14.809545 14.302125 13.861524 13.478757 13.144956 12.851424 12.589661 12.351363 12.128399 11.912772 11.696573 11.471922 11.230926 10.965643 10.668072 10.330188 9.944020 9.501801 8.996199 8.420637 7.769716 7.039725 6.229216 5.339591 4.375627 3.345813 2.262399 1.141040 0.000000 
50.000000 47.332269 44.683581 42.072572 39.517074 37.033750 34.637772 32.342543 30.159483 28.097880 26.164801 24.365078 22.701343 21.174136 19.782042 18.521884 17.388931 16.377136 15.479371 14.687665 13.993435 13.387690 12.861217 12.404737 12.009033 11.665043 11.363924 11.097085 10.856201 10.633197 10.420224 10.209620 9.993870 9.765576 9.517431 9.242225 8.932884 8.582547 8.184704 7.733395 7.223470 6.650922 6.013270 5.309968 4.542798 3.716195 2.837415 1.916491 0.965908 0.000000 
50.000000 47.240145 44.499992 41.798819 39.155076 36.586002 34.107294 31.732818 29.474390 27.341622 25.341829 23.480012 21.758901 20.179062 18.739040 17.435563 16.263753 15.217377 14.289089 13.470684 12.753327 12.127780 11.584591 11.114259 10.707373 10.354713 10.047321 9.776548 9.534070 9.311886 9.102300 8.897895 8.691501 8.476170 8.245168 7.991975 7.710329 7.394294 7.038378 6.637694 6.188173 5.686809 5.131949 4.523571 3.863553 3.155855 2.406602 1.623990 0.818014 0.000000 
50.000000 47.159529 44.339335 41.559261 38.838296 36.194184 33.643079 31.199256 28.874877 26.679837 24.621667 22.705518 20.934207 19.308321 17.826374 16.485009 15.279225 14.202625 13.247678 12.405974 11.668466 11.025703 10.468030 9.985761 9.569324 9.209372 8.896861 8.623103 8.379793 8.159009 7.953209 7.755203 7.558137 7.355466 7.140953 6.908672 6.653037 6.368872 6.051496 5.696854 5.301683 4.863691 4.381768 3.856177 3.288726 2.682873 2.043745 1.378037 0.693784 0.000000 
50.000000 47.090081 44.200935 41.352892 38.565403 35.856648 33.243178 30.739616 28.358425 26.109742 24.001286 22.038338 20.223788 18.558244 17.040194 15.666208 14.431179 13.328573 12.350701 11.488979 10.734180 10.076676 9.506641 9.014236 8.589758 8.223757 7.907127 7.631157 7.387567 7.168518 6.966610 6.774861 6.586693 6.395915 6.196711 5.983651 5.751711 5.496321 5.213439 4.899649 4.552280 4.169546 3.750685 3.296091 2.807423 2.287656 1.741070 1.173146 0.590380 0.000000 
50.000000 47.031439 44.084070 41.178633 38.334972 35.571633 32.905502 30.351499 27.922337 25.628360 23.477445 21.474983 19.623928 17.924904 16.376377 14.974860 13.715154 12.590614 11.593415 10.714830 9.945485 9.275602 8.695217 8.194365 7.763237 7.392307 7.072417 6.794847 6.551348 6.334157 6.136001 5.950081 5.770056 5.590032 5.404546 5.208574 4.997540 4.767359 4.514483 4.235977 3.929605 3.593929 3.228405 2.833469 2.410601 1.962342 1.492269 1.004898 0.505523 0.000000 
50.000000 46.983241 43.988018 41.035409 38.145579 35.337378 32.627965 30.032503 27.563914 25.232712 23.046902 21.011967 19.130911 17.404375 15.830807 14.406672 13.126697 11.984145 10.971084 10.078670 9.297407 8.617400 8.028572 7.520857 7.084367 6.709510 6.387098 6.108405 5.865212 5.649825 5.455080 5.274330 5.101434 4.930738 4.757066 4.575717 4.382470 4.173611 3.945969 3.696967 3.424681 3.127912 2.806246 2.460111 2.090808 1.700514 1.292237 0.869738 0.437388 0.000000 
50.000000 46.945146 43.912102 40.922209 37.995890 35.152231 32.408610 29.780381 27.280631 24.920007 22.706619 20.646020 18.741255 16.992979 15.399624 13.957618 12.661632 11.504856 10.479274 9.575949 8.785294 8.097318 7.501859 6.988775 6.548112 6.170237 5.845935 5.566480 5.323680 5.109900 4.918063 4.741647 4.574665 4.411656 4.247665 4.078238 3.899426 3.707793 3.500446 3.275065 3.029948 2.764054 2.477044 2.169316 1.842013 1.497016 1.136897 0.764840 0.384529 0.000000 
50.000000 46.916859 43.855729 40.838150 37.884735 35.014746 32.245723 29.593163 27.070274 24.687804 22.453937 20.374282 18.451913 16.687495 15.079450 13.624178 12.316309 11.148977 10.114106 9.202692 8.405077 7.711204 7.110846 6.593806 6.150086 5.770019 5.444373 5.164426 4.922008 4.709526 4.519973 4.346916 4.184489 4.027367 3.870760 3.710394 3.542513 3.363880 3.171796 2.964121 2.739300 2.496394 2.235106 1.955797 1.659485 1.347831 1.023085 0.688021 0.345830 0.000000 
50.000000 46.898139 43.818424 40.782524 37.811178 34.923766 32.137934 29.469273 26.931072 24.534145 22.286728 20.194462 18.260446 16.485347 14.867582 13.403533 12.087802 10.913489 9.872476 8.955714 8.153501 7.455734 6.852147 6.332505 5.886781 5.505287 5.178782 4.898544 4.656421 4.444848 4.256864 4.086099 3.926761 3.773620 3.621991 3.467718 3.307168 3.137234 2.955339 2.759455 2.548118 2.320450 2.076174 1.815621 1.539725 1.249998 0.948481 0.637682 0.320476 0.000000 
50.000000 46.888822 43.799856 40.754838 37.774568 34.878484 32.084285 29.407610 26.861789 24.457666 22.203504 20.104963 18.165149 16.384735 14.762132 13.293716 11.974073 10.796286 9.752216 8.832795 8.028295 7.328594 6.723403 6.202471 5.755754 5.373557 5.046633 4.766262 4.524298 4.313193 4.126008 3.956403 3.798626 3.647492 3.498367 3.347154 3.190283 3.024706 2.847909 2.657915 2.453305 2.233228 1.997416 1.746183 1.480421 1.201565 0.911557 0.612772 0.307931 0.000000 
50.000000 46.888822 43.799856 40.754838 37.774568 34.878484 32.084285 29.407610 26.861789 24.457666 22.203504 20.104963 18.165149 16.384735 14.762132 13.293716 11.974073 10.796286 9.752216 8.832795 8.028295 7.328594 6.723403 6.202471 5.755754 5.373557 5.046633 4.766262 4.524298 4.313193 4.126008 3.956403 3.798626 3.647492 3.498367 3.347154 3.190283 3.024706 2.847909 2.657915 2.453305 2.233228 1.997416 1.746183 1.480421 1.201565 0.911557 0.612772 0.307931 0.000000 
50.000000 46.898139 43.818424 40.782524 37.811178 34.923766 32.137934 29.469273 26.931072 24.534145 22.286728 20.194462 18.260446 16.485347 14.867582 13.403533 12.087802 10.913489 9.872476 8.955714 8.153501 7.455734 6.852147 6.332505 5.886781 5.505287 5.178782 4.898544 4.656421 4.444848 4.256864 4.086099 3.926761 3.773620 3.621991 3.467718 3.307168 3.137234 2.955339 2.759455 2.548118 2.320450 2.076174 1.815621 1.539725 1.249998 0.948481 0.637682 0.320476 0.000000 
50.000000 46.916859 43.855729 40.838150 37.884735 35.014746 32.245723 29.593163 27.070274 24.687804 22.453937 20.374282 18.451913 16.687495 15.079450 13.624178 12.316309 11.148977 10.114106 9.202692 8.405077 7.711204 7.110846 6.593806 6.150086 5.770019 5.444373 5.164426 4.922008 4.709526 4.519973 4.346916 4.184489 4.027367 3.870760 3.710394 3.542513 3.363880 3.171796 2.964121 2.739300 2.496394 2.235106 1.955797 1.659485 1.347831 1.023085 0.688021 0.345830 0.000000 
50.000000 46.945146 43.912102 40.922209 37.995890 35.152231 32.408610 29.780381 27.280631 24.920007 22.706619 20.646020 18.741255 16.992979 15.399624 13.957618 12.661632 11.504856 10.479274 9.575949 8.785294 8.097318 7.501859 6.988775 6.548112 6.170237 5.845935 5.566480 5.323680 5.109900 4.918063 4.741647 4.574665 4.411656 4.247665 4.078238 3.899426 3.707793 3.500446 3.275065 3.029948 2.764054 2.477044 2.169316 1.842013 1.497016 1.136897 0.764840 0.384529 0.000000 
50.000000 46.983241 43.988018 41.035409 38.145579 35.337378 32.627965 30.032503 27.563914 25.232712 23.046902 21.011967 19.130911 17.404375 15.830807 14.406672 13.126697 11.984145 10.971084 10.078670 9.297407 8.617400 8.028572 7.520857 7.084367 6.709510 6.387098 6.108405 5.865212 5.649825 5.455080 5.274330 5.101434 4.930738 4.757066 4.575717 4.382470 4.173611 3.945969 3.696967 3.424681 3.127912 2.806246 2.460111 2.090808 1.700514 1.292237 0.869738 0.437388 0.000000 
50.000000 47.031439 44.084070 41.178633 38.334972 35.571633 32.905502 30.351499 27.922337 25.628360 23.477445 21.474983 19.623928 17.924904 16.376377 14.974860 13.715154 12.590614 11.593415 10.714830 9.945485 9.275602 8.695217 8.194365 7.763237 7.392307 7.072417 6.794847 6.551348 6.334157 6.136001 5.950081 5.770056 5.590032 5.404546 5.208574 4.997540 4.767359 4.514483 4.235977 3.929605 3.593929 3.228405 2.833469 2.410601 1.962342 1.492269 1.004898 0.505523 0.000000 
50.000000 47.090081 44.200935 41.352892 38.565403 35.856648 33.243178 30.739616 28.358425 26.109742 24.001286 22.038338 20.223788 18.558244 17.040194 15.666208 14.431179 13.328573 12.350701 11.488979 10.734180 10.076676 9.506641 9.014236 8.589758 8.223757 7.907127 7.631157 7.387567 7.168518 6.966610 6.774861 6.586693 6.395915 6.196711 5.983651 5.751711 5.496321 5.213439 4.899649 4.552280 4.169546 3.750685 3.296091 2.807423 2.287656 1.741070 1.173146 0.590380 0.000000 
50.000000 47.159529 44.339335 41.559261 38.838296 36.194184 33.643079 31.199256 28.874877 26.679837 24.621667 22.705518 20.934207 19.308321 17.826374 16.485009 15.279225 14.202625 13.247678 12.405974 11.668466 11.025703 10.468030 9.985761 9.569324 9.209372 8.896861 8.623103 8.379793 8.159009 7.953209 7.755203 7.558137 7.355466 7.140953 6.908672 6.653037 6.368872 6.051496 5.696854 5.301683 4.863691 4.381768 3.856177 3.288726 2.682873 2.043745 1.378037 0.693784 0.000000 
50.000000 47.240145 44.499992 41.798819 39.155076 36.586002 34.107294 31.732818 29.474390 27.341622 25.341829 23.480012 21.758901 20.179062 18.739040 17.435563 16.263753 15.217377 14.289089 13.470684 12.753327 12.127780 11.584591 11.114259 10.707373 10.354713 10.047321 9.776548 9.534070 9.311886 9.102300 8.897895 8.691501 8.476170 8.245168 7.991975 7.710329 7.394294 7.038378 6.637694 6.188173 5.686809 5.131949 4.523571 3.863553 3.155855 2.406602 1.623990 0.818014 0.000000 
50.000000 47.332269 44.683581 42.072572 39.517074 37.033750 34.637772 32.342543 30.159483 28.097880 26.164801 24.365078 22.701343 21.174136 19.782042 18.521884 17.388931 16.377136 15.479371 14.687665 13.993435 13.387690 12.861217 12.404737 12.009033 11.665043 11.363924 11.097085 10.856201 10.633197 10.420224 10.209620 9.993870 9.765576 9.517431 9.242225 8.932884 8.582547 8.184704 7.733395 7.223470 6.650922 6.013270 5.309968 4.542798 3.716195 2.837415 1.916491 0.965908 0.000000 
50.000000 47.436188 44.890678 42.381378 39.925424 37.538832 35.236179 33.030346 30.932307 28.950985 27.093169 25.363499 23.764499 22.296679 20.958671 19.747407 18.658325 17.685590 16.822323 16.060826 15.392801 14.809545 14.302125 13.861524 13.478757 13.144956 12.851424 12.589661 12.351363 12.128399 11.912772 11.696573 11.471922 11.230926 10.965643 10.668072 10.330188 9.944020 9.501801 8.996199 8.420637 7.769716 7.039725 6.229216 5.339591 4.375627 3.345813 2.262399 1.141040 0.000000 
50.000000 47.552118 45.121710 42.725873 40.380969 38.102288 35.903748 33.797645 31.794456 29.902698 28.128851 26.477338 24.950567 23.549015 22.271368 21.114682 20.074586 19.145484 18.320779 17.593085 16.954429 16.396438 15.910502 15.487909 15.119950 14.797994 14.513532 14.258190 14.023719 13.801959 13.584789 13.364058 13.131518 12.878754 12.597135 12.277780 11.911574 11.489236 11.001474 10.439230 9.794065 9.058671 8.227540 7.297753 6.269848 5.148643 3.943871 2.670418 1.347976 0.000000 
50.000000 47.680173 45.376904 43.106398 40.884159 38.724676 36.641139 34.645200 32.746785 30.953963 29.272873 27.707703 26.260729 24.932396 23.721449 22.625086 21.639146 20.758307 19.976285 19.286044 18.679980 18.150094 17.688147 17.285780 16.934609 16.626286 16.352539 16.105168 15.876023 15.656959 15.439762 15.216071 14.977283 14.714460 14.418247 14.078813 13.685828 13.228506 12.695735 12.076331 11.359454 10.535221 9.595543 8.535193 7.353047 6.053382 4.646992 3.151810 1.592676 0.000000 
50.000000 47.820344 45.656247 43.522931 41.434964 39.405960 37.448310 35.572960 33.789237 32.104719 30.525172 29.054526 27.694915 26.446751 25.308844 24.278551 23.351945 22.524005 21.788801 21.139683 20.569460 20.070558 19.635156 19.255299 18.922981 18.630197 18.368963 18.131311 17.909250 17.694702 17.479422 17.254886 17.012178 16.741864 16.433872 16.077380 15.660752 15.171519 14.596461 13.921825 13.133746 12.218923 11.165631 9.965115 8.613333 7.112947 5.475247 3.721509 1.883135 0.000000 
50.000000 47.972483 45.959438 43.975025 42.032795 40.145410 38.324397 36.579935 34.920699 33.353738 31.884410 30.516370 29.251597 28.090468 27.031868 26.073327 25.211178 24.440729 23.756439 23.152090 22.620947 22.155908 21.749624 21.394600 21.083266 20.808018 20.561227 20.335225 20.122247 19.914362 19.703366 19.480654 19.237072 18.962761 18.646977 18.277932 17.842645 17.326841 16.714938 15.990175 15.134966 14.131581 12.963287 11.616069 10.081017 8.357304 6.455413 4.399888 2.230417 0.000000 
50.000000 48.136281 46.285864 44.461765 42.676440 40.941529 39.267623 37.664083 36.138879 34.698488 33.347835 32.090276 30.927624 29.860223 28.887039 28.005791 27.213096 26.504622 25.875254 25.319244 24.830362 24.402027 24.027416 23.699552 23.411362 23.155711 22.925395 22.713122 22.511443 22.312661 22.108717 21.891034 21.650339 21.376462 21.058108 20.682615 20.235712 19.701292 19.061251 18.295444 17.381872 16.297236 15.018082 13.522783 11.794614 9.826071 7.624148 5.215628 2.650389 0.000000 
50.000000 48.311258 46.634569 44.981727 43.364018 41.791987 40.275234 38.822236 37.440215 36.135040 34.911171 33.771644 32.718102 31.750849 30.868942 30.070306 29.351864 28.709675 28.139083 27.634854 27.191307 26.802433 26.461990 26.163577 25.900684 25.666711 25.454964 25.258609 25.070608 24.883615 24.689837 24.480869 24.247478 23.979368 23.664881 23.290680 22.841384 22.299181 21.643457 20.850479 19.893268 18.741818 17.363985 15.727468 13.803460 11.572536 9.032966 6.210533 3.166771 0.000000 
50.000000 48.496760 47.004248 45.532964 44.092952 42.693600 41.343451 40.050053 38.819832 37.658011 36.568559 35.554176 34.616322 33.755263 32.970155 32.259142 31.619476 31.047637 30.539462 30.090270 29.694973 29.348185 29.044297 28.777545 28.542046 28.331812 28.140734 27.962536 27.790698 27.618347 27.438109 27.241922 27.020805 26.764572 26.461490 26.097864 25.657547 25.121366 24.466479 23.665685 22.686789 21.492195 20.039099 18.280901 16.170857 13.669349 10.756160 7.447889 3.816757 0.000000 
50.000000 48.691952 47.393239 46.112997 44.859966 43.642314 42.467476 41.342017 40.271530 39.260558 38.312552 37.429863 36.613756 35.864460 35.181236 34.562465 34.005746 33.508006 33.065610 32.674465 32.330122 32.027861 31.762760 31.529749 31.323639 31.139126 30.970771 30.812950 30.659779 30.504995 30.341808 30.162705 29.959202 29.721532 29.438257 29.095776 28.677715 28.164155 27.530688 26.747268 25.776882 24.574158 23.084228 21.242565 18.977247 16.216230 12.903446 9.027549 4.662124 0.000000 
50.000000 48.895828 47.799537 46.718836 45.661106 44.633240 43.641513 42.691468 41.787824 40.934417 40.134159 39.389032 38.700102 38.067562 37.490783 36.968394 36.498364 36.078090 35.704492 35.374104 35.083151 34.827625 34.603339 34.405974 34.231092 34.074147 33.930450 33.795132 33.663057 33.528716 33.386082 33.228410 33.047994 32.835843 32.581267 32.271340 31.890194 31.418087 30.830174 30.094877 29.171751 28.008791 26.539240 24.678394 22.321916 19.349273 15.639837 11.114157 5.812931 0.000000 
50.000000 49.107221 48.220813 47.347011 46.491781 45.660698 44.858834 44.090672 43.360026 42.669997 42.022939 41.420455 40.863404 40.351941 39.885555 39.463136 39.083035 38.743144 38.440966 38.173687 37.938244 37.731378 37.549684 37.389640 37.247620 37.119895 37.002611 36.891739 36.783009 36.671807 36.553042 36.420968 36.268951 36.089158 35.872158 35.606375 35.277351 34.866732 34.350848 33.698704 32.869121 31.806654 30.435857 28.653563 26.319594 23.248868 19.214962 13.991388 7.483003 0.000000 
50.000000 49.324816 48.654450 47.993618 47.346831 46.718305 46.111877 45.530936 44.978366 44.456513 43.967157 43.511507 43.090216 42.703397 42.350665 42.031175 41.743681 41.486584 41.257991 41.055769 40.877592 40.720988 40.583367 40.462047 40.354264 40.257165 40.167795 40.083050 39.999627 39.913936 39.821991 39.719256 39.600454 39.459294 39.288122 39.077423 38.815146 38.485725 38.068657 37.536387 36.851076 35.959576 34.785480 33.216466 31.084432 28.136198 23.998311 18.165871 10.133934 0.000000 
50.000000 49.547177 49.097586 48.654389 48.220611 47.799080 47.392369 47.002751 46.632160 46.282170 45.953973 45.648382 45.365831 45.106399 44.869824 44.655541 44.462712 44.290263 44.136922 44.001256 43.881702 43.776596 43.684195 43.602690 43.530218 43.464849 43.404580 43.347302 43.290762 43.232502 43.169778 43.099453 43.017853 42.920568 42.802190 42.655935 42.473113 42.242353 41.948430 41.570449 41.078936 40.430992 39.561913 38.370096 36.688826 34.232047 30.490473 24.549408 14.891655 0.000000 
50.000000 49.772772 49.547165 49.324767 49.107096 48.895570 48.691481 48.495969 48.310005 48.134378 47.969687 47.816339 47.674552 47.544366 47.425649 47.318118 47.221350 47.134807 47.057851 46.989760 46.929750 46.876984 46.830585 46.789643 46.753219 46.720340 46.689995 46.661117 46.632563 46.603084 46.571282 46.535551 46.494007 46.444375 46.383852 46.308905 46.214975 46.096044 45.943972 45.747434 45.490163 45.147892 44.682712 44.031971 43.084570 41.625487 39.191798 34.656116 24.886532 0.000000 
50.000000 50.000000 50.000000 50.000000 50.000000 50.000000 50.000000 50.000000 50.000000 50.000000 50.000000 50.000000 50.000000 50.000000 50.000000 50.000000 50.000000 50.000000 50.000000 50.000000 50.000000 50.000000 50.000000 50.000000 50.000000 50.000000 50.000000 50.000000 50.000000 50.000000 50.000000 50.000000 50.000000 50.000000 50.000000 50.000000 50.000000 50.000000 50.000000 50.000000 50.000000 50.000000 50.000000 50.000000 50.000000 50.000000 50.000000 50.000000 50.000000 50.000000 
