50.000000 50.000000 50.000000 50.000000 50.000000 50.000000 50.000000 50.000000 50.000000 50.000000 50.000000 50.000000 50.000000 50.000000 50.000000 50.000000 50.000000 50.000000 50.000000 50.000000 50.000000 50.000000 50.000000 50.000000 50.000000 50.000000 50.000000 50.000000 50.000000 50.000000 50.000000 50.000000 50.000000 50.000000 50.000000 50.000000 50.000000 50.000000 50.000000 50.000000 50.000000 50.000000 50.000000 50.000000 50.000000 50.000000 50.000000 50.000000 50.000000 50.000000 
50.000000 48.207235 46.515295 45.008024 43.740052 42.732236 41.974851 41.436224 41.073382 40.841606 40.701055 40.620045 40.575611 40.552390 40.540812 40.535298 40.532786 40.531691 40.531233 40.531049 40.530978 40.530952 40.530943 40.530940 40.530938 40.530938 40.530938 40.530938 40.530937 40.530936 40.530932 40.530920 40.530889 40.530804 40.530589 40.530058 40.528790 40.525867 40.519348 40.505281 40.475836 40.415897 40.296704 40.063646 39.611111 38.725415 36.939408 33.115082 24.103617 0.000000 
50.000000 46.515295 43.226579 40.296822 37.832218 35.873304 34.401170 33.354250 32.649008 32.198521 31.925344 31.767895 31.681537 31.636406 31.613905 31.603189 31.598309 31.596180 31.595290 31.594933 31.594795 31.594744 31.594726 31.594720 31.594718 31.594717 31.594717 31.594716 31.594716 31.594713 31.594706 31.594685 31.594627 31.594476 31.594089 31.593135 31.590864 31.585643 31.574053 31.549173 31.497476 31.393292 31.189075 30.798238 30.064213 28.703256 26.197910 21.613290 13.400214 0.000000 
50.000000 45.008024 40.296822 36.099867 32.569287 29.763148 27.654351 26.154686 25.144481 24.499205 24.107918 23.882400 23.758711 23.694072 23.661846 23.646500 23.639510 23.636462 23.635187 23.634676 23.634479 23.634406 23.634380 23.634371 23.634368 23.634367 23.634366 23.634366 23.634365 23.634361 23.634352 23.634325 23.634253 23.634062 23.633574 23.632376 23.629535 23.623038 23.608699 23.578166 23.515374 23.390564 23.150478 22.702878 21.893025 20.470389 18.049934 14.098912 8.068616 0.000000 
50.000000 43.740052 37.832218 32.569287 28.142031 24.623256 21.978966 20.098527 18.831854 18.022781 17.532183 17.249437 17.094365 17.013330 16.972930 16.953692 16.944931 16.941110 16.939512 16.938871 16.938624 16.938533 16.938500 16.938489 16.938485 16.938484 16.938483 16.938483 16.938482 16.938478 16.938468 16.938440 16.938364 16.938163 16.937652 16.936403 16.933455 16.926753 16.912075 16.881108 16.818181 16.695014 16.462798 16.041205 15.304884 14.071015 12.098898 9.128962 5.014637 0.000000 
50.000000 42.732236 35.873304 29.763148 24.623256 20.538147 17.468329 15.285335 13.814900 12.875704 12.306222 11.978026 11.798034 11.703979 11.657092 11.634765 11.624597 11.620163 11.618309 11.617566 11.617279 11.617173 11.617135 11.617122 11.617117 11.617116 11.617115 11.617115 11.617114 11.617111 11.617101 11.617075 11.617005 11.616819 11.616349 11.615206 11.612521 11.606459 11.593290 11.565784 11.510578 11.404184 11.207465 10.859008 10.269073 9.318372 7.870123 5.809090 3.121125 0.000000 
50.000000 41.974851 34.401170 27.654351 21.978966 17.468329 14.078810 11.668530 10.045043 9.008121 8.379405 8.017084 7.818385 7.714560 7.662804 7.638160 7.626937 7.622044 7.619998 7.619177 7.618861 7.618743 7.618702 7.618687 7.618682 7.618681 7.618680 7.618680 7.618679 7.618676 7.618668 7.618647 7.618587 7.618433 7.618043 7.617099 7.614897 7.609956 7.599312 7.577302 7.533658 7.450775 7.300257 7.039405 6.609321 5.937761 4.951473 3.602933 1.911205 0.000000 
50.000000 41.436224 33.354250 26.154686 20.098527 15.285335 11.668530 9.096685 7.364417 6.258049 5.587247 5.200686 4.988701 4.877937 4.822725 4.796436 4.784465 4.779246 4.777064 4.776189 4.775851 4.775726 4.775681 4.775666 4.775661 4.775659 4.775659 4.775658 4.775658 4.775655 4.775650 4.775633 4.775587 4.775470 4.775174 4.774461 4.772806 4.769121 4.761244 4.745112 4.713486 4.654234 4.548343 4.368273 4.077870 3.635728 3.004208 2.165175 1.139520 0.000000 
50.000000 41.073382 32.649008 25.144481 18.831854 13.814900 10.045043 7.364417 5.558921 4.405811 3.706688 3.303818 3.082897 2.967469 2.909933 2.882539 2.870065 2.864626 2.862353 2.861441 2.861090 2.860959 2.860913 2.860897 2.860891 2.860890 2.860889 2.860889 2.860888 2.860887 2.860883 2.860871 2.860839 2.860756 2.860548 2.860050 2.858900 2.856357 2.850964 2.840015 2.818774 2.779460 2.710184 2.594268 2.410716 2.136840 1.753917 1.255717 0.657485 0.000000 
50.000000 40.841606 32.198521 24.499205 18.022781 12.875704 9.008121 6.258049 4.405811 3.222873 2.505681 2.092409 1.865790 1.747387 1.688370 1.660272 1.647478 1.641900 1.639568 1.638633 1.638273 1.638139 1.638091 1.638075 1.638069 1.638068 1.638067 1.638067 1.638066 1.638065 1.638063 1.638055 1.638034 1.637979 1.637843 1.637519 1.636776 1.635140 1.631696 1.624762 1.611436 1.587037 1.544563 1.474464 1.365126 1.204599 0.983831 0.701045 0.365770 0.000000 
50.000000 40.701055 31.925344 24.107918 17.532183 12.306222 8.379405 5.587247 3.706688 2.505681 1.777547 1.357977 1.127908 1.007706 0.947793 0.919269 0.906282 0.900619 0.898253 0.897303 0.896937 0.896802 0.896753 0.896737 0.896731 0.896729 0.896729 0.896729 0.896728 0.896728 0.896726 0.896721 0.896708 0.896675 0.896591 0.896394 0.895943 0.894957 0.892895 0.888773 0.880919 0.866673 0.842135 0.802104 0.740439 0.651075 0.529752 0.376171 0.195774 0.000000 
50.000000 40.620045 31.767895 23.882400 17.249437 11.978026 8.017084 5.200686 3.303818 2.092409 1.357977 0.934783 0.702731 0.581493 0.521066 0.492298 0.479199 0.473488 0.471101 0.470144 0.469775 0.469638 0.469589 0.469572 0.469567 0.469565 0.469564 0.469564 0.469564 0.469564 0.469563 0.469560 0.469552 0.469533 0.469485 0.469372 0.469115 0.468555 0.467392 0.465082 0.460713 0.452855 0.439441 0.417772 0.384736 0.337362 0.273701 0.193843 0.100696 0.000000 
50.000000 40.575611 31.681537 23.758711 17.094365 11.798034 7.818385 4.988701 3.082897 1.865790 1.127908 0.702731 0.469592 0.347789 0.287080 0.258178 0.245018 0.239281 0.236883 0.235922 0.235551 0.235413 0.235364 0.235347 0.235342 0.235340 0.235339 0.235339 0.235339 0.235339 0.235338 0.235337 0.235333 0.235322 0.235296 0.235235 0.235096 0.234796 0.234176 0.232951 0.230650 0.226540 0.219580 0.208429 0.191574 0.167612 0.135673 0.095894 0.049744 0.000000 
50.000000 40.552390 31.636406 23.694072 17.013330 11.703979 7.714560 4.877937 2.967469 1.747387 1.007706 0.581493 0.347789 0.225691 0.164835 0.135863 0.122672 0.116921 0.114518 0.113553 0.113182 0.113044 0.112995 0.112978 0.112972 0.112970 0.112970 0.112970 0.112970 0.112970 0.112969 0.112968 0.112966 0.112961 0.112948 0.112916 0.112845 0.112693 0.112379 0.111763 0.110611 0.108568 0.105131 0.099663 0.091458 0.079874 0.064537 0.045543 0.023599 0.000000 
50.000000 40.540812 31.613905 23.661846 16.972930 11.657092 7.662804 4.822725 2.909933 1.688370 0.947793 0.521066 0.287080 0.164835 0.103907 0.074900 0.061693 0.055936 0.053529 0.052564 0.052192 0.052054 0.052005 0.051988 0.051982 0.051980 0.051980 0.051980 0.051980 0.051979 0.051979 0.051979 0.051978 0.051975 0.051969 0.051953 0.051919 0.051845 0.051694 0.051399 0.050851 0.049883 0.048264 0.045704 0.041886 0.036527 0.029470 0.020770 0.010754 0.000000 
50.000000 40.535298 31.603189 23.646500 16.953692 11.634765 7.638160 4.796436 2.882539 1.660272 0.919269 0.492298 0.258178 0.135863 0.074900 0.045877 0.032663 0.026902 0.024494 0.023528 0.023156 0.023018 0.022969 0.022952 0.022946 0.022944 0.022944 0.022944 0.022944 0.022944 0.022944 0.022943 0.022943 0.022942 0.022939 0.022931 0.022916 0.022882 0.022812 0.022678 0.022429 0.021991 0.021262 0.020116 0.018415 0.016040 0.012925 0.009100 0.004708 0.000000 
50.000000 40.532786 31.598309 23.639510 16.944931 11.624597 7.626937 4.784465 2.870065 1.647478 0.906282 0.479199 0.245018 0.122672 0.061693 0.032663 0.019445 0.013683 0.011274 0.010308 0.009936 0.009798 0.009749 0.009732 0.009726 0.009724 0.009724 0.009724 0.009723 0.009723 0.009723 0.009723 0.009723 0.009723 0.009721 0.009718 0.009711 0.009696 0.009666 0.009607 0.009499 0.009310 0.008996 0.008504 0.007778 0.006768 0.005448 0.003833 0.001982 0.000000 
50.000000 40.531691 31.596180 23.636462 16.941110 11.620163 7.622044 4.779246 2.864626 1.641900 0.900619 0.473488 0.239281 0.116921 0.055936 0.026902 0.013683 0.007920 0.005511 0.004545 0.004172 0.004034 0.003985 0.003968 0.003963 0.003961 0.003960 0.003960 0.003960 0.003960 0.003960 0.003960 0.003960 0.003960 0.003959 0.003958 0.003955 0.003949 0.003936 0.003911 0.003866 0.003788 0.003658 0.003456 0.003158 0.002746 0.002209 0.001553 0.000803 0.000000 
50.000000 40.531233 31.595290 23.635187 16.939512 11.618309 7.619998 4.777064 2.862353 1.639568 0.898253 0.471101 0.236883 0.114518 0.053529 0.024494 0.011274 0.005511 0.003102 0.002136 0.001764 0.001626 0.001576 0.001559 0.001554 0.001552 0.001551 0.001551 0.001551 0.001551 0.001551 0.001551 0.001551 0.001551 0.001551 0.001550 0.001549 0.001547 0.001541 0.001532 0.001514 0.001482 0.001431 0.001351 0.001234 0.001072 0.000862 0.000606 0.000313 0.000000 
50.000000 40.531049 31.594933 23.634676 16.938871 11.617566 7.619177 4.776189 2.861441 1.638633 0.897303 0.470144 0.235922 0.113553 0.052564 0.023528 0.010308 0.004545 0.002136 0.001170 0.000797 0.000659 0.000610 0.000593 0.000588 0.000586 0.000585 0.000585 0.000585 0.000585 0.000585 0.000585 0.000585 0.000585 0.000585 0.000585 0.000584 0.000583 0.000581 0.000577 0.000571 0.000559 0.000539 0.000509 0.000464 0.000403 0.000324 0.000227 0.000117 0.000000 
50.000000 40.530978 31.594795 23.634479 16.938624 11.617279 7.618861 4.775851 2.861090 1.638273 0.896937 0.469775 0.235551 0.113182 0.052192 0.023156 0.009936 0.004172 0.001764 0.000797 0.000425 0.000287 0.000238 0.000221 0.000215 0.000213 0.000213 0.000213 0.000213 0.000213 0.000213 0.000213 0.000213 0.000213 0.000212 0.000212 0.000212 0.000212 0.000211 0.000210 0.000207 0.000203 0.000196 0.000185 0.000168 0.000146 0.000117 0.000082 0.000043 0.000000 
50.000000 40.530952 31.594744 23.634406 16.938533 11.617173 7.618743 4.775726 2.860959 1.638139 0.896802 0.469638 0.235413 0.113044 0.052054 0.023018 0.009798 0.004034 0.001626 0.000659 0.000287 0.000149 0.000100 0.000083 0.000077 0.000075 0.000075 0.000075 0.000075 0.000074 0.000074 0.000074 0.000074 0.000074 0.000074 0.000074 0.000074 0.000074 0.000074 0.000073 0.000073 0.000071 0.000069 0.000065 0.000059 0.000051 0.000041 0.000029 0.000015 0.000000 
50.000000 40.530943 31.594726 23.634380 16.938500 11.617135 7.618702 4.775681 2.860913 1.638091 0.896753 0.469589 0.235364 0.112995 0.052005 0.022969 0.009749 0.003985 0.001576 0.000610 0.000238 0.000100 0.000050 0.000033 0.000028 0.000026 0.000025 0.000025 0.000025 0.000025 0.000025 0.000025 0.000025 0.000025 0.000025 0.000025 0.000025 0.000025 0.000025 0.000025 0.000025 0.000024 0.000023 0.000022 0.000020 0.000017 0.000014 0.000010 0.000005 0.000000 
50.000000 40.530940 31.594720 23.634371 16.938489 11.617122 7.618687 4.775666 2.860897 1.638075 0.896737 0.469573 0.235348 0.112978 0.051988 0.022952 0.009732 0.003968 0.001560 0.000593 0.000221 0.000083 0.000034 0.000017 0.000011 0.000009 0.000009 0.000009 0.000008 0.000008 0.000008 0.000008 0.000008 0.000008 0.000008 0.000008 0.000008 0.000008 0.000008 0.000008 0.000008 0.000008 0.000008 0.000007 0.000007 0.000006 0.000005 0.000003 0.000002 0.000000 
50.000000 40.530939 31.594718 23.634368 16.938486 11.617118 7.618683 4.775662 2.860892 1.638070 0.896732 0.469568 0.235343 0.112973 0.051983 0.022947 0.009727 0.003963 0.001555 0.000588 0.000216 0.000078 0.000029 0.000012 0.000006 0.000004 0.000004 0.000003 0.000003 0.000003 0.000003 0.000003 0.000003 0.000003 0.000003 0.000003 0.000003 0.000003 0.000003 0.000003 0.000003 0.000003 0.000003 0.000003 0.000003 0.000002 0.000002 0.000001 0.000001 0.000000 
50.000000 40.530939 31.594718 23.634368 16.938486 11.617118 7.618683 4.775662 2.860892 1.638070 0.896732 0.469568 0.235343 0.112973 0.051983 0.022947 0.009727 0.003963 0.001555 0.000588 0.000216 0.000078 0.000029 0.000012 0.000006 0.000004 0.000004 0.000003 0.000003 0.000003 0.000003 0.000003 0.000003 0.000003 0.000003 0.000003 0.000003 0.000003 0.000003 0.000003 0.000003 0.000003 0.000003 0.000003 0.000003 0.000002 0.000002 0.000001 0.000001 0.000000 
50.000000 40.530940 31.594720 23.634371 16.938489 11.617122 7.618687 4.775666 2.860897 1.638075 0.896737 0.469573 0.235348 0.112978 0.051988 0.022952 0.009732 0.003968 0.001560 0.000593 0.000221 0.000083 0.000034 0.000017 0.000011 0.000009 0.000009 0.000009 0.000008 0.000008 0.000008 0.000008 0.000008 0.000008 0.000008 0.000008 0.000008 0.000008 0.000008 0.000008 0.000008 0.000008 0.000008 0.000007 0.000007 0.000006 0.000005 0.000003 0.000002 0.000000 
50.000000 40.530943 31.594726 23.634380 16.938500 11.617135 7.618702 4.775681 2.860913 1.638091 0.896753 0.469589 0.235364 0.112995 0.052005 0.022969 0.009749 0.003985 0.001576 0.000610 0.000238 0.000100 0.000050 0.000033 0.000028 0.000026 0.000025 0.000025 0.000025 0.000025 0.000025 0.000025 0.000025 0.000025 0.000025 0.000025 0.000025 0.000025 0.000025 0.000025 0.000025 0.000024 0.000023 0.000022 0.000020 0.000017 0.000014 0.000010 0.000005 0.000000 
50.000000 40.530952 31.594744 23.634406 16.938533 11.617173 7.618743 4.775726 2.860959 1.638139 0.896802 0.469638 0.235413 0.113044 0.052054 0.023018 0.009798 0.004034 0.001626 0.000659 0.000287 0.000149 0.000100 0.000083 0.000077 0.000075 0.000075 0.000075 0.000075 0.000074 0.000074 0.000074 0.000074 0.000074 0.000074 0.000074 0.000074 0.000074 0.000074 0.000073 0.000073 0.000071 0.000069 0.000065 0.000059 0.000051 0.000041 0.000029 0.000015 0.000000 
50.000000 40.530978 31.594795 23.634479 16.938624 11.617279 7.618861 4.775851 2.861090 1.638273 0.896937 0.469775 0.235551 0.113182 0.052192 0.023156 0.009936 0.004172 0.001764 0.000797 0.000425 0.000287 0.000238 0.000221 0.000215 0.000213 0.000213 0.000213 0.000213 0.000213 0.000213 0.000213 0.000213 0.000213 0.000212 0.000212 0.000212 0.000212 0.000211 0.000210 0.000207 0.000203 0.000196 0.000185 0.000168 0.000146 0.000117 0.000082 0.000043 0.000000 
50.000000 40.531049 31.594933 23.634676 16.938871 11.617566 7.619177 4.776189 2.861441 1.638633 0.897303 0.470144 0.235922 0.113553 0.052564 0.023528 0.010308 0.004545 0.002136 0.001170 0.000797 0.000659 0.000610 0.000593 0.000588 0.000586 0.000585 0.000585 0.000585 0.000585 0.000585 0.000585 0.000585 0.000585 0.000585 0.000585 0.000584 0.000583 0.000581 0.000577 0.000571 0.000559 0.000539 0.000509 0.000464 0.000403 0.000324 0.000227 0.000117 0.000000 
50.000000 40.531233 31.595290 23.635187 16.939512 11.618309 7.619998 4.777064 2.862353 1.639568 0.898253 0.471101 0.236883 0.114518 0.053529 0.024494 0.011274 0.005511 0.003102 0.002136 0.001764 0.001626 0.001576 0.001559 0.001554 0.001552 0.001551 0.001551 0.001551 0.001551 0.001551 0.001551 0.001551 0.001551 0.001551 0.001550 0.001549 0.001547 0.001541 0.001532 0.001514 0.001482 0.001431 0.001351 0.001234 0.001072 0.000862 0.000606 0.000313 0.000000 
50.000000 40.531691 31.596180 23.636462 16.941110 11.620163 7.622044 4.779246 2.864626 1.641900 0.900619 0.473488 0.239281 0.116921 0.055936 0.026902 0.013683 0.007920 0.005511 0.004545 0.004172 0.004034 0.003985 0.003968 0.003963 0.003961 0.003960 0.003960 0.003960 0.003960 0.003960 0.003960 0.003960 0.003960 0.003959 0.003958 0.003955 0.003949 0.003936 0.003911 0.003866 0.003788 0.003658 0.003456 0.003158 0.002746 0.002209 0.001553 0.000803 0.000000 
50.000000 40.532786 31.598309 23.639510 16.944931 11.624597 7.626937 4.784465 2.870065 1.647478 0.906282 0.479199 0.245018 0.122672 0.061693 0.032663 0.019445 0.013683 0.011274 0.010308 0.009936 0.009798 0.009749 0.009732 0.009726 0.009724 0.009724 0.009724 0.009723 0.009723 0.009723 0.009723 0.009723 0.009723 0.009721 0.009718 0.009711 0.009696 0.009666 0.009607 0.009499 0.009310 0.008996 0.008504 0.007778 0.006768 0.005448 0.003833 0.001982 0.000000 
50.000000 40.535298 31.603189 23.646500 16.953692 11.634765 7.638160 4.796436 2.882539 1.660272 0.919269 0.492298 0.258178 0.135863 0.074900 0.045877 0.032663 0.026902 0.024494 0.023528 0.023156 0.023018 0.022969 0.022952 0.022946 0.022944 0.022944 0.022944 0.022944 0.022944 0.022944 0.022943 0.022943 0.022942 0.022939 0.022931 0.022916 0.022882 0.022812 0.022678 0.022429 0.021991 0.021262 0.020116 0.018415 0.016040 0.012925 0.009100 0.004708 0.000000 
50.000000 40.540812 31.613905 23.661846 16.972930 11.657092 7.662804 4.822725 2.909933 1.688370 0.947793 0.521066 0.287080 0.164835 0.103907 0.074900 0.061693 0.055936 0.053529 0.052564 0.052192 0.052054 0.052005 0.051988 0.051982 0.051980 0.051980 0.051980 0.051980 0.051979 0.051979 0.051979 0.051978 0.051975 0.051969 0.051953 0.051919 0.051845 0.051694 0.051399 0.050851 0.049883 0.048264 0.045704 0.041886 0.036527 0.029470 0.020770 0.010754 0.000000 
50.000000 40.552390 31.636406 23.694072 17.013330 11.703979 7.714560 4.877937 2.967469 1.747387 1.007706 0.581493 0.347789 0.225691 0.164835 0.135863 0.122672 0.116921 0.114518 0.113553 0.113182 0.113044 0.112995 0.112978 0.112972 0.112970 0.112970 0.112970 0.112970 0.112970 0.112969 0.112968 0.112966 0.112961 0.112948 0.112916 0.112845 0.112693 0.112379 0.111763 0.110611 0.108568 0.105131 0.099663 0.091458 0.079874 0.064537 0.045543 0.023599 0.000000 
50.000000 40.575611 31.681537 23.758711 17.094365 11.798034 7.818385 4.988701 3.082897 1.865790 1.127908 0.702731 0.469592 0.347789 0.287080 0.258178 0.245018 0.239281 0.236883 0.235922 0.235551 0.235413 0.235364 0.235347 0.235342 0.235340 0.235339 0.235339 0.235339 0.235339 0.235338 0.235337 0.235333 0.235322 0.235296 0.235235 0.235096 0.234796 0.234176 0.232951 0.230650 0.226540 0.219580 0.208429 0.191574 0.167612 0.135673 0.095894 0.049744 0.000000 
50.000000 40.620045 31.767895 23.882400 17.249437 11.978026 8.017084 5.200686 3.303818 2.092409 1.357977 0.934783 0.702731 0.581493 0.521066 0.492298 0.479199 0.473488 0.471101 0.470144 0.469775 0.469638 0.469589 0.469572 0.469567 0.469565 0.469564 0.469564 0.469564 0.469564 0.469563 0.469560 0.469552 0.469533 0.469485 0.469372 0.469115 0.468555 0.467392 0.465082 0.460713 0.452855 0.439441 0.417772 0.384736 0.337362 0.273701 0.193843 0.100696 0.000000 
50.000000 40.701055 31.925344 24.107918 17.532183 12.306222 8.379405 5.587247 3.706688 2.505681 1.777547 1.357977 1.127908 1.007706 0.947793 0.919269 0.906282 0.900619 0.898253 0.897303 0.896937 0.896802 0.896753 0.896737 0.896731 0.896729 0.896729 0.896729 0.896728 0.896728 0.896726 0.896721 0.896708 0.896675 0.896591 0.896394 0.895943 0.894957 0.892895 0.888773 0.880919 0.866673 0.842135 0.802104 0.740439 0.651075 0.529752 0.376171 0.195774 0.000000 
50.000000 40.841606 32.198521 24.499205 18.022781 12.875704 9.008121 6.258049 4.405811 3.222873 2.505681 2.092409 1.865790 1.747387 1.688370 1.660272 1.647478 1.641900 1.639568 1.638633 1.638273 1.638139 1.638091 1.638075 1.638069 1.638068 1.638067 1.638067 1.638066 1.638065 1.638063 1.638055 1.638034 1.637979 1.637843 1.637519 1.636776 1.635140 1.631696 1.624762 1.611436 1.587037 1.544563 1.474464 1.365126 1.204599 0.983831 0.701045 0.365770 0.000000 
50.000000 41.073382 32.649008 25.144481 18.831854 13.814900 10.045043 7.364417 5.558921 4.405811 3.706688 3.303818 3.082897 2.967469 2.909933 2.882539 2.870065 2.864626 2.862353 2.861441 2.861090 2.860959 2.860913 2.860897 2.860891 2.860890 2.860889 2.860889 2.860888 2.860887 2.860883 2.860871 2.860839 2.860756 2.860548 2.860050 2.858900 2.856357 2.850964 2.840015 2.818774 2.779460 2.710184 2.594268 2.410716 2.136840 1.753917 1.255717 0.657485 0.000000 
50.000000 41.436224 33.354250 26.154686 20.098527 15.285335 11.668530 9.096685 7.364417 6.258049 5.587247 5.200686 4.988701 4.877937 4.822725 4.796436 4.784465 4.779246 4.777064 4.776189 4.775851 4.775726 4.775681 4.775666 4.775661 4.775659 4.775659 4.775658 4.775658 4.775655 4.775650 4.775633 4.775587 4.775470 4.775174 4.774461 4.772806 4.769121 4.761244 4.745112 4.713486 4.654234 4.548343 4.368273 4.077870 3.635728 3.004208 2.165175 1.139520 0.000000 
50.000000 41.974851 34.401170 27.654351 21.978966 17.468329 14.078810 11.668530 10.045043 9.008121 8.379405 8.017084 7.818385 7.714560 7.662804 7.638160 7.626937 7.622044 7.619998 7.619177 7.618861 7.618743 7.618702 7.618687 7.618682 7.618681 7.618680 7.618680 7.618679 7.618676 7.618668 7.618647 7.618587 7.618433 7.618043 7.617099 7.614897 7.609956 7.599312 7.577302 7.533658 7.450775 7.300257 7.039405 6.609321 5.937761 4.951473 3.602933 1.911205 0.000000 
50.000000 42.732236 35.873304 29.763148 24.623256 20.538147 17.468329 15.285335 13.814900 12.875704 12.306222 11.978026 11.798034 11.703979 11.657092 11.634765 11.624597 11.620163 11.618309 11.617566 11.617279 11.617173 11.617135 11.617122 11.617117 11.617116 11.617115 11.617115 11.617114 11.617111 11.617101 11.617075 11.617005 11.616819 11.616349 11.615206 11.612521 11.606459 11.593290 11.565784 11.510578 11.404184 11.207465 10.859008 10.269073 9.318372 7.870123 5.809090 3.121125 0.000000 
50.000000 43.740052 37.832218 32.569287 28.142031 24.623256 21.978966 20.098527 18.831854 18.022781 17.532183 17.249437 17.094365 17.013330 16.972930 16.953692 16.944931 16.941110 16.939512 16.938871 16.938624 16.938533 16.938500 16.938489 16.938485 16.938484 16.938483 16.938483 16.938482 16.938478 16.938468 16.938440 16.938364 16.938163 16.937652 16.936403 16.933455 16.926753 16.912075 16.881108 16.818181 16.695014 16.462798 16.041205 15.304884 14.071015 12.098898 9.128962 5.014637 0.000000 
50.000000 45.008024 40.296822 36.099867 32.569287 29.763148 27.654351 26.154686 25.144481 24.499205 24.107918 23.882400 23.758711 23.694072 23.661846 23.646500 23.639510 23.636462 23.635187 23.634676 23.634479 23.634406 23.634380 23.634371 23.634368 23.634367 23.634366 23.634366 23.634365 23.634361 23.634352 23.634325 23.634253 23.634062 23.633574 23.632376 23.629535 23.623038 23.608699 23.578166 23.515374 23.390564 23.150478 22.702878 21.893025 20.470389 18.049934 14.098912 8.068616 0.000000 
50.000000 46.515295 43.226579 40.296822 37.832218 35.873304 34.401170 33.354250 32.649008 32.198521 31.925344 31.767895 31.681537 31.636406 31.613905 31.603189 31.598309 31.596180 31.595290 31.594933 31.594795 31.594744 31.594726 31.594720 31.594718 31.594717 31.594717 31.594716 31.594716 31.594713 31.594706 31.594685 31.594627 31.594476 31.594089 31.593135 31.590864 31.585643 31.574053 31.549173 31.497476 31.393292 31.189075 30.798238 30.064213 28.703256 26.197910 21.613290 13.400214 0.000000 
50.000000 48.207235 46.515295 45.008024 43.740052 42.732236 41.974851 41.436224 41.073382 40.841606 40.701055 40.620045 40.575611 40.552390 40.540812 40.535298 40.532786 40.531691 40.531233 40.531049 40.530978 40.530952 40.530943 40.530940 40.530938 40.530938 40.530938 40.530938 40.530937 40.530936 40.530932 40.530920 40.530889 40.530804 40.530589 40.530058 40.528790 40.525867 40.519348 40.505281 40.475836 40.415897 40.296704 40.063646 39.611111 38.725415 36.939408 33.115082 24.103617 0.000000 
50.000000 50.000000 50.000000 50.000000 50.000000 50.000000 50.000000 50.000000 50.000000 50.000000 50.000000 50.000000 50.000000 50.000000 50.000000 50.000000 50.000000 50.000000 50.000000 50.000000 50.000000 50.000000 50.000000 50.000000 50.000000 50.000000 50.000000 50.000000 50.000000 50.000000 50.000000 50.000000 50.000000 50.000000 50.000000 50.000000 50.000000 50.000000 50.000000 50.000000 50.000000 50.000000 50.000000 50.000000 50.000000 50.000000 50.000000 50.000000 50.000000 50.000000 
