50.000000 50.000000 50.000000 50.000000 50.000000 50.000000 50.000000 50.000000 50.000000 50.000000 50.000000 50.000000 50.000000 50.000000 50.000000 50.000000 50.000000 50.000000 50.000000 50.000000 50.000000 50.000000 50.000000 50.000000 50.000000 50.000000 50.000000 50.000000 50.000000 50.000000 50.000000 50.000000 50.000000 50.000000 50.000000 50.000000 50.000000 50.000000 50.000000 50.000000 50.000000 50.000000 50.000000 50.000000 50.000000 50.000000 50.000000 50.000000 50.000000 50.000000 
50.000000 49.474662 48.957992 48.458227 47.982783 47.537927 47.128541 46.757987 46.428085 46.139187 45.890330 45.679460 45.503685 45.359540 45.243245 45.150931 45.078828 45.023411 44.981493 44.950284 44.927405 44.910878 44.899096 44.890778 44.884914 44.880710 44.877535 44.874860 44.872204 44.869078 44.864916 44.859004 44.850382 44.837728 44.819191 44.792169 44.752992 44.696453 44.615117 44.498216 44.329861 44.085948 43.728489 43.194490 42.372232 41.045804 38.751135 34.359465 24.737331 0.000000 
50.000000 48.957992 47.933175 46.941890 45.998846 45.116474 44.304456 43.569463 42.915103 42.342073 41.848466 41.430206 41.081557 40.795647 40.564977 40.381872 40.238857 40.128937 40.045795 39.983893 39.938513 39.905734 39.882370 39.865877 39.854256 39.845936 39.839667 39.834406 39.829213 39.823129 39.815060 39.803622 39.786974 39.762577 39.726900 39.674994 39.599919 39.491898 39.337088 39.115693 38.798981 38.344374 37.687009 36.724613 35.289254 33.093130 29.624705 23.966587 14.598526 0.000000 
50.000000 48.458227 46.941890 45.475167 44.079824 42.774253 41.572778 40.485271 39.517071 38.669208 37.938861 37.319999 36.804135 36.381100 36.039798 35.768875 35.557269 35.394633 35.271616 35.180028 35.112887 35.064393 35.029832 35.005445 34.988276 34.976008 34.966800 34.959127 34.951618 34.942897 34.931397 34.915163 34.891602 34.857165 34.806942 34.734105 34.629152 34.478844 34.264695 33.960749 33.530247 32.920507 32.054894 30.820105 29.046271 26.477673 22.737584 17.317184 9.707092 0.000000 
50.000000 47.982783 45.998846 44.079824 42.254194 40.546019 38.974042 37.551178 36.284414 35.175096 34.219532 33.409834 32.734894 32.181410 31.734864 31.380400 31.103544 30.890758 30.729811 30.609984 30.522146 30.458709 30.413506 30.381627 30.359208 30.343231 30.331303 30.321456 30.311939 30.301015 30.286735 30.266689 30.237712 30.195511 30.134187 30.045618 29.918620 29.737827 29.482150 29.122642 28.619505 27.917889 26.942056 25.587585 23.712042 21.127097 17.602152 12.905716 6.936979 0.000000 
50.000000 47.537927 45.116474 42.774253 40.546019 38.461144 36.542504 34.805861 33.259744 31.905794 30.739507 29.751254 28.927477 28.251941 27.706925 27.274296 26.936391 26.676686 26.480251 26.334007 26.226809 26.149397 26.094252 26.055383 26.028088 26.008696 25.994314 25.982580 25.971418 25.958800 25.942490 25.919763 25.887082 25.839694 25.771137 25.672606 25.532134 25.333535 25.055032 24.667474 24.132055 23.397476 22.396632 21.043334 19.230573 16.833978 13.727982 9.827221 5.165696 0.000000 
50.000000 47.128541 44.304457 41.572779 38.974043 36.542505 34.304844 32.279443 30.476250 28.897178 27.536973 26.384405 25.423663 24.635809 24.000178 23.495622 23.101539 22.798659 22.569570 22.399019 22.274011 22.183748 22.119467 22.074190 22.042445 22.019973 22.003434 21.990125 21.977703 21.963926 21.946368 21.922128 21.887489 21.837522 21.765597 21.662791 21.517148 21.312771 21.028713 20.637664 20.104454 19.384507 18.422563 17.152424 15.499174 13.386460 10.752675 7.579845 3.934052 0.000000 
50.000000 46.757987 43.569464 40.485272 37.551180 34.805863 32.279445 29.992680 27.956799 26.173963 24.638239 23.336947 22.252235 21.362723 20.645077 20.075419 19.630491 19.288535 19.029894 18.837347 18.696224 18.594340 18.521806 18.470752 18.435020 18.409825 18.391438 18.376868 18.363568 18.349147 18.331087 18.306432 18.271464 18.221317 18.149534 18.047533 17.903987 17.704100 17.428789 17.053821 16.548997 15.877581 14.996345 13.856888 12.409235 10.609127 8.430380 5.882456 3.029499 0.000000 
50.000000 46.428086 42.915105 39.517074 36.284418 33.259748 30.476254 27.956802 25.713764 23.749523 22.057539 20.623845 19.428769 18.448755 17.658096 17.030483 16.540292 16.163551 15.878604 15.666479 15.511016 15.398796 15.318928 15.262757 15.223514 15.195960 15.176029 15.160499 15.146669 15.132068 15.114159 15.090042 15.056136 15.007832 14.939097 14.842023 14.706336 14.518844 14.262895 13.917879 13.458913 12.856893 12.079235 11.091756 9.862279 8.366534 6.596571 4.570734 2.342140 0.000000 
50.000000 46.139189 42.342077 38.669214 35.175103 31.905803 28.897187 26.173972 23.749529 21.626433 19.797617 18.247980 16.956262 15.897000 15.042406 14.364046 13.834222 13.427023 13.119043 12.889778 12.721765 12.600501 12.514227 12.453598 12.411319 12.381758 12.360572 12.344351 12.330293 12.315896 12.298668 12.275843 12.244083 12.199166 12.135652 12.046513 11.922755 11.753035 11.523321 11.216673 10.813239 10.290645 9.624995 8.792748 7.773760 6.555608 5.138974 3.543101 1.809330 0.000000 
50.000000 45.890333 41.848474 37.938872 34.219547 30.739525 27.536992 24.638259 22.057558 19.797629 17.850950 16.201446 14.826485 13.698963 12.789301 12.067232 11.503271 11.069840 10.742024 10.498000 10.319180 10.190137 10.098357 10.033909 9.989049 9.957815 9.935634 9.918955 9.904909 9.891007 9.874849 9.853852 9.824988 9.784499 9.727624 9.648307 9.538916 9.389984 9.190033 8.925521 8.581017 8.139722 7.584470 6.899355 6.072071 5.096921 3.978135 2.732789 1.392122 0.000000 
50.000000 45.679467 41.430221 37.320021 33.409862 29.751287 26.384443 23.336988 20.623886 18.248017 16.201471 14.467349 13.021857 11.836499 10.880180 10.121077 9.528194 9.072539 8.727918 8.471392 8.283422 8.147794 8.051361 7.983696 7.936679 7.904076 7.881128 7.864178 7.850324 7.837116 7.822272 7.803428 7.777888 7.742391 7.692879 7.624269 7.530253 7.403138 7.233765 7.011559 6.724783 6.361059 5.908253 5.355775 4.696292 3.927741 3.055348 2.093148 1.064358 0.000000 
50.000000 45.503699 41.081585 36.804175 32.734947 28.927541 25.423735 22.252315 19.428853 16.956344 14.826558 13.021906 11.517627 10.284063 9.288855 8.498886 7.881899 7.407722 7.049097 6.782153 6.586561 6.445450 6.345150 6.274820 6.226031 6.192327 6.168804 6.151727 6.138185 6.125782 6.112371 6.095811 6.073745 6.043398 6.001388 5.943547 5.864784 5.758986 5.619004 5.436746 5.203444 4.910120 4.548308 4.111044 3.594072 2.997174 2.325372 1.589715 0.807259 0.000000 
50.000000 45.359565 40.795697 36.381173 32.181506 28.252057 24.635943 21.362872 18.448915 15.897164 13.699122 11.836638 10.284155 9.011066 7.983972 7.168695 6.531945 6.042582 5.672476 5.396993 5.195154 5.049554 4.946091 4.873590 4.823370 4.788796 4.764854 4.747755 4.734591 4.723032 4.711065 4.696766 4.678099 4.652742 4.617927 4.570307 4.505857 4.419818 4.306715 4.160468 3.974626 3.742767 3.459048 3.118936 2.720043 2.262984 1.752096 1.195829 0.606599 0.000000 
50.000000 45.243291 40.565067 36.039931 31.735038 27.707135 24.000422 20.645349 17.658390 15.042715 12.789613 10.880478 9.289112 7.984140 6.931325 6.095635 5.442944 4.941332 4.561968 4.279598 4.072724 3.923507 3.817499 3.743258 3.691900 3.656653 3.632415 3.615362 3.602600 3.591866 3.581274 3.569098 3.553595 3.532842 3.504610 3.466258 3.414662 3.346185 3.256704 3.141723 2.996566 2.816690 2.598103 2.337881 2.034743 1.689594 1.305959 0.890163 0.451167 0.000000 
50.000000 45.151011 40.382032 35.769111 31.380708 27.274671 23.496056 20.075906 17.031013 14.364609 12.067812 10.121656 8.499433 7.169160 6.095935 5.244047 4.578706 4.067376 3.680665 3.392833 3.181965 3.029882 2.921860 2.846246 2.794000 2.758240 2.733800 2.716834 2.704466 2.694496 2.685154 2.674889 2.662210 2.645537 2.623097 2.592837 2.552370 2.498961 2.429556 2.340876 2.229576 2.092476 1.926874 1.730901 1.503912 1.246830 0.962406 0.655293 0.331901 0.000000 
50.000000 45.078969 40.239137 35.557683 31.104084 26.937048 23.102302 19.631347 16.541228 13.835220 11.504314 9.529257 7.882946 6.532923 5.443767 4.579234 3.904020 3.385104 2.992659 2.700564 2.486581 2.332263 2.222674 2.145995 2.093066 2.056921 2.032349 2.015488 2.003484 1.994193 1.985944 1.977338 1.967091 1.953911 1.936399 1.912974 1.881840 1.840969 1.788131 1.720966 1.637110 1.534360 1.410901 1.265551 1.098015 0.909116 0.700933 0.476840 0.241383 0.000000 
50.000000 45.023655 40.129422 35.395349 30.891693 26.677822 22.799978 19.290017 16.165174 13.428761 11.071666 9.074421 7.409617 6.044431 4.943044 4.068804 3.386011 2.861273 2.464427 2.169060 1.952686 1.796654 1.685866 1.608374 1.554929 1.518502 1.493846 1.477094 1.465410 1.456701 1.449376 1.442162 1.433946 1.423665 1.410217 1.392399 1.368870 1.338146 1.298620 1.248614 1.186473 1.110689 1.020051 0.913817 0.791881 0.654917 0.504464 0.342933 0.173518 0.000000 
50.000000 44.981910 40.046621 35.272837 30.731403 26.482189 22.571820 19.032422 15.881373 13.122015 10.745158 8.731169 7.052411 5.675783 4.565166 3.683602 2.995089 2.465957 2.065791 1.767956 1.549780 1.392457 1.280765 1.202665 1.148835 1.112203 1.087498 1.070849 1.059436 1.051208 1.044641 1.038560 1.031989 1.024046 1.013859 1.000513 0.983017 0.960294 0.931198 0.894549 0.849202 0.794131 0.728534 0.651950 0.564366 0.466309 0.358895 0.243826 0.123323 0.000000 
50.000000 44.950986 39.985283 35.182080 30.612662 26.337264 22.402802 18.841598 15.671138 12.894782 10.503285 8.476894 6.787799 5.402696 4.285243 3.398254 2.705505 2.173120 1.770494 1.470832 1.251322 1.093043 0.980684 0.902135 0.848025 0.811248 0.786516 0.769956 0.758765 0.750922 0.744958 0.739773 0.734497 0.728385 0.720741 0.710867 0.698030 0.681456 0.660331 0.633833 0.601177 0.561667 0.514778 0.460225 0.398035 0.328607 0.252737 0.171613 0.086771 0.000000 
50.000000 44.928568 39.940818 35.116291 30.526586 26.232209 22.280282 18.703271 15.518739 12.730064 10.327955 8.292574 6.595986 5.204740 4.082333 3.191411 2.495593 1.960849 1.556442 1.255456 1.034978 0.876008 0.763166 0.684294 0.629983 0.593105 0.568360 0.551874 0.540858 0.533314 0.527814 0.523315 0.519027 0.514307 0.508589 0.501332 0.491993 0.480013 0.464817 0.445834 0.422525 0.394425 0.361186 0.322635 0.278813 0.230013 0.176799 0.119995 0.060654 0.000000 
50.000000 44.912781 39.909505 35.069960 30.465969 26.158226 22.194000 18.605858 15.411417 12.614065 10.204485 8.162772 6.460909 5.065337 3.939441 3.045751 2.347771 1.811367 1.405705 1.103787 0.882629 0.723172 0.609991 0.530893 0.476443 0.439496 0.414745 0.398318 0.387432 0.380111 0.374954 0.370962 0.367401 0.363701 0.359388 0.354035 0.347231 0.338567 0.327635 0.314034 0.297394 0.277400 0.253823 0.226555 0.195640 0.161293 0.123909 0.084063 0.042481 0.000000 
50.000000 44.902168 39.888453 35.038811 30.425216 26.108486 22.135992 18.540366 15.339264 12.536079 10.121475 8.075507 6.370097 4.971618 3.843376 2.947824 2.248392 1.710871 1.304366 1.001821 0.780207 0.620423 0.507015 0.427765 0.373222 0.336231 0.311479 0.295094 0.284301 0.277136 0.272220 0.268581 0.265525 0.262532 0.259191 0.255152 0.250092 0.243702 0.235684 0.225750 0.213639 0.199131 0.182074 0.162399 0.140145 0.115472 0.088665 0.060130 0.030379 0.000000 
50.000000 44.895665 39.875556 35.019729 30.400250 26.078016 22.100456 18.500246 15.295063 12.488305 10.070624 8.022049 6.314466 4.914206 3.784527 2.887836 2.187513 1.649309 1.242287 0.939359 0.717464 0.557480 0.443933 0.364591 0.309992 0.272974 0.248222 0.231865 0.221131 0.214065 0.209301 0.205885 0.203146 0.200596 0.197864 0.194644 0.190670 0.185694 0.179482 0.171816 0.162499 0.151370 0.138317 0.123295 0.106339 0.087573 0.067214 0.045569 0.023018 0.000000 
50.000000 44.892584 39.869445 35.010687 30.388420 26.063577 22.083617 18.481234 15.274118 12.465667 10.046528 7.996717 6.288105 4.887001 3.756641 2.859410 2.158665 1.620137 1.212871 0.909761 0.687734 0.527655 0.414042 0.334656 0.280030 0.243000 0.218249 0.201905 0.191200 0.184182 0.179491 0.176182 0.173596 0.171259 0.168819 0.165993 0.162538 0.158238 0.152888 0.146303 0.138316 0.128792 0.117639 0.104823 0.090375 0.074403 0.057091 0.038698 0.019545 0.000000 
50.000000 44.892584 39.869445 35.010687 30.388420 26.063577 22.083617 18.481234 15.274118 12.465667 10.046528 7.996717 6.288105 4.887001 3.756641 2.859410 2.158665 1.620137 1.212871 0.909761 0.687734 0.527655 0.414042 0.334656 0.280030 0.243000 0.218249 0.201905 0.191200 0.184182 0.179491 0.176182 0.173596 0.171259 0.168819 0.165993 0.162538 0.158238 0.152888 0.146303 0.138316 0.128792 0.117639 0.104823 0.090375 0.074403 0.057091 0.038698 0.019545 0.000000 
50.000000 44.895665 39.875556 35.019729 30.400250 26.078016 22.100456 18.500246 15.295063 12.488305 10.070624 8.022049 6.314466 4.914206 3.784527 2.887836 2.187513 1.649309 1.242287 0.939359 0.717464 0.557480 0.443933 0.364591 0.309992 0.272974 0.248222 0.231865 0.221131 0.214065 0.209301 0.205885 0.203146 0.200596 0.197864 0.194644 0.190670 0.185694 0.179482 0.171816 0.162499 0.151370 0.138317 0.123295 0.106339 0.087573 0.067214 0.045569 0.023018 0.000000 
50.000000 44.902168 39.888453 35.038811 30.425216 26.108486 22.135992 18.540366 15.339264 12.536079 10.121475 8.075507 6.370097 4.971618 3.843376 2.947824 2.248392 1.710871 1.304366 1.001821 0.780207 0.620423 0.507015 0.427765 0.373222 0.336231 0.311479 0.295094 0.284301 0.277136 0.272220 0.268581 0.265525 0.262532 0.259191 0.255152 0.250092 0.243702 0.235684 0.225750 0.213639 0.199131 0.182074 0.162399 0.140145 0.115472 0.088665 0.060130 0.030379 0.000000 
50.000000 44.912781 39.909505 35.069960 30.465969 26.158226 22.194000 18.605858 15.411417 12.614065 10.204485 8.162772 6.460909 5.065337 3.939441 3.045751 2.347771 1.811367 1.405705 1.103787 0.882629 0.723172 0.609991 0.530893 0.476443 0.439496 0.414745 0.398318 0.387432 0.380111 0.374954 0.370962 0.367401 0.363701 0.359388 0.354035 0.347231 0.338567 0.327635 0.314034 0.297394 0.277400 0.253823 0.226555 0.195640 0.161293 0.123909 0.084063 0.042481 0.000000 
50.000000 44.928568 39.940818 35.116291 30.526586 26.232209 22.280282 18.703271 15.518739 12.730064 10.327955 8.292574 6.595986 5.204740 4.082333 3.191411 2.495593 1.960849 1.556442 1.255456 1.034978 0.876008 0.763166 0.684294 0.629983 0.593105 0.568360 0.551874 0.540858 0.533314 0.527814 0.523315 0.519027 0.514307 0.508589 0.501332 0.491993 0.480013 0.464817 0.445834 0.422525 0.394425 0.361186 0.322635 0.278813 0.230013 0.176799 0.119995 0.060654 0.000000 
50.000000 44.950986 39.985283 35.182080 30.612662 26.337264 22.402802 18.841598 15.671138 12.894782 10.503285 8.476894 6.787799 5.402696 4.285243 3.398254 2.705505 2.173120 1.770494 1.470832 1.251322 1.093043 0.980684 0.902135 0.848025 0.811248 0.786516 0.769956 0.758765 0.750922 0.744958 0.739773 0.734497 0.728385 0.720741 0.710867 0.698030 0.681456 0.660331 0.633833 0.601177 0.561667 0.514778 0.460225 0.398035 0.328607 0.252737 0.171613 0.086771 0.000000 
50.000000 44.981910 40.046621 35.272837 30.731403 26.482189 22.571820 19.032422 15.881373 13.122015 10.745158 8.731169 7.052411 5.675783 4.565166 3.683602 2.995089 2.465957 2.065791 1.767956 1.549780 1.392457 1.280765 1.202665 1.148835 1.112203 1.087498 1.070849 1.059436 1.051208 1.044641 1.038560 1.031989 1.024046 1.013859 1.000513 0.983017 0.960294 0.931198 0.894549 0.849202 0.794131 0.728534 0.651950 0.564366 0.466309 0.358895 0.243826 0.123323 0.000000 
50.000000 45.023655 40.129422 35.395349 30.891693 26.677822 22.799978 19.290017 16.165174 13.428761 11.071666 9.074421 7.409617 6.044431 4.943044 4.068804 3.386011 2.861273 2.464427 2.169060 1.952686 1.796654 1.685866 1.608374 1.554929 1.518502 1.493846 1.477094 1.465410 1.456701 1.449376 1.442162 1.433946 1.423665 1.410217 1.392399 1.368870 1.338146 1.298620 1.248614 1.186473 1.110689 1.020051 0.913817 0.791881 0.654917 0.504464 0.342933 0.173518 0.000000 
50.000000 45.078969 40.239137 35.557683 31.104084 26.937048 23.102302 19.631347 16.541228 13.835220 11.504314 9.529257 7.882946 6.532923 5.443767 4.579234 3.904020 3.385104 2.992659 2.700564 2.486581 2.332263 2.222674 2.145995 2.093066 2.056921 2.032349 2.015488 2.003484 1.994193 1.985944 1.977338 1.967091 1.953911 1.936399 1.912974 1.881840 1.840969 1.788131 1.720966 1.637110 1.534360 1.410901 1.265551 1.098015 0.909116 0.700933 0.476840 0.241383 0.000000 
50.000000 45.151011 40.382032 35.769111 31.380708 27.274671 23.496056 20.075906 17.031013 14.364609 12.067812 10.121656 8.499433 7.169160 6.095935 5.244047 4.578706 4.067376 3.680665 3.392833 3.181965 3.029882 2.921860 2.846246 2.794000 2.758240 2.733800 2.716834 2.704466 2.694496 2.685154 2.674889 2.662210 2.645537 2.623097 2.592837 2.552370 2.498961 2.429556 2.340876 2.229576 2.092476 1.926874 1.730901 1.503912 1.246830 0.962406 0.655293 0.331901 0.000000 
50.000000 45.243291 40.565067 36.039931 31.735038 27.707135 24.000422 20.645349 17.658390 15.042715 12.789613 10.880478 9.289112 7.984140 6.931325 6.095635 5.442944 4.941332 4.561968 4.279598 4.072724 3.923507 3.817499 3.743258 3.691900 3.656653 3.632415 3.615362 3.602600 3.591866 3.581274 3.569098 3.553595 3.532842 3.504610 3.466258 3.414662 3.346185 3.256704 3.141723 2.996566 2.816690 2.598103 2.337881 2.034743 1.689594 1.305959 0.890163 0.451167 0.000000 
50.000000 45.359565 40.795697 36.381173 32.181506 28.252057 24.635943 21.362872 18.448915 15.897164 13.699122 11.836638 10.284155 9.011066 7.983972 7.168695 6.531945 6.042582 5.672476 5.396993 5.195154 5.049554 4.946091 4.873590 4.823370 4.788796 4.764854 4.747755 4.734591 4.723032 4.711065 4.696766 4.678099 4.652742 4.617927 4.570307 4.505857 4.419818 4.306715 4.160468 3.974626 3.742767 3.459048 3.118936 2.720043 2.262984 1.752096 1.195829 0.606599 0.000000 
50.000000 45.503699 41.081585 36.804175 32.734947 28.927541 25.423735 22.252315 19.428853 16.956344 14.826558 13.021906 11.517627 10.284063 9.288855 8.498886 7.881899 7.407722 7.049097 6.782153 6.586561 6.445450 6.345150 6.274820 6.226031 6.192327 6.168804 6.151727 6.138185 6.125782 6.112371 6.095811 6.073745 6.043398 6.001388 5.943547 5.864784 5.758986 5.619004 5.436746 5.203444 4.910120 4.548308 4.111044 3.594072 2.997174 2.325372 1.589715 0.807259 0.000000 
50.000000 45.679467 41.430221 37.320021 33.409862 29.751287 26.384443 23.336988 20.623886 18.248017 16.201471 14.467349 13.021857 11.836499 10.880180 10.121077 9.528194 9.072539 8.727918 8.471392 8.283422 8.147794 8.051361 7.983696 7.936679 7.904076 7.881128 7.864178 7.850324 7.837116 7.822272 7.803428 7.777888 7.742391 7.692879 7.624269 7.530253 7.403138 7.233765 7.011559 6.724783 6.361059 5.908253 5.355775 4.696292 3.927741 3.055348 2.093148 1.064358 0.000000 
50.000000 45.890333 41.848474 37.938872 34.219547 30.739525 27.536992 24.638259 22.057558 19.797629 17.850950 16.201446 14.826485 13.698963 12.789301 12.067232 11.503271 11.069840 10.742024 10.498000 10.319180 10.190137 10.098357 10.033909 9.989049 9.957815 9.935634 9.918955 9.904909 9.891007 9.874849 9.853852 9.824988 9.784499 9.727624 9.648307 9.538916 9.389984 9.190033 8.925521 8.581017 8.139722 7.584470 6.899355 6.072071 5.096921 3.978135 2.732789 1.392122 0.000000 
50.000000 46.139189 42.342077 38.669214 35.175103 31.905803 28.897187 26.173972 23.749529 21.626433 19.797617 18.247980 16.956262 15.897000 15.042406 14.364046 13.834222 13.427023 13.119043 12.889778 12.721765 12.600501 12.514227 12.453598 12.411319 12.381758 12.360572 12.344351 12.330293 12.315896 12.298668 12.275843 12.244083 12.199166 12.135652 12.046513 11.922755 11.753035 11.523321 11.216673 10.813239 10.290645 9.624995 8.792748 7.773760 6.555608 5.138974 3.543101 1.809330 0.000000 
50.000000 46.428086 42.915105 39.517074 36.284418 33.259748 30.476254 27.956802 25.713764 23.749523 22.057539 20.623845 19.428769 18.448755 17.658096 17.030483 16.540292 16.163551 15.878604 15.666479 15.511016 15.398796 15.318928 15.262757 15.223514 15.195960 15.176029 15.160499 15.146669 15.132068 15.114159 15.090042 15.056136 15.007832 14.939097 14.842023 14.706336 14.518844 14.262895 13.917879 13.458913 12.856893 12.079235 11.091756 9.862279 8.366534 6.596571 4.570734 2.342140 0.000000 
50.000000 46.757987 43.569464 40.485272 37.551180 34.805863 32.279445 29.992680 27.956799 26.173963 24.638239 23.336947 22.252235 21.362723 20.645077 20.075419 19.630491 19.288535 19.029894 18.837347 18.696224 18.594340 18.521806 18.470752 18.435020 18.409825 18.391438 18.376868 18.363568 18.349147 18.331087 18.306432 18.271464 18.221317 18.149534 18.047533 17.903987 17.704100 17.428789 17.053821 16.548997 15.877581 14.996345 13.856888 12.409235 10.609127 8.430380 5.882456 3.029499 0.000000 
50.000000 47.128541 44.304457 41.572779 38.974043 36.542505 34.304844 32.279443 30.476250 28.897178 27.536973 26.384405 25.423663 24.635809 24.000178 23.495622 23.101539 22.798659 22.569570 22.399019 22.274011 22.183748 22.119467 22.074190 22.042445 22.019973 22.003434 21.990125 21.977703 21.963926 21.946368 21.922128 21.887489 21.837522 21.765597 21.662791 21.517148 21.312771 21.028713 20.637664 20.104454 19.384507 18.422563 17.152424 15.499174 13.386460 10.752675 7.579845 3.934052 0.000000 
50.000000 47.537927 45.116474 42.774253 40.546019 38.461144 36.542504 34.805861 33.259744 31.905794 30.739507 29.751254 28.927477 28.251941 27.706925 27.274296 26.936391 26.676686 26.480251 26.334007 26.226809 26.149397 26.094252 26.055383 26.028088 26.008696 25.994314 25.982580 25.971418 25.958800 25.942490 25.919763 25.887082 25.839694 25.771137 25.672606 25.532134 25.333535 25.055032 24.667474 24.132055 23.397476 22.396632 21.043334 19.230573 16.833978 13.727982 9.827221 5.165696 0.000000 
50.000000 47.982783 45.998846 44.079824 42.254194 40.546019 38.974042 37.551178 36.284414 35.175096 34.219532 33.409834 32.734894 32.181410 31.734864 31.380400 31.103544 30.890758 30.729811 30.609984 30.522146 30.458709 30.413506 30.381627 30.359208 30.343231 30.331303 30.321456 30.311939 30.301015 30.286735 30.266689 30.237712 30.195511 30.134187 30.045618 29.918620 29.737827 29.482150 29.122642 28.619505 27.917889 26.942056 25.587585 23.712042 21.127097 17.602152 12.905716 6.936979 0.000000 
50.000000 48.458227 46.941890 45.475167 44.079824 42.774253 41.572778 40.485271 39.517071 38.669208 37.938861 37.319999 36.804135 36.381100 36.039798 35.768875 35.557269 35.394633 35.271616 35.180028 35.112887 35.064393 35.029832 35.005445 34.988276 34.976008 34.966800 34.959127 34.951618 34.942897 34.931397 34.915163 34.891602 34.857165 34.806942 34.734105 34.629152 34.478844 34.264695 33.960749 33.530247 32.920507 32.054894 30.820105 29.046271 26.477673 22.737584 17.317184 9.707092 0.000000 
50.000000 48.957992 47.933175 46.941890 45.998846 45.116474 44.304456 43.569463 42.915103 42.342073 41.848466 41.430206 41.081557 40.795647 40.564977 40.381872 40.238857 40.128937 40.045795 39.983893 39.938513 39.905734 39.882370 39.865877 39.854256 39.845936 39.839667 39.834406 39.829213 39.823129 39.815060 39.803622 39.786974 39.762577 39.726900 39.674994 39.599919 39.491898 39.337088 39.115693 38.798981 38.344374 37.687009 36.724613 35.289254 33.093130 29.624705 23.966587 14.598526 0.000000 
50.000000 49.474662 48.957992 48.458227 47.982783 47.537927 47.128541 46.757987 46.428085 46.139187 45.890330 45.679460 45.503685 45.359540 45.243245 45.150931 45.078828 45.023411 44.981493 44.950284 44.927405 44.910878 44.899096 44.890778 44.884914 44.880710 44.877535 44.874860 44.872204 44.869078 44.864916 44.859004 44.850382 44.837728 44.819191 44.792169 44.752992 44.696453 44.615117 44.498216 44.329861 44.085948 43.728489 43.194490 42.372232 41.045804 38.751135 34.359465 24.737331 0.000000 
50.000000 50.000000 50.000000 50.000000 50.000000 50.000000 50.000000 50.000000 50.000000 50.000000 50.000000 50.000000 50.000000 50.000000 50.000000 50.000000 50.000000 50.000000 50.000000 50.000000 50.000000 50.000000 50.000000 50.000000 50.000000 50.000000 50.000000 50.000000 50.000000 50.000000 50.000000 50.000000 50.000000 50.000000 50.000000 50.000000 50.000000 50.000000 50.000000 50.000000 50.000000 50.000000 50.000000 50.000000 50.000000 50.000000 50.000000 50.000000 50.000000 50.000000 
