50.000000 50.000000 50.000000 50.000000 50.000000 50.000000 50.000000 50.000000 50.000000 50.000000 50.000000 50.000000 50.000000 50.000000 50.000000 50.000000 50.000000 50.000000 50.000000 50.000000 50.000000 50.000000 50.000000 50.000000 50.000000 50.000000 50.000000 50.000000 50.000000 50.000000 50.000000 50.000000 50.000000 50.000000 50.000000 50.000000 50.000000 50.000000 50.000000 50.000000 50.000000 50.000000 50.000000 50.000000 50.000000 50.000000 50.000000 50.000000 50.000000 50.000000 
50.000000 49.759479 49.520774 49.285663 49.055839 48.832879 48.618211 48.413084 48.218551 48.035452 47.864407 47.705817 47.559871 47.426552 47.305657 47.196817 47.099515 47.013111 46.936866 46.869963 46.811523 46.760628 46.716329 46.677659 46.643629 46.613236 46.585445 46.559180 46.533300 46.506564 46.477591 46.444798 46.406324 46.359924 46.302823 46.231514 46.141461 46.026667 45.879009 45.687170 45.434888 45.097892 44.638263 43.993332 43.051978 41.599150 39.171887 34.642766 24.879834 0.000000 
50.000000 49.520783 49.045186 48.576747 48.118844 47.674617 47.246911 46.838215 46.450625 46.085817 45.745026 45.429053 45.138270 44.872647 44.631780 44.414932 44.221075 44.048935 43.897040 43.763763 43.647357 43.545995 43.457791 43.380819 43.313122 43.252705 43.197522 43.145444 43.094220 43.041411 42.984305 42.919810 42.844301 42.753424 42.641826 42.502777 42.327634 42.105067 41.819881 41.451202 40.969562 40.332057 39.473962 38.293644 36.624339 34.179935 30.451078 24.522994 14.878403 0.000000 
50.000000 49.285698 48.576792 47.878556 47.196023 46.533876 45.896354 45.287169 44.709445 44.165678 43.657711 43.186738 42.753314 42.357395 41.998379 41.675169 41.386234 41.129678 40.903310 40.704706 40.531271 40.380286 40.248950 40.134406 40.033751 39.944035 39.862237 39.785227 39.709702 39.632099 39.548481 39.454379 39.344589 39.212902 39.051746 38.851687 38.600742 38.283406 37.879224 37.360667 36.689911 35.813796 34.655889 33.103819 30.989416 28.059416 23.940267 18.126953 10.114408 0.000000 
50.000000 49.055929 48.118991 47.196154 46.294072 45.418934 44.576343 43.771203 43.007646 42.288969 41.617611 40.995147 40.422315 39.899055 39.424574 38.997425 38.615587 38.276558 37.977447 37.715057 37.485968 37.286599 37.113265 36.962211 36.829632 36.711667 36.604377 36.503696 36.405356 36.304778 36.196935 36.076167 35.935938 35.768522 35.564597 35.312689 34.998434 34.603558 34.104451 33.470158 32.659514 31.617064 30.267325 28.507070 26.196032 23.149020 19.139481 13.940780 7.457612 0.000000 
50.000000 48.833068 47.674951 46.534266 45.419235 44.337509 43.296013 42.300811 41.357009 40.468683 39.638849 38.869455 38.161412 37.514651 36.928194 36.400252 35.928334 35.509354 35.139744 34.815566 34.532605 34.286454 34.072584 33.886388 33.723206 33.578326 33.446961 33.324191 33.204882 33.083571 32.954306 32.810448 32.644411 32.447335 32.208664 31.915598 31.552383 31.099377 30.531807 29.818145 28.917965 27.779253 26.335205 24.501046 22.172333 19.228400 15.548464 11.052894 5.782193 0.000000 
50.000000 48.618557 47.247551 45.897180 44.577180 43.296608 42.063662 40.885521 39.768230 38.716616 37.734249 36.823437 35.985262 35.219641 34.525421 33.900491 33.341905 32.846019 32.408622 32.025064 31.690376 31.399369 31.146715 30.927005 30.734787 30.564563 30.410773 30.267739 30.129575 29.990070 29.842524 29.679546 29.492795 29.272656 29.007847 28.684917 28.287626 27.796169 27.186228 26.427814 25.483938 24.309218 22.848737 21.037882 18.804614 16.076735 12.797997 8.956849 4.626653 0.000000 
50.000000 48.413670 46.839324 45.288675 43.772901 42.302404 40.886597 39.533726 38.250732 37.043159 35.915107 34.869229 33.906769 33.027636 32.230509 31.512971 30.871646 30.302360 29.800292 29.360123 28.976170 28.642510 28.353067 28.101692 27.882200 27.688381 27.513988 27.352678 27.197932 27.042934 26.880412 26.702442 26.500205 26.263687 25.981334 25.639618 25.222546 24.711077 24.082470 23.309592 22.360276 21.196917 19.776657 18.052805 15.978483 13.513906 10.638658 7.369109 3.777232 0.000000 
50.000000 48.219486 46.452424 44.711959 43.010639 41.360140 39.771028 38.252556 36.812518 35.457137 34.191018 33.017138 31.936898 30.950199 30.055564 29.250287 28.530589 27.891798 27.328519 26.834807 26.404313 26.030429 25.706391 25.425367 25.180509 24.964969 24.771896 24.594383 24.425391 24.257635 24.083436 23.894539 23.681893 23.435391 23.143572 22.793288 22.369327 21.854024 21.226877 20.464233 19.539144 18.421598 17.079395 15.480135 13.594872 11.403998 8.905568 6.125119 3.123918 0.000000 
50.000000 48.036883 46.088597 44.169638 42.293839 40.474073 38.721991 37.047797 35.460084 33.965715 32.569768 31.275529 30.084545 28.996712 28.010409 27.122658 26.329306 25.625217 25.004462 24.460513 23.986408 23.574906 23.218613 22.910078 22.641854 22.406536 22.196748 22.005113 21.824180 21.646321 21.463596 21.267593 21.049234 20.798557 20.504480 20.154546 19.734669 19.228903 18.619268 17.885705 17.006255 15.957615 14.716275 13.260504 11.573433 9.647365 7.489068 5.125066 2.604954 0.000000 
50.000000 47.866529 45.749177 43.663697 41.625123 39.647446 37.743329 35.923861 34.198382 32.574353 31.057293 29.650778 28.356492 27.174327 26.102528 25.137869 24.275849 23.510903 22.836613 22.245912 21.731274 21.284883 20.898773 20.564935 20.275395 20.022256 19.797702 19.593970 19.403295 19.217815 19.029453 18.829781 18.609854 18.360032 18.069802 17.727595 17.320628 16.834801 16.254665 15.563555 14.743931 13.778060 12.649156 11.343102 9.850836 8.171334 6.314848 4.305651 2.183138 0.000000 
50.000000 47.708887 45.435085 43.195509 41.006307 38.882504 36.837697 34.883798 33.030836 31.286826 29.657697 28.147293 26.757424 25.487983 24.337092 23.301297 22.375778 21.554577 20.830828 20.196974 19.644976 19.166500 18.753061 18.396158 18.087352 17.818324 17.580887 17.366975 17.168589 16.977726 16.786275 16.585896 16.367892 16.123065 15.841582 15.512855 15.125459 14.667109 14.124730 13.484672 12.733122 11.856781 10.843876 9.685547 8.377601 6.922503 5.331305 3.625010 1.834723 0.000000 
50.000000 47.564222 45.146848 42.765863 40.438432 38.180532 36.006618 33.929355 31.959408 30.105297 28.373331 26.767598 25.290028 23.940511 22.717061 21.616016 20.632268 19.759502 18.990443 18.317093 17.730953 17.223219 16.784950 16.407208 16.081150 15.798098 15.549561 15.327234 15.122960 14.928665 14.736278 14.537629 14.324342 14.087725 13.818676 13.507605 13.144406 12.718485 12.218886 11.634535 10.954650 10.169357 9.270521 8.252813 7.114963 5.861050 4.501629 3.054362 1.543788 0.000000 
50.000000 47.432617 44.884632 42.375003 39.921824 37.541933 35.250568 33.061080 30.984711 29.030444 27.204930 25.512481 23.955138 22.532790 21.243353 20.082978 19.046296 18.126673 17.316468 16.607286 15.990216 15.456038 14.995409 14.599008 14.257645 13.962339 13.704354 13.475203 13.266625 13.070536 12.878957 12.683938 12.477462 12.251373 11.997296 11.706605 11.370415 10.979650 10.525176 9.998057 9.389916 8.693462 7.903143 7.015949 6.032269 4.956731 3.798833 2.573191 1.299200 0.000000 
50.000000 47.313993 44.648280 42.022696 39.456171 36.966323 34.569093 32.278452 30.106160 28.061619 26.151789 24.381185 22.751947 21.263966 19.915070 18.701243 17.616886 16.655077 15.807850 15.066459 14.421627 13.863769 13.383189 12.970236 12.615424 12.309519 12.043588 11.809011 11.597468 11.400905 11.211471 11.021459 10.823230 10.609152 10.371550 10.102685 9.794770 9.440042 9.030906 8.560151 8.021277 7.408903 6.719283 5.950881 5.104961 4.186111 3.202594 2.166395 1.092879 0.000000 
50.000000 47.208133 44.437361 41.708299 39.040626 36.452653 33.960952 31.580042 29.322152 27.197054 25.211986 23.371644 21.678256 20.131717 18.729777 17.468275 16.341404 15.341992 14.461786 13.691729 13.022225 12.443372 11.945167 11.517675 11.151161 10.836183 10.563651 10.324850 10.111436 9.915409 9.729070 9.544960 9.355812 9.154491 8.933966 8.687292 8.407639 8.088364 7.723133 7.306115 6.832239 6.297528 5.699470 5.037438 4.313086 3.530667 2.697218 1.822516 0.918766 0.000000 
50.000000 47.114712 44.251225 41.430845 38.673909 35.999342 33.424270 30.963701 28.630272 26.434086 24.382624 22.480744 20.730753 19.132548 17.683811 16.380256 15.215895 14.183336 13.274075 12.478788 11.787601 11.190336 10.676728 10.236602 9.860014 9.537353 9.259405 9.017390 8.802964 8.608200 8.425551 8.247807 8.068047 7.879595 7.675991 7.450988 7.198574 6.913034 6.589057 6.221893 5.807558 5.343082 4.826789 4.258585 3.640225 2.975500 2.270323 1.532646 0.772192 0.000000 
50.000000 47.033324 44.089064 41.189128 38.354426 35.604418 32.956715 30.426748 28.027512 25.769396 23.660096 21.704608 19.905311 18.262104 16.772611 15.432436 14.235438 13.174033 12.239502 11.422290 10.712285 10.099076 9.572175 9.121206 8.736049 8.406957 8.124623 7.880224 7.665430 7.472393 7.293720 7.122432 6.951921 6.775920 6.588469 6.383917 6.156935 5.902568 5.616324 5.294290 4.933294 4.531084 4.086538 3.599855 3.072726 2.508452 1.911958 1.289709 0.649477 0.000000 
50.000000 46.963512 43.949969 40.981793 38.080388 35.265670 32.555668 29.966174 27.510493 25.199259 23.040349 21.038884 19.197300 17.515498 15.991058 14.619486 13.394511 12.308388 11.352216 10.516243 9.790157 9.163349 8.625146 8.165003 7.772660 7.438261 7.152426 6.906306 6.691596 6.500527 6.325848 6.160788 5.999020 5.834627 5.662078 5.476217 5.272280 5.045923 4.793297 4.511132 4.196854 3.848724 3.465973 3.048940 2.599179 2.119515 1.614037 1.088008 0.547674 0.000000 
50.000000 46.904802 43.832992 40.807427 37.849925 34.980788 32.218392 29.578839 27.075689 24.719784 22.519156 20.479027 18.601884 16.887632 15.333808 13.935843 12.687355 11.580464 10.606118 9.754401 9.014836 8.376651 7.829019 7.361260 6.962999 6.624293 6.335711 6.088388 5.874045 5.684992 5.514103 5.354788 5.200960 5.047000 4.887730 4.718404 4.534707 4.332783 4.109280 3.861412 3.587048 3.284801 2.954127 2.595415 2.210046 1.800425 1.369948 0.922922 0.464404 0.000000 
50.000000 46.856724 43.737200 40.664641 37.661201 34.747501 31.942202 29.261656 26.719635 24.327151 22.092363 20.020575 18.114315 16.373494 14.795615 13.376045 12.108312 10.984430 9.995220 9.130636 8.380066 7.732606 7.177309 6.703383 6.300366 5.958247 5.667555 5.419419 5.205589 5.018439 4.850955 4.696698 4.549780 4.404823 4.256937 4.101700 3.935153 3.753817 3.554715 3.335426 3.094132 2.829691 2.541698 2.230538 1.897424 1.544400 1.174309 0.790709 0.397749 0.000000 
50.000000 46.818847 43.661732 40.552148 37.512517 34.563709 31.724609 29.011768 26.439123 24.017821 21.756121 19.659392 17.730196 15.968445 14.371618 12.935031 11.652145 10.514885 9.513978 8.639274 7.880056 7.225318 6.664018 6.185282 5.778577 5.433843 5.141581 4.892919 4.679630 4.494147 4.329541 4.179498 4.038286 3.900717 3.762124 3.618334 3.465659 3.300901 3.121363 2.924884 2.709870 2.475344 2.220979 1.947135 1.654877 1.345960 1.022796 0.688380 0.346179 0.000000 
50.000000 46.790794 43.605838 40.468833 37.402398 34.427587 31.563454 28.826693 26.231369 23.788724 21.507092 19.391892 17.445711 15.668460 14.057602 12.608416 11.314311 10.167149 9.157586 8.275397 7.509786 6.849676 6.283952 5.801680 5.392279 5.045652 4.752283 4.503297 4.290491 4.106339 3.943979 3.797189 3.660353 3.528425 3.396899 3.261784 3.119586 2.967306 2.802445 2.623020 2.427591 2.215284 1.985818 1.739522 1.477341 1.200814 0.912042 0.613613 0.308510 0.000000 
50.000000 46.772266 43.568923 40.413806 37.329669 34.337685 31.457017 28.704460 26.094156 23.637415 21.342620 19.215221 17.257821 15.470335 13.850211 12.392705 11.091192 9.937493 8.922217 8.035089 7.265264 6.601612 6.032977 5.548384 5.137219 4.789363 4.495289 4.246122 4.033672 3.850444 3.689622 3.545043 3.411169 3.283046 3.156274 3.026980 2.891795 2.747849 2.592767 2.424680 2.242239 2.044634 1.831606 1.603460 1.361057 1.105794 0.839567 0.564701 0.283873 0.000000 
50.000000 46.763055 43.550571 40.386451 37.293513 34.292992 31.404105 28.643694 26.025943 23.562196 21.260856 19.127393 17.164417 15.371843 13.747113 12.285472 10.980276 9.823329 8.805214 7.915632 7.143713 6.478304 5.908224 5.422481 5.010445 4.661985 4.367567 4.118319 3.906059 3.723305 3.563263 3.419802 3.287421 3.161213 3.036831 2.910458 2.778787 2.639011 2.488815 2.326384 2.150416 1.960127 1.755269 1.536132 1.303535 1.058805 0.803735 0.540524 0.271696 0.000000 
50.000000 46.763055 43.550571 40.386451 37.293513 34.292992 31.404105 28.643694 26.025943 23.562196 21.260856 19.127393 17.164417 15.371843 13.747113 12.285472 10.980276 9.823329 8.805214 7.915632 7.143713 6.478304 5.908224 5.422481 5.010445 4.661985 4.367567 4.118319 3.906059 3.723305 3.563263 3.419802 3.287421 3.161213 3.036831 2.910458 2.778787 2.639011 2.488815 2.326384 2.150416 1.960127 1.755269 1.536132 1.303535 1.058805 0.803735 0.540524 0.271696 0.000000 
50.000000 46.772266 43.568923 40.413806 37.329669 34.337685 31.457017 28.704460 26.094156 23.637415 21.342620 19.215221 17.257821 15.470335 13.850211 12.392705 11.091192 9.937493 8.922217 8.035089 7.265264 6.601612 6.032977 5.548384 5.137219 4.789363 4.495289 4.246122 4.033672 3.850444 3.689622 3.545043 3.411169 3.283046 3.156274 3.026980 2.891795 2.747849 2.592767 2.424680 2.242239 2.044634 1.831606 1.603460 1.361057 1.105794 0.839567 0.564701 0.283873 0.000000 
50.000000 46.790794 43.605838 40.468833 37.402398 34.427587 31.563454 28.826693 26.231369 23.788724 21.507092 19.391892 17.445711 15.668460 14.057602 12.608416 11.314311 10.167149 9.157586 8.275397 7.509786 6.849676 6.283952 5.801680 5.392279 5.045652 4.752283 4.503297 4.290491 4.106339 3.943979 3.797189 3.660353 3.528425 3.396899 3.261784 3.119586 2.967306 2.802445 2.623020 2.427591 2.215284 1.985818 1.739522 1.477341 1.200814 0.912042 0.613613 0.308510 0.000000 
50.000000 46.818847 43.661732 40.552148 37.512517 34.563709 31.724609 29.011768 26.439123 24.017821 21.756121 19.659392 17.730196 15.968445 14.371618 12.935031 11.652145 10.514885 9.513978 8.639274 7.880056 7.225318 6.664018 6.185282 5.778577 5.433843 5.141581 4.892919 4.679630 4.494147 4.329541 4.179498 4.038286 3.900717 3.762124 3.618334 3.465659 3.300901 3.121363 2.924884 2.709870 2.475344 2.220979 1.947135 1.654877 1.345960 1.022796 0.688380 0.346179 0.000000 
50.000000 46.856724 43.737200 40.664641 37.661201 34.747501 31.942202 29.261656 26.719635 24.327151 22.092363 20.020575 18.114315 16.373494 14.795615 13.376045 12.108312 10.984430 9.995220 9.130636 8.380066 7.732606 7.177309 6.703383 6.300366 5.958247 5.667555 5.419419 5.205589 5.018439 4.850955 4.696698 4.549780 4.404823 4.256937 4.101700 3.935153 3.753817 3.554715 3.335426 3.094132 2.829691 2.541698 2.230538 1.897424 1.544400 1.174309 0.790709 0.397749 0.000000 
50.000000 46.904802 43.832992 40.807427 37.849925 34.980788 32.218392 29.578839 27.075689 24.719784 22.519156 20.479027 18.601884 16.887632 15.333808 13.935843 12.687355 11.580464 10.606118 9.754401 9.014836 8.376651 7.829019 7.361260 6.962999 6.624293 6.335711 6.088388 5.874045 5.684992 5.514103 5.354788 5.200960 5.047000 4.887730 4.718404 4.534707 4.332783 4.109280 3.861412 3.587048 3.284801 2.954127 2.595415 2.210046 1.800425 1.369948 0.922922 0.464404 0.000000 
50.000000 46.963512 43.949969 40.981793 38.080388 35.265670 32.555668 29.966174 27.510493 25.199259 23.040349 21.038884 19.197300 17.515498 15.991058 14.619486 13.394511 12.308388 11.352216 10.516243 9.790157 9.163349 8.625146 8.165003 7.772660 7.438261 7.152426 6.906306 6.691596 6.500527 6.325848 6.160788 5.999020 5.834627 5.662078 5.476217 5.272280 5.045923 4.793297 4.511132 4.196854 3.848724 3.465973 3.048940 2.599179 2.119515 1.614037 1.088008 0.547674 0.000000 
50.000000 47.033324 44.089064 41.189128 38.354426 35.604418 32.956715 30.426748 28.027512 25.769396 23.660096 21.704608 19.905311 18.262104 16.772611 15.432436 14.235438 13.174033 12.239502 11.422290 10.712285 10.099076 9.572175 9.121206 8.736049 8.406957 8.124623 7.880224 7.665430 7.472393 7.293720 7.122432 6.951921 6.775920 6.588469 6.383917 6.156935 5.902568 5.616324 5.294290 4.933294 4.531084 4.086538 3.599855 3.072726 2.508452 1.911958 1.289709 0.649477 0.000000 
50.000000 47.114712 44.251225 41.430845 38.673909 35.999342 33.424270 30.963701 28.630272 26.434086 24.382624 22.480744 20.730753 19.132548 17.683811 16.380256 15.215895 14.183336 13.274075 12.478788 11.787601 11.190336 10.676728 10.236602 9.860014 9.537353 9.259405 9.017390 8.802964 8.608200 8.425551 8.247807 8.068047 7.879595 7.675991 7.450988 7.198574 6.913034 6.589057 6.221893 5.807558 5.343082 4.826789 4.258585 3.640225 2.975500 2.270323 1.532646 0.772192 0.000000 
50.000000 47.208133 44.437361 41.708299 39.040626 36.452653 33.960952 31.580042 29.322152 27.197054 25.211986 23.371644 21.678256 20.131717 18.729777 17.468275 16.341404 15.341992 14.461786 13.691729 13.022225 12.443372 11.945167 11.517675 11.151161 10.836183 10.563651 10.324850 10.111436 9.915409 9.729070 9.544960 9.355812 9.154491 8.933966 8.687292 8.407639 8.088364 7.723133 7.306115 6.832239 6.297528 5.699470 5.037438 4.313086 3.530667 2.697218 1.822516 0.918766 0.000000 
50.000000 47.313993 44.648280 42.022696 39.456171 36.966323 34.569093 32.278452 30.106160 28.061619 26.151789 24.381185 22.751947 21.263966 19.915070 18.701243 17.616886 16.655077 15.807850 15.066459 14.421627 13.863769 13.383189 12.970236 12.615424 12.309519 12.043588 11.809011 11.597468 11.400905 11.211471 11.021459 10.823230 10.609152 10.371550 10.102685 9.794770 9.440042 9.030906 8.560151 8.021277 7.408903 6.719283 5.950881 5.104961 4.186111 3.202594 2.166395 1.092879 0.000000 
50.000000 47.432617 44.884632 42.375003 39.921824 37.541933 35.250568 33.061080 30.984711 29.030444 27.204930 25.512481 23.955138 22.532790 21.243353 20.082978 19.046296 18.126673 17.316468 16.607286 15.990216 15.456038 14.995409 14.599008 14.257645 13.962339 13.704354 13.475203 13.266625 13.070536 12.878957 12.683938 12.477462 12.251373 11.997296 11.706605 11.370415 10.979650 10.525176 9.998057 9.389916 8.693462 7.903143 7.015949 6.032269 4.956731 3.798833 2.573191 1.299200 0.000000 
50.000000 47.564222 45.146848 42.765863 40.438432 38.180532 36.006618 33.929355 31.959408 30.105297 28.373331 26.767598 25.290028 23.940511 22.717061 21.616016 20.632268 19.759502 18.990443 18.317093 17.730953 17.223219 16.784950 16.407208 16.081150 15.798098 15.549561 15.327234 15.122960 14.928665 14.736278 14.537629 14.324342 14.087725 13.818676 13.507605 13.144406 12.718485 12.218886 11.634535 10.954650 10.169357 9.270521 8.252813 7.114963 5.861050 4.501629 3.054362 1.543788 0.000000 
50.000000 47.708887 45.435085 43.195509 41.006307 38.882504 36.837697 34.883798 33.030836 31.286826 29.657697 28.147293 26.757424 25.487983 24.337092 23.301297 22.375778 21.554577 20.830828 20.196974 19.644976 19.166500 18.753061 18.396158 18.087352 17.818324 17.580887 17.366975 17.168589 16.977726 16.786275 16.585896 16.367892 16.123065 15.841582 15.512855 15.125459 14.667109 14.124730 13.484672 12.733122 11.856781 10.843876 9.685547 8.377601 6.922503 5.331305 3.625010 1.834723 0.000000 
50.000000 47.866529 45.749177 43.663697 41.625123 39.647446 37.743329 35.923861 34.198382 32.574353 31.057293 29.650778 28.356492 27.174327 26.102528 25.137869 24.275849 23.510903 22.836613 22.245912 21.731274 21.284883 20.898773 20.564935 20.275395 20.022256 19.797702 19.593970 19.403295 19.217815 19.029453 18.829781 18.609854 18.360032 18.069802 17.727595 17.320628 16.834801 16.254665 15.563555 14.743931 13.778060 12.649156 11.343102 9.850836 8.171334 6.314848 4.305651 2.183138 0.000000 
50.000000 48.036883 46.088597 44.169638 42.293839 40.474073 38.721991 37.047797 35.460084 33.965715 32.569768 31.275529 30.084545 28.996712 28.010409 27.122658 26.329306 25.625217 25.004462 24.460513 23.986408 23.574906 23.218613 22.910078 22.641854 22.406536 22.196748 22.005113 21.824180 21.646321 21.463596 21.267593 21.049234 20.798557 20.504480 20.154546 19.734669 19.228903 18.619268 17.885705 17.006255 15.957615 14.716275 13.260504 11.573433 9.647365 7.489068 5.125066 2.604954 0.000000 
50.000000 48.219486 46.452424 44.711959 43.010639 41.360140 39.771028 38.252556 36.812518 35.457137 34.191018 33.017138 31.936898 30.950199 30.055564 29.250287 28.530589 27.891798 27.328519 26.834807 26.404313 26.030429 25.706391 25.425367 25.180509 24.964969 24.771896 24.594383 24.425391 24.257635 24.083436 23.894539 23.681893 23.435391 23.143572 22.793288 22.369327 21.854024 21.226877 20.464233 19.539144 18.421598 17.079395 15.480135 13.594872 11.403998 8.905568 6.125119 3.123918 0.000000 
50.000000 48.413670 46.839324 45.288675 43.772901 42.302404 40.886597 39.533726 38.250732 37.043159 35.915107 34.869229 33.906769 33.027636 32.230509 31.512971 30.871646 30.302360 29.800292 29.360123 28.976170 28.642510 28.353067 28.101692 27.882200 27.688381 27.513988 27.352678 27.197932 27.042934 26.880412 26.702442 26.500205 26.263687 25.981334 25.639618 25.222546 24.711077 24.082470 23.309592 22.360276 21.196917 19.776657 18.052805 15.978483 13.513906 10.638658 7.369109 3.777232 0.000000 
50.000000 48.618557 47.247551 45.897180 44.577180 43.296608 42.063662 40.885521 39.768230 38.716616 37.734249 36.823437 35.985262 35.219641 34.525421 33.900491 33.341905 32.846019 32.408622 32.025064 31.690376 31.399369 31.146715 30.927005 30.734787 30.564563 30.410773 30.267739 30.129575 29.990070 29.842524 29.679546 29.492795 29.272656 29.007847 28.684917 28.287626 27.796169 27.186228 26.427814 25.483938 24.309218 22.848737 21.037882 18.804614 16.076735 12.797997 8.956849 4.626653 0.000000 
50.000000 48.833068 47.674951 46.534266 45.419235 44.337509 43.296013 42.300811 41.357009 40.468683 39.638849 38.869455 38.161412 37.514651 36.928194 36.400252 35.928334 35.509354 35.139744 34.815566 34.532605 34.286454 34.072584 33.886388 33.723206 33.578326 33.446961 33.324191 33.204882 33.083571 32.954306 32.810448 32.644411 32.447335 32.208664 31.915598 31.552383 31.099377 30.531807 29.818145 28.917965 27.779253 26.335205 24.501046 22.172333 19.228400 15.548464 11.052894 5.782193 0.000000 
50.000000 49.055929 48.118991 47.196154 46.294072 45.418934 44.576343 43.771203 43.007646 42.288969 41.617611 40.995147 40.422315 39.899055 39.424574 38.997425 38.615587 38.276558 37.977447 37.715057 37.485968 37.286599 37.113265 36.962211 36.829632 36.711667 36.604377 36.503696 36.405356 36.304778 36.196935 36.076167 35.935938 35.768522 35.564597 35.312689 34.998434 34.603558 34.104451 33.470158 32.659514 31.617064 30.267325 28.507070 26.196032 23.149020 19.139481 13.940780 7.457612 0.000000 
50.000000 49.285698 48.576792 47.878556 47.196023 46.533876 45.896354 45.287169 44.709445 44.165678 43.657711 43.186738 42.753314 42.357395 41.998379 41.675169 41.386234 41.129678 40.903310 40.704706 40.531271 40.380286 40.248950 40.134406 40.033751 39.944035 39.862237 39.785227 39.709702 39.632099 39.548481 39.454379 39.344589 39.212902 39.051746 38.851687 38.600742 38.283406 37.879224 37.360667 36.689911 35.813796 34.655889 33.103819 30.989416 28.059416 23.940267 18.126953 10.114408 0.000000 
50.000000 49.520783 49.045186 48.576747 48.118844 47.674617 47.246911 46.838215 46.450625 46.085817 45.745026 45.429053 45.138270 44.872647 44.631780 44.414932 44.221075 44.048935 43.897040 43.763763 43.647357 43.545995 43.457791 43.380819 43.313122 43.252705 43.197522 43.145444 43.094220 43.041411 42.984305 42.919810 42.844301 42.753424 42.641826 42.502777 42.327634 42.105067 41.819881 41.451202 40.969562 40.332057 39.473962 38.293644 36.624339 34.179935 30.451078 24.522994 14.878403 0.000000 
50.000000 49.759479 49.520774 49.285663 49.055839 48.832879 48.618211 48.413084 48.218551 48.035452 47.864407 47.705817 47.559871 47.426552 47.305657 47.196817 47.099515 47.013111 46.936866 46.869963 46.811523 46.760628 46.716329 46.677659 46.643629 46.613236 46.585445 46.559180 46.533300 46.506564 46.477591 46.444798 46.406324 46.359924 46.302823 46.231514 46.141461 46.026667 45.879009 45.687170 45.434888 45.097892 44.638263 43.993332 43.051978 41.599150 39.171887 34.642766 24.879834 0.000000 
50.000000 50.000000 50.000000 50.000000 50.000000 50.000000 50.000000 50.000000 50.000000 50.000000 50.000000 50.000000 50.000000 50.000000 50.000000 50.000000 50.000000 50.000000 50.000000 50.000000 50.000000 50.000000 50.000000 50.000000 50.000000 50.000000 50.000000 50.000000 50.000000 50.000000 50.000000 50.000000 50.000000 50.000000 50.000000 50.000000 50.000000 50.000000 50.000000 50.000000 50.000000 50.000000 50.000000 50.000000 50.000000 50.000000 50.000000 50.000000 50.000000 50.000000 
