50.000000 50.000000 50.000000 50.000000 50.000000 50.000000 50.000000 50.000000 50.000000 50.000000 50.000000 50.000000 50.000000 50.000000 50.000000 50.000000 50.000000 50.000000 50.000000 50.000000 50.000000 50.000000 50.000000 50.000000 50.000000 50.000000 50.000000 50.000000 50.000000 50.000000 50.000000 50.000000 50.000000 50.000000 50.000000 50.000000 50.000000 50.000000 50.000000 50.000000 50.000000 50.000000 50.000000 50.000000 50.000000 50.000000 50.000000 50.000000 50.000000 50.000000 
50.000000 49.819654 49.640329 49.463027 49.288717 49.118317 48.952676 48.792568 48.638674 48.491577 48.351755 48.219575 48.095294 47.979058 47.870903 47.770761 47.678466 47.593758 47.516292 47.445641 47.381309 47.322728 47.269268 47.220236 47.174876 47.132365 47.091803 47.052203 47.012470 46.971370 46.927498 46.879224 46.824616 46.761350 46.686564 46.596666 46.487041 46.351628 46.182249 45.967560 45.691289 45.329181 44.843362 44.171229 43.201751 41.719994 39.263131 34.703890 24.910486 0.000000 
50.000000 49.640363 49.282762 48.929197 48.581598 48.241794 47.911483 47.592204 47.285319 46.991988 46.713166 46.449584 46.201756 45.969971 45.754304 45.554621 45.370590 45.201694 45.047247 44.906402 44.778168 44.661420 44.554905 44.457248 44.366950 44.282378 44.201754 44.123128 44.044338 43.962962 43.876242 43.780987 43.673436 43.549076 43.402381 43.226453 43.012492 42.749035 42.420786 42.006809 41.477622 40.790350 39.880352 38.646128 36.921096 34.419370 30.631863 24.644102 14.939134 0.000000 
50.000000 49.463168 48.929373 48.401604 47.882740 47.375513 46.882457 46.405871 45.947784 45.509933 45.093740 44.700301 44.330380 43.984413 43.662511 43.364477 43.089819 42.837768 42.607302 42.397164 42.205882 42.031786 41.873016 41.727536 41.593127 41.467380 41.347673 41.231140 41.114614 40.994560 40.866970 40.727230 40.569934 40.388636 40.175510 39.920868 39.612496 39.234690 38.766843 38.181336 37.440316 36.490673 35.256090 33.624393 31.427679 28.413019 24.207251 18.305805 10.204095 0.000000 
50.000000 49.289074 48.582172 47.883248 47.196119 46.524402 45.871452 45.240314 44.633678 44.053844 43.502695 42.981684 42.491826 42.033698 41.607453 41.212830 40.849184 40.515503 40.210441 39.932343 39.679272 39.449032 39.239183 39.047055 38.869745 38.704109 38.546736 38.393909 38.241542 38.085092 37.919443 37.738743 37.536192 37.303752 37.031766 36.708428 36.319066 35.845144 35.262851 34.541108 33.638715 32.500273 31.050453 29.186279 26.767832 23.610353 19.487800 14.174115 7.574619 0.000000 
50.000000 49.119044 48.243074 47.376991 46.525526 45.693159 44.884050 44.101973 43.350261 42.631766 41.948823 41.303235 40.696260 40.128620 39.600504 39.111600 38.661111 38.247794 37.869993 37.525672 37.212451 36.927633 36.668229 36.430968 36.212311 36.008429 35.815189 35.628104 35.442268 35.252264 35.052031 34.834697 34.592354 34.315757 33.993937 33.613687 33.158873 32.609527 31.940631 31.120498 30.108653 28.853145 27.287357 25.326815 22.867490 19.789242 15.971906 11.336548 5.924433 0.000000 
50.000000 48.953979 47.913878 46.885519 45.874517 44.886194 43.925490 42.996886 42.104343 41.251246 40.440372 39.673863 38.953219 38.279298 37.652334 37.071962 36.537246 36.046725 35.598447 35.190016 34.818633 34.481131 34.174004 33.893429 33.635274 33.395091 33.168097 32.949125 32.732564 32.512259 32.281386 32.032283 31.756227 31.443156 31.081301 30.656730 30.152754 29.549186 28.821411 27.939250 26.865650 25.555298 23.953482 21.995935 19.611096 16.727370 13.289221 9.285902 4.791656 0.000000 
50.000000 48.794710 47.596243 46.411306 45.246371 44.107571 43.000599 41.930620 40.902198 39.919238 38.984941 38.101780 37.271487 36.495057 35.772769 35.104209 34.488316 33.923418 33.407291 32.937201 32.509957 32.121954 31.769211 31.447394 31.151839 30.877541 30.619143 30.370898 30.126602 29.879509 29.622209 29.346472 29.043047 28.701408 28.309449 27.853091 27.315831 26.678183 25.917065 25.005122 23.910104 22.594475 21.015599 19.127163 16.882822 14.243457 11.189444 7.738053 3.962236 0.000000 
50.000000 48.641989 47.291667 45.956590 44.644052 43.360964 42.113741 40.908205 39.749500 38.642028 37.589401 36.594407 35.659005 34.784323 33.970685 33.217639 32.524002 31.887913 31.306892 30.777891 30.297359 29.861287 29.465259 29.104484 28.773815 28.467762 28.180476 27.905718 27.636809 27.366549 27.087109 26.789898 26.465386 26.102896 25.690355 25.213999 24.658044 24.004329 23.231964 22.317039 21.232506 19.948414 18.432795 16.653656 14.582617 12.200794 9.507100 6.528045 3.325959 0.000000 
50.000000 48.496482 47.001477 45.523352 44.070184 42.649626 41.268781 39.934097 38.651272 37.425182 36.259831 35.158311 34.122797 33.154549 32.253935 31.420470 30.652862 29.949078 29.306398 28.721491 28.190473 27.708969 27.272172 26.874878 26.511521 26.176187 25.862612 25.564160 25.273780 24.983945 24.686557 24.372841 24.033198 23.657048 23.232637 22.746835 22.184927 21.530420 20.764902 19.868025 18.817705 17.590689 16.163706 14.515444 12.629630 10.499331 8.132221 5.555858 2.820964 0.000000 
50.000000 48.358763 46.726819 45.113304 43.527035 41.976367 40.469057 39.012144 37.611852 36.273507 35.001484 33.799166 32.668933 31.612172 30.629297 29.719795 28.882279 28.114555 27.413691 26.776093 26.197578 25.673442 25.198527 24.767266 24.373729 24.011641 23.674396 23.355043 23.046258 22.740295 22.428915 22.103302 21.753957 21.370575 20.941920 20.455697 19.898444 19.255462 18.510832 17.647563 16.647966 15.494347 14.170150 12.661685 10.960505 9.066374 6.990484 4.758185 2.410045 0.000000 
50.000000 48.229315 46.468659 44.727886 43.016512 41.343552 39.717377 38.145583 36.634889 35.191045 33.818775 32.521738 31.302509 30.162596 29.102460 28.121567 27.218443 26.390752 25.635368 24.948462 24.325583 23.761734 23.251445 22.788836 22.367661 21.981348 21.623011 21.285460 20.961179 20.642296 20.320534 19.987152 19.632864 19.247768 18.821263 18.341989 17.797792 17.175746 16.462263 15.643335 14.704973 13.633897 12.418556 11.050513 9.526196 7.848870 6.030550 4.093339 2.069544 0.000000 
50.000000 48.108533 46.227779 44.368269 42.540166 40.753102 39.016022 37.337045 35.723348 34.181080 32.715293 31.329900 30.027666 28.810210 27.678042 26.630611 25.666369 24.782850 23.976758 23.244055 22.580048 21.979485 21.436623 20.945309 20.499034 20.090977 19.714035 19.360841 19.023755 18.694856 18.365908 18.028320 17.673105 17.290832 16.871593 16.404981 15.880120 15.285735 14.610316 13.842399 12.971000 11.986237 10.880182 9.647921 8.288799 6.807696 5.216137 3.532892 1.783718 0.000000 
50.000000 47.996722 46.004793 44.035364 42.099205 40.206516 38.366774 36.588580 34.879540 33.246172 31.693830 30.226669 28.847625 27.558428 26.359632 25.250676 24.229946 23.294866 22.441985 21.667081 20.965251 20.331015 19.758399 19.241015 18.772134 18.344733 17.951544 17.585073 17.237617 16.901258 16.567856 16.229028 15.876128 15.500230 15.092119 14.642316 14.141127 13.578756 12.945483 12.231947 11.429538 10.530933 9.530766 8.426423 7.218897 5.913606 4.521012 3.056836 1.541688 0.000000 
50.000000 47.894110 45.800150 43.729846 41.694520 39.704898 37.770942 35.901699 34.105168 32.388204 30.756444 29.214262 27.764755 26.409755 25.149863 23.984508 22.912021 21.929728 21.034047 20.220590 19.484275 18.819423 18.219859 17.679001 17.189936 16.745483 16.338247 15.960653 15.604974 15.263339 14.927742 14.590037 14.241935 13.875012 13.480725 13.050450 12.575555 12.047527 11.458146 10.799750 10.065570 9.250171 8.349963 7.363786 6.293484 5.144420 3.925801 2.650703 1.335692 0.000000 
50.000000 47.800847 45.614155 43.452170 41.326715 39.248994 37.229414 35.277424 33.401381 31.608450 29.904523 28.294175 26.780653 25.365880 24.050503 22.833946 21.714494 20.689388 19.754929 18.906591 18.139132 17.446706 16.822967 16.261170 15.754251 15.294907 14.875650 14.488858 14.126811 13.781713 13.445710 13.110904 12.769363 12.413144 12.034319 11.625033 11.177584 10.684544 10.138926 9.534415 8.865644 8.128549 7.320750 6.441966 5.494403 4.483064 3.415907 2.303771 1.160040 0.000000 
50.000000 47.717026 45.446988 43.202602 40.996142 38.839242 36.742708 34.716351 32.768852 30.907652 29.138875 27.467279 25.896243 24.427778 23.062570 21.800044 20.638446 19.574944 18.605740 17.726188 16.930909 16.213916 15.568720 14.988440 14.465893 13.993678 13.564244 13.169947 12.803095 12.455983 12.120917 11.790244 11.456371 11.111793 10.749140 10.361229 9.941149 9.482375 8.978916 8.425506 7.817837 7.152823 6.428887 5.646252 4.807194 3.916225 2.980143 2.007935 1.010467 0.000000 
50.000000 47.642681 45.298721 42.981250 40.702945 38.475820 36.311035 34.218722 32.207851 30.286109 28.459824 26.733918 25.111889 23.595827 22.186456 20.883200 19.684275 18.586788 17.586858 16.679733 15.859924 15.121321 14.457318 13.860924 13.324859 12.841649 12.403702 12.003368 11.632997 11.284979 10.951782 10.625981 10.300292 9.967608 9.621042 9.253987 8.860194 8.433875 7.969831 7.463607 6.911678 6.311648 5.662462 4.964604 4.220255 3.433398 2.609813 1.756957 0.883712 0.000000 
50.000000 47.577807 45.169343 42.788098 40.447102 38.158699 35.934360 33.784498 31.718333 29.743767 27.867309 26.094024 24.427514 22.869939 21.422057 20.083295 18.851843 17.724758 16.698087 15.766995 14.925895 14.168580 13.488347 12.878112 12.330525 11.838055 11.393083 10.987966 10.615104 10.266980 9.936212 9.615586 9.298092 8.976965 8.645734 8.298273 7.928878 7.532353 7.104118 6.640336 6.138058 5.595367 5.011534 4.387152 3.724228 3.026236 2.298081 1.545981 0.777251 0.000000 
50.000000 47.522369 45.058782 42.623040 40.228470 37.887704 35.612473 33.413435 31.300021 29.280320 27.360993 25.547228 23.842719 22.249685 20.768913 19.399837 18.140623 16.988288 15.938822 14.987318 14.128114 13.354919 12.660953 12.039062 11.481835 10.981704 10.531034 10.122197 9.747638 9.399934 9.071835 8.756309 8.446585 8.136189 7.818993 7.489268 7.141746 6.771699 6.375026 5.948354 5.489149 4.995823 4.467844 3.905822 3.311561 2.688078 2.039549 1.371198 0.689113 0.000000 
50.000000 47.476311 44.966928 42.485910 40.046832 37.662563 35.345053 33.105161 30.952495 28.895299 26.940362 25.092973 23.356903 21.734420 20.226340 18.832096 17.549843 16.376563 15.308199 14.339790 13.465608 12.679301 11.974024 11.342571 10.777486 10.271172 9.815986 9.404318 9.028658 8.681661 8.356194 8.045381 7.742645 7.441752 7.136853 6.822533 6.493869 6.146494 5.776668 5.381362 4.958336 4.506224 4.024606 3.514060 2.976194 2.413633 1.829962 1.229623 0.617758 0.000000 
50.000000 47.439569 44.893653 42.376517 39.901934 37.482961 35.131725 32.859243 30.675267 28.588162 26.604821 24.730614 22.969373 21.323406 19.793549 18.379243 17.078628 15.888660 14.805248 13.823387 12.937300 12.140586 11.426354 10.787355 10.216099 9.704974 9.246330 8.832574 8.456238 8.110041 7.786945 7.480198 7.183381 6.890446 6.595761 6.294154 5.980964 5.652091 5.304064 4.934099 4.540163 4.121033 3.676347 3.206637 2.713333 2.198744 1.665996 1.118937 0.561992 0.000000 
50.000000 47.412080 44.838830 42.294671 39.793524 37.348587 34.972119 32.675254 30.467853 28.358372 26.353782 24.459513 22.679442 21.015910 19.469768 18.040459 16.726115 15.523675 14.429021 13.437115 12.542147 11.737679 11.016786 10.372188 9.796376 9.281720 8.820574 8.405358 8.028634 7.683173 7.362008 7.058481 6.766289 6.479525 6.192713 5.900859 5.599486 5.284690 4.953183 4.602352 4.230299 3.835894 3.418802 2.979505 2.519292 2.040237 1.545128 1.037382 0.520916 0.000000 
50.000000 47.393787 44.802350 42.240208 39.721385 37.259171 34.865912 32.552824 30.329835 28.205466 26.186736 24.279119 22.486520 20.811301 19.254325 17.815036 16.491562 15.280829 14.178702 13.180122 12.279257 11.469645 10.744338 10.096038 9.517222 9.000251 8.537481 8.121340 7.744414 7.399508 7.079703 6.778403 6.489383 6.206826 5.925362 5.640109 5.346712 5.041389 4.720972 4.382950 4.025512 3.647579 3.248827 2.829699 2.391390 1.935812 1.465534 0.983694 0.493881 0.000000 
50.000000 47.384652 44.784131 42.213009 39.685358 37.214515 34.812871 32.491680 30.260907 28.129102 26.103311 24.189028 22.390173 20.709118 19.146732 17.702461 16.374428 15.159556 14.053699 13.051789 12.147982 11.335805 10.608300 9.958159 9.377850 8.859734 8.396164 7.979576 7.602567 7.257957 6.938853 6.638691 6.351283 6.070857 5.792096 5.510172 5.220792 4.920232 4.605381 4.273779 3.923655 3.553952 3.164353 2.755278 2.327872 1.883969 1.426029 0.957052 0.480466 0.000000 
50.000000 47.384652 44.784131 42.213009 39.685358 37.214515 34.812871 32.491680 30.260907 28.129102 26.103311 24.189028 22.390173 20.709118 19.146732 17.702461 16.374428 15.159556 14.053699 13.051789 12.147982 11.335805 10.608300 9.958159 9.377850 8.859734 8.396164 7.979576 7.602567 7.257957 6.938853 6.638691 6.351283 6.070857 5.792096 5.510172 5.220792 4.920232 4.605381 4.273779 3.923655 3.553952 3.164353 2.755278 2.327872 1.883969 1.426029 0.957052 0.480466 0.000000 
50.000000 47.393787 44.802350 42.240208 39.721385 37.259171 34.865912 32.552824 30.329835 28.205466 26.186736 24.279119 22.486520 20.811301 19.254325 17.815036 16.491562 15.280829 14.178702 13.180122 12.279257 11.469645 10.744338 10.096038 9.517222 9.000251 8.537481 8.121340 7.744414 7.399508 7.079703 6.778403 6.489383 6.206826 5.925362 5.640109 5.346712 5.041389 4.720972 4.382950 4.025512 3.647579 3.248827 2.829699 2.391390 1.935812 1.465534 0.983694 0.493881 0.000000 
50.000000 47.412080 44.838830 42.294671 39.793524 37.348587 34.972119 32.675254 30.467853 28.358372 26.353782 24.459513 22.679442 21.015910 19.469768 18.040459 16.726115 15.523675 14.429021 13.437115 12.542147 11.737679 11.016786 10.372188 9.796376 9.281720 8.820574 8.405358 8.028634 7.683173 7.362008 7.058481 6.766289 6.479525 6.192713 5.900859 5.599486 5.284690 4.953183 4.602352 4.230299 3.835894 3.418802 2.979505 2.519292 2.040237 1.545128 1.037382 0.520916 0.000000 
50.000000 47.439569 44.893653 42.376517 39.901934 37.482961 35.131725 32.859243 30.675267 28.588162 26.604821 24.730614 22.969373 21.323406 19.793549 18.379243 17.078628 15.888660 14.805248 13.823387 12.937300 12.140586 11.426354 10.787355 10.216099 9.704974 9.246330 8.832574 8.456238 8.110041 7.786945 7.480198 7.183381 6.890446 6.595761 6.294154 5.980964 5.652091 5.304064 4.934099 4.540163 4.121033 3.676347 3.206637 2.713333 2.198744 1.665996 1.118937 0.561992 0.000000 
50.000000 47.476311 44.966928 42.485910 40.046832 37.662563 35.345053 33.105161 30.952495 28.895299 26.940362 25.092973 23.356903 21.734420 20.226340 18.832096 17.549843 16.376563 15.308199 14.339790 13.465608 12.679301 11.974024 11.342571 10.777486 10.271172 9.815986 9.404318 9.028658 8.681661 8.356194 8.045381 7.742645 7.441752 7.136853 6.822533 6.493869 6.146494 5.776668 5.381362 4.958336 4.506224 4.024606 3.514060 2.976194 2.413633 1.829962 1.229623 0.617758 0.000000 
50.000000 47.522369 45.058782 42.623040 40.228470 37.887704 35.612473 33.413435 31.300021 29.280320 27.360993 25.547228 23.842719 22.249685 20.768913 19.399837 18.140623 16.988288 15.938822 14.987318 14.128114 13.354919 12.660953 12.039062 11.481835 10.981704 10.531034 10.122197 9.747638 9.399934 9.071835 8.756309 8.446585 8.136189 7.818993 7.489268 7.141746 6.771699 6.375026 5.948354 5.489149 4.995823 4.467844 3.905822 3.311561 2.688078 2.039549 1.371198 0.689113 0.000000 
50.000000 47.577807 45.169343 42.788098 40.447102 38.158699 35.934360 33.784498 31.718333 29.743767 27.867309 26.094024 24.427514 22.869939 21.422057 20.083295 18.851843 17.724758 16.698087 15.766995 14.925895 14.168580 13.488347 12.878112 12.330525 11.838055 11.393083 10.987966 10.615104 10.266980 9.936212 9.615586 9.298092 8.976965 8.645734 8.298273 7.928878 7.532353 7.104118 6.640336 6.138058 5.595367 5.011534 4.387152 3.724228 3.026236 2.298081 1.545981 0.777251 0.000000 
50.000000 47.642681 45.298721 42.981250 40.702945 38.475820 36.311035 34.218722 32.207851 30.286109 28.459824 26.733918 25.111889 23.595827 22.186456 20.883200 19.684275 18.586788 17.586858 16.679733 15.859924 15.121321 14.457318 13.860924 13.324859 12.841649 12.403702 12.003368 11.632997 11.284979 10.951782 10.625981 10.300292 9.967608 9.621042 9.253987 8.860194 8.433875 7.969831 7.463607 6.911678 6.311648 5.662462 4.964604 4.220255 3.433398 2.609813 1.756957 0.883712 0.000000 
50.000000 47.717026 45.446988 43.202602 40.996142 38.839242 36.742708 34.716351 32.768852 30.907652 29.138875 27.467279 25.896243 24.427778 23.062570 21.800044 20.638446 19.574944 18.605740 17.726188 16.930909 16.213916 15.568720 14.988440 14.465893 13.993678 13.564244 13.169947 12.803095 12.455983 12.120917 11.790244 11.456371 11.111793 10.749140 10.361229 9.941149 9.482375 8.978916 8.425506 7.817837 7.152823 6.428887 5.646252 4.807194 3.916225 2.980143 2.007935 1.010467 0.000000 
50.000000 47.800847 45.614155 43.452170 41.326715 39.248994 37.229414 35.277424 33.401381 31.608450 29.904523 28.294175 26.780653 25.365880 24.050503 22.833946 21.714494 20.689388 19.754929 18.906591 18.139132 17.446706 16.822967 16.261170 15.754251 15.294907 14.875650 14.488858 14.126811 13.781713 13.445710 13.110904 12.769363 12.413144 12.034319 11.625033 11.177584 10.684544 10.138926 9.534415 8.865644 8.128549 7.320750 6.441966 5.494403 4.483064 3.415907 2.303771 1.160040 0.000000 
50.000000 47.894110 45.800150 43.729846 41.694520 39.704898 37.770942 35.901699 34.105168 32.388204 30.756444 29.214262 27.764755 26.409755 25.149863 23.984508 22.912021 21.929728 21.034047 20.220590 19.484275 18.819423 18.219859 17.679001 17.189936 16.745483 16.338247 15.960653 15.604974 15.263339 14.927742 14.590037 14.241935 13.875012 13.480725 13.050450 12.575555 12.047527 11.458146 10.799750 10.065570 9.250171 8.349963 7.363786 6.293484 5.144420 3.925801 2.650703 1.335692 0.000000 
50.000000 47.996722 46.004793 44.035364 42.099205 40.206516 38.366774 36.588580 34.879540 33.246172 31.693830 30.226669 28.847625 27.558428 26.359632 25.250676 24.229946 23.294866 22.441985 21.667081 20.965251 20.331015 19.758399 19.241015 18.772134 18.344733 17.951544 17.585073 17.237617 16.901258 16.567856 16.229028 15.876128 15.500230 15.092119 14.642316 14.141127 13.578756 12.945483 12.231947 11.429538 10.530933 9.530766 8.426423 7.218897 5.913606 4.521012 3.056836 1.541688 0.000000 
50.000000 48.108533 46.227779 44.368269 42.540166 40.753102 39.016022 37.337045 35.723348 34.181080 32.715293 31.329900 30.027666 28.810210 27.678042 26.630611 25.666369 24.782850 23.976758 23.244055 22.580048 21.979485 21.436623 20.945309 20.499034 20.090977 19.714035 19.360841 19.023755 18.694856 18.365908 18.028320 17.673105 17.290832 16.871593 16.404981 15.880120 15.285735 14.610316 13.842399 12.971000 11.986237 10.880182 9.647921 8.288799 6.807696 5.216137 3.532892 1.783718 0.000000 
50.000000 48.229315 46.468659 44.727886 43.016512 41.343552 39.717377 38.145583 36.634889 35.191045 33.818775 32.521738 31.302509 30.162596 29.102460 28.121567 27.218443 26.390752 25.635368 24.948462 24.325583 23.761734 23.251445 22.788836 22.367661 21.981348 21.623011 21.285460 20.961179 20.642296 20.320534 19.987152 19.632864 19.247768 18.821263 18.341989 17.797792 17.175746 16.462263 15.643335 14.704973 13.633897 12.418556 11.050513 9.526196 7.848870 6.030550 4.093339 2.069544 0.000000 
50.000000 48.358763 46.726819 45.113304 43.527035 41.976367 40.469057 39.012144 37.611852 36.273507 35.001484 33.799166 32.668933 31.612172 30.629297 29.719795 28.882279 28.114555 27.413691 26.776093 26.197578 25.673442 25.198527 24.767266 24.373729 24.011641 23.674396 23.355043 23.046258 22.740295 22.428915 22.103302 21.753957 21.370575 20.941920 20.455697 19.898444 19.255462 18.510832 17.647563 16.647966 15.494347 14.170150 12.661685 10.960505 9.066374 6.990484 4.758185 2.410045 0.000000 
50.000000 48.496482 47.001477 45.523352 44.070184 42.649626 41.268781 39.934097 38.651272 37.425182 36.259831 35.158311 34.122797 33.154549 32.253935 31.420470 30.652862 29.949078 29.306398 28.721491 28.190473 27.708969 27.272172 26.874878 26.511521 26.176187 25.862612 25.564160 25.273780 24.983945 24.686557 24.372841 24.033198 23.657048 23.232637 22.746835 22.184927 21.530420 20.764902 19.868025 18.817705 17.590689 16.163706 14.515444 12.629630 10.499331 8.132221 5.555858 2.820964 0.000000 
50.000000 48.641989 47.291667 45.956590 44.644052 43.360964 42.113741 40.908205 39.749500 38.642028 37.589401 36.594407 35.659005 34.784323 33.970685 33.217639 32.524002 31.887913 31.306892 30.777891 30.297359 29.861287 29.465259 29.104484 28.773815 28.467762 28.180476 27.905718 27.636809 27.366549 27.087109 26.789898 26.465386 26.102896 25.690355 25.213999 24.658044 24.004329 23.231964 22.317039 21.232506 19.948414 18.432795 16.653656 14.582617 12.200794 9.507100 6.528045 3.325959 0.000000 
50.000000 48.794710 47.596243 46.411306 45.246371 44.107571 43.000599 41.930620 40.902198 39.919238 38.984941 38.101780 37.271487 36.495057 35.772769 35.104209 34.488316 33.923418 33.407291 32.937201 32.509957 32.121954 31.769211 31.447394 31.151839 30.877541 30.619143 30.370898 30.126602 29.879509 29.622209 29.346472 29.043047 28.701408 28.309449 27.853091 27.315831 26.678183 25.917065 25.005122 23.910104 22.594475 21.015599 19.127163 16.882822 14.243457 11.189444 7.738053 3.962236 0.000000 
50.000000 48.953979 47.913878 46.885519 45.874517 44.886194 43.925490 42.996886 42.104343 41.251246 40.440372 39.673863 38.953219 38.279298 37.652334 37.071962 36.537246 36.046725 35.598447 35.190016 34.818633 34.481131 34.174004 33.893429 33.635274 33.395091 33.168097 32.949125 32.732564 32.512259 32.281386 32.032283 31.756227 31.443156 31.081301 30.656730 30.152754 29.549186 28.821411 27.939250 26.865650 25.555298 23.953482 21.995935 19.611096 16.727370 13.289221 9.285902 4.791656 0.000000 
50.000000 49.119044 48.243074 47.376991 46.525526 45.693159 44.884050 44.101973 43.350261 42.631766 41.948823 41.303235 40.696260 40.128620 39.600504 39.111600 38.661111 38.247794 37.869993 37.525672 37.212451 36.927633 36.668229 36.430968 36.212311 36.008429 35.815189 35.628104 35.442268 35.252264 35.052031 34.834697 34.592354 34.315757 33.993937 33.613687 33.158873 32.609527 31.940631 31.120498 30.108653 28.853145 27.287357 25.326815 22.867490 19.789242 15.971906 11.336548 5.924433 0.000000 
50.000000 49.289074 48.582172 47.883248 47.196119 46.524402 45.871452 45.240314 44.633678 44.053844 43.502695 42.981684 42.491826 42.033698 41.607453 41.212830 40.849184 40.515503 40.210441 39.932343 39.679272 39.449032 39.239183 39.047055 38.869745 38.704109 38.546736 38.393909 38.241542 38.085092 37.919443 37.738743 37.536192 37.303752 37.031766 36.708428 36.319066 35.845144 35.262851 34.541108 33.638715 32.500273 31.050453 29.186279 26.767832 23.610353 19.487800 14.174115 7.574619 0.000000 
50.000000 49.463168 48.929373 48.401604 47.882740 47.375513 46.882457 46.405871 45.947784 45.509933 45.093740 44.700301 44.330380 43.984413 43.662511 43.364477 43.089819 42.837768 42.607302 42.397164 42.205882 42.031786 41.873016 41.727536 41.593127 41.467380 41.347673 41.231140 41.114614 40.994560 40.866970 40.727230 40.569934 40.388636 40.175510 39.920868 39.612496 39.234690 38.766843 38.181336 37.440316 36.490673 35.256090 33.624393 31.427679 28.413019 24.207251 18.305805 10.204095 0.000000 
50.000000 49.640363 49.282762 48.929197 48.581598 48.241794 47.911483 47.592204 47.285319 46.991988 46.713166 46.449584 46.201756 45.969971 45.754304 45.554621 45.370590 45.201694 45.047247 44.906402 44.778168 44.661420 44.554905 44.457248 44.366950 44.282378 44.201754 44.123128 44.044338 43.962962 43.876242 43.780987 43.673436 43.549076 43.402381 43.226453 43.012492 42.749035 42.420786 42.006809 41.477622 40.790350 39.880352 38.646128 36.921096 34.419370 30.631863 24.644102 14.939134 0.000000 
50.000000 49.819654 49.640329 49.463027 49.288717 49.118317 48.952676 48.792568 48.638674 48.491577 48.351755 48.219575 48.095294 47.979058 47.870903 47.770761 47.678466 47.593758 47.516292 47.445641 47.381309 47.322728 47.269268 47.220236 47.174876 47.132365 47.091803 47.052203 47.012470 46.971370 46.927498 46.879224 46.824616 46.761350 46.686564 46.596666 46.487041 46.351628 46.182249 45.967560 45.691289 45.329181 44.843362 44.171229 43.201751 41.719994 39.263131 34.703890 24.910486 0.000000 
50.000000 50.000000 50.000000 50.000000 50.000000 50.000000 50.000000 50.000000 50.000000 50.000000 50.000000 50.000000 50.000000 50.000000 50.000000 50.000000 50.000000 50.000000 50.000000 50.000000 50.000000 50.000000 50.000000 50.000000 50.000000 50.000000 50.000000 50.000000 50.000000 50.000000 50.000000 50.000000 50.000000 50.000000 50.000000 50.000000 50.000000 50.000000 50.000000 50.000000 50.000000 50.000000 50.000000 50.000000 50.000000 50.000000 50.000000 50.000000 50.000000 50.000000 
