50.000000 50.000000 50.000000 50.000000 50.000000 50.000000 50.000000 50.000000 50.000000 50.000000 50.000000 50.000000 50.000000 50.000000 50.000000 50.000000 50.000000 50.000000 50.000000 50.000000 50.000000 50.000000 50.000000 50.000000 50.000000 50.000000 50.000000 50.000000 50.000000 50.000000 50.000000 50.000000 50.000000 50.000000 50.000000 50.000000 50.000000 50.000000 50.000000 50.000000 50.000000 50.000000 50.000000 50.000000 50.000000 50.000000 50.000000 50.000000 50.000000 50.000000 
50.000000 49.699746 49.402325 49.110486 48.826825 48.553712 48.293233 48.047141 47.816830 47.603315 47.407230 47.228841 47.068068 46.924524 46.797552 46.686273 46.589636 46.506461 46.435490 46.375424 46.324956 46.282800 46.247709 46.218486 46.193988 46.173117 46.154808 46.138009 46.121646 46.104584 46.085575 46.063189 46.035730 46.001120 45.956748 45.899262 45.824263 45.725871 45.596050 45.423544 45.192114 44.877480 44.441676 43.821949 42.907058 41.481799 39.083030 34.583119 24.849887 0.000000 
50.000000 49.402326 48.810289 48.229366 47.664722 47.121074 46.602572 46.112711 45.654264 45.229249 44.838930 44.483835 44.163808 43.878076 43.625332 43.403827 43.211467 43.045908 42.904644 42.785090 42.684646 42.600755 42.530937 42.472814 42.424115 42.382661 42.346347 42.313088 42.280769 42.247158 42.209810 42.165934 42.112232 42.044685 41.958263 41.846542 41.701154 41.510996 41.261050 40.930561 40.490110 39.896773 39.085732 37.955189 36.338146 33.948188 30.275602 24.405203 14.819262 0.000000 
50.000000 49.110493 48.229376 47.364798 46.524449 45.715347 44.943672 44.214621 43.532323 42.899782 42.318879 41.790399 41.314111 40.888865 40.512715 40.183060 39.896784 39.650398 39.440177 39.262274 39.112825 38.988028 38.884199 38.797810 38.725490 38.664020 38.610288 38.561228 38.513739 38.464567 38.410166 38.346514 38.268892 38.171583 38.047497 37.887650 37.680465 37.410775 37.058387 36.595947 35.985705 35.174475 34.085687 32.606729 30.569087 27.719054 23.682550 17.953957 10.027550 0.000000 
50.000000 48.826845 47.664755 46.524479 45.416157 44.349047 43.331298 42.369767 41.469896 40.635651 39.869510 39.172510 38.544346 37.983502 37.487413 37.052648 36.675100 36.350171 36.072949 35.838366 35.641331 35.476840 35.340046 35.226311 35.131217 35.050546 34.980240 34.916319 34.854774 34.791433 34.721780 34.640742 34.542413 34.419714 34.263951 34.064240 33.806746 33.473639 33.041652 32.480058 31.747793 30.789370 29.529132 27.863539 25.651883 22.708398 18.805851 13.716827 7.345170 0.000000 
50.000000 48.553755 47.121150 45.715438 44.349118 43.033605 41.778942 40.593584 39.484241 38.455801 37.511318 36.652073 35.877690 35.186300 34.574742 34.038790 33.573381 33.172852 32.831150 32.542036 32.299244 32.096617 31.928200 31.788300 31.671505 31.572666 31.486846 31.409228 31.335000 31.259190 31.176470 31.080919 30.965720 30.822798 30.642366 30.412343 30.117618 29.739092 29.252412 28.626330 27.820546 26.783009 25.446712 23.726508 21.517418 18.698093 15.146929 10.783362 5.646868 0.000000 
50.000000 48.293314 46.602723 44.943869 43.331501 41.779089 40.298486 38.899669 37.590557 36.376917 35.262355 34.248382 33.334556 32.518671 31.797001 31.164559 30.615375 30.142769 29.739607 29.398535 29.112171 28.873269 28.674825 28.510159 28.372929 28.257128 28.157016 28.067036 27.981674 27.895293 27.801921 27.695003 27.567092 27.409491 27.211809 26.961435 26.642876 26.236962 25.719863 25.061920 24.226297 23.167574 21.830606 20.150357 18.054178 15.469092 12.337911 8.648016 4.471596 0.000000 
50.000000 48.047283 46.112982 44.214993 42.370191 40.593989 38.899949 37.299484 35.801657 34.413067 33.137839 31.977703 30.932153 29.998669 29.172988 28.449407 27.821101 27.280431 26.819246 26.429142 26.101690 25.828622 25.601959 25.414100 25.257850 25.126418 25.013351 24.912441 24.817588 24.722622 24.621093 24.506019 24.369589 24.202824 23.995172 23.734051 23.404312 22.987627 22.461810 21.800100 20.970511 19.935403 18.651672 17.072165 15.149337 12.842543 10.130333 7.027899 3.605921 0.000000 
50.000000 47.817067 45.654721 43.532967 41.470672 39.485065 37.591307 35.802157 34.127747 32.575453 31.149888 29.852988 28.684186 27.640668 26.717670 25.908822 25.206498 24.602167 24.086726 23.650795 23.284973 22.980043 22.727127 22.517777 22.344025 22.198375 22.073745 21.963376 21.860686 21.759104 21.651853 21.531714 21.390745 21.219971 21.009039 20.745833 20.416071 20.002872 19.486347 18.843256 18.046857 17.067110 15.871559 14.427318 12.704726 10.683260 8.359868 5.758826 2.940015 0.000000 
50.000000 47.603693 45.229986 42.900840 40.636965 38.457273 36.378409 34.414380 32.576307 30.872288 29.307388 27.883732 26.600701 25.455206 24.442021 23.554157 22.783249 22.119941 21.554253 21.075903 20.674595 20.340245 20.063148 19.834094 19.644415 19.485994 19.351205 19.232824 19.123896 19.017559 18.906848 18.784466 18.642530 18.472298 18.263876 18.005923 17.685352 17.287062 16.793735 16.185766 15.441423 14.537389 13.449895 12.156709 10.640221 8.891778 6.916994 4.741075 2.412167 0.000000 
50.000000 47.407817 44.840081 42.320549 39.871624 37.513764 35.264974 33.140407 31.152093 29.308793 27.615987 26.075973 24.688084 23.448981 22.353014 21.392627 20.558778 19.841357 19.229580 18.712344 18.278537 17.917287 17.618143 17.371207 17.167195 16.997441 16.853860 16.728848 16.615164 16.505759 16.393591 16.271413 16.131546 15.965643 15.764449 15.517574 15.213296 14.838409 14.378171 13.816404 13.135818 12.318683 11.347959 10.209022 8.892061 7.395075 5.727137 3.911170 1.985086 0.000000 
50.000000 47.229731 44.485590 41.792963 39.175795 36.655950 34.252669 31.982146 29.857238 27.887309 26.078215 24.432415 22.949198 21.624995 20.453774 19.427464 18.536410 17.769817 17.116173 16.563635 16.100355 15.714749 15.395703 15.132708 14.915934 14.736247 14.585170 14.454801 14.337688 14.226678 14.114742 13.994779 13.859413 13.700796 13.510410 13.278900 12.995946 12.650200 12.229330 11.720203 11.109280 10.383283 9.530196 8.540661 7.409739 6.138917 4.738063 3.226825 1.634814 0.000000 
50.000000 47.069396 44.166431 41.317963 38.549322 35.883636 33.341262 30.939332 28.691446 26.607511 24.693723 22.952684 21.383642 19.982829 18.743863 17.658213 16.715673 15.904833 15.213531 14.629259 14.139511 13.732074 13.395242 13.117969 12.889954 12.701660 12.544290 12.409703 12.290306 12.178908 12.068555 11.952356 11.823305 11.674102 11.497003 11.283692 11.025202 10.711912 10.333635 9.879841 9.340048 8.704418 7.964596 7.114772 6.152943 5.082227 3.912013 2.658618 1.345107 0.000000 
50.000000 46.926473 43.881933 40.894549 37.990884 35.195198 32.528838 30.009772 27.652264 25.466706 23.459596 21.633664 19.988125 18.519025 17.219680 16.081147 15.092728 14.242469 13.517631 12.905116 12.391838 11.965026 11.612460 11.322625 11.084812 10.889148 10.726571 10.588759 10.468030 10.357202 10.249443 10.138112 10.016596 9.878161 9.715823 9.522256 9.289744 9.010205 8.675301 8.276659 7.806224 7.256766 6.622536 5.900065 5.089043 4.193162 3.220786 2.185223 1.104425 0.000000 
50.000000 46.800375 43.630927 40.520979 37.498187 34.587804 31.812053 29.189642 26.735419 24.460202 22.370757 20.469929 18.756900 17.227560 15.874951 14.689769 13.660887 12.775870 12.021472 11.384079 10.850096 10.406269 10.039926 9.739152 9.492892 9.290988 9.124166 8.983970 8.862668 8.753121 8.648647 8.542870 8.429574 8.302573 8.155603 7.982242 7.775890 7.529798 7.237181 6.891414 6.486334 6.016650 5.478445 4.869758 4.191185 3.446426 2.642651 1.790588 0.904213 0.000000 
50.000000 46.690315 43.411844 40.194921 37.068153 34.057661 31.186433 28.473821 25.935184 23.581713 21.420408 19.454211 17.682280 16.100365 14.701272 13.475385 12.411198 11.495863 10.715690 10.056617 9.504612 9.046000 8.667724 8.357527 8.104061 7.896934 7.726703 7.584815 7.463516 7.355734 7.254947 7.155043 7.050190 6.934714 6.803000 6.649437 6.468390 6.254239 6.001474 5.704865 5.359702 4.962117 4.509459 4.000715 3.436913 2.821466 2.160377 1.462226 0.737893 0.000000 
50.000000 46.595360 43.222831 39.913615 36.697141 33.600279 30.646680 27.856247 25.244782 22.823799 20.600497 18.577906 16.755160 15.127890 13.688700 12.427701 11.333067 10.391589 9.589199 8.911453 8.343940 7.872629 7.484135 7.165912 6.906369 6.694922 6.521995 6.378965 6.258080 6.152344 6.055396 5.961379 5.864811 5.760480 5.643352 5.508513 5.351150 5.166579 4.950321 4.698240 4.406729 4.072954 3.695131 3.272821 2.807198 2.301272 1.759983 1.190153 0.600258 0.000000 
50.000000 46.514489 43.061852 39.674032 36.381158 33.210738 30.186984 27.330274 24.656785 22.178303 19.902202 17.831583 15.965561 14.299667 12.826331 11.535435 10.414879 9.451148 8.629856 7.936230 7.355543 6.873463 6.476330 6.151357 5.886751 5.671776 5.496749 5.353001 5.232795 5.129214 5.036053 4.947684 4.858943 4.765024 4.661390 4.543722 4.407889 4.249971 4.066312 3.853621 3.609122 3.330725 3.017229 2.668527 2.285785 1.871575 1.429919 0.966222 0.487087 0.000000 
50.000000 46.446645 42.926803 39.473041 36.116073 32.883943 29.801335 26.889023 24.163501 21.636784 19.316389 17.205479 15.303155 13.604860 12.102883 10.786911 9.644615 8.662227 7.825090 7.118163 6.526451 6.035373 5.631042 5.300473 5.031710 4.813891 4.637256 4.493104 4.373718 4.272263 4.182670 4.099519 4.017921 3.933417 3.841891 3.739516 3.622721 3.488195 3.332928 3.154281 2.950092 2.718802 2.459599 2.172556 1.858748 1.520330 1.160554 0.783698 0.394915 0.000000 
50.000000 46.390783 42.815608 39.307551 35.897810 32.614871 29.483805 26.525713 23.757348 21.190916 18.834052 16.689969 14.757756 13.032786 11.507229 10.170614 9.010425 8.012682 7.162511 6.444646 5.843877 5.345419 4.935200 4.600074 4.327955 4.107883 3.930038 3.785700 3.667176 3.567703 3.481336 3.402831 3.327530 3.251265 3.170267 3.081109 2.980665 2.866107 2.734924 2.584968 2.414531 2.222429 2.008102 1.771711 1.514206 1.237376 0.943842 0.636995 0.320877 0.000000 
50.000000 46.345924 42.726312 39.174653 35.722532 32.398790 29.228809 26.233953 23.431184 20.832858 18.446708 16.275987 14.319772 12.573382 11.028891 9.675702 8.501147 7.491080 6.630449 5.903812 5.295784 4.791420 4.376499 4.037750 3.762984 3.541166 3.362431 3.218047 3.100346 3.002628 2.919051 2.844518 2.774561 2.705246 2.633081 2.554955 2.468093 2.370036 2.258652 2.132159 1.989177 1.828782 1.650580 1.454761 1.242148 1.014223 0.773106 0.521506 0.262620 0.000000 
50.000000 46.311184 42.657160 39.071735 35.586795 32.231455 29.031338 26.008012 23.178600 20.555577 18.146747 15.955398 13.980596 12.217619 10.658468 9.292446 8.106768 7.087161 6.218436 5.485012 4.871374 4.362448 3.943905 3.602375 3.325590 3.102461 2.923090 2.778739 2.661761 2.565509 2.484223 2.412921 2.347287 2.283566 2.218481 2.149163 2.073099 1.988108 1.892337 1.784268 1.662752 1.527047 1.376858 1.212379 1.034320 0.843916 0.642906 0.433488 0.218237 0.000000 
50.000000 46.285818 42.606667 38.996588 35.487685 32.109273 28.887152 25.843038 22.994172 20.353115 17.927726 15.721314 13.732943 11.957855 10.387999 9.012608 7.818811 6.792240 5.917608 5.179233 4.561504 4.049257 3.628079 3.284532 3.006292 2.782231 2.602427 2.458140 2.341740 2.246620 2.167081 2.098229 2.035856 1.976342 1.916563 1.853825 1.785803 1.710513 1.626296 1.531819 1.426088 1.308479 1.178759 1.037114 0.884162 0.720955 0.548958 0.370006 0.186235 0.000000 
50.000000 46.269242 42.573672 38.947482 35.422919 32.029431 28.792931 25.735233 22.873655 20.220814 17.784604 15.568350 13.571111 11.788110 10.211260 8.829747 7.630645 6.599524 5.721033 4.979426 4.359026 3.844612 3.421718 3.076860 2.797679 2.573020 2.392948 2.248721 2.132724 2.038372 1.960011 1.892803 1.832610 1.775902 1.719654 1.661285 1.598592 1.529715 1.453119 1.367586 1.272219 1.166466 1.050127 0.923377 0.786773 0.641245 0.488081 0.328883 0.165509 0.000000 
50.000000 46.261056 42.557378 38.923231 35.390935 31.990001 28.746400 25.681993 22.814137 20.155477 17.713923 15.492808 13.491190 11.704281 10.123976 8.739440 7.537719 6.504352 5.623956 4.880753 4.259035 3.743552 3.319812 2.974308 2.694665 2.469714 2.289514 2.145324 2.029531 1.935568 1.857800 1.791416 1.732315 1.677009 1.622525 1.566334 1.506294 1.440606 1.367795 1.286696 1.196462 1.096572 0.986842 0.867441 0.738892 0.602068 0.458168 0.308680 0.155327 0.000000 
50.000000 46.261056 42.557378 38.923231 35.390935 31.990001 28.746400 25.681993 22.814137 20.155477 17.713923 15.492808 13.491190 11.704281 10.123976 8.739440 7.537719 6.504352 5.623956 4.880753 4.259035 3.743552 3.319812 2.974308 2.694665 2.469714 2.289514 2.145324 2.029531 1.935568 1.857800 1.791416 1.732315 1.677009 1.622525 1.566334 1.506294 1.440606 1.367795 1.286696 1.196462 1.096572 0.986842 0.867441 0.738892 0.602068 0.458168 0.308680 0.155327 0.000000 
50.000000 46.269242 42.573672 38.947482 35.422919 32.029431 28.792931 25.735233 22.873655 20.220814 17.784604 15.568350 13.571111 11.788110 10.211260 8.829747 7.630645 6.599524 5.721033 4.979426 4.359026 3.844612 3.421718 3.076860 2.797679 2.573020 2.392948 2.248721 2.132724 2.038372 1.960011 1.892803 1.832610 1.775902 1.719654 1.661285 1.598592 1.529715 1.453119 1.367586 1.272219 1.166466 1.050127 0.923377 0.786773 0.641245 0.488081 0.328883 0.165509 0.000000 
50.000000 46.285818 42.606667 38.996588 35.487685 32.109273 28.887152 25.843038 22.994172 20.353115 17.927726 15.721314 13.732943 11.957855 10.387999 9.012608 7.818811 6.792240 5.917608 5.179233 4.561504 4.049257 3.628079 3.284532 3.006292 2.782231 2.602427 2.458140 2.341740 2.246620 2.167081 2.098229 2.035856 1.976342 1.916563 1.853825 1.785803 1.710513 1.626296 1.531819 1.426088 1.308479 1.178759 1.037114 0.884162 0.720955 0.548958 0.370006 0.186235 0.000000 
50.000000 46.311184 42.657160 39.071735 35.586795 32.231455 29.031338 26.008012 23.178600 20.555577 18.146747 15.955398 13.980596 12.217619 10.658468 9.292446 8.106768 7.087161 6.218436 5.485012 4.871374 4.362448 3.943905 3.602375 3.325590 3.102461 2.923090 2.778739 2.661761 2.565509 2.484223 2.412921 2.347287 2.283566 2.218481 2.149163 2.073099 1.988108 1.892337 1.784268 1.662752 1.527047 1.376858 1.212379 1.034320 0.843916 0.642906 0.433488 0.218237 0.000000 
50.000000 46.345924 42.726312 39.174653 35.722532 32.398790 29.228809 26.233953 23.431184 20.832858 18.446708 16.275987 14.319772 12.573382 11.028891 9.675702 8.501147 7.491080 6.630449 5.903812 5.295784 4.791420 4.376499 4.037750 3.762984 3.541166 3.362431 3.218047 3.100346 3.002628 2.919051 2.844518 2.774561 2.705246 2.633081 2.554955 2.468093 2.370036 2.258652 2.132159 1.989177 1.828782 1.650580 1.454761 1.242148 1.014223 0.773106 0.521506 0.262620 0.000000 
50.000000 46.390783 42.815608 39.307551 35.897810 32.614871 29.483805 26.525713 23.757348 21.190916 18.834052 16.689969 14.757756 13.032786 11.507229 10.170614 9.010425 8.012682 7.162511 6.444646 5.843877 5.345419 4.935200 4.600074 4.327955 4.107883 3.930038 3.785700 3.667176 3.567703 3.481336 3.402831 3.327530 3.251265 3.170267 3.081109 2.980665 2.866107 2.734924 2.584968 2.414531 2.222429 2.008102 1.771711 1.514206 1.237376 0.943842 0.636995 0.320877 0.000000 
50.000000 46.446645 42.926803 39.473041 36.116073 32.883943 29.801335 26.889023 24.163501 21.636784 19.316389 17.205479 15.303155 13.604860 12.102883 10.786911 9.644615 8.662227 7.825090 7.118163 6.526451 6.035373 5.631042 5.300473 5.031710 4.813891 4.637256 4.493104 4.373718 4.272263 4.182670 4.099519 4.017921 3.933417 3.841891 3.739516 3.622721 3.488195 3.332928 3.154281 2.950092 2.718802 2.459599 2.172556 1.858748 1.520330 1.160554 0.783698 0.394915 0.000000 
50.000000 46.514489 43.061852 39.674032 36.381158 33.210738 30.186984 27.330274 24.656785 22.178303 19.902202 17.831583 15.965561 14.299667 12.826331 11.535435 10.414879 9.451148 8.629856 7.936230 7.355543 6.873463 6.476330 6.151357 5.886751 5.671776 5.496749 5.353001 5.232795 5.129214 5.036053 4.947684 4.858943 4.765024 4.661390 4.543722 4.407889 4.249971 4.066312 3.853621 3.609122 3.330725 3.017229 2.668527 2.285785 1.871575 1.429919 0.966222 0.487087 0.000000 
50.000000 46.595360 43.222831 39.913615 36.697141 33.600279 30.646680 27.856247 25.244782 22.823799 20.600497 18.577906 16.755160 15.127890 13.688700 12.427701 11.333067 10.391589 9.589199 8.911453 8.343940 7.872629 7.484135 7.165912 6.906369 6.694922 6.521995 6.378965 6.258080 6.152344 6.055396 5.961379 5.864811 5.760480 5.643352 5.508513 5.351150 5.166579 4.950321 4.698240 4.406729 4.072954 3.695131 3.272821 2.807198 2.301272 1.759983 1.190153 0.600258 0.000000 
50.000000 46.690315 43.411844 40.194921 37.068153 34.057661 31.186433 28.473821 25.935184 23.581713 21.420408 19.454211 17.682280 16.100365 14.701272 13.475385 12.411198 11.495863 10.715690 10.056617 9.504612 9.046000 8.667724 8.357527 8.104061 7.896934 7.726703 7.584815 7.463516 7.355734 7.254947 7.155043 7.050190 6.934714 6.803000 6.649437 6.468390 6.254239 6.001474 5.704865 5.359702 4.962117 4.509459 4.000715 3.436913 2.821466 2.160377 1.462226 0.737893 0.000000 
50.000000 46.800375 43.630927 40.520979 37.498187 34.587804 31.812053 29.189642 26.735419 24.460202 22.370757 20.469929 18.756900 17.227560 15.874951 14.689769 13.660887 12.775870 12.021472 11.384079 10.850096 10.406269 10.039926 9.739152 9.492892 9.290988 9.124166 8.983970 8.862668 8.753121 8.648647 8.542870 8.429574 8.302573 8.155603 7.982242 7.775890 7.529798 7.237181 6.891414 6.486334 6.016650 5.478445 4.869758 4.191185 3.446426 2.642651 1.790588 0.904213 0.000000 
50.000000 46.926473 43.881933 40.894549 37.990884 35.195198 32.528838 30.009772 27.652264 25.466706 23.459596 21.633664 19.988125 18.519025 17.219680 16.081147 15.092728 14.242469 13.517631 12.905116 12.391838 11.965026 11.612460 11.322625 11.084812 10.889148 10.726571 10.588759 10.468030 10.357202 10.249443 10.138112 10.016596 9.878161 9.715823 9.522256 9.289744 9.010205 8.675301 8.276659 7.806224 7.256766 6.622536 5.900065 5.089043 4.193162 3.220786 2.185223 1.104425 0.000000 
50.000000 47.069396 44.166431 41.317963 38.549322 35.883636 33.341262 30.939332 28.691446 26.607511 24.693723 22.952684 21.383642 19.982829 18.743863 17.658213 16.715673 15.904833 15.213531 14.629259 14.139511 13.732074 13.395242 13.117969 12.889954 12.701660 12.544290 12.409703 12.290306 12.178908 12.068555 11.952356 11.823305 11.674102 11.497003 11.283692 11.025202 10.711912 10.333635 9.879841 9.340048 8.704418 7.964596 7.114772 6.152943 5.082227 3.912013 2.658618 1.345107 0.000000 
50.000000 47.229731 44.485590 41.792963 39.175795 36.655950 34.252669 31.982146 29.857238 27.887309 26.078215 24.432415 22.949198 21.624995 20.453774 19.427464 18.536410 17.769817 17.116173 16.563635 16.100355 15.714749 15.395703 15.132708 14.915934 14.736247 14.585170 14.454801 14.337688 14.226678 14.114742 13.994779 13.859413 13.700796 13.510410 13.278900 12.995946 12.650200 12.229330 11.720203 11.109280 10.383283 9.530196 8.540661 7.409739 6.138917 4.738063 3.226825 1.634814 0.000000 
50.000000 47.407817 44.840081 42.320549 39.871624 37.513764 35.264974 33.140407 31.152093 29.308793 27.615987 26.075973 24.688084 23.448981 22.353014 21.392627 20.558778 19.841357 19.229580 18.712344 18.278537 17.917287 17.618143 17.371207 17.167195 16.997441 16.853860 16.728848 16.615164 16.505759 16.393591 16.271413 16.131546 15.965643 15.764449 15.517574 15.213296 14.838409 14.378171 13.816404 13.135818 12.318683 11.347959 10.209022 8.892061 7.395075 5.727137 3.911170 1.985086 0.000000 
50.000000 47.603693 45.229986 42.900840 40.636965 38.457273 36.378409 34.414380 32.576307 30.872288 29.307388 27.883732 26.600701 25.455206 24.442021 23.554157 22.783249 22.119941 21.554253 21.075903 20.674595 20.340245 20.063148 19.834094 19.644415 19.485994 19.351205 19.232824 19.123896 19.017559 18.906848 18.784466 18.642530 18.472298 18.263876 18.005923 17.685352 17.287062 16.793735 16.185766 15.441423 14.537389 13.449895 12.156709 10.640221 8.891778 6.916994 4.741075 2.412167 0.000000 
50.000000 47.817067 45.654721 43.532967 41.470672 39.485065 37.591307 35.802157 34.127747 32.575453 31.149888 29.852988 28.684186 27.640668 26.717670 25.908822 25.206498 24.602167 24.086726 23.650795 23.284973 22.980043 22.727127 22.517777 22.344025 22.198375 22.073745 21.963376 21.860686 21.759104 21.651853 21.531714 21.390745 21.219971 21.009039 20.745833 20.416071 20.002872 19.486347 18.843256 18.046857 17.067110 15.871559 14.427318 12.704726 10.683260 8.359868 5.758826 2.940015 0.000000 
50.000000 48.047283 46.112982 44.214993 42.370191 40.593989 38.899949 37.299484 35.801657 34.413067 33.137839 31.977703 30.932153 29.998669 29.172988 28.449407 27.821101 27.280431 26.819246 26.429142 26.101690 25.828622 25.601959 25.414100 25.257850 25.126418 25.013351 24.912441 24.817588 24.722622 24.621093 24.506019 24.369589 24.202824 23.995172 23.734051 23.404312 22.987627 22.461810 21.800100 20.970511 19.935403 18.651672 17.072165 15.149337 12.842543 10.130333 7.027899 3.605921 0.000000 
50.000000 48.293314 46.602723 44.943869 43.331501 41.779089 40.298486 38.899669 37.590557 36.376917 35.262355 34.248382 33.334556 32.518671 31.797001 31.164559 30.615375 30.142769 29.739607 29.398535 29.112171 28.873269 28.674825 28.510159 28.372929 28.257128 28.157016 28.067036 27.981674 27.895293 27.801921 27.695003 27.567092 27.409491 27.211809 26.961435 26.642876 26.236962 25.719863 25.061920 24.226297 23.167574 21.830606 20.150357 18.054178 15.469092 12.337911 8.648016 4.471596 0.000000 
50.000000 48.553755 47.121150 45.715438 44.349118 43.033605 41.778942 40.593584 39.484241 38.455801 37.511318 36.652073 35.877690 35.186300 34.574742 34.038790 33.573381 33.172852 32.831150 32.542036 32.299244 32.096617 31.928200 31.788300 31.671505 31.572666 31.486846 31.409228 31.335000 31.259190 31.176470 31.080919 30.965720 30.822798 30.642366 30.412343 30.117618 29.739092 29.252412 28.626330 27.820546 26.783009 25.446712 23.726508 21.517418 18.698093 15.146929 10.783362 5.646868 0.000000 
50.000000 48.826845 47.664755 46.524479 45.416157 44.349047 43.331298 42.369767 41.469896 40.635651 39.869510 39.172510 38.544346 37.983502 37.487413 37.052648 36.675100 36.350171 36.072949 35.838366 35.641331 35.476840 35.340046 35.226311 35.131217 35.050546 34.980240 34.916319 34.854774 34.791433 34.721780 34.640742 34.542413 34.419714 34.263951 34.064240 33.806746 33.473639 33.041652 32.480058 31.747793 30.789370 29.529132 27.863539 25.651883 22.708398 18.805851 13.716827 7.345170 0.000000 
50.000000 49.110493 48.229376 47.364798 46.524449 45.715347 44.943672 44.214621 43.532323 42.899782 42.318879 41.790399 41.314111 40.888865 40.512715 40.183060 39.896784 39.650398 39.440177 39.262274 39.112825 38.988028 38.884199 38.797810 38.725490 38.664020 38.610288 38.561228 38.513739 38.464567 38.410166 38.346514 38.268892 38.171583 38.047497 37.887650 37.680465 37.410775 37.058387 36.595947 35.985705 35.174475 34.085687 32.606729 30.569087 27.719054 23.682550 17.953957 10.027550 0.000000 
50.000000 49.402326 48.810289 48.229366 47.664722 47.121074 46.602572 46.112711 45.654264 45.229249 44.838930 44.483835 44.163808 43.878076 43.625332 43.403827 43.211467 43.045908 42.904644 42.785090 42.684646 42.600755 42.530937 42.472814 42.424115 42.382661 42.346347 42.313088 42.280769 42.247158 42.209810 42.165934 42.112232 42.044685 41.958263 41.846542 41.701154 41.510996 41.261050 40.930561 40.490110 39.896773 39.085732 37.955189 36.338146 33.948188 30.275602 24.405203 14.819262 0.000000 
50.000000 49.699746 49.402325 49.110486 48.826825 48.553712 48.293233 48.047141 47.816830 47.603315 47.407230 47.228841 47.068068 46.924524 46.797552 46.686273 46.589636 46.506461 46.435490 46.375424 46.324956 46.282800 46.247709 46.218486 46.193988 46.173117 46.154808 46.138009 46.121646 46.104584 46.085575 46.063189 46.035730 46.001120 45.956748 45.899262 45.824263 45.725871 45.596050 45.423544 45.192114 44.877480 44.441676 43.821949 42.907058 41.481799 39.083030 34.583119 24.849887 0.000000 
50.000000 50.000000 50.000000 50.000000 50.000000 50.000000 50.000000 50.000000 50.000000 50.000000 50.000000 50.000000 50.000000 50.000000 50.000000 50.000000 50.000000 50.000000 50.000000 50.000000 50.000000 50.000000 50.000000 50.000000 50.000000 50.000000 50.000000 50.000000 50.000000 50.000000 50.000000 50.000000 50.000000 50.000000 50.000000 50.000000 50.000000 50.000000 50.000000 50.000000 50.000000 50.000000 50.000000 50.000000 50.000000 50.000000 50.000000 50.000000 50.000000 50.000000 
