50.000000 50.000000 50.000000 50.000000 50.000000 50.000000 50.000000 50.000000 50.000000 50.000000 50.000000 50.000000 50.000000 50.000000 50.000000 50.000000 50.000000 50.000000 50.000000 50.000000 50.000000 50.000000 50.000000 50.000000 50.000000 50.000000 50.000000 50.000000 50.000000 50.000000 50.000000 50.000000 50.000000 50.000000 50.000000 50.000000 50.000000 50.000000 50.000000 50.000000 50.000000 50.000000 50.000000 50.000000 50.000000 50.000000 50.000000 50.000000 50.000000 50.000000 
50.000000 49.226506 48.471797 47.753293 47.085839 46.480816 45.945629 45.483614 45.094341 44.774195 44.517168 44.315701 44.161505 44.046250 43.962107 43.902097 43.860280 43.831804 43.812851 43.800518 43.792671 43.787786 43.784809 43.783028 43.781974 43.781343 43.780932 43.780598 43.780221 43.779665 43.778746 43.777181 43.774519 43.770049 43.762643 43.750546 43.731050 43.700005 43.651084 43.574627 43.455770 43.271265 42.983716 42.530360 41.799277 40.573866 38.388862 34.113839 24.613253 0.000000 
50.000000 48.471797 46.980710 45.561152 44.242456 43.047107 41.989731 41.076927 40.307836 39.675324 39.167515 38.769479 38.464833 38.237125 38.070885 37.952324 37.869708 37.813449 37.776003 37.751638 37.736134 37.726484 37.720603 37.717085 37.715004 37.713759 37.712952 37.712303 37.711575 37.710510 37.708753 37.705764 37.700692 37.692182 37.678107 37.655163 37.618273 37.559709 37.467780 37.324833 37.104123 36.764731 36.242938 35.436921 34.178355 32.178102 28.922311 23.490355 14.357959 0.000000 
50.000000 47.753293 45.561152 43.474170 41.535475 39.778120 38.223611 36.881646 35.750965 34.821077 34.074523 33.489352 33.041480 32.706718 32.462323 32.288024 32.166567 32.083860 32.028811 31.992992 31.970200 31.956013 31.947368 31.942198 31.939143 31.937318 31.936144 31.935212 31.934184 31.932694 31.930248 31.926100 31.919075 31.907314 31.887915 31.856388 31.805889 31.726097 31.601591 31.409462 31.115782 30.670228 29.997792 28.985807 27.463844 25.174277 21.737085 16.638840 9.364430 0.000000 
50.000000 47.085839 44.242456 41.535475 39.020836 36.741413 34.725099 32.984473 31.517902 30.311776 29.343449 28.584447 28.003533 27.569332 27.252341 27.026267 26.868734 26.761461 26.690062 26.643603 26.614043 26.595644 26.584432 26.577729 26.573772 26.571416 26.569913 26.568743 26.567480 26.565677 26.562739 26.557775 26.549391 26.535399 26.512396 26.475164 26.415818 26.322608 26.178245 25.957561 25.624261 25.126417 24.390301 23.312279 21.749217 19.510418 16.361198 12.064354 6.511973 0.000000 
50.000000 46.480816 43.047107 39.778120 36.741413 33.988758 31.553842 29.451854 27.680820 26.224304 25.054959 24.138397 23.436895 22.912562 22.529772 22.256773 22.066543 21.937005 21.850787 21.794687 21.758992 21.736776 21.723240 21.715150 21.710380 21.707550 21.705764 21.704406 21.702983 21.700990 21.697774 21.692368 21.683271 21.668142 21.643372 21.603469 21.540227 21.441581 21.290075 21.060860 20.719115 20.216859 19.489269 18.451047 16.994379 14.992196 12.314276 8.868752 4.681540 0.000000 
50.000000 45.945629 41.989731 38.223611 34.725099 31.553842 28.748649 26.327018 24.286676 22.608684 21.261534 20.205610 19.397448 18.793397 18.352410 18.037909 17.818760 17.669531 17.570208 17.505582 17.464463 17.438871 17.423280 17.413967 17.408481 17.405241 17.403220 17.401725 17.400215 17.398153 17.394867 17.389377 17.380178 17.364944 17.340113 17.300322 17.237647 17.140604 16.992876 16.771755 16.446331 15.975572 15.306655 14.374324 13.102795 11.412820 9.237804 6.552811 3.415269 0.000000 
50.000000 45.483614 41.076927 36.881646 32.984473 29.451854 26.327018 23.629459 21.356641 19.487466 17.986835 16.810613 15.910385 15.237525 14.746307 14.395984 14.151876 13.985652 13.875019 13.803034 13.757233 13.728730 13.711367 13.700999 13.694901 13.691314 13.689107 13.687523 13.685990 13.683964 13.680786 13.675517 13.666732 13.652249 13.628756 13.591319 13.532730 13.442698 13.306861 13.105677 12.813285 12.396553 11.814730 11.020364 9.962584 8.594172 6.883854 4.833989 2.499898 0.000000 
50.000000 45.094341 40.307836 35.750965 31.517902 27.680820 24.286676 21.356641 18.887960 16.857714 15.227777 13.950210 12.972422 12.241594 11.708061 11.327563 11.062430 10.881890 10.761731 10.683548 10.633806 10.602850 10.583996 10.572742 10.566132 10.562261 10.559911 10.558279 10.556774 10.554865 10.551931 10.547112 10.539121 10.526011 10.504853 10.471327 10.419199 10.339696 10.220787 10.046451 9.796043 9.443980 8.960088 8.311104 7.463961 6.391485 5.080737 3.543106 1.823075 0.000000 
50.000000 44.774195 39.675324 34.821077 30.311776 26.224304 22.608684 19.487466 16.857714 14.695012 12.958743 11.597838 10.556273 9.777780 9.209454 8.804145 8.521725 8.329417 8.201425 8.118147 8.065164 8.032192 8.012114 8.000134 7.993106 7.989009 7.986554 7.984905 7.983467 7.981729 7.979126 7.974900 7.967937 7.956573 7.938326 7.909577 7.865161 7.797914 7.698170 7.553319 7.347506 7.061671 6.674182 6.162353 5.505189 4.687514 3.705295 2.571201 1.318425 0.000000 
50.000000 44.517168 39.167515 34.074523 29.343449 25.054959 21.261535 17.986835 15.227777 12.958743 11.137116 9.709313 8.616553 7.799801 7.203548 6.778324 6.482031 6.280277 6.145999 6.058633 6.003049 5.968461 5.947400 5.934839 5.927480 5.923206 5.920678 5.919035 5.917685 5.916146 5.913916 5.910347 5.904512 5.895038 5.879906 5.856196 5.819792 5.765058 5.684508 5.568558 5.405424 5.181327 4.881158 4.489780 3.994099 3.385888 2.665061 1.842682 0.942541 0.000000 
50.000000 44.315701 38.769479 33.489352 28.584447 24.138397 20.205610 16.810613 13.950210 11.597838 9.709313 8.229081 7.096201 6.249467 5.631329 5.190501 4.883336 4.674181 4.534979 4.444409 4.386788 4.350934 4.329105 4.316089 4.308472 4.304065 4.301488 4.299866 4.298613 4.297279 4.295425 4.292512 4.287792 4.280173 4.268066 4.249198 4.220400 4.177385 4.114541 4.024805 3.899668 3.729424 3.503753 3.212734 2.848323 2.406203 1.887761 1.301698 0.664617 0.000000 
50.000000 44.161505 38.464833 33.041480 28.003534 23.436895 19.397448 15.910386 12.972423 10.556273 8.616554 7.096202 5.932621 5.062944 4.428061 3.975294 3.659812 3.444994 3.302025 3.209004 3.149826 3.113003 3.090586 3.077225 3.069413 3.064907 3.062299 3.060704 3.059547 3.058407 3.056904 3.054600 3.050905 3.044978 3.035609 3.021084 2.999039 2.966312 2.918818 2.851497 2.758360 2.632728 2.467689 2.256845 1.995315 1.680926 1.315383 0.905124 0.461500 0.000000 
50.000000 44.046250 38.237126 32.706719 27.569333 22.912563 18.793398 15.237526 12.241596 9.777782 7.799803 6.249468 5.062945 4.176125 3.528729 3.067041 2.745345 2.526297 2.380513 2.285662 2.225320 2.187774 2.164919 2.151299 2.143343 2.138767 2.136141 2.134575 2.133505 2.132537 2.131343 2.129569 2.126763 2.122295 2.115268 2.104429 2.088065 2.063910 2.029071 1.980012 1.912622 1.822398 1.704797 1.555752 1.372337 1.153516 0.900831 0.618853 0.315201 0.000000 
50.000000 43.962107 38.070886 32.462325 27.252343 22.529775 18.352414 14.746310 11.708065 9.209458 7.203551 5.631332 4.428064 3.528732 2.872204 2.404006 2.077775 1.855640 1.707802 1.611616 1.550425 1.512352 1.489177 1.475370 1.467309 1.462683 1.460047 1.458510 1.457514 1.456692 1.455755 1.454422 1.452350 1.449078 1.443962 1.436109 1.424311 1.406986 1.382139 1.347360 1.299885 1.236742 1.154995 1.052095 0.926308 0.777181 0.605939 0.415724 0.211562 0.000000 
50.000000 43.902098 37.952327 32.288027 27.026272 22.256779 18.037916 14.395992 11.327571 8.804153 6.778333 5.190510 3.975302 3.067049 2.404011 1.931171 1.601707 1.377372 1.228071 1.130933 1.069137 1.030688 1.007286 0.993345 0.985211 0.980551 0.977911 0.976398 0.975464 0.974758 0.974027 0.973044 0.971553 0.969223 0.965601 0.960068 0.951795 0.939705 0.922454 0.898437 0.865836 0.822726 0.767243 0.697810 0.613414 0.513881 0.400117 0.274222 0.139457 0.000000 
50.000000 43.860283 37.869713 32.166575 26.868745 22.066556 17.818775 14.151892 11.062448 8.521744 6.482051 4.883356 3.659832 2.745364 2.077792 1.601719 1.270004 1.044136 0.893815 0.796015 0.733797 0.695087 0.671526 0.657494 0.649309 0.644626 0.641984 0.640491 0.639605 0.638989 0.638416 0.637701 0.636652 0.635035 0.632538 0.628744 0.623095 0.614877 0.603205 0.587032 0.565190 0.536454 0.499660 0.453846 0.398426 0.333357 0.259269 0.177537 0.090237 0.000000 
50.000000 43.831810 37.813461 32.083878 26.761484 21.937032 17.669563 13.985687 10.881929 8.329457 6.280319 4.674224 3.445038 2.526340 1.855681 1.377409 1.044161 0.817250 0.666236 0.567984 0.505480 0.466592 0.442924 0.428829 0.420610 0.415912 0.413271 0.411793 0.410943 0.410394 0.409938 0.409420 0.408695 0.407600 0.405922 0.403386 0.399627 0.394180 0.386476 0.375849 0.361560 0.342846 0.318990 0.289417 0.253789 0.212116 0.164821 0.112781 0.057297 0.000000 
50.000000 43.812864 37.776029 32.028849 26.690110 21.850845 17.570275 13.875093 10.761811 8.201510 6.146088 4.535070 3.302118 2.380606 1.707894 1.228158 0.893891 0.666287 0.514812 0.416261 0.353566 0.314560 0.290820 0.276683 0.268442 0.263735 0.261094 0.259628 0.258804 0.258303 0.257932 0.257554 0.257060 0.256333 0.255232 0.253578 0.251137 0.247614 0.242650 0.235830 0.226695 0.214780 0.199650 0.180965 0.158536 0.132384 0.102786 0.070290 0.035696 0.000000 
50.000000 43.800545 37.751691 31.993069 26.643703 21.794807 17.505720 13.803186 10.683713 8.118322 6.058816 4.444598 3.209197 2.285857 1.611811 1.131124 0.796195 0.568140 0.416365 0.317619 0.254800 0.215717 0.191931 0.177767 0.169512 0.164799 0.162159 0.160701 0.159895 0.159429 0.159115 0.158834 0.158499 0.158024 0.157318 0.156264 0.154715 0.152489 0.149363 0.145083 0.139371 0.131947 0.122553 0.110990 0.097153 0.081064 0.062898 0.042991 0.021825 0.000000 
50.000000 43.792725 37.736241 31.970356 26.614245 21.759236 17.464742 13.757543 10.634140 8.065518 6.003420 4.387171 3.150217 2.225716 1.550823 1.069533 0.734183 0.505843 0.353878 0.255008 0.192111 0.152979 0.129164 0.114983 0.106718 0.102002 0.099363 0.097911 0.097117 0.096673 0.096398 0.096183 0.095953 0.095647 0.095201 0.094543 0.093581 0.092203 0.090275 0.087644 0.084144 0.079609 0.073888 0.066867 0.058489 0.048770 0.037819 0.025838 0.013113 0.000000 
50.000000 43.787893 37.726696 31.956324 26.596045 21.737259 17.439425 13.729344 10.603513 8.032896 5.969196 4.351693 3.113779 2.188562 1.513146 1.031483 0.695875 0.467358 0.315275 0.216329 0.153384 0.114222 0.090389 0.076197 0.067927 0.063208 0.060570 0.059122 0.058336 0.057907 0.057657 0.057484 0.057322 0.057124 0.056846 0.056440 0.055852 0.055012 0.053840 0.052247 0.050133 0.047403 0.043968 0.039764 0.034759 0.028966 0.022450 0.015332 0.007780 0.000000 
50.000000 43.785018 37.721016 31.947973 26.585214 21.724181 17.424359 13.712563 10.585288 8.013484 5.948831 4.330582 3.092098 2.166454 1.490727 1.008843 0.673080 0.444458 0.292305 0.193314 0.130340 0.091160 0.067316 0.053118 0.044845 0.040125 0.037487 0.036041 0.035261 0.034841 0.034607 0.034459 0.034340 0.034208 0.034032 0.033781 0.033420 0.032907 0.032195 0.031228 0.029950 0.028303 0.026236 0.023713 0.020716 0.017254 0.013367 0.009125 0.004629 0.000000 
50.000000 43.783429 37.717875 31.943356 26.579226 21.716949 17.416029 13.703285 10.575211 8.002750 5.937571 4.318909 3.080109 2.154230 1.478331 0.996324 0.660476 0.431796 0.279605 0.180589 0.117599 0.078409 0.054559 0.040358 0.032082 0.027362 0.024725 0.023280 0.022503 0.022088 0.021863 0.021730 0.021634 0.021540 0.021422 0.021259 0.021026 0.020697 0.020242 0.019626 0.018813 0.017769 0.016463 0.014871 0.012984 0.010809 0.008370 0.005712 0.002897 0.000000 
50.000000 43.782726 37.716486 31.941315 26.576579 21.713753 17.412347 13.699184 10.570757 7.998006 5.932594 4.313750 3.074811 2.148827 1.472853 0.990791 0.654905 0.426200 0.273992 0.174964 0.111967 0.072774 0.048921 0.034718 0.026442 0.021721 0.019084 0.017640 0.016864 0.016451 0.016230 0.016105 0.016019 0.015942 0.015850 0.015726 0.015551 0.015304 0.014963 0.014503 0.013898 0.013122 0.012152 0.010973 0.009577 0.007969 0.006169 0.004209 0.002135 0.000000 
50.000000 43.782726 37.716486 31.941315 26.576579 21.713753 17.412347 13.699184 10.570757 7.998006 5.932594 4.313750 3.074811 2.148827 1.472853 0.990791 0.654905 0.426200 0.273992 0.174964 0.111967 0.072774 0.048921 0.034718 0.026442 0.021721 0.019084 0.017640 0.016864 0.016451 0.016230 0.016105 0.016019 0.015942 0.015850 0.015726 0.015551 0.015304 0.014963 0.014503 0.013898 0.013122 0.012152 0.010973 0.009577 0.007969 0.006169 0.004209 0.002135 0.000000 
50.000000 43.783429 37.717875 31.943356 26.579226 21.716949 17.416029 13.703285 10.575211 8.002750 5.937571 4.318909 3.080109 2.154230 1.478331 0.996324 0.660476 0.431796 0.279605 0.180589 0.117599 0.078409 0.054559 0.040358 0.032082 0.027362 0.024725 0.023280 0.022503 0.022088 0.021863 0.021730 0.021634 0.021540 0.021422 0.021259 0.021026 0.020697 0.020242 0.019626 0.018813 0.017769 0.016463 0.014871 0.012984 0.010809 0.008370 0.005712 0.002897 0.000000 
50.000000 43.785018 37.721016 31.947973 26.585214 21.724181 17.424359 13.712563 10.585288 8.013484 5.948831 4.330582 3.092098 2.166454 1.490727 1.008843 0.673080 0.444458 0.292305 0.193314 0.130340 0.091160 0.067316 0.053118 0.044845 0.040125 0.037487 0.036041 0.035261 0.034841 0.034607 0.034459 0.034340 0.034208 0.034032 0.033781 0.033420 0.032907 0.032195 0.031228 0.029950 0.028303 0.026236 0.023713 0.020716 0.017254 0.013367 0.009125 0.004629 0.000000 
50.000000 43.787893 37.726696 31.956324 26.596045 21.737259 17.439425 13.729344 10.603513 8.032896 5.969196 4.351693 3.113779 2.188562 1.513146 1.031483 0.695875 0.467358 0.315275 0.216329 0.153384 0.114222 0.090389 0.076197 0.067927 0.063208 0.060570 0.059122 0.058336 0.057907 0.057657 0.057484 0.057322 0.057124 0.056846 0.056440 0.055852 0.055012 0.053840 0.052247 0.050133 0.047403 0.043968 0.039764 0.034759 0.028966 0.022450 0.015332 0.007780 0.000000 
50.000000 43.792725 37.736241 31.970356 26.614245 21.759236 17.464742 13.757543 10.634140 8.065518 6.003420 4.387171 3.150217 2.225716 1.550823 1.069533 0.734183 0.505843 0.353878 0.255008 0.192111 0.152979 0.129164 0.114983 0.106718 0.102002 0.099363 0.097911 0.097117 0.096673 0.096398 0.096183 0.095953 0.095647 0.095201 0.094543 0.093581 0.092203 0.090275 0.087644 0.084144 0.079609 0.073888 0.066867 0.058489 0.048770 0.037819 0.025838 0.013113 0.000000 
50.000000 43.800545 37.751691 31.993069 26.643703 21.794807 17.505720 13.803186 10.683713 8.118322 6.058816 4.444598 3.209197 2.285857 1.611811 1.131124 0.796195 0.568140 0.416365 0.317619 0.254800 0.215717 0.191931 0.177767 0.169512 0.164799 0.162159 0.160701 0.159895 0.159429 0.159115 0.158834 0.158499 0.158024 0.157318 0.156264 0.154715 0.152489 0.149363 0.145083 0.139371 0.131947 0.122553 0.110990 0.097153 0.081064 0.062898 0.042991 0.021825 0.000000 
50.000000 43.812864 37.776029 32.028849 26.690110 21.850845 17.570275 13.875093 10.761811 8.201510 6.146088 4.535070 3.302118 2.380606 1.707894 1.228158 0.893891 0.666287 0.514812 0.416261 0.353566 0.314560 0.290820 0.276683 0.268442 0.263735 0.261094 0.259628 0.258804 0.258303 0.257932 0.257554 0.257060 0.256333 0.255232 0.253578 0.251137 0.247614 0.242650 0.235830 0.226695 0.214780 0.199650 0.180965 0.158536 0.132384 0.102786 0.070290 0.035696 0.000000 
50.000000 43.831810 37.813461 32.083878 26.761484 21.937032 17.669563 13.985687 10.881929 8.329457 6.280319 4.674224 3.445038 2.526340 1.855681 1.377409 1.044161 0.817250 0.666236 0.567984 0.505480 0.466592 0.442924 0.428829 0.420610 0.415912 0.413271 0.411793 0.410943 0.410394 0.409938 0.409420 0.408695 0.407600 0.405922 0.403386 0.399627 0.394180 0.386476 0.375849 0.361560 0.342846 0.318990 0.289417 0.253789 0.212116 0.164821 0.112781 0.057297 0.000000 
50.000000 43.860283 37.869713 32.166575 26.868745 22.066556 17.818775 14.151892 11.062448 8.521744 6.482051 4.883356 3.659832 2.745364 2.077792 1.601719 1.270004 1.044136 0.893815 0.796015 0.733797 0.695087 0.671526 0.657494 0.649309 0.644626 0.641984 0.640491 0.639605 0.638989 0.638416 0.637701 0.636652 0.635035 0.632538 0.628744 0.623095 0.614877 0.603205 0.587032 0.565190 0.536454 0.499660 0.453846 0.398426 0.333357 0.259269 0.177537 0.090237 0.000000 
50.000000 43.902098 37.952327 32.288027 27.026272 22.256779 18.037916 14.395992 11.327571 8.804153 6.778333 5.190510 3.975302 3.067049 2.404011 1.931171 1.601707 1.377372 1.228071 1.130933 1.069137 1.030688 1.007286 0.993345 0.985211 0.980551 0.977911 0.976398 0.975464 0.974758 0.974027 0.973044 0.971553 0.969223 0.965601 0.960068 0.951795 0.939705 0.922454 0.898437 0.865836 0.822726 0.767243 0.697810 0.613414 0.513881 0.400117 0.274222 0.139457 0.000000 
50.000000 43.962107 38.070886 32.462325 27.252343 22.529775 18.352414 14.746310 11.708065 9.209458 7.203551 5.631332 4.428064 3.528732 2.872204 2.404006 2.077775 1.855640 1.707802 1.611616 1.550425 1.512352 1.489177 1.475370 1.467309 1.462683 1.460047 1.458510 1.457514 1.456692 1.455755 1.454422 1.452350 1.449078 1.443962 1.436109 1.424311 1.406986 1.382139 1.347360 1.299885 1.236742 1.154995 1.052095 0.926308 0.777181 0.605939 0.415724 0.211562 0.000000 
50.000000 44.046250 38.237126 32.706719 27.569333 22.912563 18.793398 15.237526 12.241596 9.777782 7.799803 6.249468 5.062945 4.176125 3.528729 3.067041 2.745345 2.526297 2.380513 2.285662 2.225320 2.187774 2.164919 2.151299 2.143343 2.138767 2.136141 2.134575 2.133505 2.132537 2.131343 2.129569 2.126763 2.122295 2.115268 2.104429 2.088065 2.063910 2.029071 1.980012 1.912622 1.822398 1.704797 1.555752 1.372337 1.153516 0.900831 0.618853 0.315201 0.000000 
50.000000 44.161505 38.464833 33.041480 28.003534 23.436895 19.397448 15.910386 12.972423 10.556273 8.616554 7.096202 5.932621 5.062944 4.428061 3.975294 3.659812 3.444994 3.302025 3.209004 3.149826 3.113003 3.090586 3.077225 3.069413 3.064907 3.062299 3.060704 3.059547 3.058407 3.056904 3.054600 3.050905 3.044978 3.035609 3.021084 2.999039 2.966312 2.918818 2.851497 2.758360 2.632728 2.467689 2.256845 1.995315 1.680926 1.315383 0.905124 0.461500 0.000000 
50.000000 44.315701 38.769479 33.489352 28.584447 24.138397 20.205610 16.810613 13.950210 11.597838 9.709313 8.229081 7.096201 6.249467 5.631329 5.190501 4.883336 4.674181 4.534979 4.444409 4.386788 4.350934 4.329105 4.316089 4.308472 4.304065 4.301488 4.299866 4.298613 4.297279 4.295425 4.292512 4.287792 4.280173 4.268066 4.249198 4.220400 4.177385 4.114541 4.024805 3.899668 3.729424 3.503753 3.212734 2.848323 2.406203 1.887761 1.301698 0.664617 0.000000 
50.000000 44.517168 39.167515 34.074523 29.343449 25.054959 21.261535 17.986835 15.227777 12.958743 11.137116 9.709313 8.616553 7.799801 7.203548 6.778324 6.482031 6.280277 6.145999 6.058633 6.003049 5.968461 5.947400 5.934839 5.927480 5.923206 5.920678 5.919035 5.917685 5.916146 5.913916 5.910347 5.904512 5.895038 5.879906 5.856196 5.819792 5.765058 5.684508 5.568558 5.405424 5.181327 4.881158 4.489780 3.994099 3.385888 2.665061 1.842682 0.942541 0.000000 
50.000000 44.774195 39.675324 34.821077 30.311776 26.224304 22.608684 19.487466 16.857714 14.695012 12.958743 11.597838 10.556273 9.777780 9.209454 8.804145 8.521725 8.329417 8.201425 8.118147 8.065164 8.032192 8.012114 8.000134 7.993106 7.989009 7.986554 7.984905 7.983467 7.981729 7.979126 7.974900 7.967937 7.956573 7.938326 7.909577 7.865161 7.797914 7.698170 7.553319 7.347506 7.061671 6.674182 6.162353 5.505189 4.687514 3.705295 2.571201 1.318425 0.000000 
50.000000 45.094341 40.307836 35.750965 31.517902 27.680820 24.286676 21.356641 18.887960 16.857714 15.227777 13.950210 12.972422 12.241594 11.708061 11.327563 11.062430 10.881890 10.761731 10.683548 10.633806 10.602850 10.583996 10.572742 10.566132 10.562261 10.559911 10.558279 10.556774 10.554865 10.551931 10.547112 10.539121 10.526011 10.504853 10.471327 10.419199 10.339696 10.220787 10.046451 9.796043 9.443980 8.960088 8.311104 7.463961 6.391485 5.080737 3.543106 1.823075 0.000000 
50.000000 45.483614 41.076927 36.881646 32.984473 29.451854 26.327018 23.629459 21.356641 19.487466 17.986835 16.810613 15.910385 15.237525 14.746307 14.395984 14.151876 13.985652 13.875019 13.803034 13.757233 13.728730 13.711367 13.700999 13.694901 13.691314 13.689107 13.687523 13.685990 13.683964 13.680786 13.675517 13.666732 13.652249 13.628756 13.591319 13.532730 13.442698 13.306861 13.105677 12.813285 12.396553 11.814730 11.020364 9.962584 8.594172 6.883854 4.833989 2.499898 0.000000 
50.000000 45.945629 41.989731 38.223611 34.725099 31.553842 28.748649 26.327018 24.286676 22.608684 21.261534 20.205610 19.397448 18.793397 18.352410 18.037909 17.818760 17.669531 17.570208 17.505582 17.464463 17.438871 17.423280 17.413967 17.408481 17.405241 17.403220 17.401725 17.400215 17.398153 17.394867 17.389377 17.380178 17.364944 17.340113 17.300322 17.237647 17.140604 16.992876 16.771755 16.446331 15.975572 15.306655 14.374324 13.102795 11.412820 9.237804 6.552811 3.415269 0.000000 
50.000000 46.480816 43.047107 39.778120 36.741413 33.988758 31.553842 29.451854 27.680820 26.224304 25.054959 24.138397 23.436895 22.912562 22.529772 22.256773 22.066543 21.937005 21.850787 21.794687 21.758992 21.736776 21.723240 21.715150 21.710380 21.707550 21.705764 21.704406 21.702983 21.700990 21.697774 21.692368 21.683271 21.668142 21.643372 21.603469 21.540227 21.441581 21.290075 21.060860 20.719115 20.216859 19.489269 18.451047 16.994379 14.992196 12.314276 8.868752 4.681540 0.000000 
50.000000 47.085839 44.242456 41.535475 39.020836 36.741413 34.725099 32.984473 31.517902 30.311776 29.343449 28.584447 28.003533 27.569332 27.252341 27.026267 26.868734 26.761461 26.690062 26.643603 26.614043 26.595644 26.584432 26.577729 26.573772 26.571416 26.569913 26.568743 26.567480 26.565677 26.562739 26.557775 26.549391 26.535399 26.512396 26.475164 26.415818 26.322608 26.178245 25.957561 25.624261 25.126417 24.390301 23.312279 21.749217 19.510418 16.361198 12.064354 6.511973 0.000000 
50.000000 47.753293 45.561152 43.474170 41.535475 39.778120 38.223611 36.881646 35.750965 34.821077 34.074523 33.489352 33.041480 32.706718 32.462323 32.288024 32.166567 32.083860 32.028811 31.992992 31.970200 31.956013 31.947368 31.942198 31.939143 31.937318 31.936144 31.935212 31.934184 31.932694 31.930248 31.926100 31.919075 31.907314 31.887915 31.856388 31.805889 31.726097 31.601591 31.409462 31.115782 30.670228 29.997792 28.985807 27.463844 25.174277 21.737085 16.638840 9.364430 0.000000 
50.000000 48.471797 46.980710 45.561152 44.242456 43.047107 41.989731 41.076927 40.307836 39.675324 39.167515 38.769479 38.464833 38.237125 38.070885 37.952324 37.869708 37.813449 37.776003 37.751638 37.736134 37.726484 37.720603 37.717085 37.715004 37.713759 37.712952 37.712303 37.711575 37.710510 37.708753 37.705764 37.700692 37.692182 37.678107 37.655163 37.618273 37.559709 37.467780 37.324833 37.104123 36.764731 36.242938 35.436921 34.178355 32.178102 28.922311 23.490355 14.357959 0.000000 
50.000000 49.226506 48.471797 47.753293 47.085839 46.480816 45.945629 45.483614 45.094341 44.774195 44.517168 44.315701 44.161505 44.046250 43.962107 43.902097 43.860280 43.831804 43.812851 43.800518 43.792671 43.787786 43.784809 43.783028 43.781974 43.781343 43.780932 43.780598 43.780221 43.779665 43.778746 43.777181 43.774519 43.770049 43.762643 43.750546 43.731050 43.700005 43.651084 43.574627 43.455770 43.271265 42.983716 42.530360 41.799277 40.573866 38.388862 34.113839 24.613253 0.000000 
50.000000 50.000000 50.000000 50.000000 50.000000 50.000000 50.000000 50.000000 50.000000 50.000000 50.000000 50.000000 50.000000 50.000000 50.000000 50.000000 50.000000 50.000000 50.000000 50.000000 50.000000 50.000000 50.000000 50.000000 50.000000 50.000000 50.000000 50.000000 50.000000 50.000000 50.000000 50.000000 50.000000 50.000000 50.000000 50.000000 50.000000 50.000000 50.000000 50.000000 50.000000 50.000000 50.000000 50.000000 50.000000 50.000000 50.000000 50.000000 50.000000 50.000000 
