50.000000 50.000000 50.000000 50.000000 50.000000 50.000000 50.000000 50.000000 50.000000 50.000000 50.000000 50.000000 50.000000 50.000000 50.000000 50.000000 50.000000 50.000000 50.000000 50.000000 50.000000 50.000000 50.000000 50.000000 50.000000 50.000000 50.000000 50.000000 50.000000 50.000000 50.000000 50.000000 50.000000 50.000000 50.000000 50.000000 50.000000 50.000000 50.000000 50.000000 50.000000 50.000000 50.000000 50.000000 50.000000 50.000000 50.000000 50.000000 50.000000 50.000000 
50.000000 49.764788 49.531314 49.301277 49.076299 48.857894 48.647435 48.446126 48.254989 48.074842 47.906299 47.749765 47.605440 47.473331 47.353267 47.244912 47.147789 47.061299 46.984745 46.917348 46.858267 46.806618 46.761479 46.721907 46.686931 46.655560 46.626769 46.599483 46.572561 46.544758 46.514684 46.480748 46.441079 46.393418 46.334980 46.262246 46.170671 46.054249 45.904851 45.711155 45.456898 45.117810 44.655977 44.008736 43.064975 41.609655 39.179830 34.648092 24.882507 0.000000 
50.000000 49.531324 49.066110 48.607744 48.159461 47.724274 47.304919 46.903798 46.522943 46.163989 45.828157 45.516253 45.228677 44.965445 44.726213 44.510314 44.316799 44.144475 43.991953 43.857683 43.739993 43.637122 43.547239 43.468467 43.398883 43.336519 43.279343 43.225235 43.171940 43.117009 43.057719 42.990956 42.913075 42.819700 42.705453 42.563582 42.385425 42.159635 41.871005 41.498651 41.013104 40.371460 39.509004 38.324115 36.650049 34.200716 30.466791 24.533531 14.883690 0.000000 
50.000000 49.301317 48.607795 47.924482 47.256199 46.607441 45.982284 45.384309 44.816548 44.281436 43.780794 43.315824 42.887125 42.494718 42.138092 41.816255 41.527793 41.270931 41.043600 40.843493 40.668125 40.514875 40.381026 40.263790 40.160319 40.067700 39.982936 39.902906 39.824304 39.743555 39.656700 39.559241 39.445943 39.310564 39.145496 38.941272 38.685881 38.363793 37.954532 37.430561 36.754046 35.871835 34.707503 33.148700 31.027283 28.090024 23.963410 18.142472 10.122195 0.000000 
50.000000 49.076402 48.159628 47.256348 46.372938 45.515337 44.688935 43.898468 43.147940 42.440572 41.778773 41.164132 40.597440 40.078728 39.607322 39.181912 38.800631 38.461138 38.160703 37.896285 37.664606 37.462216 37.285540 37.130915 36.994607 36.872805 36.761601 36.656942 36.554554 36.449845 36.337758 36.212596 36.067780 35.895542 35.686513 35.429177 35.109132 34.708069 34.202354 33.561015 32.742883 31.692505 30.334413 28.565405 26.245251 23.188802 19.169561 13.960951 7.467732 0.000000 
50.000000 48.858108 47.724653 46.607882 45.515677 44.455382 43.433660 42.456367 41.528455 40.653906 39.835698 39.075798 38.375185 37.733899 37.151108 36.625197 36.153863 35.734218 35.362894 35.036141 34.749924 34.499996 34.281963 34.091331 33.923528 33.773906 33.637712 33.510045 33.385766 33.259390 33.124932 32.975708 32.804081 32.601135 32.356260 32.056603 31.686362 31.225854 30.650278 29.928083 29.018837 27.870527 26.416371 24.571621 22.231876 19.276527 15.584852 11.077295 5.794437 0.000000 
50.000000 48.647827 47.305643 45.983217 44.689880 43.434331 42.224460 41.067200 39.968417 38.932826 37.963955 37.064135 36.234526 35.475179 34.785113 34.162419 33.604376 33.107574 32.668035 32.281336 31.942717 31.647177 31.389548 31.164558 30.966854 30.791014 30.631523 30.482720 30.338716 30.193274 30.039657 29.870419 29.677160 29.450201 29.178195 28.847629 28.442207 27.942077 27.322885 26.554617 25.600276 24.414481 22.942338 21.119266 18.873275 16.132231 12.839956 8.984985 4.640770 0.000000 
50.000000 48.446787 46.905049 45.386007 43.900379 42.458159 41.068408 39.739093 38.476951 37.287401 36.174495 35.140913 34.187990 33.315788 32.523184 31.807992 31.167095 30.596587 30.091913 29.648013 29.259445 28.920498 28.625284 28.367805 28.141993 27.941725 27.760802 27.592906 27.431512 27.269776 27.100381 26.915345 26.705779 26.461599 26.171175 25.820910 25.394748 24.873594 24.234664 23.450797 22.489815 21.314117 19.880866 18.143408 16.054920 13.575685 10.685367 7.400429 3.792948 0.000000 
50.000000 48.256040 46.524965 44.819373 43.151301 41.531967 39.971548 38.478989 37.061856 35.726233 34.476673 33.316186 32.246276 31.267014 30.377147 29.574228 28.854766 28.214390 27.648003 27.149948 26.714147 26.334229 26.003638 25.715713 25.463736 25.240956 25.040578 24.855719 24.679337 24.504116 24.322329 24.125653 23.904964 23.650072 23.349438 22.989833 22.555976 22.030143 21.391784 20.617215 19.679473 18.548550 17.192267 15.578266 13.677656 11.470903 8.956152 6.159038 3.140937 0.000000 
50.000000 48.076447 46.167105 44.285872 42.446022 40.659931 38.938825 37.292570 35.729510 34.256361 32.878144 31.598183 30.418138 29.338096 28.356679 27.471197 26.677813 25.971719 25.347318 24.798396 24.318286 23.900011 23.536403 23.220199 22.944097 22.700793 22.482978 22.283302 22.094308 21.908336 21.717394 21.512997 21.285987 21.026314 20.722808 20.362927 19.932509 19.415542 18.793995 18.047773 17.154901 16.092078 14.835816 13.364426 11.661098 9.718213 7.542631 5.160982 2.622974 0.000000 
50.000000 47.908670 45.832792 43.787474 41.787151 39.845277 37.974058 36.184221 34.484841 32.883219 31.384818 29.993252 28.710335 27.536162 26.469244 25.506668 24.644275 23.876855 23.198347 22.602026 22.080686 21.626795 21.232632 20.890390 20.592252 20.330434 20.097187 19.884782 19.685447 19.491286 19.294167 19.085585 18.856508 18.597203 18.297063 17.944427 17.526432 17.028904 16.436343 15.732042 14.898443 13.917814 12.773389 11.451095 9.941931 8.244951 6.370502 4.342968 2.201862 0.000000 
50.000000 47.753181 45.522963 43.325577 41.176533 39.090285 37.079948 35.157047 33.331333 31.610651 30.000874 28.505888 27.127644 25.866252 24.720122 23.686133 22.759832 21.935642 21.207077 20.566948 20.007555 19.520867 19.098664 18.732658 18.414579 18.136228 17.889493 17.666340 17.458767 17.258735 17.058073 16.848364 16.620817 16.366136 16.074388 15.734891 15.336131 14.865749 14.310610 13.657023 12.891152 11.999698 10.970908 9.795964 8.470734 6.997763 5.388200 3.663159 1.853863 0.000000 
50.000000 47.610262 45.238181 42.901022 40.615280 38.396332 36.258125 34.212919 32.271087 30.440976 28.728833 27.138796 25.672946 24.331405 23.112490 22.012895 21.027899 20.151592 19.377101 18.696816 18.102597 17.585962 17.138248 16.750743 16.414783 16.121817 15.863434 15.631364 15.417445 15.213570 15.011604 14.803295 14.580171 14.333438 14.053890 13.731837 13.357081 12.918950 12.406424 11.808384 11.114026 10.313470 9.398601 8.364131 7.208849 5.936914 4.558979 3.092813 1.563080 0.000000 
50.000000 47.480024 44.978668 42.514138 40.103829 37.763955 35.509225 33.352569 31.304926 29.375099 27.569680 25.893035 24.347363 22.932802 21.647584 20.488236 19.449796 18.526053 17.709790 16.993017 16.367201 15.823458 15.352737 14.945955 14.594109 14.288352 14.020030 13.780695 13.562083 13.356074 13.154626 12.949701 12.733187 12.496819 12.232117 11.930349 11.582537 11.179521 10.712103 10.171297 9.548701 8.837017 8.030711 7.126809 6.125762 5.032273 3.855936 2.611476 1.318408 0.000000 
50.000000 47.362425 44.744338 42.164797 39.642009 37.192944 34.833001 32.575711 30.432527 28.412666 26.523027 24.768187 23.150451 21.669970 20.324905 19.111631 18.024972 17.058450 16.204538 15.454913 14.800690 14.232636 13.741357 13.317449 12.951621 12.634780 12.358077 12.112935 11.891032 11.684276 11.484752 11.284665 11.076277 10.851845 10.603586 10.323652 10.004158 9.637259 9.215289 8.730987 8.177822 7.550407 6.845009 6.060128 5.197084 4.260541 3.258853 2.204113 1.111802 0.000000 
50.000000 47.257289 44.534844 41.852482 39.229135 36.682454 34.228448 31.881193 29.652597 27.552246 25.587320 23.762579 22.080427 20.541026 19.142475 17.881017 16.751285 15.746565 14.859057 14.080145 13.400636 12.810992 12.301521 11.862547 11.484534 11.158186 10.874502 10.624811 10.400767 10.194335 9.997747 9.803459 9.604099 9.392424 9.161286 8.903635 8.612540 8.281269 7.903418 7.473102 6.985220 6.435782 5.822288 5.144145 4.403057 3.603353 2.752156 1.859347 0.937244 0.000000 
50.000000 47.164337 44.349627 41.576360 38.864109 36.231124 33.693958 31.267163 28.963055 26.791546 24.760061 22.873527 21.134432 19.542952 18.097130 16.793094 15.625310 14.586858 13.669703 12.864969 12.163200 11.554591 11.029198 10.577111 10.188591 9.854175 9.564746 9.311567 9.086294 8.880963 8.687961 8.499989 8.310022 8.111270 7.897162 7.661339 7.397686 7.100399 6.764095 6.383967 5.955997 5.477202 4.945913 4.362067 3.727468 3.045975 2.323587 1.568353 0.790106 0.000000 
50.000000 47.083211 44.187974 41.335367 38.545523 35.837214 33.227468 30.731255 28.361244 26.127632 24.038060 22.097598 20.308813 18.671890 17.184825 15.843645 14.642677 13.574819 12.631833 11.804622 11.083503 10.458444 9.919288 9.455927 9.058455 8.717275 8.423179 8.167388 7.941574 7.737854 7.548766 7.367241 7.186570 7.000370 6.802567 6.587396 6.349426 6.083611 5.785383 5.450773 5.076570 4.660509 4.201470 3.699680 3.156876 2.576422 1.963326 1.324143 0.666751 0.000000 
50.000000 47.013502 44.049072 41.128290 38.271774 35.498743 32.826633 30.270772 27.844135 25.557162 23.417681 21.430886 19.599409 17.923447 16.400954 15.027875 13.798413 12.705315 11.740169 10.893694 10.156010 9.516899 8.966022 8.493110 8.088118 7.741344 7.443510 7.185813 6.959949 6.758116 6.572993 6.397722 6.225869 6.051405 5.868680 5.672429 5.457780 5.220299 4.956058 4.661729 4.334700 3.973212 3.576499 3.144923 2.680080 2.184855 1.663413 1.121105 0.564277 0.000000 
50.000000 46.954781 43.932064 40.953854 38.041175 35.213623 32.488979 29.882874 27.408536 25.076617 22.895096 20.869274 19.001839 17.292998 15.740671 14.340732 13.087282 11.972944 10.989160 10.126493 9.374905 8.724019 8.163350 7.682495 7.271301 6.919979 6.619202 6.360152 6.134556 5.934685 5.753348 5.583866 5.420046 5.256155 5.086898 4.907415 4.713286 4.500563 4.265815 4.006195 3.719532 3.404416 3.060306 2.687608 2.287743 1.863171 1.417361 0.954701 0.480346 0.000000 
50.000000 46.906622 43.836104 40.810796 37.852056 34.979792 32.212064 29.564753 27.051297 24.682516 22.466519 20.408694 18.511773 16.775971 15.199182 13.777223 12.504114 11.372371 10.373323 9.497403 8.734447 8.073950 7.505308 7.018015 6.601827 6.246895 5.943850 5.683871 5.458712 5.260714 5.082793 4.918423 4.761610 4.606861 4.449171 4.284001 4.107289 3.915460 3.705459 3.474802 3.221631 2.944778 2.643837 2.319209 1.972143 1.604736 1.219897 0.821265 0.413077 0.000000 
50.000000 46.868632 43.760403 40.697942 37.702866 34.795329 31.993614 29.313797 26.769482 24.371623 22.128430 20.045360 18.125181 16.368114 14.772032 13.332709 12.044097 10.898636 9.887558 9.001203 8.229302 7.561254 6.986362 6.494038 6.073975 5.716271 5.411535 5.150942 4.926273 4.729923 4.554899 4.394798 4.243781 4.096548 3.948313 3.794790 3.632184 3.457202 3.267068 3.059557 2.833034 2.586493 2.319606 2.032746 1.727009 1.404202 1.066799 0.717872 0.360973 0.000000 
50.000000 46.840465 43.704277 40.614269 37.592253 34.658564 31.831651 29.127734 26.560539 24.141122 21.877766 19.775980 17.838557 16.065726 14.455343 13.003149 11.703048 10.547421 9.527434 8.633352 7.854833 7.181204 6.601701 6.105678 5.682778 5.323066 5.017133 4.756154 4.531931 4.336904 4.164147 4.007347 3.860783 3.719295 3.578260 3.433572 3.281631 3.119343 2.944128 2.753942 2.547296 2.323293 2.081644 1.822691 1.547409 1.257386 0.954781 0.642256 0.322878 0.000000 
50.000000 46.821846 43.667179 40.558963 37.519140 34.568165 31.724596 29.004749 26.422431 23.988764 21.712082 19.597925 17.649106 15.865855 14.246020 12.785320 11.477628 10.315285 9.289412 8.390228 7.607341 6.930033 6.347493 5.849039 5.424281 5.063265 4.756567 4.495366 4.271479 4.077374 3.906170 3.751617 3.608069 3.470460 3.334273 3.195518 3.050723 2.896919 2.731653 2.552991 2.359538 2.150457 1.925483 1.684931 1.429690 1.161204 0.881427 0.592755 0.297944 0.000000 
50.000000 46.812586 43.648727 40.531455 37.482775 34.523203 31.671350 28.943580 26.353741 23.912987 21.629676 19.509366 17.554879 15.766446 14.141911 12.676980 11.365513 10.199831 9.171032 8.269311 7.484255 6.805119 6.221072 5.721413 5.295737 4.934078 4.627008 4.365707 4.141998 3.948366 3.777952 3.624535 3.482510 3.346855 3.213104 3.077329 2.936116 2.786560 2.626266 2.453357 2.266482 2.064830 1.848147 1.616732 1.371433 1.113620 0.845144 0.568276 0.285616 0.000000 
50.000000 46.812586 43.648727 40.531455 37.482775 34.523203 31.671350 28.943580 26.353741 23.912987 21.629676 19.509366 17.554879 15.766446 14.141911 12.676980 11.365513 10.199831 9.171032 8.269311 7.484255 6.805119 6.221072 5.721413 5.295737 4.934078 4.627008 4.365707 4.141998 3.948366 3.777952 3.624535 3.482510 3.346855 3.213104 3.077329 2.936116 2.786560 2.626266 2.453357 2.266482 2.064830 1.848147 1.616732 1.371433 1.113620 0.845144 0.568276 0.285616 0.000000 
50.000000 46.821846 43.667179 40.558963 37.519140 34.568165 31.724596 29.004749 26.422431 23.988764 21.712082 19.597925 17.649106 15.865855 14.246020 12.785320 11.477628 10.315285 9.289412 8.390228 7.607341 6.930033 6.347493 5.849039 5.424281 5.063265 4.756567 4.495366 4.271479 4.077374 3.906170 3.751617 3.608069 3.470460 3.334273 3.195518 3.050723 2.896919 2.731653 2.552991 2.359538 2.150457 1.925483 1.684931 1.429690 1.161204 0.881427 0.592755 0.297944 0.000000 
50.000000 46.840465 43.704277 40.614269 37.592253 34.658564 31.831651 29.127734 26.560539 24.141122 21.877766 19.775980 17.838557 16.065726 14.455343 13.003149 11.703048 10.547421 9.527434 8.633352 7.854833 7.181204 6.601701 6.105678 5.682778 5.323066 5.017133 4.756154 4.531931 4.336904 4.164147 4.007347 3.860783 3.719295 3.578260 3.433572 3.281631 3.119343 2.944128 2.753942 2.547296 2.323293 2.081644 1.822691 1.547409 1.257386 0.954781 0.642256 0.322878 0.000000 
50.000000 46.868632 43.760403 40.697942 37.702866 34.795329 31.993614 29.313797 26.769482 24.371623 22.128430 20.045360 18.125181 16.368114 14.772032 13.332709 12.044097 10.898636 9.887558 9.001203 8.229302 7.561254 6.986362 6.494038 6.073975 5.716271 5.411535 5.150942 4.926273 4.729923 4.554899 4.394798 4.243781 4.096548 3.948313 3.794790 3.632184 3.457202 3.267068 3.059557 2.833034 2.586493 2.319606 2.032746 1.727009 1.404202 1.066799 0.717872 0.360973 0.000000 
50.000000 46.906622 43.836104 40.810796 37.852056 34.979792 32.212064 29.564753 27.051297 24.682516 22.466519 20.408694 18.511773 16.775971 15.199182 13.777223 12.504114 11.372371 10.373323 9.497403 8.734447 8.073950 7.505308 7.018015 6.601827 6.246895 5.943850 5.683871 5.458712 5.260714 5.082793 4.918423 4.761610 4.606861 4.449171 4.284001 4.107289 3.915460 3.705459 3.474802 3.221631 2.944778 2.643837 2.319209 1.972143 1.604736 1.219897 0.821265 0.413077 0.000000 
50.000000 46.954781 43.932064 40.953854 38.041175 35.213623 32.488979 29.882874 27.408536 25.076617 22.895096 20.869274 19.001839 17.292998 15.740671 14.340732 13.087282 11.972944 10.989160 10.126493 9.374905 8.724019 8.163350 7.682495 7.271301 6.919979 6.619202 6.360152 6.134556 5.934685 5.753348 5.583866 5.420046 5.256155 5.086898 4.907415 4.713286 4.500563 4.265815 4.006195 3.719532 3.404416 3.060306 2.687608 2.287743 1.863171 1.417361 0.954701 0.480346 0.000000 
50.000000 47.013502 44.049072 41.128290 38.271774 35.498743 32.826633 30.270772 27.844135 25.557162 23.417681 21.430886 19.599409 17.923447 16.400954 15.027875 13.798413 12.705315 11.740169 10.893694 10.156010 9.516899 8.966022 8.493110 8.088118 7.741344 7.443510 7.185813 6.959949 6.758116 6.572993 6.397722 6.225869 6.051405 5.868680 5.672429 5.457780 5.220299 4.956058 4.661729 4.334700 3.973212 3.576499 3.144923 2.680080 2.184855 1.663413 1.121105 0.564277 0.000000 
50.000000 47.083211 44.187974 41.335367 38.545523 35.837214 33.227468 30.731255 28.361244 26.127632 24.038060 22.097598 20.308813 18.671890 17.184825 15.843645 14.642677 13.574819 12.631833 11.804622 11.083503 10.458444 9.919288 9.455927 9.058455 8.717275 8.423179 8.167388 7.941574 7.737854 7.548766 7.367241 7.186570 7.000370 6.802567 6.587396 6.349426 6.083611 5.785383 5.450773 5.076570 4.660509 4.201470 3.699680 3.156876 2.576422 1.963326 1.324143 0.666751 0.000000 
50.000000 47.164337 44.349627 41.576360 38.864109 36.231124 33.693958 31.267163 28.963055 26.791546 24.760061 22.873527 21.134432 19.542952 18.097130 16.793094 15.625310 14.586858 13.669703 12.864969 12.163200 11.554591 11.029198 10.577111 10.188591 9.854175 9.564746 9.311567 9.086294 8.880963 8.687961 8.499989 8.310022 8.111270 7.897162 7.661339 7.397686 7.100399 6.764095 6.383967 5.955997 5.477202 4.945913 4.362067 3.727468 3.045975 2.323587 1.568353 0.790106 0.000000 
50.000000 47.257289 44.534844 41.852482 39.229135 36.682454 34.228448 31.881193 29.652597 27.552246 25.587320 23.762579 22.080427 20.541026 19.142475 17.881017 16.751285 15.746565 14.859057 14.080145 13.400636 12.810992 12.301521 11.862547 11.484534 11.158186 10.874502 10.624811 10.400767 10.194335 9.997747 9.803459 9.604099 9.392424 9.161286 8.903635 8.612540 8.281269 7.903418 7.473102 6.985220 6.435782 5.822288 5.144145 4.403057 3.603353 2.752156 1.859347 0.937244 0.000000 
50.000000 47.362425 44.744338 42.164797 39.642009 37.192944 34.833001 32.575711 30.432527 28.412666 26.523027 24.768187 23.150451 21.669970 20.324905 19.111631 18.024972 17.058450 16.204538 15.454913 14.800690 14.232636 13.741357 13.317449 12.951621 12.634780 12.358077 12.112935 11.891032 11.684276 11.484752 11.284665 11.076277 10.851845 10.603586 10.323652 10.004158 9.637259 9.215289 8.730987 8.177822 7.550407 6.845009 6.060128 5.197084 4.260541 3.258853 2.204113 1.111802 0.000000 
50.000000 47.480024 44.978668 42.514138 40.103829 37.763955 35.509225 33.352569 31.304926 29.375099 27.569680 25.893035 24.347363 22.932802 21.647584 20.488236 19.449796 18.526053 17.709790 16.993017 16.367201 15.823458 15.352737 14.945955 14.594109 14.288352 14.020030 13.780695 13.562083 13.356074 13.154626 12.949701 12.733187 12.496819 12.232117 11.930349 11.582537 11.179521 10.712103 10.171297 9.548701 8.837017 8.030711 7.126809 6.125762 5.032273 3.855936 2.611476 1.318408 0.000000 
50.000000 47.610262 45.238181 42.901022 40.615280 38.396332 36.258125 34.212919 32.271087 30.440976 28.728833 27.138796 25.672946 24.331405 23.112490 22.012895 21.027899 20.151592 19.377101 18.696816 18.102597 17.585962 17.138248 16.750743 16.414783 16.121817 15.863434 15.631364 15.417445 15.213570 15.011604 14.803295 14.580171 14.333438 14.053890 13.731837 13.357081 12.918950 12.406424 11.808384 11.114026 10.313470 9.398601 8.364131 7.208849 5.936914 4.558979 3.092813 1.563080 0.000000 
50.000000 47.753181 45.522963 43.325577 41.176533 39.090285 37.079948 35.157047 33.331333 31.610651 30.000874 28.505888 27.127644 25.866252 24.720122 23.686133 22.759832 21.935642 21.207077 20.566948 20.007555 19.520867 19.098664 18.732658 18.414579 18.136228 17.889493 17.666340 17.458767 17.258735 17.058073 16.848364 16.620817 16.366136 16.074388 15.734891 15.336131 14.865749 14.310610 13.657023 12.891152 11.999698 10.970908 9.795964 8.470734 6.997763 5.388200 3.663159 1.853863 0.000000 
50.000000 47.908670 45.832792 43.787474 41.787151 39.845277 37.974058 36.184221 34.484841 32.883219 31.384818 29.993252 28.710335 27.536162 26.469244 25.506668 24.644275 23.876855 23.198347 22.602026 22.080686 21.626795 21.232632 20.890390 20.592252 20.330434 20.097187 19.884782 19.685447 19.491286 19.294167 19.085585 18.856508 18.597203 18.297063 17.944427 17.526432 17.028904 16.436343 15.732042 14.898443 13.917814 12.773389 11.451095 9.941931 8.244951 6.370502 4.342968 2.201862 0.000000 
50.000000 48.076447 46.167105 44.285872 42.446022 40.659931 38.938825 37.292570 35.729510 34.256361 32.878144 31.598183 30.418138 29.338096 28.356679 27.471197 26.677813 25.971719 25.347318 24.798396 24.318286 23.900011 23.536403 23.220199 22.944097 22.700793 22.482978 22.283302 22.094308 21.908336 21.717394 21.512997 21.285987 21.026314 20.722808 20.362927 19.932509 19.415542 18.793995 18.047773 17.154901 16.092078 14.835816 13.364426 11.661098 9.718213 7.542631 5.160982 2.622974 0.000000 
50.000000 48.256040 46.524965 44.819373 43.151301 41.531967 39.971548 38.478989 37.061856 35.726233 34.476673 33.316186 32.246276 31.267014 30.377147 29.574228 28.854766 28.214390 27.648003 27.149948 26.714147 26.334229 26.003638 25.715713 25.463736 25.240956 25.040578 24.855719 24.679337 24.504116 24.322329 24.125653 23.904964 23.650072 23.349438 22.989833 22.555976 22.030143 21.391784 20.617215 19.679473 18.548550 17.192267 15.578266 13.677656 11.470903 8.956152 6.159038 3.140937 0.000000 
50.000000 48.446787 46.905049 45.386007 43.900379 42.458159 41.068408 39.739093 38.476951 37.287401 36.174495 35.140913 34.187990 33.315788 32.523184 31.807992 31.167095 30.596587 30.091913 29.648013 29.259445 28.920498 28.625284 28.367805 28.141993 27.941725 27.760802 27.592906 27.431512 27.269776 27.100381 26.915345 26.705779 26.461599 26.171175 25.820910 25.394748 24.873594 24.234664 23.450797 22.489815 21.314117 19.880866 18.143408 16.054920 13.575685 10.685367 7.400429 3.792948 0.000000 
50.000000 48.647827 47.305643 45.983217 44.689880 43.434331 42.224460 41.067200 39.968417 38.932826 37.963955 37.064135 36.234526 35.475179 34.785113 34.162419 33.604376 33.107574 32.668035 32.281336 31.942717 31.647177 31.389548 31.164558 30.966854 30.791014 30.631523 30.482720 30.338716 30.193274 30.039657 29.870419 29.677160 29.450201 29.178195 28.847629 28.442207 27.942077 27.322885 26.554617 25.600276 24.414481 22.942338 21.119266 18.873275 16.132231 12.839956 8.984985 4.640770 0.000000 
50.000000 48.858108 47.724653 46.607882 45.515677 44.455382 43.433660 42.456367 41.528455 40.653906 39.835698 39.075798 38.375185 37.733899 37.151108 36.625197 36.153863 35.734218 35.362894 35.036141 34.749924 34.499996 34.281963 34.091331 33.923528 33.773906 33.637712 33.510045 33.385766 33.259390 33.124932 32.975708 32.804081 32.601135 32.356260 32.056603 31.686362 31.225854 30.650278 29.928083 29.018837 27.870527 26.416371 24.571621 22.231876 19.276527 15.584852 11.077295 5.794437 0.000000 
50.000000 49.076402 48.159628 47.256348 46.372938 45.515337 44.688935 43.898468 43.147940 42.440572 41.778773 41.164132 40.597440 40.078728 39.607322 39.181912 38.800631 38.461138 38.160703 37.896285 37.664606 37.462216 37.285540 37.130915 36.994607 36.872805 36.761601 36.656942 36.554554 36.449845 36.337758 36.212596 36.067780 35.895542 35.686513 35.429177 35.109132 34.708069 34.202354 33.561015 32.742883 31.692505 30.334413 28.565405 26.245251 23.188802 19.169561 13.960951 7.467732 0.000000 
50.000000 49.301317 48.607795 47.924482 47.256199 46.607441 45.982284 45.384309 44.816548 44.281436 43.780794 43.315824 42.887125 42.494718 42.138092 41.816255 41.527793 41.270931 41.043600 40.843493 40.668125 40.514875 40.381026 40.263790 40.160319 40.067700 39.982936 39.902906 39.824304 39.743555 39.656700 39.559241 39.445943 39.310564 39.145496 38.941272 38.685881 38.363793 37.954532 37.430561 36.754046 35.871835 34.707503 33.148700 31.027283 28.090024 23.963410 18.142472 10.122195 0.000000 
50.000000 49.531324 49.066110 48.607744 48.159461 47.724274 47.304919 46.903798 46.522943 46.163989 45.828157 45.516253 45.228677 44.965445 44.726213 44.510314 44.316799 44.144475 43.991953 43.857683 43.739993 43.637122 43.547239 43.468467 43.398883 43.336519 43.279343 43.225235 43.171940 43.117009 43.057719 42.990956 42.913075 42.819700 42.705453 42.563582 42.385425 42.159635 41.871005 41.498651 41.013104 40.371460 39.509004 38.324115 36.650049 34.200716 30.466791 24.533531 14.883690 0.000000 
50.000000 49.764788 49.531314 49.301277 49.076299 48.857894 48.647435 48.446126 48.254989 48.074842 47.906299 47.749765 47.605440 47.473331 47.353267 47.244912 47.147789 47.061299 46.984745 46.917348 46.858267 46.806618 46.761479 46.721907 46.686931 46.655560 46.626769 46.599483 46.572561 46.544758 46.514684 46.480748 46.441079 46.393418 46.334980 46.262246 46.170671 46.054249 45.904851 45.711155 45.456898 45.117810 44.655977 44.008736 43.064975 41.609655 39.179830 34.648092 24.882507 0.000000 
50.000000 50.000000 50.000000 50.000000 50.000000 50.000000 50.000000 50.000000 50.000000 50.000000 50.000000 50.000000 50.000000 50.000000 50.000000 50.000000 50.000000 50.000000 50.000000 50.000000 50.000000 50.000000 50.000000 50.000000 50.000000 50.000000 50.000000 50.000000 50.000000 50.000000 50.000000 50.000000 50.000000 50.000000 50.000000 50.000000 50.000000 50.000000 50.000000 50.000000 50.000000 50.000000 50.000000 50.000000 50.000000 50.000000 50.000000 50.000000 50.000000 50.000000 
