50.000000 50.000000 50.000000 50.000000 50.000000 50.000000 50.000000 50.000000 50.000000 50.000000 50.000000 50.000000 50.000000 50.000000 50.000000 50.000000 50.000000 50.000000 50.000000 50.000000 50.000000 50.000000 50.000000 50.000000 50.000000 50.000000 50.000000 50.000000 50.000000 50.000000 50.000000 50.000000 50.000000 50.000000 50.000000 50.000000 50.000000 50.000000 50.000000 50.000000 50.000000 50.000000 50.000000 50.000000 50.000000 50.000000 50.000000 50.000000 50.000000 50.000000 
50.000000 49.139992 48.303206 47.510984 46.781159 46.126895 45.556094 45.071412 44.670806 44.348457 44.095910 43.903226 43.760039 43.656381 43.583260 43.532991 43.499303 43.477290 43.463261 43.454539 43.449248 43.446114 43.444301 43.443274 43.442700 43.442376 43.442175 43.442011 43.441814 43.441498 43.440941 43.439939 43.438153 43.435021 43.429617 43.420445 43.405121 43.379887 43.338861 43.272867 43.167536 43.000079 42.733483 42.305232 41.603467 40.411428 38.263443 34.028434 24.569996 0.000000 
50.000000 48.303206 46.652229 45.089176 43.649235 42.358376 41.232189 40.275917 39.485525 38.849537 38.351265 37.971106 37.688602 37.484086 37.339822 37.240644 37.174179 37.130748 37.103070 37.085862 37.075423 37.069240 37.065663 37.063637 37.062506 37.061867 37.061473 37.061157 37.060778 37.060176 37.059115 37.057211 37.053823 37.047887 37.037662 37.020343 36.991479 36.944090 36.867343 36.744518 36.549818 36.243212 35.761715 35.003977 33.801794 31.865719 28.681118 23.326115 14.274772 0.000000 
50.000000 47.510984 45.089176 42.796344 40.684108 38.790561 37.138572 35.735831 34.576421 33.643505 32.912603 32.354959 31.940564 31.640570 31.428956 31.283477 31.185983 31.122278 31.081678 31.056438 31.041126 31.032057 31.026811 31.023840 31.022182 31.021248 31.020677 31.020225 31.019694 31.018860 31.017395 31.014772 31.010115 31.001972 30.987982 30.964359 30.925138 30.861050 30.757878 30.594025 30.336895 29.937412 29.321598 28.377454 26.934718 24.735331 21.398172 16.408058 9.247541 0.000000 
50.000000 46.781159 43.649235 40.684108 37.952533 35.503775 33.367407 31.553374 30.054023 28.847578 27.902381 27.181243 26.645355 26.257410 25.983758 25.795630 25.669556 25.587175 25.534675 25.502036 25.482235 25.470509 25.463726 25.459885 25.457744 25.456542 25.455814 25.455252 25.454608 25.453610 25.451869 25.448763 25.443262 25.433673 25.417254 25.389642 25.344022 25.269923 25.151523 24.965250 24.676429 24.234651 23.567440 22.571974 21.105325 18.976267 15.948777 11.783517 6.369731 0.000000 
50.000000 46.126895 42.358376 38.790561 35.503775 32.557296 29.986709 27.803978 25.999894 24.548254 23.410962 22.543270 21.898480 21.431699 21.102439 20.876086 20.724395 20.625276 20.562109 20.522840 20.499017 20.484909 20.476748 20.472129 20.469557 20.468119 20.467258 20.466612 20.465897 20.464811 20.462933 20.459596 20.453705 20.443473 20.426023 20.396815 20.348832 20.271430 20.148787 19.957824 19.665524 19.225592 18.574598 17.628144 16.278648 14.398450 11.855842 8.556582 4.523428 0.000000 
50.000000 45.556094 41.232189 37.138572 33.367407 29.986709 27.037306 24.532925 22.462998 20.797456 19.492590 18.497053 17.757265 17.221716 16.843952 16.584255 16.410220 16.296502 16.224033 16.178981 16.151650 16.135465 16.126104 16.120807 16.117861 16.116221 16.115253 16.114551 16.113806 16.112703 16.110817 16.107483 16.101622 16.091480 16.074263 16.045595 15.998789 15.923839 15.806126 15.624783 15.350776 14.944827 14.355558 13.518653 12.358564 10.795433 8.761118 6.228212 3.250862 0.000000 
50.000000 45.071412 40.275917 35.735831 31.553374 27.803978 24.532925 21.755437 19.459791 17.612636 16.165494 15.061415 14.240974 13.647044 13.228102 12.940099 12.747097 12.620987 12.540622 12.490660 12.460352 12.442405 12.432026 12.426155 12.422893 12.421086 12.420035 12.419300 12.418559 12.417499 12.415712 12.412574 12.407081 12.397618 12.381629 12.355152 12.312199 12.243936 12.137673 11.975682 11.733948 11.381070 10.877719 10.177367 9.229380 7.985934 6.414233 4.514201 2.337929 0.000000 
50.000000 44.670806 39.485525 34.576421 30.054023 25.999894 22.462998 19.459791 16.977594 14.980345 13.415621 12.221843 11.334752 10.692578 10.239609 9.928218 9.719544 9.583195 9.496306 9.442289 9.409522 9.390119 9.378899 9.372555 9.369034 9.367092 9.365980 9.365232 9.364522 9.363549 9.361937 9.359130 9.354240 9.345856 9.331758 9.308544 9.271126 9.212103 9.121015 8.983548 8.780795 8.488797 8.078721 7.518171 6.774303 5.819372 4.639009 3.242313 1.670726 0.000000 
50.000000 44.348457 38.849537 33.643505 28.847578 24.548254 20.797456 17.612636 14.980345 12.862336 11.203014 9.937071 8.996362 8.315378 7.835038 7.504832 7.283553 7.138969 7.046832 6.989555 6.954810 6.934237 6.922340 6.915616 6.911889 6.909842 6.908687 6.907941 6.907279 6.906417 6.905026 6.902625 6.898468 6.891372 6.879500 6.860061 6.828925 6.780165 6.705536 6.593966 6.431168 6.199550 5.878687 5.446680 4.882730 4.171149 3.306610 2.299719 1.180922 0.000000 
50.000000 44.095910 38.351265 32.912603 27.902381 23.410962 19.492590 16.165494 13.415621 11.203014 9.469589 8.147119 7.164412 6.453029 5.951251 5.606312 5.375161 5.224127 5.127882 5.068051 5.031758 5.010268 4.997843 4.990822 4.986935 4.984808 4.983624 4.982890 4.982283 4.981545 4.980388 4.978417 4.975025 4.969265 4.959676 4.944060 4.919201 4.880537 4.821817 4.734795 4.609048 4.432073 4.189811 3.867807 3.453138 2.937132 2.318578 1.606748 0.823043 0.000000 
50.000000 43.903226 37.971106 32.354959 27.181243 22.543270 18.497053 15.061415 12.221843 9.937071 8.147119 6.781531 5.766789 5.032221 4.514092 4.157916 3.919236 3.763285 3.663907 3.602129 3.564655 3.542467 3.529640 3.522393 3.518384 3.516198 3.514996 3.514278 3.513729 3.513110 3.512181 3.510622 3.507959 3.503459 3.496006 3.483931 3.464821 3.435291 3.390765 3.325302 3.231535 3.100828 2.923741 2.690927 2.394483 2.029720 1.597081 1.103763 0.564365 0.000000 
50.000000 43.760039 37.688602 31.940565 26.645355 21.898480 17.757265 14.240974 11.334753 8.996362 7.164412 5.766789 4.728248 3.976456 3.446182 3.081658 2.837387 2.677784 2.576079 2.512855 2.474505 2.451798 2.438672 2.431258 2.427160 2.424932 2.423720 2.423020 2.422524 2.422014 2.421287 2.420095 2.418077 2.414687 2.409097 2.400087 2.385906 2.364124 2.331498 2.283875 2.216197 2.122650 1.997038 1.833426 1.627050 1.375433 1.079514 0.744512 0.380152 0.000000 
50.000000 43.656381 37.484086 31.640570 26.257410 21.431699 17.221717 13.647044 10.692578 8.315378 6.453030 5.032221 3.976456 3.212200 2.673137 2.302574 2.054257 1.892011 1.788623 1.724353 1.685369 1.662288 1.648945 1.641410 1.637248 1.634991 1.633774 1.633091 1.632640 1.632223 1.631669 1.630785 1.629306 1.626835 1.622782 1.616281 1.606101 1.590551 1.567400 1.533829 1.486453 1.421452 1.334845 1.222928 1.082868 0.913389 0.715432 0.492608 0.251259 0.000000 
50.000000 43.583260 37.339823 31.428956 25.983758 21.102440 16.843953 13.228102 10.239610 7.835038 5.951252 4.514093 3.446183 2.673138 2.127878 1.753056 1.501887 1.337778 1.233204 1.168197 1.128766 1.105420 1.091926 1.084306 1.080100 1.077823 1.076603 1.075934 1.075522 1.075179 1.074763 1.074125 1.073074 1.071331 1.068485 1.063941 1.056859 1.046097 1.030163 1.007193 0.974978 0.931067 0.872951 0.798358 0.705625 0.594116 0.464597 0.319480 0.162816 0.000000 
50.000000 43.532992 37.240645 31.283478 25.795632 20.876087 16.584257 12.940101 9.928220 7.504834 5.606314 4.157918 3.081661 2.302576 1.753058 1.375310 1.122181 0.956792 0.851403 0.785890 0.746152 0.722625 0.709026 0.701348 0.697112 0.694822 0.693601 0.692945 0.692562 0.692277 0.691966 0.691517 0.690791 0.689597 0.687659 0.684577 0.679797 0.672566 0.661914 0.646640 0.625336 0.596464 0.558474 0.509995 0.450066 0.378379 0.295498 0.202984 0.103376 0.000000 
50.000000 43.499304 37.174181 31.185986 25.669559 20.724398 16.410224 12.747102 9.719549 7.283558 5.375166 3.919241 2.837392 2.054262 1.501891 1.122184 0.867743 0.701497 0.595562 0.529710 0.489767 0.466119 0.452450 0.444733 0.440476 0.438178 0.436957 0.436310 0.435949 0.435707 0.435474 0.435162 0.434674 0.433880 0.432598 0.430568 0.427433 0.422712 0.415788 0.405906 0.392191 0.373698 0.349488 0.318748 0.280928 0.235888 0.184016 0.126295 0.064284 0.000000 
50.000000 43.477292 37.130752 31.122283 25.587182 20.625284 16.296512 12.620997 9.583206 7.138980 5.224139 3.763297 2.677796 1.892023 1.337790 0.956803 0.701505 0.534700 0.428408 0.362335 0.322257 0.298530 0.284816 0.277074 0.272804 0.270500 0.269280 0.268640 0.268295 0.268083 0.267905 0.267691 0.267369 0.266855 0.266030 0.264731 0.262731 0.259731 0.255351 0.249126 0.240524 0.228976 0.213926 0.194899 0.171586 0.143926 0.112173 0.076932 0.039140 0.000000 
50.000000 43.463265 37.103078 31.081690 25.534690 20.562127 16.224054 12.540644 9.496330 7.046858 5.127909 3.663934 2.576107 1.788651 1.233231 0.851430 0.595586 0.428424 0.321906 0.255692 0.215529 0.191751 0.178008 0.170250 0.165972 0.163665 0.162446 0.161811 0.161476 0.161285 0.161145 0.160997 0.160789 0.160464 0.159947 0.159137 0.157895 0.156040 0.153340 0.149519 0.144258 0.137225 0.128093 0.116591 0.102549 0.085942 0.066929 0.045874 0.023330 0.000000 
50.000000 43.454548 37.085880 31.056464 25.502069 20.522879 16.179026 12.490710 9.442343 6.989612 5.068110 3.602190 2.512917 1.724416 1.168260 0.785952 0.529769 0.362386 0.255727 0.189426 0.149210 0.125401 0.111639 0.103872 0.099588 0.097279 0.096061 0.095429 0.095102 0.094924 0.094810 0.094705 0.094571 0.094370 0.094054 0.093562 0.092811 0.091692 0.090070 0.087781 0.084642 0.080460 0.075048 0.068254 0.059985 0.050233 0.039094 0.026782 0.013616 0.000000 
50.000000 43.449267 37.075461 31.041181 25.482307 20.499102 16.151748 12.460460 9.409638 6.954932 5.031885 3.564786 2.474638 1.685504 1.128902 0.746287 0.489899 0.322383 0.215639 0.149284 0.109036 0.085209 0.071436 0.063663 0.059376 0.057066 0.055848 0.055218 0.054896 0.054727 0.054628 0.054552 0.054465 0.054342 0.054154 0.053862 0.053418 0.052759 0.051807 0.050468 0.048637 0.046206 0.043069 0.039142 0.034376 0.028768 0.022377 0.015323 0.007788 0.000000 
50.000000 43.446155 37.069320 31.032174 25.470660 20.485090 16.135672 12.442634 9.390365 6.934496 5.010538 3.542745 2.452082 1.662574 1.105709 0.722915 0.466406 0.298811 0.192016 0.125631 0.085364 0.061525 0.047746 0.039969 0.035681 0.033370 0.032152 0.031524 0.031204 0.031041 0.030952 0.030893 0.030835 0.030761 0.030649 0.030479 0.030222 0.029842 0.029293 0.028525 0.027477 0.026088 0.024303 0.022073 0.019373 0.016204 0.012597 0.008623 0.004382 0.000000 
50.000000 43.444385 37.065829 31.027054 25.464039 20.477123 16.126533 12.432499 9.379408 6.922878 4.998402 3.530215 2.439258 1.649539 1.092525 0.709628 0.453050 0.285410 0.178587 0.112184 0.071907 0.048061 0.034279 0.026500 0.022211 0.019899 0.018682 0.018054 0.017737 0.017577 0.017494 0.017444 0.017404 0.017358 0.017292 0.017193 0.017044 0.016826 0.016511 0.016072 0.015474 0.014685 0.013672 0.012411 0.010887 0.009101 0.007072 0.004839 0.002458 0.000000 
50.000000 43.443445 37.063975 31.024334 25.460522 20.472892 16.121678 12.427116 9.373588 6.916707 4.991956 3.523559 2.432447 1.642616 1.085522 0.702570 0.445957 0.278293 0.171455 0.105042 0.064759 0.040910 0.027126 0.019346 0.015056 0.012745 0.011528 0.010900 0.010583 0.010425 0.010345 0.010302 0.010271 0.010240 0.010199 0.010138 0.010049 0.009917 0.009729 0.009467 0.009111 0.008642 0.008042 0.007296 0.006396 0.005344 0.004151 0.002840 0.001442 0.000000 
50.000000 43.443042 37.063178 31.023165 25.459011 20.471074 16.119593 12.424803 9.371088 6.914056 4.989187 3.520700 2.429522 1.639642 1.082514 0.699539 0.442910 0.275236 0.168391 0.101974 0.061689 0.037839 0.024054 0.016273 0.011983 0.009672 0.008454 0.007827 0.007511 0.007354 0.007275 0.007234 0.007207 0.007183 0.007152 0.007109 0.007045 0.006951 0.006818 0.006632 0.006381 0.006050 0.005628 0.005104 0.004473 0.003736 0.002901 0.001984 0.001007 0.000000 
50.000000 43.443042 37.063178 31.023165 25.459011 20.471074 16.119593 12.424803 9.371088 6.914056 4.989187 3.520700 2.429522 1.639642 1.082514 0.699539 0.442910 0.275236 0.168391 0.101974 0.061689 0.037839 0.024054 0.016273 0.011983 0.009672 0.008454 0.007827 0.007511 0.007354 0.007275 0.007234 0.007207 0.007183 0.007152 0.007109 0.007045 0.006951 0.006818 0.006632 0.006381 0.006050 0.005628 0.005104 0.004473 0.003736 0.002901 0.001984 0.001007 0.000000 
50.000000 43.443445 37.063975 31.024334 25.460522 20.472892 16.121678 12.427116 9.373588 6.916707 4.991956 3.523559 2.432447 1.642616 1.085522 0.702570 0.445957 0.278293 0.171455 0.105042 0.064759 0.040910 0.027126 0.019346 0.015056 0.012745 0.011528 0.010900 0.010583 0.010425 0.010345 0.010302 0.010271 0.010240 0.010199 0.010138 0.010049 0.009917 0.009729 0.009467 0.009111 0.008642 0.008042 0.007296 0.006396 0.005344 0.004151 0.002840 0.001442 0.000000 
50.000000 43.444385 37.065829 31.027054 25.464039 20.477123 16.126533 12.432499 9.379408 6.922878 4.998402 3.530215 2.439258 1.649539 1.092525 0.709628 0.453050 0.285410 0.178587 0.112184 0.071907 0.048061 0.034279 0.026500 0.022211 0.019899 0.018682 0.018054 0.017737 0.017577 0.017494 0.017444 0.017404 0.017358 0.017292 0.017193 0.017044 0.016826 0.016511 0.016072 0.015474 0.014685 0.013672 0.012411 0.010887 0.009101 0.007072 0.004839 0.002458 0.000000 
50.000000 43.446155 37.069320 31.032174 25.470660 20.485090 16.135672 12.442634 9.390365 6.934496 5.010538 3.542745 2.452082 1.662574 1.105709 0.722915 0.466406 0.298811 0.192016 0.125631 0.085364 0.061525 0.047746 0.039969 0.035681 0.033370 0.032152 0.031524 0.031204 0.031041 0.030952 0.030893 0.030835 0.030761 0.030649 0.030479 0.030222 0.029842 0.029293 0.028525 0.027477 0.026088 0.024303 0.022073 0.019373 0.016204 0.012597 0.008623 0.004382 0.000000 
50.000000 43.449267 37.075461 31.041181 25.482307 20.499102 16.151748 12.460460 9.409638 6.954932 5.031885 3.564786 2.474638 1.685504 1.128902 0.746287 0.489899 0.322383 0.215639 0.149284 0.109036 0.085209 0.071436 0.063663 0.059376 0.057066 0.055848 0.055218 0.054896 0.054727 0.054628 0.054552 0.054465 0.054342 0.054154 0.053862 0.053418 0.052759 0.051807 0.050468 0.048637 0.046206 0.043069 0.039142 0.034376 0.028768 0.022377 0.015323 0.007788 0.000000 
50.000000 43.454548 37.085880 31.056464 25.502069 20.522879 16.179026 12.490710 9.442343 6.989612 5.068110 3.602190 2.512917 1.724416 1.168260 0.785952 0.529769 0.362386 0.255727 0.189426 0.149210 0.125401 0.111639 0.103872 0.099588 0.097279 0.096061 0.095429 0.095102 0.094924 0.094810 0.094705 0.094571 0.094370 0.094054 0.093562 0.092811 0.091692 0.090070 0.087781 0.084642 0.080460 0.075048 0.068254 0.059985 0.050233 0.039094 0.026782 0.013616 0.000000 
50.000000 43.463265 37.103078 31.081690 25.534690 20.562127 16.224054 12.540644 9.496330 7.046858 5.127909 3.663934 2.576107 1.788651 1.233231 0.851430 0.595586 0.428424 0.321906 0.255692 0.215529 0.191751 0.178008 0.170250 0.165972 0.163665 0.162446 0.161811 0.161476 0.161285 0.161145 0.160997 0.160789 0.160464 0.159947 0.159137 0.157895 0.156040 0.153340 0.149519 0.144258 0.137225 0.128093 0.116591 0.102549 0.085942 0.066929 0.045874 0.023330 0.000000 
50.000000 43.477292 37.130752 31.122283 25.587182 20.625284 16.296512 12.620997 9.583206 7.138980 5.224139 3.763297 2.677796 1.892023 1.337790 0.956803 0.701505 0.534700 0.428408 0.362335 0.322257 0.298530 0.284816 0.277074 0.272804 0.270500 0.269280 0.268640 0.268295 0.268083 0.267905 0.267691 0.267369 0.266855 0.266030 0.264731 0.262731 0.259731 0.255351 0.249126 0.240524 0.228976 0.213926 0.194899 0.171586 0.143926 0.112173 0.076932 0.039140 0.000000 
50.000000 43.499304 37.174181 31.185986 25.669559 20.724398 16.410224 12.747102 9.719549 7.283558 5.375166 3.919241 2.837392 2.054262 1.501891 1.122184 0.867743 0.701497 0.595562 0.529710 0.489767 0.466119 0.452450 0.444733 0.440476 0.438178 0.436957 0.436310 0.435949 0.435707 0.435474 0.435162 0.434674 0.433880 0.432598 0.430568 0.427433 0.422712 0.415788 0.405906 0.392191 0.373698 0.349488 0.318748 0.280928 0.235888 0.184016 0.126295 0.064284 0.000000 
50.000000 43.532992 37.240645 31.283478 25.795632 20.876087 16.584257 12.940101 9.928220 7.504834 5.606314 4.157918 3.081661 2.302576 1.753058 1.375310 1.122181 0.956792 0.851403 0.785890 0.746152 0.722625 0.709026 0.701348 0.697112 0.694822 0.693601 0.692945 0.692562 0.692277 0.691966 0.691517 0.690791 0.689597 0.687659 0.684577 0.679797 0.672566 0.661914 0.646640 0.625336 0.596464 0.558474 0.509995 0.450066 0.378379 0.295498 0.202984 0.103376 0.000000 
50.000000 43.583260 37.339823 31.428956 25.983758 21.102440 16.843953 13.228102 10.239610 7.835038 5.951252 4.514093 3.446183 2.673138 2.127878 1.753056 1.501887 1.337778 1.233204 1.168197 1.128766 1.105420 1.091926 1.084306 1.080100 1.077823 1.076603 1.075934 1.075522 1.075179 1.074763 1.074125 1.073074 1.071331 1.068485 1.063941 1.056859 1.046097 1.030163 1.007193 0.974978 0.931067 0.872951 0.798358 0.705625 0.594116 0.464597 0.319480 0.162816 0.000000 
50.000000 43.656381 37.484086 31.640570 26.257410 21.431699 17.221717 13.647044 10.692578 8.315378 6.453030 5.032221 3.976456 3.212200 2.673137 2.302574 2.054257 1.892011 1.788623 1.724353 1.685369 1.662288 1.648945 1.641410 1.637248 1.634991 1.633774 1.633091 1.632640 1.632223 1.631669 1.630785 1.629306 1.626835 1.622782 1.616281 1.606101 1.590551 1.567400 1.533829 1.486453 1.421452 1.334845 1.222928 1.082868 0.913389 0.715432 0.492608 0.251259 0.000000 
50.000000 43.760039 37.688602 31.940565 26.645355 21.898480 17.757265 14.240974 11.334753 8.996362 7.164412 5.766789 4.728248 3.976456 3.446182 3.081658 2.837387 2.677784 2.576079 2.512855 2.474505 2.451798 2.438672 2.431258 2.427160 2.424932 2.423720 2.423020 2.422524 2.422014 2.421287 2.420095 2.418077 2.414687 2.409097 2.400087 2.385906 2.364124 2.331498 2.283875 2.216197 2.122650 1.997038 1.833426 1.627050 1.375433 1.079514 0.744512 0.380152 0.000000 
50.000000 43.903226 37.971106 32.354959 27.181243 22.543270 18.497053 15.061415 12.221843 9.937071 8.147119 6.781531 5.766789 5.032221 4.514092 4.157916 3.919236 3.763285 3.663907 3.602129 3.564655 3.542467 3.529640 3.522393 3.518384 3.516198 3.514996 3.514278 3.513729 3.513110 3.512181 3.510622 3.507959 3.503459 3.496006 3.483931 3.464821 3.435291 3.390765 3.325302 3.231535 3.100828 2.923741 2.690927 2.394483 2.029720 1.597081 1.103763 0.564365 0.000000 
50.000000 44.095910 38.351265 32.912603 27.902381 23.410962 19.492590 16.165494 13.415621 11.203014 9.469589 8.147119 7.164412 6.453029 5.951251 5.606312 5.375161 5.224127 5.127882 5.068051 5.031758 5.010268 4.997843 4.990822 4.986935 4.984808 4.983624 4.982890 4.982283 4.981545 4.980388 4.978417 4.975025 4.969265 4.959676 4.944060 4.919201 4.880537 4.821817 4.734795 4.609048 4.432073 4.189811 3.867807 3.453138 2.937132 2.318578 1.606748 0.823043 0.000000 
50.000000 44.348457 38.849537 33.643505 28.847578 24.548254 20.797456 17.612636 14.980345 12.862336 11.203014 9.937071 8.996362 8.315378 7.835038 7.504832 7.283553 7.138969 7.046832 6.989555 6.954810 6.934237 6.922340 6.915616 6.911889 6.909842 6.908687 6.907941 6.907279 6.906417 6.905026 6.902625 6.898468 6.891372 6.879500 6.860061 6.828925 6.780165 6.705536 6.593966 6.431168 6.199550 5.878687 5.446680 4.882730 4.171149 3.306610 2.299719 1.180922 0.000000 
50.000000 44.670806 39.485525 34.576421 30.054023 25.999894 22.462998 19.459791 16.977594 14.980345 13.415621 12.221843 11.334752 10.692578 10.239609 9.928218 9.719544 9.583195 9.496306 9.442289 9.409522 9.390119 9.378899 9.372555 9.369034 9.367092 9.365980 9.365232 9.364522 9.363549 9.361937 9.359130 9.354240 9.345856 9.331758 9.308544 9.271126 9.212103 9.121015 8.983548 8.780795 8.488797 8.078721 7.518171 6.774303 5.819372 4.639009 3.242313 1.670726 0.000000 
50.000000 45.071412 40.275917 35.735831 31.553374 27.803978 24.532925 21.755437 19.459791 17.612636 16.165494 15.061415 14.240974 13.647044 13.228102 12.940099 12.747097 12.620987 12.540622 12.490660 12.460352 12.442405 12.432026 12.426155 12.422893 12.421086 12.420035 12.419300 12.418559 12.417499 12.415712 12.412574 12.407081 12.397618 12.381629 12.355152 12.312199 12.243936 12.137673 11.975682 11.733948 11.381070 10.877719 10.177367 9.229380 7.985934 6.414233 4.514201 2.337929 0.000000 
50.000000 45.556094 41.232189 37.138572 33.367407 29.986709 27.037306 24.532925 22.462998 20.797456 19.492590 18.497053 17.757265 17.221716 16.843952 16.584255 16.410220 16.296502 16.224033 16.178981 16.151650 16.135465 16.126104 16.120807 16.117861 16.116221 16.115253 16.114551 16.113806 16.112703 16.110817 16.107483 16.101622 16.091480 16.074263 16.045595 15.998789 15.923839 15.806126 15.624783 15.350776 14.944827 14.355558 13.518653 12.358564 10.795433 8.761118 6.228212 3.250862 0.000000 
50.000000 46.126895 42.358376 38.790561 35.503775 32.557296 29.986709 27.803978 25.999894 24.548254 23.410962 22.543270 21.898480 21.431699 21.102439 20.876086 20.724395 20.625276 20.562109 20.522840 20.499017 20.484909 20.476748 20.472129 20.469557 20.468119 20.467258 20.466612 20.465897 20.464811 20.462933 20.459596 20.453705 20.443473 20.426023 20.396815 20.348832 20.271430 20.148787 19.957824 19.665524 19.225592 18.574598 17.628144 16.278648 14.398450 11.855842 8.556582 4.523428 0.000000 
50.000000 46.781159 43.649235 40.684108 37.952533 35.503775 33.367407 31.553374 30.054023 28.847578 27.902381 27.181243 26.645355 26.257410 25.983758 25.795630 25.669556 25.587175 25.534675 25.502036 25.482235 25.470509 25.463726 25.459885 25.457744 25.456542 25.455814 25.455252 25.454608 25.453610 25.451869 25.448763 25.443262 25.433673 25.417254 25.389642 25.344022 25.269923 25.151523 24.965250 24.676429 24.234651 23.567440 22.571974 21.105325 18.976267 15.948777 11.783517 6.369731 0.000000 
50.000000 47.510984 45.089176 42.796344 40.684108 38.790561 37.138572 35.735831 34.576421 33.643505 32.912603 32.354959 31.940564 31.640570 31.428956 31.283477 31.185983 31.122278 31.081678 31.056438 31.041126 31.032057 31.026811 31.023840 31.022182 31.021248 31.020677 31.020225 31.019694 31.018860 31.017395 31.014772 31.010115 31.001972 30.987982 30.964359 30.925138 30.861050 30.757878 30.594025 30.336895 29.937412 29.321598 28.377454 26.934718 24.735331 21.398172 16.408058 9.247541 0.000000 
50.000000 48.303206 46.652229 45.089176 43.649235 42.358376 41.232189 40.275917 39.485525 38.849537 38.351265 37.971106 37.688602 37.484086 37.339822 37.240644 37.174179 37.130748 37.103070 37.085862 37.075423 37.069240 37.065663 37.063637 37.062506 37.061867 37.061473 37.061157 37.060778 37.060176 37.059115 37.057211 37.053823 37.047887 37.037662 37.020343 36.991479 36.944090 36.867343 36.744518 36.549818 36.243212 35.761715 35.003977 33.801794 31.865719 28.681118 23.326115 14.274772 0.000000 
50.000000 49.139992 48.303206 47.510984 46.781159 46.126895 45.556094 45.071412 44.670806 44.348457 44.095910 43.903226 43.760039 43.656381 43.583260 43.532991 43.499303 43.477290 43.463261 43.454539 43.449248 43.446114 43.444301 43.443274 43.442700 43.442376 43.442175 43.442011 43.441814 43.441498 43.440941 43.439939 43.438153 43.435021 43.429617 43.420445 43.405121 43.379887 43.338861 43.272867 43.167536 43.000079 42.733483 42.305232 41.603467 40.411428 38.263443 34.028434 24.569996 0.000000 
50.000000 50.000000 50.000000 50.000000 50.000000 50.000000 50.000000 50.000000 50.000000 50.000000 50.000000 50.000000 50.000000 50.000000 50.000000 50.000000 50.000000 50.000000 50.000000 50.000000 50.000000 50.000000 50.000000 50.000000 50.000000 50.000000 50.000000 50.000000 50.000000 50.000000 50.000000 50.000000 50.000000 50.000000 50.000000 50.000000 50.000000 50.000000 50.000000 50.000000 50.000000 50.000000 50.000000 50.000000 50.000000 50.000000 50.000000 50.000000 50.000000 50.000000 
