50.000000 50.000000 50.000000 50.000000 50.000000 50.000000 50.000000 50.000000 50.000000 50.000000 50.000000 50.000000 50.000000 50.000000 50.000000 50.000000 50.000000 50.000000 50.000000 50.000000 50.000000 50.000000 50.000000 50.000000 50.000000 50.000000 50.000000 50.000000 50.000000 50.000000 50.000000 50.000000 50.000000 50.000000 50.000000 50.000000 50.000000 50.000000 50.000000 50.000000 50.000000 50.000000 50.000000 50.000000 50.000000 50.000000 50.000000 50.000000 50.000000 50.000000 
50.000000 49.644471 49.292912 48.949160 48.616794 48.299023 47.998593 47.717725 47.458070 47.220696 47.006104 46.814260 46.644654 46.496367 46.368149 46.258500 46.165753 46.088150 46.023904 45.971258 45.928528 45.894134 45.866619 45.844652 45.827027 45.812647 45.800501 45.789630 45.779091 45.767904 45.754993 45.739114 45.718758 45.692036 45.656519 45.609025 45.545309 45.459626 45.344044 45.187386 44.973452 44.677965 44.262921 43.665486 42.774296 41.373984 39.001208 34.528104 24.822238 0.000000 
50.000000 49.292912 48.593721 47.910056 47.249036 46.617041 46.019538 45.460939 44.944528 44.472432 44.045644 43.664100 43.326783 43.031866 42.776861 42.558789 42.374334 42.219997 42.092226 41.987528 41.902554 41.834165 41.779461 41.735802 41.700791 41.672254 41.648186 41.626697 41.605925 41.583948 41.558661 41.527640 41.487959 41.435970 41.367004 41.274974 41.151816 40.986691 40.764793 40.465514 40.059519 39.503889 38.733730 37.647085 36.076713 33.735881 30.114480 24.296870 14.764817 0.000000 
50.000000 48.949162 47.910058 46.894030 45.911655 44.972417 44.084438 43.254277 42.486813 41.785208 41.150938 40.583908 40.082606 39.644316 39.265344 38.941260 38.667137 38.437776 38.247898 38.092315 37.966054 37.864449 37.783199 37.718385 37.666457 37.624196 37.588647 37.557026 37.526611 37.494604 37.457962 37.413203 37.356155 37.281651 37.183128 37.052100 36.877437 36.644359 36.332982 35.916174 35.356304 34.600196 33.571168 32.156377 30.186955 27.408729 23.447042 17.795610 9.947969 0.000000 
50.000000 48.616799 47.249043 45.911662 44.618578 43.382275 42.213442 41.120716 40.110517 39.187006 38.352129 37.605758 36.945905 36.368995 35.870164 35.443583 35.082768 34.780876 34.530961 34.326196 34.160039 34.026356 33.919493 33.834305 33.766137 33.710777 33.664372 33.623311 33.584083 33.543109 33.496532 33.439978 33.368256 33.274998 33.152197 32.989614 32.773992 32.488003 32.108781 31.605887 30.938413 30.050881 28.867496 27.284422 25.160495 22.309349 18.503010 13.513209 7.242837 0.000000 
50.000000 48.299033 46.617060 44.972439 43.382292 41.861971 40.424621 39.080861 37.838588 36.702920 35.676247 34.758413 33.946975 33.237534 32.624112 32.099541 31.655848 31.284620 30.977319 30.725553 30.521283 30.356977 30.225694 30.121125 30.037575 29.969902 29.913422 29.863772 29.816744 29.768089 29.713280 29.647242 29.564026 29.456418 29.315458 29.129842 28.885160 28.562915 28.139240 27.583229 26.854775 25.901841 24.657256 23.035517 20.931108 18.221961 14.785591 10.540412 5.524768 0.000000 
50.000000 47.998613 46.019575 44.084487 42.213494 40.424659 38.733450 37.152360 35.690684 34.354440 33.146443 32.066508 31.111762 30.277029 29.555275 28.938068 28.416029 27.979262 27.617723 27.321546 27.081280 26.888075 26.733782 26.611004 26.513076 26.434002 26.368342 26.311066 26.257366 26.202445 26.141260 26.068235 25.976926 25.859626 25.706900 25.507027 25.245321 24.903302 24.457698 23.879245 23.131326 22.168544 20.935566 19.366961 17.389467 14.929296 11.928260 8.372583 4.333171 0.000000 
50.000000 47.717762 45.461009 43.254373 41.120827 39.080969 37.152437 35.349478 33.682690 32.158936 30.781427 29.549953 28.461235 27.509375 26.686350 25.982548 25.387275 24.889249 24.477024 24.139354 23.865476 23.645311 23.469591 23.329913 23.218722 23.129245 23.055370 22.991488 22.932294 22.872563 22.806885 22.729375 22.633339 22.510901 22.352571 22.146758 21.879204 21.532348 21.084617 20.509695 19.775836 18.845430 17.675175 16.217483 14.424149 12.253639 9.683417 6.727411 3.454905 0.000000 
50.000000 47.458133 44.944651 42.486988 40.110729 37.838817 35.690896 33.682834 31.826435 30.129343 28.595133 27.223572 26.011010 24.950876 24.034239 23.250390 22.587426 22.032784 21.573722 21.197723 20.892813 20.647785 20.452344 20.297168 20.173899 20.075067 19.993973 19.924516 19.860992 19.797861 19.729486 19.649841 19.552200 19.428783 19.270384 19.065960 18.802188 18.463012 18.029206 17.478008 16.782939 15.913995 14.838516 13.523160 11.937567 10.060278 7.887093 5.440954 2.780262 0.000000 
50.000000 47.220802 44.472638 41.785506 39.187380 36.703344 34.354876 32.159327 30.129602 28.274059 26.596609 25.096995 23.771227 22.612122 21.609915 20.752903 20.028070 19.421687 18.919829 18.508821 18.175584 17.907887 17.694506 17.525289 17.391159 17.284035 17.196709 17.122672 17.055913 16.990681 16.921229 16.841533 16.745003 16.624166 16.470345 16.273326 16.021036 15.699243 15.291329 14.778191 14.138378 13.348619 12.384937 11.224636 9.849388 8.249579 6.429639 4.413402 2.247488 0.000000 
50.000000 47.006276 44.045983 41.151432 38.352758 35.676981 33.147238 30.782219 28.595825 26.597059 24.790134 23.174774 21.746681 20.498120 19.418572 18.495432 17.714685 17.061545 16.521022 16.078396 15.719594 15.431465 15.201950 15.020162 14.876388 14.762014 14.669402 14.591714 14.522709 14.456512 14.387363 14.309352 14.216151 14.100736 13.955115 13.770070 13.534926 13.237377 12.863404 12.397348 11.822216 11.120331 10.274450 9.269488 8.094912 6.747755 5.235900 3.580889 1.819098 0.000000 
50.000000 46.814535 43.664642 40.584703 37.606782 34.759630 32.067867 29.551378 27.224955 25.098180 23.175533 21.456723 19.937177 18.608663 17.459993 16.477755 15.647041 14.952124 14.377060 13.906200 13.524585 13.218248 12.974391 12.781479 12.629246 12.508621 12.411604 12.331097 12.260701 12.194483 12.126746 12.051771 11.963576 11.855671 11.720832 11.550899 11.336621 11.067566 10.732135 10.317727 9.811109 9.199065 8.469388 7.612269 6.622059 5.499296 4.252675 2.900479 1.470803 0.000000 
50.000000 46.645086 43.327636 40.083862 36.947534 33.948931 31.113984 28.463636 26.013466 23.773565 21.748652 19.938421 18.338056 16.938889 15.729137 14.694678 13.819815 13.087989 12.482417 11.986628 11.584888 11.262508 11.006048 10.803409 10.643846 10.517900 10.417278 10.334677 10.263594 10.198097 10.132598 10.061622 9.979578 9.880548 9.758094 9.605105 9.413689 9.175144 8.880022 8.518326 8.079887 7.554940 6.934952 6.213682 5.388447 4.461444 3.440926 2.341890 1.185931 0.000000 
50.000000 46.497034 43.033187 39.646267 36.371534 33.240607 30.280557 27.513254 24.954966 22.616225 20.501962 18.611857 16.940881 15.479986 14.216870 13.136790 12.223360 11.459295 10.827082 10.309534 9.890241 9.553890 9.286482 9.075435 8.909596 8.779182 8.675659 8.591574 8.520359 8.456122 8.393419 8.327042 8.251807 8.162365 8.053041 7.917709 7.749722 7.541912 7.286673 6.976166 6.602651 6.158980 5.639245 5.039575 4.359013 3.600378 2.770953 1.882787 0.952434 0.000000 
50.000000 46.369167 42.778881 39.268330 35.874062 32.628850 29.560754 26.692442 24.040775 21.616671 19.425241 17.466153 15.734196 14.219990 12.910789 11.791312 10.844580 10.052682 9.397473 8.861151 8.426724 8.078346 7.801539 7.583308 7.412159 7.278041 7.172227 7.087151 7.016218 6.953596 6.894004 6.832505 6.764313 6.684623 6.588465 6.470607 6.325501 6.147297 5.929931 5.667305 5.353572 4.983534 4.553135 4.060044 3.504256 2.888654 2.219394 1.506024 0.761204 0.000000 
50.000000 46.260036 42.561838 38.945772 35.449485 32.106735 28.946426 25.991906 23.260544 20.763587 18.506299 16.488337 14.704336 13.144635 11.796104 10.643008 9.667858 8.852213 8.177390 7.625062 7.177742 6.819131 6.534349 6.310054 6.134467 5.997318 5.889726 5.804046 5.733677 5.672864 5.616491 5.559882 5.498626 5.428412 5.344907 5.243661 5.120073 4.969399 4.786833 4.567662 4.307492 4.002556 3.650091 3.248744 2.798996 2.303506 1.767339 1.197982 0.605097 0.000000 
50.000000 46.168046 42.378885 38.673877 35.091596 31.666627 28.428589 25.401403 22.602864 20.044497 17.731696 15.664109 13.836240 12.238192 10.856512 9.675080 8.675982 7.840327 7.148979 6.583173 6.125005 5.757796 5.466331 5.236979 5.057728 4.918129 4.809183 4.723189 4.653558 4.594613 4.541398 4.489482 4.434790 4.373452 4.301686 4.215717 4.111736 3.985909 3.834443 3.653705 3.440402 3.191812 2.906058 2.582402 2.221525 1.825747 1.399154 0.947568 0.478347 0.000000 
50.000000 46.091535 42.226717 38.447734 34.793928 31.300577 27.997888 24.910264 22.055853 19.446411 17.087438 14.978579 13.114225 11.484283 10.075034 8.870038 7.851026 6.998733 6.293649 5.716643 5.249468 4.875132 4.578139 4.344626 4.162389 4.020836 3.910879 3.824779 3.755964 3.698840 3.648596 3.601019 3.552331 3.499042 3.437840 3.365512 3.278902 3.174912 3.050549 2.903014 2.729839 2.529055 2.299393 2.040485 1.753053 1.439052 1.101728 0.745583 0.376207 0.000000 
50.000000 46.028850 42.102048 38.262457 34.550051 31.000675 27.645020 24.507879 21.607693 18.956406 16.559607 14.416933 12.522689 10.866619 9.434785 8.210486 7.175161 6.309242 5.592910 5.006738 4.532196 4.152037 3.850541 3.613652 3.429016 3.285928 3.175231 3.089160 3.021170 2.965740 2.918188 2.874492 2.831124 2.784917 2.732949 2.672467 2.600842 2.515561 2.414252 2.294754 2.155209 1.994189 1.810833 1.604990 1.377343 1.129496 0.864006 0.584336 0.294729 0.000000 
50.000000 45.978414 42.001739 38.113383 34.353828 30.759374 27.361102 24.184121 21.247105 18.562150 16.134916 13.965037 12.046744 10.369652 8.919648 7.679819 6.631371 5.754492 5.029115 4.435574 3.955114 3.570283 3.265182 3.025604 2.839073 2.694799 2.583571 2.497611 2.430398 2.376477 2.331279 2.290939 2.252140 2.211976 2.167844 2.117359 2.058309 1.988635 1.906444 1.810052 1.698051 1.569393 1.423492 1.260318 1.080476 0.885265 0.676685 0.457396 0.230624 0.000000 
50.000000 45.938780 41.922914 37.996238 34.199633 30.569756 27.137996 23.929707 20.963750 18.252339 15.801189 13.609932 11.672742 9.979132 8.514850 7.262819 6.204061 5.318571 4.586090 3.986763 3.501660 3.113167 2.805247 2.563573 2.375579 2.230406 2.118807 2.032996 1.966472 1.913840 1.870619 1.833077 1.798064 1.762883 1.725181 1.682862 1.634035 1.576988 1.510187 1.432300 1.342244 1.239238 1.122878 0.993193 0.850705 0.696457 0.532017 0.359435 0.181176 0.000000 
50.000000 45.908681 41.863052 37.907274 34.082531 30.425753 26.968560 23.736496 20.748560 18.017057 15.547745 13.340253 11.388712 9.682558 8.207434 6.946137 5.879550 4.987523 4.249650 3.645931 3.157306 2.766039 2.455986 2.212734 2.023644 1.877812 1.765961 1.680302 1.614354 1.562766 1.521131 1.485816 1.453803 1.422555 1.389908 1.353984 1.313133 1.265897 1.211006 1.147382 1.074168 0.990771 0.896899 0.792612 0.678353 0.554965 0.423686 0.286123 0.144184 0.000000 
50.000000 45.887061 41.820055 37.843374 33.998422 30.322321 26.846861 23.597720 20.593998 17.848064 15.365707 13.146554 11.184705 9.469542 7.986631 6.718679 5.646470 4.749749 4.008003 3.401133 2.909981 2.516725 2.205145 1.960766 1.770899 1.624606 1.512593 1.427066 1.361561 1.310761 1.270313 1.236657 1.206870 1.178532 1.149614 1.118392 1.083387 1.043323 0.997109 0.943842 0.882821 0.813573 0.735880 0.649812 0.555747 0.454382 0.346723 0.234061 0.117922 0.000000 
50.000000 45.873109 41.792307 37.802137 33.944142 30.255572 26.768324 23.508162 20.494252 17.739005 15.248230 13.021552 11.053052 9.332074 7.844138 6.571892 5.496055 4.596304 3.852060 3.243157 2.750375 2.355838 2.043276 1.798172 1.607810 1.461225 1.349115 1.263684 1.198480 1.148207 1.108548 1.075991 1.047674 1.021252 0.994786 0.966650 0.935473 0.900094 0.859535 0.813004 0.759895 0.699806 0.632564 0.558240 0.477169 0.389951 0.297442 0.200736 0.101114 0.000000 
50.000000 45.866273 41.778710 37.781930 33.917545 30.222865 26.729840 23.464278 20.445376 17.685566 15.190666 12.960301 10.988541 9.264715 7.774316 6.499966 5.422352 4.521117 3.775649 3.165750 2.672170 2.277005 1.963962 1.718505 1.527900 1.381176 1.269020 1.183640 1.118587 1.068578 1.029312 0.997302 0.969715 0.944245 0.918993 0.892384 0.863100 0.830032 0.792262 0.749046 0.699825 0.644233 0.582115 0.513542 0.438826 0.358520 0.273408 0.184486 0.092920 0.000000 
50.000000 45.866273 41.778710 37.781930 33.917545 30.222865 26.729840 23.464278 20.445376 17.685566 15.190666 12.960301 10.988541 9.264715 7.774316 6.499966 5.422352 4.521117 3.775649 3.165750 2.672170 2.277005 1.963962 1.718505 1.527900 1.381176 1.269020 1.183640 1.118587 1.068578 1.029312 0.997302 0.969715 0.944245 0.918993 0.892384 0.863100 0.830032 0.792262 0.749046 0.699825 0.644233 0.582115 0.513542 0.438826 0.358520 0.273408 0.184486 0.092920 0.000000 
50.000000 45.873109 41.792307 37.802137 33.944142 30.255572 26.768324 23.508162 20.494252 17.739005 15.248230 13.021552 11.053052 9.332074 7.844138 6.571892 5.496055 4.596304 3.852060 3.243157 2.750375 2.355838 2.043276 1.798172 1.607810 1.461225 1.349115 1.263684 1.198480 1.148207 1.108548 1.075991 1.047674 1.021252 0.994786 0.966650 0.935473 0.900094 0.859535 0.813004 0.759895 0.699806 0.632564 0.558240 0.477169 0.389951 0.297442 0.200736 0.101114 0.000000 
50.000000 45.887061 41.820055 37.843374 33.998422 30.322321 26.846861 23.597720 20.593998 17.848064 15.365707 13.146554 11.184705 9.469542 7.986631 6.718679 5.646470 4.749749 4.008003 3.401133 2.909981 2.516725 2.205145 1.960766 1.770899 1.624606 1.512593 1.427066 1.361561 1.310761 1.270313 1.236657 1.206870 1.178532 1.149614 1.118392 1.083387 1.043323 0.997109 0.943842 0.882821 0.813573 0.735880 0.649812 0.555747 0.454382 0.346723 0.234061 0.117922 0.000000 
50.000000 45.908681 41.863052 37.907274 34.082531 30.425753 26.968560 23.736496 20.748560 18.017057 15.547745 13.340253 11.388712 9.682558 8.207434 6.946137 5.879550 4.987523 4.249650 3.645931 3.157306 2.766039 2.455986 2.212734 2.023644 1.877812 1.765961 1.680302 1.614354 1.562766 1.521131 1.485816 1.453803 1.422555 1.389908 1.353984 1.313133 1.265897 1.211006 1.147382 1.074168 0.990771 0.896899 0.792612 0.678353 0.554965 0.423686 0.286123 0.144184 0.000000 
50.000000 45.938780 41.922914 37.996238 34.199633 30.569756 27.137996 23.929707 20.963750 18.252339 15.801189 13.609932 11.672742 9.979132 8.514850 7.262819 6.204061 5.318571 4.586090 3.986763 3.501660 3.113167 2.805247 2.563573 2.375579 2.230406 2.118807 2.032996 1.966472 1.913840 1.870619 1.833077 1.798064 1.762883 1.725181 1.682862 1.634035 1.576988 1.510187 1.432300 1.342244 1.239238 1.122878 0.993193 0.850705 0.696457 0.532017 0.359435 0.181176 0.000000 
50.000000 45.978414 42.001739 38.113383 34.353828 30.759374 27.361102 24.184121 21.247105 18.562150 16.134916 13.965037 12.046744 10.369652 8.919648 7.679819 6.631371 5.754492 5.029115 4.435574 3.955114 3.570283 3.265182 3.025604 2.839073 2.694799 2.583571 2.497611 2.430398 2.376477 2.331279 2.290939 2.252140 2.211976 2.167844 2.117359 2.058309 1.988635 1.906444 1.810052 1.698051 1.569393 1.423492 1.260318 1.080476 0.885265 0.676685 0.457396 0.230624 0.000000 
50.000000 46.028850 42.102048 38.262457 34.550051 31.000675 27.645020 24.507879 21.607693 18.956406 16.559607 14.416933 12.522689 10.866619 9.434785 8.210486 7.175161 6.309242 5.592910 5.006738 4.532196 4.152037 3.850541 3.613652 3.429016 3.285928 3.175231 3.089160 3.021170 2.965740 2.918188 2.874492 2.831124 2.784917 2.732949 2.672467 2.600842 2.515561 2.414252 2.294754 2.155209 1.994189 1.810833 1.604990 1.377343 1.129496 0.864006 0.584336 0.294729 0.000000 
50.000000 46.091535 42.226717 38.447734 34.793928 31.300577 27.997888 24.910264 22.055853 19.446411 17.087438 14.978579 13.114225 11.484283 10.075034 8.870038 7.851026 6.998733 6.293649 5.716643 5.249468 4.875132 4.578139 4.344626 4.162389 4.020836 3.910879 3.824779 3.755964 3.698840 3.648596 3.601019 3.552331 3.499042 3.437840 3.365512 3.278902 3.174912 3.050549 2.903014 2.729839 2.529055 2.299393 2.040485 1.753053 1.439052 1.101728 0.745583 0.376207 0.000000 
50.000000 46.168046 42.378885 38.673877 35.091596 31.666627 28.428589 25.401403 22.602864 20.044497 17.731696 15.664109 13.836240 12.238192 10.856512 9.675080 8.675982 7.840327 7.148979 6.583173 6.125005 5.757796 5.466331 5.236979 5.057728 4.918129 4.809183 4.723189 4.653558 4.594613 4.541398 4.489482 4.434790 4.373452 4.301686 4.215717 4.111736 3.985909 3.834443 3.653705 3.440402 3.191812 2.906058 2.582402 2.221525 1.825747 1.399154 0.947568 0.478347 0.000000 
50.000000 46.260036 42.561838 38.945772 35.449485 32.106735 28.946426 25.991906 23.260544 20.763587 18.506299 16.488337 14.704336 13.144635 11.796104 10.643008 9.667858 8.852213 8.177390 7.625062 7.177742 6.819131 6.534349 6.310054 6.134467 5.997318 5.889726 5.804046 5.733677 5.672864 5.616491 5.559882 5.498626 5.428412 5.344907 5.243661 5.120073 4.969399 4.786833 4.567662 4.307492 4.002556 3.650091 3.248744 2.798996 2.303506 1.767339 1.197982 0.605097 0.000000 
50.000000 46.369167 42.778881 39.268330 35.874062 32.628850 29.560754 26.692442 24.040775 21.616671 19.425241 17.466153 15.734196 14.219990 12.910789 11.791312 10.844580 10.052682 9.397473 8.861151 8.426724 8.078346 7.801539 7.583308 7.412159 7.278041 7.172227 7.087151 7.016218 6.953596 6.894004 6.832505 6.764313 6.684623 6.588465 6.470607 6.325501 6.147297 5.929931 5.667305 5.353572 4.983534 4.553135 4.060044 3.504256 2.888654 2.219394 1.506024 0.761204 0.000000 
50.000000 46.497034 43.033187 39.646267 36.371534 33.240607 30.280557 27.513254 24.954966 22.616225 20.501962 18.611857 16.940881 15.479986 14.216870 13.136790 12.223360 11.459295 10.827082 10.309534 9.890241 9.553890 9.286482 9.075435 8.909596 8.779182 8.675659 8.591574 8.520359 8.456122 8.393419 8.327042 8.251807 8.162365 8.053041 7.917709 7.749722 7.541912 7.286673 6.976166 6.602651 6.158980 5.639245 5.039575 4.359013 3.600378 2.770953 1.882787 0.952434 0.000000 
50.000000 46.645086 43.327636 40.083862 36.947534 33.948931 31.113984 28.463636 26.013466 23.773565 21.748652 19.938421 18.338056 16.938889 15.729137 14.694678 13.819815 13.087989 12.482417 11.986628 11.584888 11.262508 11.006048 10.803409 10.643846 10.517900 10.417278 10.334677 10.263594 10.198097 10.132598 10.061622 9.979578 9.880548 9.758094 9.605105 9.413689 9.175144 8.880022 8.518326 8.079887 7.554940 6.934952 6.213682 5.388447 4.461444 3.440926 2.341890 1.185931 0.000000 
50.000000 46.814535 43.664642 40.584703 37.606782 34.759630 32.067867 29.551378 27.224955 25.098180 23.175533 21.456723 19.937177 18.608663 17.459993 16.477755 15.647041 14.952124 14.377060 13.906200 13.524585 13.218248 12.974391 12.781479 12.629246 12.508621 12.411604 12.331097 12.260701 12.194483 12.126746 12.051771 11.963576 11.855671 11.720832 11.550899 11.336621 11.067566 10.732135 10.317727 9.811109 9.199065 8.469388 7.612269 6.622059 5.499296 4.252675 2.900479 1.470803 0.000000 
50.000000 47.006276 44.045983 41.151432 38.352758 35.676981 33.147238 30.782219 28.595825 26.597059 24.790134 23.174774 21.746681 20.498120 19.418572 18.495432 17.714685 17.061545 16.521022 16.078396 15.719594 15.431465 15.201950 15.020162 14.876388 14.762014 14.669402 14.591714 14.522709 14.456512 14.387363 14.309352 14.216151 14.100736 13.955115 13.770070 13.534926 13.237377 12.863404 12.397348 11.822216 11.120331 10.274450 9.269488 8.094912 6.747755 5.235900 3.580889 1.819098 0.000000 
50.000000 47.220802 44.472638 41.785506 39.187380 36.703344 34.354876 32.159327 30.129602 28.274059 26.596609 25.096995 23.771227 22.612122 21.609915 20.752903 20.028070 19.421687 18.919829 18.508821 18.175584 17.907887 17.694506 17.525289 17.391159 17.284035 17.196709 17.122672 17.055913 16.990681 16.921229 16.841533 16.745003 16.624166 16.470345 16.273326 16.021036 15.699243 15.291329 14.778191 14.138378 13.348619 12.384937 11.224636 9.849388 8.249579 6.429639 4.413402 2.247488 0.000000 
50.000000 47.458133 44.944651 42.486988 40.110729 37.838817 35.690896 33.682834 31.826435 30.129343 28.595133 27.223572 26.011010 24.950876 24.034239 23.250390 22.587426 22.032784 21.573722 21.197723 20.892813 20.647785 20.452344 20.297168 20.173899 20.075067 19.993973 19.924516 19.860992 19.797861 19.729486 19.649841 19.552200 19.428783 19.270384 19.065960 18.802188 18.463012 18.029206 17.478008 16.782939 15.913995 14.838516 13.523160 11.937567 10.060278 7.887093 5.440954 2.780262 0.000000 
50.000000 47.717762 45.461009 43.254373 41.120827 39.080969 37.152437 35.349478 33.682690 32.158936 30.781427 29.549953 28.461235 27.509375 26.686350 25.982548 25.387275 24.889249 24.477024 24.139354 23.865476 23.645311 23.469591 23.329913 23.218722 23.129245 23.055370 22.991488 22.932294 22.872563 22.806885 22.729375 22.633339 22.510901 22.352571 22.146758 21.879204 21.532348 21.084617 20.509695 19.775836 18.845430 17.675175 16.217483 14.424149 12.253639 9.683417 6.727411 3.454905 0.000000 
50.000000 47.998613 46.019575 44.084487 42.213494 40.424659 38.733450 37.152360 35.690684 34.354440 33.146443 32.066508 31.111762 30.277029 29.555275 28.938068 28.416029 27.979262 27.617723 27.321546 27.081280 26.888075 26.733782 26.611004 26.513076 26.434002 26.368342 26.311066 26.257366 26.202445 26.141260 26.068235 25.976926 25.859626 25.706900 25.507027 25.245321 24.903302 24.457698 23.879245 23.131326 22.168544 20.935566 19.366961 17.389467 14.929296 11.928260 8.372583 4.333171 0.000000 
50.000000 48.299033 46.617060 44.972439 43.382292 41.861971 40.424621 39.080861 37.838588 36.702920 35.676247 34.758413 33.946975 33.237534 32.624112 32.099541 31.655848 31.284620 30.977319 30.725553 30.521283 30.356977 30.225694 30.121125 30.037575 29.969902 29.913422 29.863772 29.816744 29.768089 29.713280 29.647242 29.564026 29.456418 29.315458 29.129842 28.885160 28.562915 28.139240 27.583229 26.854775 25.901841 24.657256 23.035517 20.931108 18.221961 14.785591 10.540412 5.524768 0.000000 
50.000000 48.616799 47.249043 45.911662 44.618578 43.382275 42.213442 41.120716 40.110517 39.187006 38.352129 37.605758 36.945905 36.368995 35.870164 35.443583 35.082768 34.780876 34.530961 34.326196 34.160039 34.026356 33.919493 33.834305 33.766137 33.710777 33.664372 33.623311 33.584083 33.543109 33.496532 33.439978 33.368256 33.274998 33.152197 32.989614 32.773992 32.488003 32.108781 31.605887 30.938413 30.050881 28.867496 27.284422 25.160495 22.309349 18.503010 13.513209 7.242837 0.000000 
50.000000 48.949162 47.910058 46.894030 45.911655 44.972417 44.084438 43.254277 42.486813 41.785208 41.150938 40.583908 40.082606 39.644316 39.265344 38.941260 38.667137 38.437776 38.247898 38.092315 37.966054 37.864449 37.783199 37.718385 37.666457 37.624196 37.588647 37.557026 37.526611 37.494604 37.457962 37.413203 37.356155 37.281651 37.183128 37.052100 36.877437 36.644359 36.332982 35.916174 35.356304 34.600196 33.571168 32.156377 30.186955 27.408729 23.447042 17.795610 9.947969 0.000000 
50.000000 49.292912 48.593721 47.910056 47.249036 46.617041 46.019538 45.460939 44.944528 44.472432 44.045644 43.664100 43.326783 43.031866 42.776861 42.558789 42.374334 42.219997 42.092226 41.987528 41.902554 41.834165 41.779461 41.735802 41.700791 41.672254 41.648186 41.626697 41.605925 41.583948 41.558661 41.527640 41.487959 41.435970 41.367004 41.274974 41.151816 40.986691 40.764793 40.465514 40.059519 39.503889 38.733730 37.647085 36.076713 33.735881 30.114480 24.296870 14.764817 0.000000 
50.000000 49.644471 49.292912 48.949160 48.616794 48.299023 47.998593 47.717725 47.458070 47.220696 47.006104 46.814260 46.644654 46.496367 46.368149 46.258500 46.165753 46.088150 46.023904 45.971258 45.928528 45.894134 45.866619 45.844652 45.827027 45.812647 45.800501 45.789630 45.779091 45.767904 45.754993 45.739114 45.718758 45.692036 45.656519 45.609025 45.545309 45.459626 45.344044 45.187386 44.973452 44.677965 44.262921 43.665486 42.774296 41.373984 39.001208 34.528104 24.822238 0.000000 
50.000000 50.000000 50.000000 50.000000 50.000000 50.000000 50.000000 50.000000 50.000000 50.000000 50.000000 50.000000 50.000000 50.000000 50.000000 50.000000 50.000000 50.000000 50.000000 50.000000 50.000000 50.000000 50.000000 50.000000 50.000000 50.000000 50.000000 50.000000 50.000000 50.000000 50.000000 50.000000 50.000000 50.000000 50.000000 50.000000 50.000000 50.000000 50.000000 50.000000 50.000000 50.000000 50.000000 50.000000 50.000000 50.000000 50.000000 50.000000 50.000000 50.000000 
