50.000000 50.000000 50.000000 50.000000 50.000000 50.000000 50.000000 50.000000 50.000000 50.000000 50.000000 50.000000 50.000000 50.000000 50.000000 50.000000 50.000000 50.000000 50.000000 50.000000 50.000000 50.000000 50.000000 50.000000 50.000000 50.000000 50.000000 50.000000 50.000000 50.000000 50.000000 50.000000 50.000000 50.000000 50.000000 50.000000 50.000000 50.000000 50.000000 50.000000 50.000000 50.000000 50.000000 50.000000 50.000000 50.000000 50.000000 50.000000 50.000000 50.000000 
50.000000 49.117094 48.258662 47.447144 46.701195 46.034437 45.454861 44.964876 44.561939 44.239582 43.988652 43.798563 43.658398 43.557779 43.487442 43.439551 43.407784 43.387250 43.374312 43.366363 43.361601 43.358817 43.357228 43.356340 43.355852 43.355580 43.355413 43.355278 43.355111 43.354839 43.354349 43.353458 43.351851 43.348998 43.344024 43.335498 43.321117 43.297226 43.258062 43.194584 43.092562 42.929342 42.668026 42.246179 41.551972 40.368612 38.230322 34.005849 24.558547 0.000000 
50.000000 48.258662 46.565594 44.965055 43.493836 42.178806 41.035723 40.069340 39.274640 38.638866 38.143967 37.769062 37.492623 37.294177 37.155455 37.061003 36.998351 36.957853 36.932336 36.916660 36.907268 36.901777 36.898643 36.896893 36.895930 36.895395 36.895069 36.894807 36.894487 36.893968 36.893039 36.891347 36.888300 36.882901 36.873502 36.857421 36.830365 36.785551 36.712376 36.594376 36.406023 36.107542 35.636172 34.890717 33.703030 31.783600 28.617594 23.282797 14.252813 0.000000 
50.000000 47.447144 44.965055 42.618618 40.461769 38.533901 36.858114 35.441378 34.276334 33.344282 32.618756 32.069145 31.663885 31.372965 31.169600 31.031137 30.939291 30.879921 30.842515 30.819535 30.805767 30.797718 30.793124 30.790559 30.789149 30.788367 30.787895 30.787521 30.787074 30.786356 30.785075 30.782750 30.778569 30.771178 30.758342 30.736451 30.699760 30.639274 30.541099 30.383995 30.135742 29.747626 29.145978 28.219015 26.796558 24.620456 21.309309 16.347461 9.216822 0.000000 
50.000000 46.701195 43.493836 40.461769 37.674692 35.183509 33.018070 31.187379 29.681927 28.477547 27.540041 26.829850 26.306189 25.930274 25.667497 25.488583 25.369906 25.293194 25.244860 25.215168 25.197378 25.186979 25.181044 25.177730 25.175911 25.174905 25.174304 25.173840 25.173299 25.172444 25.170926 25.168180 25.163256 25.154575 25.139552 25.114034 25.071472 25.001729 24.889372 24.711259 24.433174 24.005141 23.355060 22.380372 20.938246 18.837346 15.841313 11.710236 6.332583 0.000000 
50.000000 46.034437 42.178806 38.533901 35.183509 32.188822 29.585725 27.385039 25.575332 24.127551 23.000585 22.146876 21.517395 21.065519 20.749646 20.534581 20.391927 20.299716 20.241618 20.205928 20.184544 20.172045 20.164912 20.160931 20.158747 20.157544 20.156835 20.156303 20.155706 20.154778 20.153147 20.150206 20.144952 20.135721 20.119810 20.092910 20.048300 19.975701 19.859720 19.677756 19.397291 18.972515 18.340410 17.416867 16.094411 14.245263 11.737342 8.475775 4.482465 0.000000 
50.000000 45.454861 41.035723 36.858114 33.018070 29.585725 26.602208 24.079920 22.005757 20.346418 19.054779 18.076333 17.354882 16.836989 16.474970 16.228490 16.064998 15.959319 15.892736 15.851834 15.827328 15.813004 15.804830 15.800270 15.797771 15.796401 15.795604 15.795028 15.794409 15.793472 15.791840 15.788916 15.783710 15.774599 15.758966 15.732675 15.689341 15.619336 15.508482 15.336404 15.074583 14.684238 14.114418 13.301104 12.168858 10.637698 8.639099 6.145006 3.208682 0.000000 
50.000000 44.964876 40.069340 35.441378 31.187379 27.385039 24.079920 21.285760 18.988037 17.149859 15.719020 14.635133 13.835942 13.262248 12.861226 12.588193 12.407090 12.290030 12.216276 12.170970 12.143826 12.127960 12.118907 12.113858 12.111095 12.109587 12.108723 12.108123 12.107510 12.106614 12.105077 12.102338 12.097483 12.089024 12.074578 12.050415 12.010843 11.947395 11.847810 11.694841 11.464974 11.127291 10.642880 9.965502 9.044629 7.832318 6.295400 4.433168 2.296850 0.000000 
50.000000 44.561939 39.274640 34.276334 29.681927 25.575332 22.005757 18.988037 16.506487 14.521258 12.975963 11.805382 10.942274 10.322703 9.889616 9.594754 9.399174 9.272757 9.193110 9.144183 9.114871 9.097738 9.087964 9.082514 9.079534 9.077916 9.077003 9.076394 9.075811 9.074994 9.073616 9.071180 9.066883 9.059430 9.046764 9.025697 8.991417 8.936861 8.851971 8.722878 8.531138 8.253243 7.860746 7.321519 6.602817 5.676786 4.528708 3.167097 1.632597 0.000000 
50.000000 44.239582 38.638866 33.344282 28.477547 24.127551 20.346418 17.149859 14.521258 12.418399 10.781552 9.541627 8.627396 7.971132 7.512400 7.200082 6.992924 6.859026 6.774665 6.722844 6.691798 6.673653 6.663301 6.657532 6.654380 6.652676 6.651729 6.651124 6.650584 6.649866 6.648685 6.646616 6.642985 6.636718 6.626119 6.608588 6.580241 6.535453 6.466333 6.362206 6.209200 5.990120 5.684885 5.271835 4.730260 4.044373 3.208540 2.232843 1.147020 0.000000 
50.000000 43.988652 38.143967 32.618756 27.540041 23.000585 19.054779 15.719020 12.975963 10.781552 9.073451 7.779558 6.825542 6.140725 5.662037 5.336135 5.119969 4.980250 4.892223 4.838150 4.805756 4.786823 4.776023 4.770005 4.766721 4.764953 4.763983 4.763389 4.762898 4.762288 4.761313 4.759627 4.756686 4.751634 4.743133 4.729147 4.706671 4.671400 4.617388 4.536726 4.419346 4.253085 4.024179 3.718376 3.322829 2.828782 2.234761 1.549591 0.794068 0.000000 
50.000000 43.798563 37.769063 32.069145 26.829850 22.146876 18.076333 14.635133 11.805382 9.541627 7.779558 6.444793 5.460646 4.754205 4.260406 3.924218 3.701232 3.557105 3.466302 3.410525 3.377110 3.357581 3.346442 3.340236 3.336853 3.335037 3.334054 3.333475 3.333033 3.332526 3.331750 3.330427 3.328136 3.324220 3.317662 3.306930 3.289782 3.263046 3.222396 3.162170 3.075294 2.953410 2.787323 2.567851 2.287156 1.940479 1.528046 1.056686 0.540500 0.000000 
50.000000 43.658398 37.492623 31.663885 26.306189 21.517395 17.354882 13.835942 10.942274 8.627396 6.825543 5.460646 4.454290 3.731909 3.226972 2.883204 2.655192 2.507817 2.414969 2.357936 2.323769 2.303800 2.292411 2.286068 2.282613 2.280763 2.279772 2.279209 2.278812 2.278398 2.277798 2.276795 2.275074 2.272147 2.267269 2.259327 2.246706 2.227145 2.197601 2.154143 2.091943 2.005413 1.888547 1.735546 1.541694 1.304460 1.024611 0.707072 0.361172 0.000000 
50.000000 43.557779 37.294177 31.372965 25.930275 21.065519 16.836989 13.262248 10.322703 7.971132 6.140725 4.754205 3.731909 2.998091 2.485163 2.135955 1.904336 1.754632 1.660317 1.602383 1.567676 1.547393 1.535825 1.529383 1.525877 1.524004 1.523009 1.522460 1.522102 1.521766 1.521313 1.520577 1.519327 1.517213 1.513708 1.508027 1.499046 1.485204 1.464423 1.434055 1.390891 1.331286 1.251405 1.147648 1.017220 0.858803 0.673205 0.463812 0.236662 0.000000 
50.000000 43.487442 37.155455 31.169600 25.667498 20.749646 16.474970 12.861227 9.889616 7.512401 5.662038 4.260406 3.226973 2.485163 1.966650 1.613642 1.379505 1.228172 1.132832 1.074269 1.039186 1.018683 1.006990 1.000480 0.996937 0.995049 0.994053 0.993516 0.993189 0.992917 0.992580 0.992054 0.991175 0.989698 0.987259 0.983326 0.977137 0.967647 0.953477 0.932891 0.903814 0.863920 0.810812 0.742296 0.656736 0.553465 0.433150 0.298034 0.151944 0.000000 
50.000000 43.439551 37.061004 31.031137 25.488584 20.534582 16.228491 12.588195 9.594756 7.200083 5.336136 3.924219 2.883205 2.135956 1.613643 1.258050 1.022198 0.869759 0.773721 0.714730 0.679391 0.658739 0.646961 0.640404 0.636837 0.634938 0.633942 0.633416 0.633113 0.632888 0.632640 0.632273 0.631672 0.630671 0.629027 0.626387 0.622251 0.615938 0.606559 0.593005 0.573966 0.547993 0.513618 0.469526 0.414774 0.349033 0.272796 0.187503 0.095528 0.000000 
50.000000 43.407785 36.998352 30.939292 25.369908 20.391929 16.065000 12.407093 9.399178 6.992928 5.119973 3.701236 2.655195 1.904340 1.379508 1.022200 0.785212 0.632039 0.535539 0.476265 0.440756 0.420005 0.408171 0.401583 0.398000 0.396095 0.395099 0.394580 0.394295 0.394105 0.393921 0.393670 0.393271 0.392612 0.391536 0.389815 0.387131 0.383052 0.377020 0.368343 0.356214 0.339751 0.318072 0.290404 0.256211 0.215335 0.168116 0.115452 0.058787 0.000000 
50.000000 43.387251 36.957855 30.879925 25.293199 20.299722 15.959326 12.290037 9.272765 6.859034 4.980258 3.557114 2.507826 1.754641 1.228181 0.869766 0.632044 0.478397 0.381599 0.322141 0.286523 0.265708 0.253837 0.247230 0.243637 0.241728 0.240733 0.240219 0.239946 0.239781 0.239643 0.239472 0.239212 0.238791 0.238106 0.237017 0.235324 0.232761 0.228987 0.223581 0.216057 0.205890 0.192561 0.175623 0.154776 0.129948 0.101360 0.069558 0.035402 0.000000 
50.000000 43.374314 36.932342 30.842523 25.244871 20.241631 15.892751 12.216293 9.193128 6.774684 4.892242 3.466322 2.414989 1.660337 1.132853 0.773741 0.535557 0.381611 0.284625 0.225052 0.189365 0.168510 0.156617 0.149996 0.146397 0.144486 0.143491 0.142981 0.142717 0.142569 0.142461 0.142345 0.142179 0.141915 0.141492 0.140821 0.139782 0.138215 0.135916 0.132635 0.128087 0.121966 0.113972 0.103851 0.091438 0.076703 0.059782 0.041000 0.020859 0.000000 
50.000000 43.366370 36.916673 30.819554 25.215193 20.205957 15.851868 12.171007 9.144223 6.722886 4.838194 3.410570 2.357982 1.602429 1.074316 0.714776 0.476308 0.322180 0.225079 0.165435 0.129706 0.108826 0.096919 0.090291 0.086688 0.084775 0.083781 0.083273 0.083015 0.082877 0.082789 0.082709 0.082603 0.082443 0.082187 0.081784 0.081163 0.080230 0.078865 0.076925 0.074244 0.070648 0.065967 0.060061 0.052840 0.044291 0.034498 0.023648 0.012027 0.000000 
50.000000 43.361616 36.907297 30.805809 25.197432 20.184610 15.827403 12.143908 9.114959 6.691891 4.805852 3.377209 2.323870 1.567779 1.039289 0.679494 0.440857 0.286618 0.189449 0.129763 0.094008 0.073113 0.061198 0.054565 0.050960 0.049046 0.048053 0.047547 0.047292 0.047162 0.047086 0.047028 0.046961 0.046864 0.046713 0.046477 0.046115 0.045573 0.044782 0.043661 0.042118 0.040054 0.037375 0.034005 0.029896 0.025043 0.019495 0.013357 0.006792 0.000000 
50.000000 43.358848 36.901840 30.797809 25.187096 20.172185 15.813164 12.128136 9.097928 6.673853 4.787030 3.357794 2.304018 1.547614 1.018905 0.658961 0.420225 0.265924 0.168714 0.109003 0.073234 0.052331 0.040410 0.033775 0.030169 0.028254 0.027261 0.026756 0.026504 0.026377 0.026310 0.026264 0.026221 0.026163 0.026075 0.025940 0.025733 0.025424 0.024975 0.024340 0.023469 0.022306 0.020803 0.018915 0.016619 0.013913 0.010825 0.007414 0.003769 0.000000 
50.000000 43.357294 36.898774 30.793315 25.181290 20.165207 15.805167 12.119278 9.088363 6.663722 4.776460 3.346891 2.292869 1.536289 1.007458 0.647430 0.408639 0.254302 0.157069 0.097345 0.061568 0.040659 0.028736 0.022100 0.018493 0.016578 0.015585 0.015081 0.014830 0.014706 0.014642 0.014605 0.014575 0.014540 0.014489 0.014411 0.014293 0.014119 0.013865 0.013508 0.013018 0.012367 0.011527 0.010475 0.009199 0.007697 0.005986 0.004098 0.002083 0.000000 
50.000000 43.356478 36.897164 30.790954 25.178240 20.161540 15.800965 12.114624 9.083337 6.658399 4.770906 3.341162 2.287011 1.530339 1.001443 0.641371 0.402552 0.248195 0.150951 0.091220 0.055438 0.034527 0.022603 0.015965 0.012358 0.010443 0.009450 0.008946 0.008696 0.008573 0.008512 0.008479 0.008457 0.008433 0.008402 0.008356 0.008286 0.008183 0.008033 0.007823 0.007537 0.007157 0.006667 0.006055 0.005315 0.004445 0.003455 0.002365 0.001202 0.000000 
50.000000 43.356129 36.896477 30.789948 25.176939 20.159977 15.799174 12.112640 9.081195 6.656130 4.768538 3.338720 2.284515 1.527803 0.998880 0.638789 0.399957 0.245593 0.148344 0.088609 0.052826 0.031914 0.019989 0.013351 0.009743 0.007829 0.006835 0.006332 0.006082 0.005960 0.005900 0.005869 0.005849 0.005831 0.005808 0.005776 0.005726 0.005654 0.005550 0.005403 0.005203 0.004939 0.004599 0.004176 0.003663 0.003063 0.002380 0.001629 0.000827 0.000000 
50.000000 43.356129 36.896477 30.789948 25.176939 20.159977 15.799174 12.112640 9.081195 6.656130 4.768538 3.338720 2.284515 1.527803 0.998880 0.638789 0.399957 0.245593 0.148344 0.088609 0.052826 0.031914 0.019989 0.013351 0.009743 0.007829 0.006835 0.006332 0.006082 0.005960 0.005900 0.005869 0.005849 0.005831 0.005808 0.005776 0.005726 0.005654 0.005550 0.005403 0.005203 0.004939 0.004599 0.004176 0.003663 0.003063 0.002380 0.001629 0.000827 0.000000 
50.000000 43.356478 36.897164 30.790954 25.178240 20.161540 15.800965 12.114624 9.083337 6.658399 4.770906 3.341162 2.287011 1.530339 1.001443 0.641371 0.402552 0.248195 0.150951 0.091220 0.055438 0.034527 0.022603 0.015965 0.012358 0.010443 0.009450 0.008946 0.008696 0.008573 0.008512 0.008479 0.008457 0.008433 0.008402 0.008356 0.008286 0.008183 0.008033 0.007823 0.007537 0.007157 0.006667 0.006055 0.005315 0.004445 0.003455 0.002365 0.001202 0.000000 
50.000000 43.357294 36.898774 30.793315 25.181290 20.165207 15.805167 12.119278 9.088363 6.663722 4.776460 3.346891 2.292869 1.536289 1.007458 0.647430 0.408639 0.254302 0.157069 0.097345 0.061568 0.040659 0.028736 0.022100 0.018493 0.016578 0.015585 0.015081 0.014830 0.014706 0.014642 0.014605 0.014575 0.014540 0.014489 0.014411 0.014293 0.014119 0.013865 0.013508 0.013018 0.012367 0.011527 0.010475 0.009199 0.007697 0.005986 0.004098 0.002083 0.000000 
50.000000 43.358848 36.901840 30.797809 25.187096 20.172185 15.813164 12.128136 9.097928 6.673853 4.787030 3.357794 2.304018 1.547614 1.018905 0.658961 0.420225 0.265924 0.168714 0.109003 0.073234 0.052331 0.040410 0.033775 0.030169 0.028254 0.027261 0.026756 0.026504 0.026377 0.026310 0.026264 0.026221 0.026163 0.026075 0.025940 0.025733 0.025424 0.024975 0.024340 0.023469 0.022306 0.020803 0.018915 0.016619 0.013913 0.010825 0.007414 0.003769 0.000000 
50.000000 43.361616 36.907297 30.805809 25.197432 20.184610 15.827403 12.143908 9.114959 6.691891 4.805852 3.377209 2.323870 1.567779 1.039289 0.679494 0.440857 0.286618 0.189449 0.129763 0.094008 0.073113 0.061198 0.054565 0.050960 0.049046 0.048053 0.047547 0.047292 0.047162 0.047086 0.047028 0.046961 0.046864 0.046713 0.046477 0.046115 0.045573 0.044782 0.043661 0.042118 0.040054 0.037375 0.034005 0.029896 0.025043 0.019495 0.013357 0.006792 0.000000 
50.000000 43.366370 36.916673 30.819554 25.215193 20.205957 15.851868 12.171007 9.144223 6.722886 4.838194 3.410570 2.357982 1.602429 1.074316 0.714776 0.476308 0.322180 0.225079 0.165435 0.129706 0.108826 0.096919 0.090291 0.086688 0.084775 0.083781 0.083273 0.083015 0.082877 0.082789 0.082709 0.082603 0.082443 0.082187 0.081784 0.081163 0.080230 0.078865 0.076925 0.074244 0.070648 0.065967 0.060061 0.052840 0.044291 0.034498 0.023648 0.012027 0.000000 
50.000000 43.374314 36.932342 30.842523 25.244871 20.241631 15.892751 12.216293 9.193128 6.774684 4.892242 3.466322 2.414989 1.660337 1.132853 0.773741 0.535557 0.381611 0.284625 0.225052 0.189365 0.168510 0.156617 0.149996 0.146397 0.144486 0.143491 0.142981 0.142717 0.142569 0.142461 0.142345 0.142179 0.141915 0.141492 0.140821 0.139782 0.138215 0.135916 0.132635 0.128087 0.121966 0.113972 0.103851 0.091438 0.076703 0.059782 0.041000 0.020859 0.000000 
50.000000 43.387251 36.957855 30.879925 25.293199 20.299722 15.959326 12.290037 9.272765 6.859034 4.980258 3.557114 2.507826 1.754641 1.228181 0.869766 0.632044 0.478397 0.381599 0.322141 0.286523 0.265708 0.253837 0.247230 0.243637 0.241728 0.240733 0.240219 0.239946 0.239781 0.239643 0.239472 0.239212 0.238791 0.238106 0.237017 0.235324 0.232761 0.228987 0.223581 0.216057 0.205890 0.192561 0.175623 0.154776 0.129948 0.101360 0.069558 0.035402 0.000000 
50.000000 43.407785 36.998352 30.939292 25.369908 20.391929 16.065000 12.407093 9.399178 6.992928 5.119973 3.701236 2.655195 1.904340 1.379508 1.022200 0.785212 0.632039 0.535539 0.476265 0.440756 0.420005 0.408171 0.401583 0.398000 0.396095 0.395099 0.394580 0.394295 0.394105 0.393921 0.393670 0.393271 0.392612 0.391536 0.389815 0.387131 0.383052 0.377020 0.368343 0.356214 0.339751 0.318072 0.290404 0.256211 0.215335 0.168116 0.115452 0.058787 0.000000 
50.000000 43.439551 37.061004 31.031137 25.488584 20.534582 16.228491 12.588195 9.594756 7.200083 5.336136 3.924219 2.883205 2.135956 1.613643 1.258050 1.022198 0.869759 0.773721 0.714730 0.679391 0.658739 0.646961 0.640404 0.636837 0.634938 0.633942 0.633416 0.633113 0.632888 0.632640 0.632273 0.631672 0.630671 0.629027 0.626387 0.622251 0.615938 0.606559 0.593005 0.573966 0.547993 0.513618 0.469526 0.414774 0.349033 0.272796 0.187503 0.095528 0.000000 
50.000000 43.487442 37.155455 31.169600 25.667498 20.749646 16.474970 12.861227 9.889616 7.512401 5.662038 4.260406 3.226973 2.485163 1.966650 1.613642 1.379505 1.228172 1.132832 1.074269 1.039186 1.018683 1.006990 1.000480 0.996937 0.995049 0.994053 0.993516 0.993189 0.992917 0.992580 0.992054 0.991175 0.989698 0.987259 0.983326 0.977137 0.967647 0.953477 0.932891 0.903814 0.863920 0.810812 0.742296 0.656736 0.553465 0.433150 0.298034 0.151944 0.000000 
50.000000 43.557779 37.294177 31.372965 25.930275 21.065519 16.836989 13.262248 10.322703 7.971132 6.140725 4.754205 3.731909 2.998091 2.485163 2.135955 1.904336 1.754632 1.660317 1.602383 1.567676 1.547393 1.535825 1.529383 1.525877 1.524004 1.523009 1.522460 1.522102 1.521766 1.521313 1.520577 1.519327 1.517213 1.513708 1.508027 1.499046 1.485204 1.464423 1.434055 1.390891 1.331286 1.251405 1.147648 1.017220 0.858803 0.673205 0.463812 0.236662 0.000000 
50.000000 43.658398 37.492623 31.663885 26.306189 21.517395 17.354882 13.835942 10.942274 8.627396 6.825543 5.460646 4.454290 3.731909 3.226972 2.883204 2.655192 2.507817 2.414969 2.357936 2.323769 2.303800 2.292411 2.286068 2.282613 2.280763 2.279772 2.279209 2.278812 2.278398 2.277798 2.276795 2.275074 2.272147 2.267269 2.259327 2.246706 2.227145 2.197601 2.154143 2.091943 2.005413 1.888547 1.735546 1.541694 1.304460 1.024611 0.707072 0.361172 0.000000 
50.000000 43.798563 37.769063 32.069145 26.829850 22.146876 18.076333 14.635133 11.805382 9.541627 7.779558 6.444793 5.460646 4.754205 4.260406 3.924218 3.701232 3.557105 3.466302 3.410525 3.377110 3.357581 3.346442 3.340236 3.336853 3.335037 3.334054 3.333475 3.333033 3.332526 3.331750 3.330427 3.328136 3.324220 3.317662 3.306930 3.289782 3.263046 3.222396 3.162170 3.075294 2.953410 2.787323 2.567851 2.287156 1.940479 1.528046 1.056686 0.540500 0.000000 
50.000000 43.988652 38.143967 32.618756 27.540041 23.000585 19.054779 15.719020 12.975963 10.781552 9.073451 7.779558 6.825542 6.140725 5.662037 5.336135 5.119969 4.980250 4.892223 4.838150 4.805756 4.786823 4.776023 4.770005 4.766721 4.764953 4.763983 4.763389 4.762898 4.762288 4.761313 4.759627 4.756686 4.751634 4.743133 4.729147 4.706671 4.671400 4.617388 4.536726 4.419346 4.253085 4.024179 3.718376 3.322829 2.828782 2.234761 1.549591 0.794068 0.000000 
50.000000 44.239582 38.638866 33.344282 28.477547 24.127551 20.346418 17.149859 14.521258 12.418399 10.781552 9.541627 8.627396 7.971132 7.512400 7.200082 6.992924 6.859026 6.774665 6.722844 6.691798 6.673653 6.663301 6.657532 6.654380 6.652676 6.651729 6.651124 6.650584 6.649866 6.648685 6.646616 6.642985 6.636718 6.626119 6.608588 6.580241 6.535453 6.466333 6.362206 6.209200 5.990120 5.684885 5.271835 4.730260 4.044373 3.208540 2.232843 1.147020 0.000000 
50.000000 44.561939 39.274640 34.276334 29.681927 25.575332 22.005757 18.988037 16.506487 14.521258 12.975963 11.805382 10.942274 10.322703 9.889616 9.594754 9.399174 9.272757 9.193110 9.144183 9.114871 9.097738 9.087964 9.082514 9.079534 9.077916 9.077003 9.076394 9.075811 9.074994 9.073616 9.071180 9.066883 9.059430 9.046764 9.025697 8.991417 8.936861 8.851971 8.722878 8.531138 8.253243 7.860746 7.321519 6.602817 5.676786 4.528708 3.167097 1.632597 0.000000 
50.000000 44.964876 40.069340 35.441378 31.187379 27.385039 24.079920 21.285760 18.988037 17.149859 15.719020 14.635133 13.835942 13.262248 12.861226 12.588193 12.407090 12.290030 12.216276 12.170970 12.143826 12.127960 12.118907 12.113858 12.111095 12.109587 12.108723 12.108123 12.107510 12.106614 12.105077 12.102338 12.097483 12.089024 12.074578 12.050415 12.010843 11.947395 11.847810 11.694841 11.464974 11.127291 10.642880 9.965502 9.044629 7.832318 6.295400 4.433168 2.296850 0.000000 
50.000000 45.454861 41.035723 36.858114 33.018070 29.585725 26.602208 24.079920 22.005757 20.346418 19.054779 18.076333 17.354882 16.836989 16.474970 16.228490 16.064998 15.959319 15.892736 15.851834 15.827328 15.813004 15.804830 15.800270 15.797771 15.796401 15.795604 15.795028 15.794409 15.793472 15.791840 15.788916 15.783710 15.774599 15.758966 15.732675 15.689341 15.619336 15.508482 15.336404 15.074583 14.684238 14.114418 13.301104 12.168858 10.637698 8.639099 6.145006 3.208682 0.000000 
50.000000 46.034437 42.178806 38.533901 35.183509 32.188822 29.585725 27.385039 25.575332 24.127551 23.000585 22.146876 21.517395 21.065519 20.749646 20.534581 20.391927 20.299716 20.241618 20.205928 20.184544 20.172045 20.164912 20.160931 20.158747 20.157544 20.156835 20.156303 20.155706 20.154778 20.153147 20.150206 20.144952 20.135721 20.119810 20.092910 20.048300 19.975701 19.859720 19.677756 19.397291 18.972515 18.340410 17.416867 16.094411 14.245263 11.737342 8.475775 4.482465 0.000000 
50.000000 46.701195 43.493836 40.461769 37.674692 35.183509 33.018070 31.187379 29.681927 28.477547 27.540041 26.829850 26.306189 25.930274 25.667497 25.488583 25.369906 25.293194 25.244860 25.215168 25.197378 25.186979 25.181044 25.177730 25.175911 25.174905 25.174304 25.173840 25.173299 25.172444 25.170926 25.168180 25.163256 25.154575 25.139552 25.114034 25.071472 25.001729 24.889372 24.711259 24.433174 24.005141 23.355060 22.380372 20.938246 18.837346 15.841313 11.710236 6.332583 0.000000 
50.000000 47.447144 44.965055 42.618618 40.461769 38.533901 36.858114 35.441378 34.276334 33.344282 32.618756 32.069145 31.663885 31.372965 31.169600 31.031137 30.939291 30.879921 30.842515 30.819535 30.805767 30.797718 30.793124 30.790559 30.789149 30.788367 30.787895 30.787521 30.787074 30.786356 30.785075 30.782750 30.778569 30.771178 30.758342 30.736451 30.699760 30.639274 30.541099 30.383995 30.135742 29.747626 29.145978 28.219015 26.796558 24.620456 21.309309 16.347461 9.216822 0.000000 
50.000000 48.258662 46.565594 44.965055 43.493836 42.178806 41.035723 40.069340 39.274640 38.638866 38.143967 37.769062 37.492623 37.294177 37.155455 37.061003 36.998351 36.957853 36.932336 36.916660 36.907268 36.901777 36.898643 36.896893 36.895930 36.895395 36.895069 36.894807 36.894487 36.893968 36.893039 36.891347 36.888300 36.882901 36.873502 36.857421 36.830365 36.785551 36.712376 36.594376 36.406023 36.107542 35.636172 34.890717 33.703030 31.783600 28.617594 23.282797 14.252813 0.000000 
50.000000 49.117094 48.258662 47.447144 46.701195 46.034437 45.454861 44.964876 44.561939 44.239582 43.988652 43.798563 43.658398 43.557779 43.487442 43.439551 43.407784 43.387250 43.374312 43.366363 43.361601 43.358817 43.357228 43.356340 43.355852 43.355580 43.355413 43.355278 43.355111 43.354839 43.354349 43.353458 43.351851 43.348998 43.344024 43.335498 43.321117 43.297226 43.258062 43.194584 43.092562 42.929342 42.668026 42.246179 41.551972 40.368612 38.230322 34.005849 24.558547 0.000000 
50.000000 50.000000 50.000000 50.000000 50.000000 50.000000 50.000000 50.000000 50.000000 50.000000 50.000000 50.000000 50.000000 50.000000 50.000000 50.000000 50.000000 50.000000 50.000000 50.000000 50.000000 50.000000 50.000000 50.000000 50.000000 50.000000 50.000000 50.000000 50.000000 50.000000 50.000000 50.000000 50.000000 50.000000 50.000000 50.000000 50.000000 50.000000 50.000000 50.000000 50.000000 50.000000 50.000000 50.000000 50.000000 50.000000 50.000000 50.000000 50.000000 50.000000 
