50.000000 50.000000 50.000000 50.000000 50.000000 50.000000 50.000000 50.000000 50.000000 50.000000 50.000000 50.000000 50.000000 50.000000 50.000000 50.000000 50.000000 50.000000 50.000000 50.000000 50.000000 50.000000 50.000000 50.000000 50.000000 50.000000 50.000000 50.000000 50.000000 50.000000 50.000000 50.000000 50.000000 50.000000 50.000000 50.000000 50.000000 50.000000 50.000000 50.000000 50.000000 50.000000 50.000000 50.000000 50.000000 50.000000 50.000000 50.000000 50.000000 50.000000 
50.000000 48.188880 46.480659 44.960726 43.684405 42.672362 41.914022 41.376575 41.015955 40.786614 40.648213 40.568861 40.525583 40.503100 40.491961 40.486691 40.484307 40.483275 40.482847 40.482676 40.482611 40.482587 40.482578 40.482575 40.482574 40.482574 40.482574 40.482574 40.482573 40.482572 40.482568 40.482558 40.482528 40.482450 40.482247 40.481743 40.480534 40.477727 40.471432 40.457773 40.429040 40.370277 40.252928 40.022612 39.573939 38.693388 36.913862 33.097245 24.094440 0.000000 
50.000000 46.480659 43.161276 40.207783 37.727687 35.761137 34.287586 33.243268 32.542554 32.096932 31.828016 31.673836 31.589748 31.546065 31.524424 31.514185 31.509554 31.507549 31.506717 31.506385 31.506258 31.506212 31.506195 31.506189 31.506188 31.506187 31.506187 31.506186 31.506186 31.506183 31.506177 31.506157 31.506104 31.505963 31.505599 31.504695 31.502530 31.497523 31.486342 31.462210 31.411816 31.309783 31.108941 30.723123 29.996167 28.644629 26.151146 21.580638 13.383413 0.000000 
50.000000 44.960726 40.207783 35.978774 32.427638 29.611861 27.502007 26.006762 25.003506 24.365496 23.980489 23.759757 23.639374 23.576839 23.545859 23.531203 23.524574 23.521703 23.520512 23.520038 23.519856 23.519789 23.519766 23.519758 23.519755 23.519754 23.519754 23.519753 23.519752 23.519749 23.519741 23.519717 23.519649 23.519471 23.519013 23.517880 23.515176 23.508955 23.495147 23.465582 23.404475 23.282450 23.046732 22.605629 21.804927 20.394484 17.989387 14.056638 8.046864 0.000000 
50.000000 43.684405 37.727687 32.427638 27.977192 24.448384 21.804306 19.930502 18.673276 17.873779 17.391338 17.114754 16.963916 16.885564 16.846749 16.828388 16.820083 16.816487 16.814995 16.814400 16.814173 16.814089 16.814060 16.814050 16.814046 16.814045 16.814045 16.814044 16.814043 16.814040 16.814031 16.814006 16.813935 16.813748 16.813270 16.812091 16.809292 16.802890 16.788786 16.758870 16.697772 16.577627 16.350153 15.935613 15.209226 13.988596 12.033154 9.083058 4.991017 0.000000 
50.000000 42.672362 35.761137 29.611861 24.448384 20.354273 17.286688 15.112805 13.654282 12.726805 12.167155 11.846320 11.671356 11.580476 11.535457 11.514161 11.504530 11.500360 11.498629 11.497940 11.497677 11.497580 11.497545 11.497534 11.497530 11.497528 11.497528 11.497528 11.497527 11.497524 11.497515 11.497492 11.497426 11.497254 11.496815 11.495739 11.493198 11.487424 11.474806 11.448309 11.394860 11.291369 11.099205 10.757525 10.177137 9.239157 7.806934 5.764970 3.098423 0.000000 
50.000000 41.914022 34.287586 27.502007 21.804306 17.286688 13.901852 11.503204 9.893926 8.870615 8.253159 7.899199 7.706178 7.605923 7.556262 7.532771 7.522148 7.517548 7.515640 7.514880 7.514589 7.514483 7.514445 7.514432 7.514427 7.514426 7.514426 7.514425 7.514424 7.514422 7.514415 7.514395 7.514341 7.514198 7.513835 7.512950 7.510872 7.506182 7.496019 7.474887 7.432773 7.352420 7.205872 6.950926 6.529163 5.868693 4.896378 3.564463 1.891410 0.000000 
50.000000 41.376575 33.243268 26.006762 19.930502 15.112805 11.503204 8.945336 7.229281 6.138103 5.479720 5.102310 4.896509 4.789621 4.736676 4.711634 4.700309 4.695406 4.693372 4.692562 4.692252 4.692138 4.692098 4.692084 4.692079 4.692078 4.692077 4.692077 4.692076 4.692075 4.692069 4.692054 4.692013 4.691904 4.691630 4.690964 4.689409 4.685924 4.678432 4.663004 4.632603 4.575378 4.472668 4.297332 4.013599 3.580348 2.960030 2.134327 1.123647 0.000000 
50.000000 41.015955 32.542554 25.003506 18.673276 13.654282 9.893926 7.229281 5.441630 4.304956 3.619141 3.226017 3.011655 2.900324 2.845181 2.819099 2.807305 2.802199 2.800081 2.799237 2.798915 2.798796 2.798754 2.798740 2.798735 2.798734 2.798733 2.798733 2.798732 2.798731 2.798727 2.798716 2.798687 2.798611 2.798419 2.797956 2.796881 2.794486 2.789379 2.778953 2.758623 2.720815 2.653903 2.541506 2.362914 2.095649 1.721057 1.232772 0.645678 0.000000 
50.000000 40.786614 32.096932 24.365496 17.873779 12.726805 8.870615 6.138103 4.304956 3.139377 2.436138 2.033036 1.813239 1.699088 1.642550 1.615810 1.603718 1.598483 1.596312 1.595447 1.595116 1.594995 1.594952 1.594937 1.594932 1.594931 1.594930 1.594930 1.594930 1.594929 1.594926 1.594919 1.594900 1.594850 1.594725 1.594426 1.593733 1.592200 1.588955 1.582383 1.569689 1.546333 1.505500 1.437842 1.331945 1.176007 0.961021 0.685117 0.357574 0.000000 
50.000000 40.648213 31.828016 23.980489 17.391338 12.167155 8.253159 5.479720 3.619141 2.436138 1.722398 1.313284 1.090214 0.974365 0.916987 0.889850 0.877579 0.872267 0.870064 0.869186 0.868851 0.868727 0.868684 0.868669 0.868664 0.868662 0.868662 0.868662 0.868661 0.868661 0.868659 0.868655 0.868643 0.868613 0.868537 0.868355 0.867937 0.867019 0.865085 0.861199 0.853755 0.840188 0.816716 0.778272 0.718846 0.632468 0.514907 0.365805 0.190440 0.000000 
50.000000 40.568861 31.673836 23.759757 17.114754 11.846320 7.899199 5.102310 3.226017 2.033036 1.313284 0.900730 0.675787 0.558967 0.501109 0.473746 0.461372 0.456016 0.453794 0.452910 0.452572 0.452447 0.452403 0.452388 0.452383 0.452382 0.452381 0.452381 0.452381 0.452380 0.452380 0.452377 0.452370 0.452353 0.452309 0.452206 0.451969 0.451450 0.450365 0.448200 0.444082 0.436639 0.423878 0.403180 0.371514 0.325968 0.264610 0.187495 0.097429 0.000000 
50.000000 40.525583 31.589748 23.639374 16.963916 11.671356 7.706178 4.896509 3.011655 1.813239 1.090214 0.675787 0.449824 0.332476 0.274357 0.246870 0.234442 0.229062 0.226830 0.225941 0.225602 0.225477 0.225432 0.225417 0.225412 0.225411 0.225410 0.225410 0.225410 0.225410 0.225409 0.225408 0.225404 0.225395 0.225371 0.225315 0.225189 0.224912 0.224337 0.223195 0.221039 0.217169 0.210586 0.199996 0.183933 0.161026 0.130419 0.092225 0.047856 0.000000 
50.000000 40.503100 31.546065 23.576839 16.885564 11.580476 7.605923 4.789621 2.900324 1.699088 0.974365 0.558967 0.332476 0.214855 0.156600 0.129050 0.116592 0.111200 0.108963 0.108073 0.107732 0.107607 0.107562 0.107547 0.107542 0.107541 0.107540 0.107540 0.107540 0.107540 0.107540 0.107539 0.107537 0.107532 0.107520 0.107492 0.107427 0.107288 0.106998 0.106428 0.105355 0.103443 0.100212 0.095051 0.087278 0.076272 0.061663 0.043535 0.022566 0.000000 
50.000000 40.491961 31.524424 23.545859 16.846749 11.535457 7.556262 4.736676 2.845181 1.642550 0.916987 0.501109 0.274357 0.156600 0.098279 0.070698 0.058226 0.052827 0.050588 0.049696 0.049355 0.049230 0.049185 0.049170 0.049165 0.049164 0.049163 0.049163 0.049163 0.049163 0.049163 0.049163 0.049162 0.049159 0.049153 0.049140 0.049109 0.049042 0.048903 0.048632 0.048124 0.047225 0.045712 0.043312 0.039718 0.034658 0.027979 0.019729 0.010218 0.000000 
50.000000 40.486691 31.514185 23.531203 16.828388 11.514161 7.532771 4.711634 2.819099 1.615810 0.889850 0.473746 0.246870 0.129050 0.070698 0.043101 0.030622 0.025221 0.022980 0.022088 0.021747 0.021622 0.021577 0.021562 0.021557 0.021556 0.021555 0.021555 0.021555 0.021555 0.021555 0.021555 0.021554 0.021553 0.021550 0.021544 0.021530 0.021499 0.021436 0.021313 0.021084 0.020680 0.020004 0.018936 0.017346 0.015118 0.012190 0.008587 0.004444 0.000000 
50.000000 40.484307 31.509554 23.524574 16.820083 11.504530 7.522148 4.700309 2.807305 1.603718 0.877579 0.461372 0.234442 0.116592 0.058226 0.030622 0.018141 0.012738 0.010497 0.009605 0.009264 0.009138 0.009094 0.009079 0.009074 0.009072 0.009072 0.009071 0.009071 0.009071 0.009071 0.009071 0.009071 0.009071 0.009069 0.009067 0.009060 0.009047 0.009020 0.008966 0.008868 0.008694 0.008405 0.007950 0.007276 0.006335 0.005103 0.003592 0.001858 0.000000 
50.000000 40.483275 31.507549 23.521703 16.816487 11.500360 7.517548 4.695406 2.802199 1.598483 0.872267 0.456016 0.229062 0.111200 0.052827 0.025221 0.012738 0.007335 0.005094 0.004201 0.003860 0.003735 0.003690 0.003675 0.003670 0.003668 0.003668 0.003668 0.003668 0.003668 0.003668 0.003668 0.003668 0.003667 0.003667 0.003666 0.003663 0.003658 0.003646 0.003624 0.003583 0.003512 0.003393 0.003208 0.002933 0.002552 0.002054 0.001445 0.000747 0.000000 
50.000000 40.482847 31.506717 23.520512 16.814995 11.498629 7.515640 4.693372 2.800081 1.596312 0.870064 0.453794 0.226830 0.108963 0.050588 0.022980 0.010497 0.005094 0.002852 0.001960 0.001618 0.001493 0.001448 0.001433 0.001428 0.001427 0.001426 0.001426 0.001426 0.001426 0.001426 0.001426 0.001426 0.001426 0.001426 0.001425 0.001424 0.001422 0.001417 0.001409 0.001393 0.001364 0.001318 0.001245 0.001138 0.000989 0.000795 0.000559 0.000289 0.000000 
50.000000 40.482676 31.506385 23.520038 16.814400 11.497940 7.514880 4.692562 2.799237 1.595447 0.869186 0.452910 0.225941 0.108073 0.049696 0.022088 0.009605 0.004201 0.001960 0.001067 0.000726 0.000601 0.000556 0.000541 0.000536 0.000534 0.000534 0.000534 0.000534 0.000534 0.000534 0.000534 0.000534 0.000534 0.000534 0.000533 0.000533 0.000532 0.000530 0.000527 0.000521 0.000510 0.000493 0.000465 0.000425 0.000369 0.000297 0.000208 0.000108 0.000000 
50.000000 40.482611 31.506258 23.519856 16.814173 11.497677 7.514589 4.692252 2.798915 1.595116 0.868851 0.452572 0.225602 0.107732 0.049355 0.021747 0.009264 0.003860 0.001618 0.000726 0.000385 0.000259 0.000215 0.000200 0.000195 0.000193 0.000193 0.000192 0.000192 0.000192 0.000192 0.000192 0.000192 0.000192 0.000192 0.000192 0.000192 0.000192 0.000191 0.000190 0.000188 0.000184 0.000177 0.000167 0.000153 0.000133 0.000107 0.000075 0.000039 0.000000 
50.000000 40.482587 31.506212 23.519789 16.814089 11.497580 7.514483 4.692138 2.798796 1.594995 0.868727 0.452447 0.225477 0.107607 0.049230 0.021622 0.009138 0.003735 0.001493 0.000601 0.000259 0.000134 0.000089 0.000074 0.000069 0.000068 0.000067 0.000067 0.000067 0.000067 0.000067 0.000067 0.000067 0.000067 0.000067 0.000067 0.000067 0.000067 0.000066 0.000066 0.000065 0.000064 0.000062 0.000058 0.000053 0.000046 0.000037 0.000026 0.000013 0.000000 
50.000000 40.482578 31.506195 23.519766 16.814060 11.497545 7.514445 4.692098 2.798754 1.594952 0.868684 0.452403 0.225432 0.107562 0.049186 0.021577 0.009094 0.003690 0.001449 0.000556 0.000215 0.000089 0.000045 0.000030 0.000025 0.000023 0.000023 0.000023 0.000023 0.000022 0.000022 0.000022 0.000022 0.000022 0.000022 0.000022 0.000022 0.000022 0.000022 0.000022 0.000022 0.000021 0.000021 0.000020 0.000018 0.000015 0.000012 0.000009 0.000004 0.000000 
50.000000 40.482575 31.506190 23.519758 16.814050 11.497534 7.514432 4.692084 2.798740 1.594937 0.868669 0.452388 0.225417 0.107547 0.049171 0.021562 0.009079 0.003675 0.001434 0.000541 0.000200 0.000074 0.000030 0.000015 0.000010 0.000008 0.000008 0.000008 0.000007 0.000007 0.000007 0.000007 0.000007 0.000007 0.000007 0.000007 0.000007 0.000007 0.000007 0.000007 0.000007 0.000007 0.000007 0.000006 0.000006 0.000005 0.000004 0.000003 0.000001 0.000000 
50.000000 40.482575 31.506188 23.519755 16.814047 11.497530 7.514428 4.692080 2.798736 1.594933 0.868665 0.452384 0.225413 0.107543 0.049166 0.021558 0.009074 0.003671 0.001429 0.000537 0.000195 0.000070 0.000025 0.000010 0.000005 0.000004 0.000003 0.000003 0.000003 0.000003 0.000003 0.000003 0.000003 0.000003 0.000003 0.000003 0.000003 0.000003 0.000003 0.000003 0.000003 0.000003 0.000003 0.000003 0.000002 0.000002 0.000002 0.000001 0.000001 0.000000 
50.000000 40.482575 31.506188 23.519755 16.814047 11.497530 7.514428 4.692080 2.798736 1.594933 0.868665 0.452384 0.225413 0.107543 0.049166 0.021558 0.009074 0.003671 0.001429 0.000537 0.000195 0.000070 0.000025 0.000010 0.000005 0.000004 0.000003 0.000003 0.000003 0.000003 0.000003 0.000003 0.000003 0.000003 0.000003 0.000003 0.000003 0.000003 0.000003 0.000003 0.000003 0.000003 0.000003 0.000003 0.000002 0.000002 0.000002 0.000001 0.000001 0.000000 
50.000000 40.482575 31.506190 23.519758 16.814050 11.497534 7.514432 4.692084 2.798740 1.594937 0.868669 0.452388 0.225417 0.107547 0.049171 0.021562 0.009079 0.003675 0.001434 0.000541 0.000200 0.000074 0.000030 0.000015 0.000010 0.000008 0.000008 0.000008 0.000007 0.000007 0.000007 0.000007 0.000007 0.000007 0.000007 0.000007 0.000007 0.000007 0.000007 0.000007 0.000007 0.000007 0.000007 0.000006 0.000006 0.000005 0.000004 0.000003 0.000001 0.000000 
50.000000 40.482578 31.506195 23.519766 16.814060 11.497545 7.514445 4.692098 2.798754 1.594952 0.868684 0.452403 0.225432 0.107562 0.049186 0.021577 0.009094 0.003690 0.001449 0.000556 0.000215 0.000089 0.000045 0.000030 0.000025 0.000023 0.000023 0.000023 0.000023 0.000022 0.000022 0.000022 0.000022 0.000022 0.000022 0.000022 0.000022 0.000022 0.000022 0.000022 0.000022 0.000021 0.000021 0.000020 0.000018 0.000015 0.000012 0.000009 0.000004 0.000000 
50.000000 40.482587 31.506212 23.519789 16.814089 11.497580 7.514483 4.692138 2.798796 1.594995 0.868727 0.452447 0.225477 0.107607 0.049230 0.021622 0.009138 0.003735 0.001493 0.000601 0.000259 0.000134 0.000089 0.000074 0.000069 0.000068 0.000067 0.000067 0.000067 0.000067 0.000067 0.000067 0.000067 0.000067 0.000067 0.000067 0.000067 0.000067 0.000066 0.000066 0.000065 0.000064 0.000062 0.000058 0.000053 0.000046 0.000037 0.000026 0.000013 0.000000 
50.000000 40.482611 31.506258 23.519856 16.814173 11.497677 7.514589 4.692252 2.798915 1.595116 0.868851 0.452572 0.225602 0.107732 0.049355 0.021747 0.009264 0.003860 0.001618 0.000726 0.000385 0.000259 0.000215 0.000200 0.000195 0.000193 0.000193 0.000192 0.000192 0.000192 0.000192 0.000192 0.000192 0.000192 0.000192 0.000192 0.000192 0.000192 0.000191 0.000190 0.000188 0.000184 0.000177 0.000167 0.000153 0.000133 0.000107 0.000075 0.000039 0.000000 
50.000000 40.482676 31.506385 23.520038 16.814400 11.497940 7.514880 4.692562 2.799237 1.595447 0.869186 0.452910 0.225941 0.108073 0.049696 0.022088 0.009605 0.004201 0.001960 0.001067 0.000726 0.000601 0.000556 0.000541 0.000536 0.000534 0.000534 0.000534 0.000534 0.000534 0.000534 0.000534 0.000534 0.000534 0.000534 0.000533 0.000533 0.000532 0.000530 0.000527 0.000521 0.000510 0.000493 0.000465 0.000425 0.000369 0.000297 0.000208 0.000108 0.000000 
50.000000 40.482847 31.506717 23.520512 16.814995 11.498629 7.515640 4.693372 2.800081 1.596312 0.870064 0.453794 0.226830 0.108963 0.050588 0.022980 0.010497 0.005094 0.002852 0.001960 0.001618 0.001493 0.001448 0.001433 0.001428 0.001427 0.001426 0.001426 0.001426 0.001426 0.001426 0.001426 0.001426 0.001426 0.001426 0.001425 0.001424 0.001422 0.001417 0.001409 0.001393 0.001364 0.001318 0.001245 0.001138 0.000989 0.000795 0.000559 0.000289 0.000000 
50.000000 40.483275 31.507549 23.521703 16.816487 11.500360 7.517548 4.695406 2.802199 1.598483 0.872267 0.456016 0.229062 0.111200 0.052827 0.025221 0.012738 0.007335 0.005094 0.004201 0.003860 0.003735 0.003690 0.003675 0.003670 0.003668 0.003668 0.003668 0.003668 0.003668 0.003668 0.003668 0.003668 0.003667 0.003667 0.003666 0.003663 0.003658 0.003646 0.003624 0.003583 0.003512 0.003393 0.003208 0.002933 0.002552 0.002054 0.001445 0.000747 0.000000 
50.000000 40.484307 31.509554 23.524574 16.820083 11.504530 7.522148 4.700309 2.807305 1.603718 0.877579 0.461372 0.234442 0.116592 0.058226 0.030622 0.018141 0.012738 0.010497 0.009605 0.009264 0.009138 0.009094 0.009079 0.009074 0.009072 0.009072 0.009071 0.009071 0.009071 0.009071 0.009071 0.009071 0.009071 0.009069 0.009067 0.009060 0.009047 0.009020 0.008966 0.008868 0.008694 0.008405 0.007950 0.007276 0.006335 0.005103 0.003592 0.001858 0.000000 
50.000000 40.486691 31.514185 23.531203 16.828388 11.514161 7.532771 4.711634 2.819099 1.615810 0.889850 0.473746 0.246870 0.129050 0.070698 0.043101 0.030622 0.025221 0.022980 0.022088 0.021747 0.021622 0.021577 0.021562 0.021557 0.021556 0.021555 0.021555 0.021555 0.021555 0.021555 0.021555 0.021554 0.021553 0.021550 0.021544 0.021530 0.021499 0.021436 0.021313 0.021084 0.020680 0.020004 0.018936 0.017346 0.015118 0.012190 0.008587 0.004444 0.000000 
50.000000 40.491961 31.524424 23.545859 16.846749 11.535457 7.556262 4.736676 2.845181 1.642550 0.916987 0.501109 0.274357 0.156600 0.098279 0.070698 0.058226 0.052827 0.050588 0.049696 0.049355 0.049230 0.049185 0.049170 0.049165 0.049164 0.049163 0.049163 0.049163 0.049163 0.049163 0.049163 0.049162 0.049159 0.049153 0.049140 0.049109 0.049042 0.048903 0.048632 0.048124 0.047225 0.045712 0.043312 0.039718 0.034658 0.027979 0.019729 0.010218 0.000000 
50.000000 40.503100 31.546065 23.576839 16.885564 11.580476 7.605923 4.789621 2.900324 1.699088 0.974365 0.558967 0.332476 0.214855 0.156600 0.129050 0.116592 0.111200 0.108963 0.108073 0.107732 0.107607 0.107562 0.107547 0.107542 0.107541 0.107540 0.107540 0.107540 0.107540 0.107540 0.107539 0.107537 0.107532 0.107520 0.107492 0.107427 0.107288 0.106998 0.106428 0.105355 0.103443 0.100212 0.095051 0.087278 0.076272 0.061663 0.043535 0.022566 0.000000 
50.000000 40.525583 31.589748 23.639374 16.963916 11.671356 7.706178 4.896509 3.011655 1.813239 1.090214 0.675787 0.449824 0.332476 0.274357 0.246870 0.234442 0.229062 0.226830 0.225941 0.225602 0.225477 0.225432 0.225417 0.225412 0.225411 0.225410 0.225410 0.225410 0.225410 0.225409 0.225408 0.225404 0.225395 0.225371 0.225315 0.225189 0.224912 0.224337 0.223195 0.221039 0.217169 0.210586 0.199996 0.183933 0.161026 0.130419 0.092225 0.047856 0.000000 
50.000000 40.568861 31.673836 23.759757 17.114754 11.846320 7.899199 5.102310 3.226017 2.033036 1.313284 0.900730 0.675787 0.558967 0.501109 0.473746 0.461372 0.456016 0.453794 0.452910 0.452572 0.452447 0.452403 0.452388 0.452383 0.452382 0.452381 0.452381 0.452381 0.452380 0.452380 0.452377 0.452370 0.452353 0.452309 0.452206 0.451969 0.451450 0.450365 0.448200 0.444082 0.436639 0.423878 0.403180 0.371514 0.325968 0.264610 0.187495 0.097429 0.000000 
50.000000 40.648213 31.828016 23.980489 17.391338 12.167155 8.253159 5.479720 3.619141 2.436138 1.722398 1.313284 1.090214 0.974365 0.916987 0.889850 0.877579 0.872267 0.870064 0.869186 0.868851 0.868727 0.868684 0.868669 0.868664 0.868662 0.868662 0.868662 0.868661 0.868661 0.868659 0.868655 0.868643 0.868613 0.868537 0.868355 0.867937 0.867019 0.865085 0.861199 0.853755 0.840188 0.816716 0.778272 0.718846 0.632468 0.514907 0.365805 0.190440 0.000000 
50.000000 40.786614 32.096932 24.365496 17.873779 12.726805 8.870615 6.138103 4.304956 3.139377 2.436138 2.033036 1.813239 1.699088 1.642550 1.615810 1.603718 1.598483 1.596312 1.595447 1.595116 1.594995 1.594952 1.594937 1.594932 1.594931 1.594930 1.594930 1.594930 1.594929 1.594926 1.594919 1.594900 1.594850 1.594725 1.594426 1.593733 1.592200 1.588955 1.582383 1.569689 1.546333 1.505500 1.437842 1.331945 1.176007 0.961021 0.685117 0.357574 0.000000 
50.000000 41.015955 32.542554 25.003506 18.673276 13.654282 9.893926 7.229281 5.441630 4.304956 3.619141 3.226017 3.011655 2.900324 2.845181 2.819099 2.807305 2.802199 2.800081 2.799237 2.798915 2.798796 2.798754 2.798740 2.798735 2.798734 2.798733 2.798733 2.798732 2.798731 2.798727 2.798716 2.798687 2.798611 2.798419 2.797956 2.796881 2.794486 2.789379 2.778953 2.758623 2.720815 2.653903 2.541506 2.362914 2.095649 1.721057 1.232772 0.645678 0.000000 
50.000000 41.376575 33.243268 26.006762 19.930502 15.112805 11.503204 8.945336 7.229281 6.138103 5.479720 5.102310 4.896509 4.789621 4.736676 4.711634 4.700309 4.695406 4.693372 4.692562 4.692252 4.692138 4.692098 4.692084 4.692079 4.692078 4.692077 4.692077 4.692076 4.692075 4.692069 4.692054 4.692013 4.691904 4.691630 4.690964 4.689409 4.685924 4.678432 4.663004 4.632603 4.575378 4.472668 4.297332 4.013599 3.580348 2.960030 2.134327 1.123647 0.000000 
50.000000 41.914022 34.287586 27.502007 21.804306 17.286688 13.901852 11.503204 9.893926 8.870615 8.253159 7.899199 7.706178 7.605923 7.556262 7.532771 7.522148 7.517548 7.515640 7.514880 7.514589 7.514483 7.514445 7.514432 7.514427 7.514426 7.514426 7.514425 7.514424 7.514422 7.514415 7.514395 7.514341 7.514198 7.513835 7.512950 7.510872 7.506182 7.496019 7.474887 7.432773 7.352420 7.205872 6.950926 6.529163 5.868693 4.896378 3.564463 1.891410 0.000000 
50.000000 42.672362 35.761137 29.611861 24.448384 20.354273 17.286688 15.112805 13.654282 12.726805 12.167155 11.846320 11.671356 11.580476 11.535457 11.514161 11.504530 11.500360 11.498629 11.497940 11.497677 11.497580 11.497545 11.497534 11.497530 11.497528 11.497528 11.497528 11.497527 11.497524 11.497515 11.497492 11.497426 11.497254 11.496815 11.495739 11.493198 11.487424 11.474806 11.448309 11.394860 11.291369 11.099205 10.757525 10.177137 9.239157 7.806934 5.764970 3.098423 0.000000 
50.000000 43.684405 37.727687 32.427638 27.977192 24.448384 21.804306 19.930502 18.673276 17.873779 17.391338 17.114754 16.963916 16.885564 16.846749 16.828388 16.820083 16.816487 16.814995 16.814400 16.814173 16.814089 16.814060 16.814050 16.814046 16.814045 16.814045 16.814044 16.814043 16.814040 16.814031 16.814006 16.813935 16.813748 16.813270 16.812091 16.809292 16.802890 16.788786 16.758870 16.697772 16.577627 16.350153 15.935613 15.209226 13.988596 12.033154 9.083058 4.991017 0.000000 
50.000000 44.960726 40.207783 35.978774 32.427638 29.611861 27.502007 26.006762 25.003506 24.365496 23.980489 23.759757 23.639374 23.576839 23.545859 23.531203 23.524574 23.521703 23.520512 23.520038 23.519856 23.519789 23.519766 23.519758 23.519755 23.519754 23.519754 23.519753 23.519752 23.519749 23.519741 23.519717 23.519649 23.519471 23.519013 23.517880 23.515176 23.508955 23.495147 23.465582 23.404475 23.282450 23.046732 22.605629 21.804927 20.394484 17.989387 14.056638 8.046864 0.000000 
50.000000 46.480659 43.161276 40.207783 37.727687 35.761137 34.287586 33.243268 32.542554 32.096932 31.828016 31.673836 31.589748 31.546065 31.524424 31.514185 31.509554 31.507549 31.506717 31.506385 31.506258 31.506212 31.506195 31.506189 31.506188 31.506187 31.506187 31.506186 31.506186 31.506183 31.506177 31.506157 31.506104 31.505963 31.505599 31.504695 31.502530 31.497523 31.486342 31.462210 31.411816 31.309783 31.108941 30.723123 29.996167 28.644629 26.151146 21.580638 13.383413 0.000000 
50.000000 48.188880 46.480659 44.960726 43.684405 42.672362 41.914022 41.376575 41.015955 40.786614 40.648213 40.568861 40.525583 40.503100 40.491961 40.486691 40.484307 40.483275 40.482847 40.482676 40.482611 40.482587 40.482578 40.482575 40.482574 40.482574 40.482574 40.482574 40.482573 40.482572 40.482568 40.482558 40.482528 40.482450 40.482247 40.481743 40.480534 40.477727 40.471432 40.457773 40.429040 40.370277 40.252928 40.022612 39.573939 38.693388 36.913862 33.097245 24.094440 0.000000 
50.000000 50.000000 50.000000 50.000000 50.000000 50.000000 50.000000 50.000000 50.000000 50.000000 50.000000 50.000000 50.000000 50.000000 50.000000 50.000000 50.000000 50.000000 50.000000 50.000000 50.000000 50.000000 50.000000 50.000000 50.000000 50.000000 50.000000 50.000000 50.000000 50.000000 50.000000 50.000000 50.000000 50.000000 50.000000 50.000000 50.000000 50.000000 50.000000 50.000000 50.000000 50.000000 50.000000 50.000000 50.000000 50.000000 50.000000 50.000000 50.000000 50.000000 
