50.000000 50.000000 50.000000 50.000000 50.000000 50.000000 50.000000 50.000000 50.000000 50.000000 50.000000 50.000000 50.000000 50.000000 50.000000 50.000000 50.000000 50.000000 50.000000 50.000000 50.000000 50.000000 50.000000 50.000000 50.000000 50.000000 50.000000 50.000000 50.000000 50.000000 50.000000 50.000000 50.000000 50.000000 50.000000 50.000000 50.000000 50.000000 50.000000 50.000000 50.000000 50.000000 50.000000 50.000000 50.000000 50.000000 50.000000 50.000000 50.000000 50.000000 
50.000000 49.815668 49.632403 49.451251 49.273225 49.099279 48.930300 48.767089 48.610355 48.460697 48.318606 48.184457 48.058507 47.940896 47.831654 47.730698 47.637847 47.552821 47.475255 47.404700 47.340638 47.282482 47.229580 47.181222 47.136635 47.094982 47.055352 47.016749 46.978070 46.938077 46.895363 46.848295 46.794943 46.732984 46.659559 46.571076 46.462925 46.329045 46.161261 45.948228 45.673675 45.313346 44.829362 44.159119 43.191579 41.711802 39.256955 34.699758 24.908415 0.000000 
50.000000 49.632435 49.266996 48.905772 48.550780 48.203925 47.866974 47.541528 47.228994 46.930572 46.647241 46.379746 46.128601 45.894089 45.676265 45.474969 45.289838 45.120316 44.965675 44.825028 44.697338 44.581440 44.476041 44.379730 44.290974 44.208114 44.129348 44.052707 43.976016 43.896844 43.812427 43.719571 43.614519 43.492757 43.348767 43.175651 42.964617 42.704206 42.379123 41.968436 41.442659 40.758918 39.852565 38.622092 36.900906 34.403112 30.619606 24.635900 14.935024 0.000000 
50.000000 49.451380 48.905935 48.366782 47.836929 47.319222 46.816300 46.330548 45.864071 45.418659 44.995772 44.596526 44.221687 43.871678 43.546584 43.246168 42.969889 42.716923 42.486185 42.276357 42.085900 41.913082 41.755986 41.612519 41.480415 41.357222 41.240286 41.126711 41.013312 40.896537 40.772373 40.636200 40.482616 40.305178 40.096064 39.845596 39.541567 39.168277 38.705125 38.124493 37.388529 36.444116 35.214933 33.588793 31.397777 28.388939 24.189098 18.293657 10.198007 0.000000 
50.000000 49.273552 48.551308 47.837396 47.135799 46.450287 45.784351 45.141155 44.523482 43.933706 43.373759 42.845121 42.348809 41.885383 41.454959 41.057228 40.691476 40.356618 40.051228 39.773566 39.521610 39.293081 39.085461 38.896007 38.721754 38.559501 38.405792 38.256874 38.108633 37.956509 37.795374 37.619372 37.421705 37.194340 36.927627 36.609771 36.226110 35.758114 35.181979 34.466631 33.570865 32.439280 30.996536 29.139643 26.728663 23.578811 19.464022 14.158203 7.566645 0.000000 
50.000000 49.099948 48.205104 47.320584 46.451323 45.601992 44.776918 43.980020 43.214748 42.484044 41.790305 41.135363 40.520482 39.946361 39.413147 38.920460 38.467425 38.052707 37.674548 37.330809 37.019005 36.736334 36.479711 36.245779 36.030915 35.831226 35.642519 35.460264 35.279520 35.094848 34.900173 34.688619 34.452278 34.181913 33.866565 33.493037 33.045209 32.503122 31.841766 31.029457 30.025720 28.778599 27.221463 25.269821 22.819623 19.750698 15.942849 11.317105 5.914689 0.000000 
50.000000 48.931500 47.869184 46.819124 45.787182 44.778900 43.799418 42.853388 41.944909 41.077473 40.253927 39.476452 38.746550 38.065055 37.432147 36.847384 36.309735 35.817629 35.368996 34.961315 34.591662 34.256749 33.952954 33.676350 33.422709 33.187504 32.965882 32.752625 32.542080 32.328066 32.103744 31.861443 31.592445 31.286693 30.932432 30.515743 30.019952 29.424882 28.705929 27.832919 26.768799 25.468247 23.876540 21.929391 19.555210 16.682371 13.255298 9.263204 4.780281 0.000000 
50.000000 48.769067 47.545258 46.335571 45.146756 43.985201 42.856828 41.766996 40.720431 39.721156 38.772455 37.876842 37.036053 36.251055 35.522063 34.848576 34.229421 33.662803 33.146358 32.677210 32.252024 31.867056 31.518191 31.200975 30.910633 30.642070 30.389850 30.148163 29.910760 29.670864 29.421045 29.153068 28.857682 28.524372 28.141043 27.693636 27.165659 26.537646 25.786522 24.884939 23.800648 22.496104 20.928659 19.051977 16.819681 14.192618 11.151122 7.712411 3.949387 0.000000 
50.000000 48.613422 47.234868 45.872223 44.533092 43.224671 41.953631 40.726012 39.547138 38.421545 37.352934 36.344141 35.397130 34.512993 33.691984 32.933551 32.236389 31.598494 31.017229 30.489388 30.011255 29.578667 29.187057 28.831496 28.506718 28.207126 27.926782 27.659381 27.398189 27.135972 26.864879 26.576312 26.260742 25.907503 25.504538 25.038099 24.492422 23.849362 23.088042 22.184559 21.111867 19.840005 18.336993 16.570812 14.513050 12.144784 9.464881 6.499796 3.311803 0.000000 
50.000000 48.465243 46.939369 45.431105 43.948870 42.500632 41.093774 39.734985 38.430158 37.184319 36.001568 34.885049 33.836941 32.858464 31.949909 31.110680 30.339348 29.633721 28.990911 28.407405 27.879141 27.401572 26.969724 26.578242 26.221425 25.893242 25.587334 25.296986 25.015091 24.734081 24.445837 24.141571 23.811690 23.445623 23.031633 22.556611 22.005863 21.362912 20.609363 19.724877 18.687370 17.473583 16.060229 14.425972 12.554504 10.438849 8.086633 5.525356 2.805679 0.000000 
50.000000 48.325115 46.659925 45.013955 43.396394 41.815936 40.280644 38.797817 37.373891 36.014351 34.723678 33.505310 32.361631 31.293982 30.302694 29.387132 28.545759 27.776209 27.075362 26.439430 25.864035 25.344284 24.874838 24.449966 24.063589 23.709307 23.380408 23.069856 22.770264 22.473842 22.172327 21.856893 21.518041 21.145480 20.727992 20.253305 19.707977 19.077332 18.345466 17.495400 16.509447 15.369905 14.060205 12.566630 10.880697 9.002127 6.942061 4.725787 2.393811 0.000000 
50.000000 48.193524 46.397506 44.622220 42.877578 41.172960 39.517062 37.917760 36.381999 34.915698 33.523696 32.209707 30.976311 29.824966 28.756041 27.768871 26.861820 26.032365 25.277180 24.592226 23.972842 23.413825 22.909513 22.453846 22.040421 21.662528 21.313168 20.985060 20.670618 20.361926 20.050679 19.728121 19.384973 19.011342 18.596650 18.129559 17.597940 16.988890 16.288838 15.483790 14.559761 13.503464 12.303333 10.950905 9.442574 7.781558 5.979820 4.059399 2.052538 0.000000 
50.000000 48.070861 46.152890 44.257062 42.393962 40.573608 38.805290 37.097422 35.457420 33.891614 32.405174 31.002074 29.685078 28.455755 27.314514 26.260664 25.292484 24.407310 23.601629 22.871180 22.211047 21.615756 21.079362 20.595519 20.157549 19.758485 19.391103 19.047938 18.721279 18.403152 18.085292 17.759097 17.415580 17.045327 16.638447 16.184562 15.672821 15.091973 14.430529 13.677040 12.820526 11.851101 10.760822 9.544751 8.202194 6.737989 5.163605 3.497748 1.766109 0.000000 
50.000000 47.957422 45.926672 43.919368 41.946720 40.019338 38.147059 36.338794 34.602401 32.944584 31.370825 29.885337 28.491057 27.189659 25.981593 24.866145 23.841520 22.904930 22.052697 21.280361 20.582784 19.954252 19.388574 18.879162 18.419105 18.001228 17.618133 17.262223 16.925717 16.600645 16.278835 15.951890 15.611167 15.247752 14.852455 14.415823 13.928192 13.379789 12.760920 12.062237 11.275138 10.392297 9.408335 8.320612 7.130086 5.842130 4.467150 3.020804 1.523634 0.000000 
50.000000 47.853423 45.719276 43.609771 41.536692 39.511189 37.543602 35.643300 33.818542 32.076381 30.422582 28.861581 27.396475 26.029035 24.759750 23.587891 22.511596 21.527971 20.633192 19.822625 19.090936 18.432205 17.840028 17.307611 16.827853 16.393410 15.996752 15.630196 15.285933 14.956037 14.632466 14.307061 13.971535 13.617480 13.236375 12.819624 12.358626 11.844897 11.270242 10.627013 9.908453 9.109123 8.225423 7.256168 6.203166 5.071737 3.871033 2.614067 1.317336 0.000000 
50.000000 47.758998 45.530974 43.328679 41.164415 39.049826 36.995709 35.011847 33.106868 31.288137 29.561680 27.932136 26.402748 24.975377 23.650551 22.427529 21.304394 20.278156 19.344867 18.499739 17.737271 17.051364 16.435434 15.882514 15.385345 14.936453 14.528209 14.152878 13.802655 13.469686 13.146079 12.823923 12.495288 12.152244 11.786890 11.391400 10.958103 10.479602 9.948937 9.359809 8.706866 7.986040 7.194942 6.333267 5.403190 4.409669 3.360606 2.266781 1.141508 0.000000 
50.000000 47.674217 45.361905 43.076297 40.830163 38.635590 36.503784 34.444901 32.467899 30.580428 28.788746 27.097676 25.510592 24.029440 22.654782 21.385871 20.220741 19.156323 18.188558 17.312531 16.522593 15.812495 15.175499 14.604497 14.092101 13.630735 13.212701 12.830238 12.475564 12.140913 11.818554 11.500819 11.180115 10.848955 10.499993 10.126077 9.720329 9.276257 8.787897 8.250004 7.658283 7.009647 6.302513 5.537081 4.715597 3.842527 2.924619 1.970797 0.991861 0.000000 
50.000000 47.599096 45.212099 42.852671 40.533996 38.268552 36.067911 33.942558 31.901745 29.953372 28.103906 26.358333 24.720146 23.191364 21.772582 20.463050 19.260762 18.162580 17.164354 16.261056 15.446916 14.715556 14.060113 13.473358 12.947805 12.475796 12.049588 11.661409 11.303518 10.968242 10.648009 10.335378 10.023068 9.703986 9.371271 9.018349 8.639007 8.227488 7.778624 7.287982 6.752050 6.168438 5.536081 4.855443 4.128678 3.359724 2.554310 1.719835 0.865115 0.000000 
50.000000 47.533606 45.081500 42.657718 40.275803 37.948576 35.687927 33.504630 31.408191 29.406731 27.506898 25.713821 24.031096 22.460809 21.003587 19.658674 18.424035 17.296473 16.271760 15.344776 14.509648 13.759891 13.088539 12.488267 11.951508 11.470546 11.037605 10.644920 10.284792 9.949642 9.632047 9.324775 9.020818 8.713429 8.396162 8.062924 7.708047 7.326370 6.913345 6.465158 5.978875 5.452585 4.885554 4.278354 3.632966 2.952822 2.242779 1.508995 0.758723 0.000000 
50.000000 47.477690 44.969993 42.491263 40.055354 37.675377 35.363494 33.130725 30.986795 28.940013 26.997181 25.163552 23.442812 21.837103 20.347079 18.971983 17.709754 16.557148 15.509874 14.562734 13.709771 12.944414 12.259611 11.647963 11.101838 10.613478 10.175086 9.778909 9.417296 9.082754 8.767993 8.465965 8.169898 7.873335 7.570176 7.254726 6.921753 6.566566 6.185096 5.773995 5.330747 4.853770 4.342527 3.797612 3.220804 2.615078 1.984562 1.334425 0.670692 0.000000 
50.000000 47.431271 44.877424 42.353080 39.872347 37.448580 35.094165 32.820328 30.636976 28.552572 26.574050 24.706763 22.954472 21.319368 19.802127 18.401992 17.116883 15.943518 14.877553 13.913730 13.046023 12.267793 11.571920 10.950946 10.397191 9.902866 9.460162 9.061341 8.698796 8.365111 8.053111 7.755902 7.466910 7.179916 6.889098 6.589077 6.274968 5.942440 5.587788 5.208008 4.800879 4.365044 3.900078 3.406547 2.886030 2.341115 1.775342 1.193098 0.599461 0.000000 
50.000000 47.394265 44.803628 42.242920 39.726453 37.267777 34.879456 32.572881 30.358102 28.243709 26.236737 24.342622 22.565184 20.906653 19.367724 17.947641 16.644308 15.454414 14.373575 13.396484 12.517066 11.728624 11.023991 10.395661 9.835920 9.336956 8.890956 8.490195 8.127104 7.794333 7.484801 7.191737 6.908723 6.629728 6.349150 6.061849 5.763204 5.449154 5.116261 4.761769 4.383664 3.980733 3.552613 3.099820 2.623760 2.126707 1.611742 1.082657 0.543819 0.000000 
50.000000 47.366593 44.748444 42.160544 39.617356 37.132576 34.718902 32.387846 30.149569 28.012751 25.984506 24.070332 22.274093 20.598048 19.042907 17.607915 16.290964 15.088722 13.996776 13.009784 12.121632 11.325586 10.614439 9.980656 9.416496 8.914132 8.465750 8.063636 7.700253 7.368300 7.060767 6.770978 6.492629 6.219831 5.947137 5.669586 5.382743 5.082742 4.766329 4.430920 4.074638 3.696363 3.295759 2.873293 2.430235 1.968619 1.491191 1.001316 0.502850 0.000000 
50.000000 47.348186 44.711738 42.105750 39.544789 37.042645 34.612107 32.264767 30.010859 27.859126 25.816733 23.889217 22.080474 20.392782 18.826860 17.381954 16.055950 14.845500 13.746173 12.752605 11.858656 11.057566 10.342105 9.704717 9.137645 8.633052 8.183125 7.780159 7.416637 7.085292 6.779162 6.491634 6.216481 5.947904 5.680561 5.409606 5.130726 4.840174 4.534820 4.212182 3.870469 3.508614 3.126291 2.723933 2.302709 1.864500 1.411830 0.947784 0.475893 0.000000 
50.000000 47.338996 44.693410 42.078391 39.508556 36.997742 34.558784 32.203315 29.941603 27.782422 25.732965 23.798788 21.983802 20.290295 18.718991 17.269137 15.938613 14.724067 13.621057 12.624209 11.727368 10.923764 10.206155 9.566974 8.998456 8.492761 8.042074 7.638696 7.275121 6.944100 6.638693 6.352318 6.078788 5.812348 5.547709 5.280080 5.005208 4.719406 4.419602 4.103363 3.768939 3.415286 3.042086 2.649746 2.239391 1.812819 1.372447 0.921224 0.462520 0.000000 
50.000000 47.338996 44.693410 42.078391 39.508556 36.997742 34.558784 32.203315 29.941603 27.782422 25.732965 23.798788 21.983802 20.290295 18.718991 17.269137 15.938613 14.724067 13.621057 12.624209 11.727368 10.923764 10.206155 9.566974 8.998456 8.492761 8.042074 7.638696 7.275121 6.944100 6.638693 6.352318 6.078788 5.812348 5.547709 5.280080 5.005208 4.719406 4.419602 4.103363 3.768939 3.415286 3.042086 2.649746 2.239391 1.812819 1.372447 0.921224 0.462520 0.000000 
50.000000 47.348186 44.711738 42.105750 39.544789 37.042645 34.612107 32.264767 30.010859 27.859126 25.816733 23.889217 22.080474 20.392782 18.826860 17.381954 16.055950 14.845500 13.746173 12.752605 11.858656 11.057566 10.342105 9.704717 9.137645 8.633052 8.183125 7.780159 7.416637 7.085292 6.779162 6.491634 6.216481 5.947904 5.680561 5.409606 5.130726 4.840174 4.534820 4.212182 3.870469 3.508614 3.126291 2.723933 2.302709 1.864500 1.411830 0.947784 0.475893 0.000000 
50.000000 47.366593 44.748444 42.160544 39.617356 37.132576 34.718902 32.387846 30.149569 28.012751 25.984506 24.070332 22.274093 20.598048 19.042907 17.607915 16.290964 15.088722 13.996776 13.009784 12.121632 11.325586 10.614439 9.980656 9.416496 8.914132 8.465750 8.063636 7.700253 7.368300 7.060767 6.770978 6.492629 6.219831 5.947137 5.669586 5.382743 5.082742 4.766329 4.430920 4.074638 3.696363 3.295759 2.873293 2.430235 1.968619 1.491191 1.001316 0.502850 0.000000 
50.000000 47.394265 44.803628 42.242920 39.726453 37.267777 34.879456 32.572881 30.358102 28.243709 26.236737 24.342622 22.565184 20.906653 19.367724 17.947641 16.644308 15.454414 14.373575 13.396484 12.517066 11.728624 11.023991 10.395661 9.835920 9.336956 8.890956 8.490195 8.127104 7.794333 7.484801 7.191737 6.908723 6.629728 6.349150 6.061849 5.763204 5.449154 5.116261 4.761769 4.383664 3.980733 3.552613 3.099820 2.623760 2.126707 1.611742 1.082657 0.543819 0.000000 
50.000000 47.431271 44.877424 42.353080 39.872347 37.448580 35.094165 32.820328 30.636976 28.552572 26.574050 24.706763 22.954472 21.319368 19.802127 18.401992 17.116883 15.943518 14.877553 13.913730 13.046023 12.267793 11.571920 10.950946 10.397191 9.902866 9.460162 9.061341 8.698796 8.365111 8.053111 7.755902 7.466910 7.179916 6.889098 6.589077 6.274968 5.942440 5.587788 5.208008 4.800879 4.365044 3.900078 3.406547 2.886030 2.341115 1.775342 1.193098 0.599461 0.000000 
50.000000 47.477690 44.969993 42.491263 40.055354 37.675377 35.363494 33.130725 30.986795 28.940013 26.997181 25.163552 23.442812 21.837103 20.347079 18.971983 17.709754 16.557148 15.509874 14.562734 13.709771 12.944414 12.259611 11.647963 11.101838 10.613478 10.175086 9.778909 9.417296 9.082754 8.767993 8.465965 8.169898 7.873335 7.570176 7.254726 6.921753 6.566566 6.185096 5.773995 5.330747 4.853770 4.342527 3.797612 3.220804 2.615078 1.984562 1.334425 0.670692 0.000000 
50.000000 47.533606 45.081500 42.657718 40.275803 37.948576 35.687927 33.504630 31.408191 29.406731 27.506898 25.713821 24.031096 22.460809 21.003587 19.658674 18.424035 17.296473 16.271760 15.344776 14.509648 13.759891 13.088539 12.488267 11.951508 11.470546 11.037605 10.644920 10.284792 9.949642 9.632047 9.324775 9.020818 8.713429 8.396162 8.062924 7.708047 7.326370 6.913345 6.465158 5.978875 5.452585 4.885554 4.278354 3.632966 2.952822 2.242779 1.508995 0.758723 0.000000 
50.000000 47.599096 45.212099 42.852671 40.533996 38.268552 36.067911 33.942558 31.901745 29.953372 28.103906 26.358333 24.720146 23.191364 21.772582 20.463050 19.260762 18.162580 17.164354 16.261056 15.446916 14.715556 14.060113 13.473358 12.947805 12.475796 12.049588 11.661409 11.303518 10.968242 10.648009 10.335378 10.023068 9.703986 9.371271 9.018349 8.639007 8.227488 7.778624 7.287982 6.752050 6.168438 5.536081 4.855443 4.128678 3.359724 2.554310 1.719835 0.865115 0.000000 
50.000000 47.674217 45.361905 43.076297 40.830163 38.635590 36.503784 34.444901 32.467899 30.580428 28.788746 27.097676 25.510592 24.029440 22.654782 21.385871 20.220741 19.156323 18.188558 17.312531 16.522593 15.812495 15.175499 14.604497 14.092101 13.630735 13.212701 12.830238 12.475564 12.140913 11.818554 11.500819 11.180115 10.848955 10.499993 10.126077 9.720329 9.276257 8.787897 8.250004 7.658283 7.009647 6.302513 5.537081 4.715597 3.842527 2.924619 1.970797 0.991861 0.000000 
50.000000 47.758998 45.530974 43.328679 41.164415 39.049826 36.995709 35.011847 33.106868 31.288137 29.561680 27.932136 26.402748 24.975377 23.650551 22.427529 21.304394 20.278156 19.344867 18.499739 17.737271 17.051364 16.435434 15.882514 15.385345 14.936453 14.528209 14.152878 13.802655 13.469686 13.146079 12.823923 12.495288 12.152244 11.786890 11.391400 10.958103 10.479602 9.948937 9.359809 8.706866 7.986040 7.194942 6.333267 5.403190 4.409669 3.360606 2.266781 1.141508 0.000000 
50.000000 47.853423 45.719276 43.609771 41.536692 39.511189 37.543602 35.643300 33.818542 32.076381 30.422582 28.861581 27.396475 26.029035 24.759750 23.587891 22.511596 21.527971 20.633192 19.822625 19.090936 18.432205 17.840028 17.307611 16.827853 16.393410 15.996752 15.630196 15.285933 14.956037 14.632466 14.307061 13.971535 13.617480 13.236375 12.819624 12.358626 11.844897 11.270242 10.627013 9.908453 9.109123 8.225423 7.256168 6.203166 5.071737 3.871033 2.614067 1.317336 0.000000 
50.000000 47.957422 45.926672 43.919368 41.946720 40.019338 38.147059 36.338794 34.602401 32.944584 31.370825 29.885337 28.491057 27.189659 25.981593 24.866145 23.841520 22.904930 22.052697 21.280361 20.582784 19.954252 19.388574 18.879162 18.419105 18.001228 17.618133 17.262223 16.925717 16.600645 16.278835 15.951890 15.611167 15.247752 14.852455 14.415823 13.928192 13.379789 12.760920 12.062237 11.275138 10.392297 9.408335 8.320612 7.130086 5.842130 4.467150 3.020804 1.523634 0.000000 
50.000000 48.070861 46.152890 44.257062 42.393962 40.573608 38.805290 37.097422 35.457420 33.891614 32.405174 31.002074 29.685078 28.455755 27.314514 26.260664 25.292484 24.407310 23.601629 22.871180 22.211047 21.615756 21.079362 20.595519 20.157549 19.758485 19.391103 19.047938 18.721279 18.403152 18.085292 17.759097 17.415580 17.045327 16.638447 16.184562 15.672821 15.091973 14.430529 13.677040 12.820526 11.851101 10.760822 9.544751 8.202194 6.737989 5.163605 3.497748 1.766109 0.000000 
50.000000 48.193524 46.397506 44.622220 42.877578 41.172960 39.517062 37.917760 36.381999 34.915698 33.523696 32.209707 30.976311 29.824966 28.756041 27.768871 26.861820 26.032365 25.277180 24.592226 23.972842 23.413825 22.909513 22.453846 22.040421 21.662528 21.313168 20.985060 20.670618 20.361926 20.050679 19.728121 19.384973 19.011342 18.596650 18.129559 17.597940 16.988890 16.288838 15.483790 14.559761 13.503464 12.303333 10.950905 9.442574 7.781558 5.979820 4.059399 2.052538 0.000000 
50.000000 48.325115 46.659925 45.013955 43.396394 41.815936 40.280644 38.797817 37.373891 36.014351 34.723678 33.505310 32.361631 31.293982 30.302694 29.387132 28.545759 27.776209 27.075362 26.439430 25.864035 25.344284 24.874838 24.449966 24.063589 23.709307 23.380408 23.069856 22.770264 22.473842 22.172327 21.856893 21.518041 21.145480 20.727992 20.253305 19.707977 19.077332 18.345466 17.495400 16.509447 15.369905 14.060205 12.566630 10.880697 9.002127 6.942061 4.725787 2.393811 0.000000 
50.000000 48.465243 46.939369 45.431105 43.948870 42.500632 41.093774 39.734985 38.430158 37.184319 36.001568 34.885049 33.836941 32.858464 31.949909 31.110680 30.339348 29.633721 28.990911 28.407405 27.879141 27.401572 26.969724 26.578242 26.221425 25.893242 25.587334 25.296986 25.015091 24.734081 24.445837 24.141571 23.811690 23.445623 23.031633 22.556611 22.005863 21.362912 20.609363 19.724877 18.687370 17.473583 16.060229 14.425972 12.554504 10.438849 8.086633 5.525356 2.805679 0.000000 
50.000000 48.613422 47.234868 45.872223 44.533092 43.224671 41.953631 40.726012 39.547138 38.421545 37.352934 36.344141 35.397130 34.512993 33.691984 32.933551 32.236389 31.598494 31.017229 30.489388 30.011255 29.578667 29.187057 28.831496 28.506718 28.207126 27.926782 27.659381 27.398189 27.135972 26.864879 26.576312 26.260742 25.907503 25.504538 25.038099 24.492422 23.849362 23.088042 22.184559 21.111867 19.840005 18.336993 16.570812 14.513050 12.144784 9.464881 6.499796 3.311803 0.000000 
50.000000 48.769067 47.545258 46.335571 45.146756 43.985201 42.856828 41.766996 40.720431 39.721156 38.772455 37.876842 37.036053 36.251055 35.522063 34.848576 34.229421 33.662803 33.146358 32.677210 32.252024 31.867056 31.518191 31.200975 30.910633 30.642070 30.389850 30.148163 29.910760 29.670864 29.421045 29.153068 28.857682 28.524372 28.141043 27.693636 27.165659 26.537646 25.786522 24.884939 23.800648 22.496104 20.928659 19.051977 16.819681 14.192618 11.151122 7.712411 3.949387 0.000000 
50.000000 48.931500 47.869184 46.819124 45.787182 44.778900 43.799418 42.853388 41.944909 41.077473 40.253927 39.476452 38.746550 38.065055 37.432147 36.847384 36.309735 35.817629 35.368996 34.961315 34.591662 34.256749 33.952954 33.676350 33.422709 33.187504 32.965882 32.752625 32.542080 32.328066 32.103744 31.861443 31.592445 31.286693 30.932432 30.515743 30.019952 29.424882 28.705929 27.832919 26.768799 25.468247 23.876540 21.929391 19.555210 16.682371 13.255298 9.263204 4.780281 0.000000 
50.000000 49.099948 48.205104 47.320584 46.451323 45.601992 44.776918 43.980020 43.214748 42.484044 41.790305 41.135363 40.520482 39.946361 39.413147 38.920460 38.467425 38.052707 37.674548 37.330809 37.019005 36.736334 36.479711 36.245779 36.030915 35.831226 35.642519 35.460264 35.279520 35.094848 34.900173 34.688619 34.452278 34.181913 33.866565 33.493037 33.045209 32.503122 31.841766 31.029457 30.025720 28.778599 27.221463 25.269821 22.819623 19.750698 15.942849 11.317105 5.914689 0.000000 
50.000000 49.273552 48.551308 47.837396 47.135799 46.450287 45.784351 45.141155 44.523482 43.933706 43.373759 42.845121 42.348809 41.885383 41.454959 41.057228 40.691476 40.356618 40.051228 39.773566 39.521610 39.293081 39.085461 38.896007 38.721754 38.559501 38.405792 38.256874 38.108633 37.956509 37.795374 37.619372 37.421705 37.194340 36.927627 36.609771 36.226110 35.758114 35.181979 34.466631 33.570865 32.439280 30.996536 29.139643 26.728663 23.578811 19.464022 14.158203 7.566645 0.000000 
50.000000 49.451380 48.905935 48.366782 47.836929 47.319222 46.816300 46.330548 45.864071 45.418659 44.995772 44.596526 44.221687 43.871678 43.546584 43.246168 42.969889 42.716923 42.486185 42.276357 42.085900 41.913082 41.755986 41.612519 41.480415 41.357222 41.240286 41.126711 41.013312 40.896537 40.772373 40.636200 40.482616 40.305178 40.096064 39.845596 39.541567 39.168277 38.705125 38.124493 37.388529 36.444116 35.214933 33.588793 31.397777 28.388939 24.189098 18.293657 10.198007 0.000000 
50.000000 49.632435 49.266996 48.905772 48.550780 48.203925 47.866974 47.541528 47.228994 46.930572 46.647241 46.379746 46.128601 45.894089 45.676265 45.474969 45.289838 45.120316 44.965675 44.825028 44.697338 44.581440 44.476041 44.379730 44.290974 44.208114 44.129348 44.052707 43.976016 43.896844 43.812427 43.719571 43.614519 43.492757 43.348767 43.175651 42.964617 42.704206 42.379123 41.968436 41.442659 40.758918 39.852565 38.622092 36.900906 34.403112 30.619606 24.635900 14.935024 0.000000 
50.000000 49.815668 49.632403 49.451251 49.273225 49.099279 48.930300 48.767089 48.610355 48.460697 48.318606 48.184457 48.058507 47.940896 47.831654 47.730698 47.637847 47.552821 47.475255 47.404700 47.340638 47.282482 47.229580 47.181222 47.136635 47.094982 47.055352 47.016749 46.978070 46.938077 46.895363 46.848295 46.794943 46.732984 46.659559 46.571076 46.462925 46.329045 46.161261 45.948228 45.673675 45.313346 44.829362 44.159119 43.191579 41.711802 39.256955 34.699758 24.908415 0.000000 
50.000000 50.000000 50.000000 50.000000 50.000000 50.000000 50.000000 50.000000 50.000000 50.000000 50.000000 50.000000 50.000000 50.000000 50.000000 50.000000 50.000000 50.000000 50.000000 50.000000 50.000000 50.000000 50.000000 50.000000 50.000000 50.000000 50.000000 50.000000 50.000000 50.000000 50.000000 50.000000 50.000000 50.000000 50.000000 50.000000 50.000000 50.000000 50.000000 50.000000 50.000000 50.000000 50.000000 50.000000 50.000000 50.000000 50.000000 50.000000 50.000000 50.000000 
