50.000000 50.000000 50.000000 50.000000 50.000000 50.000000 50.000000 50.000000 50.000000 50.000000 50.000000 50.000000 50.000000 50.000000 50.000000 50.000000 50.000000 50.000000 50.000000 50.000000 50.000000 50.000000 50.000000 50.000000 50.000000 50.000000 50.000000 50.000000 50.000000 50.000000 50.000000 50.000000 50.000000 50.000000 50.000000 50.000000 50.000000 50.000000 50.000000 50.000000 50.000000 50.000000 50.000000 50.000000 50.000000 50.000000 50.000000 50.000000 50.000000 50.000000 
50.000000 49.488342 48.984906 48.497516 48.033239 47.598074 47.196733 46.832513 46.507264 46.221451 45.974293 45.763959 45.587798 45.442593 45.324789 45.230717 45.156772 45.099553 45.055960 45.023256 44.999088 44.981481 44.968816 44.959789 44.953359 44.948704 44.945156 44.942155 44.939188 44.935732 44.931189 44.924807 44.915590 44.902172 44.882658 44.854399 44.813671 44.755221 44.671561 44.551880 44.380252 44.132547 43.770767 43.231920 42.404314 41.072082 38.771214 34.373034 24.744171 0.000000 
50.000000 48.984906 47.986122 47.019176 46.098082 45.234744 44.438512 43.715925 43.070654 42.503623 42.013279 41.595990 41.246501 40.958424 40.724710 40.538079 40.391378 40.277860 40.191376 40.126496 40.078549 40.043621 40.018500 40.000597 39.987853 39.978636 39.971629 39.965725 39.959919 39.953189 39.944372 39.932017 39.914206 39.888319 39.850735 39.796414 39.718315 39.606563 39.447219 39.220400 38.897302 38.435297 37.769499 36.797646 35.351852 33.144402 29.663883 23.993061 14.611872 0.000000 
50.000000 48.497516 47.019176 45.587958 44.224609 42.946748 41.768212 40.698683 39.743593 38.904307 38.178531 37.560887 37.043596 36.617204 36.271276 35.995039 35.777902 35.609881 35.481875 35.385846 35.314883 35.263192 35.226019 35.199538 35.180705 35.167109 35.156812 35.148194 35.139791 35.130129 35.117547 35.099989 35.074750 35.038166 34.985199 34.908885 34.799578 34.643900 34.423225 34.111470 33.671776 33.051386 32.173635 30.925233 29.136379 26.551477 22.793979 17.355292 9.726302 0.000000 
50.000000 48.033239 46.098082 44.224609 42.439977 40.767250 39.224542 37.824524 36.574308 35.475682 34.525640 33.717144 33.040012 32.481865 32.029048 31.667455 31.383226 31.163289 30.995733 30.870036 30.777153 30.709501 30.660861 30.626228 30.601626 30.583910 30.570563 30.559493 30.548826 30.536702 30.521048 30.499327 30.468234 30.423327 30.358548 30.265600 30.133123 29.945570 29.681679 29.312343 28.797636 28.082617 27.091506 25.719901 23.825453 21.219989 17.673132 12.953680 6.961158 0.000000 
50.000000 47.598074 45.234744 42.946748 40.767250 38.724419 36.840374 35.130593 33.603759 32.262057 31.101816 30.114438 29.287490 28.605854 28.052853 27.611260 27.264148 26.995554 26.790931 26.637431 26.524009 26.441406 26.382033 26.339783 26.309813 26.288299 26.272194 26.258985 26.246449 26.232412 26.214490 26.189808 26.154663 26.104129 26.031558 25.927943 25.781110 25.574664 25.286626 24.887662 24.338814 23.588678 22.570100 21.196914 19.362211 16.941799 13.810370 9.882893 5.193760 0.000000 
50.000000 47.196733 44.438513 41.768213 39.224543 36.840375 34.641528 32.646063 30.864116 29.298234 27.944135 26.791784 25.826669 25.031147 24.385752 23.870380 23.465278 23.151812 22.913008 22.733871 22.601513 22.505132 22.435877 22.386629 22.351751 22.326804 22.308267 22.293262 22.279280 22.263909 22.244559 22.218158 22.180807 22.127385 22.051055 21.942674 21.790058 21.577079 21.282568 20.879016 20.331087 19.594088 18.612706 17.320767 15.643465 13.504645 10.842982 7.640868 3.964814 0.000000 
50.000000 46.832514 43.715926 40.698685 37.824526 35.130595 32.646065 30.391342 28.377881 26.608559 25.078537 23.776475 22.685977 21.787105 21.057868 20.475545 20.017819 19.663636 19.393816 19.191418 19.041884 18.933011 18.854805 18.799235 18.759948 18.731958 18.711329 18.694877 18.679866 18.663725 18.643751 18.616808 18.578982 18.525205 18.448797 18.340948 18.190090 17.981184 17.694915 17.306840 16.786585 16.097291 15.195678 14.033368 12.560501 10.733025 8.525053 5.946429 3.061748 0.000000 
50.000000 46.507266 43.070657 39.743597 36.574313 33.603765 30.864121 28.377885 26.157685 24.206695 22.519577 21.083829 19.881367 18.890210 18.086104 17.443999 16.939284 16.548744 16.251232 16.028068 15.863202 15.743185 15.657003 15.595815 15.552637 15.522001 15.499619 15.482052 15.466400 15.449995 15.430110 15.403651 15.366839 15.314855 15.241440 15.138455 14.995377 14.798772 14.531752 14.173494 13.698938 13.078858 12.280613 11.270048 10.015097 8.491703 6.692216 4.635364 2.374720 0.000000 
50.000000 46.221454 42.503628 38.904315 35.475692 32.262069 29.298247 26.608571 24.206703 22.096076 20.270915 18.717694 17.416850 16.344600 15.474708 14.780074 14.234071 13.811586 13.489744 13.248338 13.070006 12.940207 12.847034 12.780936 12.734381 12.701487 12.677671 12.659293 12.643335 12.627092 12.607876 12.582725 12.548098 12.499566 12.431464 12.336535 12.205544 12.026906 11.786360 11.466756 11.048070 10.507806 9.822015 8.967181 7.923271 6.678068 5.232549 3.606332 1.841205 0.000000 
50.000000 45.974299 42.013289 38.178547 34.525660 31.101839 27.944162 25.078564 22.519602 20.270932 18.326403 16.671601 15.285684 14.143315 13.216538 12.476482 11.894779 11.444675 11.101797 10.844620 10.654652 10.516404 10.417200 10.346882 10.297445 10.262662 10.237703 10.218774 10.202783 10.187029 10.168915 10.145664 10.114046 10.070101 10.008855 9.924027 9.807755 9.650343 9.440093 9.163264 8.804260 8.346168 7.771769 7.065181 6.214206 5.213339 4.067093 2.792900 1.422424 0.000000 
50.000000 45.763968 41.596010 37.560916 33.717181 30.114483 26.791835 23.776530 21.083884 18.717743 16.671634 14.930391 13.472081 12.270043 11.294862 10.516155 9.904076 9.430470 9.069695 8.799102 8.599237 8.453808 8.349487 8.275598 8.223744 8.187408 8.161561 8.142294 8.126475 8.111440 8.094709 8.073725 8.045602 8.006885 7.953311 7.879589 7.779197 7.644228 7.465316 7.231705 6.931502 6.552224 6.081689 5.509328 4.827907 4.035543 3.137721 2.148811 1.092418 0.000000 
50.000000 45.587816 41.246537 37.043649 33.040080 29.287573 25.826764 22.686081 19.881477 17.416957 15.285779 13.472145 11.953210 10.701203 9.685485 8.874413 8.236896 7.743611 7.367850 7.086026 6.877878 6.726442 6.617847 6.540987 6.487139 6.449548 6.423031 6.403593 6.388086 6.373902 6.358698 6.340146 6.315708 6.282427 6.236731 6.174262 6.089732 5.976834 5.828231 5.635667 5.390232 5.082853 4.705022 4.249791 3.712997 3.094582 2.399804 1.640011 0.832614 0.000000 
50.000000 45.442625 40.958489 36.617299 32.481989 28.606005 25.031321 21.787299 18.890417 16.344813 14.143520 12.270221 10.701320 9.408130 8.359005 7.521258 6.862777 6.353275 5.965166 5.674087 5.459116 5.302737 5.190630 5.111337 5.055870 5.017285 4.990275 4.970786 4.955674 4.942395 4.928745 4.912621 4.891817 4.863841 4.825755 4.774038 4.704489 4.612177 4.491461 4.336111 4.139556 3.895287 3.597423 3.241448 2.825052 2.348994 1.817818 1.240240 0.628987 0.000000 
50.000000 45.324847 40.724825 36.271447 32.029270 28.053123 24.386064 21.058216 18.086481 15.475104 13.216938 11.295243 9.685812 8.359217 7.282994 6.423612 5.748128 5.225473 4.827349 4.528767 4.308266 4.147882 4.032934 3.951681 3.894921 3.855560 3.828198 3.808742 3.794059 3.781675 3.769517 3.755692 3.738294 3.715247 3.684170 3.642267 3.586259 3.512358 3.416299 3.293454 3.139042 2.948445 2.717638 2.443713 2.125455 1.763894 1.362734 0.928527 0.470507 0.000000 
50.000000 45.230819 40.538282 35.995337 31.667844 27.611734 23.870930 20.476162 17.444670 14.780786 12.477217 10.516887 8.875102 7.521842 6.423988 5.547335 4.858279 4.325125 3.919009 3.614439 3.389525 3.225949 3.108740 3.025933 2.968156 2.928201 2.900597 2.881224 2.866967 2.855421 2.844631 2.832889 2.818553 2.799906 2.775038 2.741760 2.697553 2.639551 2.564577 2.469243 2.350112 2.203942 2.028002 1.820436 1.580655 1.309689 1.010438 0.687749 0.348263 0.000000 
50.000000 45.156949 40.391728 35.778419 31.383901 27.264969 23.466232 20.018890 16.940454 14.235320 11.896084 9.905404 8.238203 6.863995 5.749150 4.858930 4.159213 3.617813 3.205420 2.896147 2.667771 2.501690 2.382710 2.298689 2.240127 2.199724 2.171958 2.152693 2.138837 2.128041 2.118457 2.108536 2.096858 2.082003 2.062453 2.036511 2.002266 1.957581 1.900121 1.827436 1.737083 1.626811 1.494778 1.339811 1.161667 0.961251 0.740771 0.503760 0.254953 0.000000 
50.000000 45.099854 40.278457 35.610764 31.164441 26.996956 23.153442 19.665467 16.550749 13.813735 11.446934 9.432797 7.745954 6.355557 5.227580 4.326877 3.618921 3.071150 2.653905 2.341001 2.109949 1.941935 1.821590 1.736638 1.677478 1.636744 1.608874 1.589726 1.576225 1.566077 1.557522 1.549141 1.539696 1.528012 1.512880 1.492997 1.466926 1.433091 1.389798 1.335296 1.267866 1.185957 1.088338 0.974275 0.843702 0.697362 0.536898 0.364850 0.184566 0.000000 
50.000000 45.056468 40.192382 35.483362 30.997674 26.793294 22.915754 19.396903 16.254615 13.493377 11.105629 9.073670 7.371901 5.969205 4.831250 3.922582 3.208367 2.655754 2.234825 1.919161 1.686078 1.516598 1.395219 1.309564 1.249956 1.208980 1.181048 1.162011 1.148814 1.139207 1.131501 1.124384 1.116763 1.107653 1.096090 1.081074 1.061532 1.036313 1.004198 0.963948 0.914366 0.854390 0.783205 0.700353 0.605854 0.500291 0.384861 0.261372 0.132169 0.000000 
50.000000 45.024100 40.128168 35.388317 30.873261 26.641356 22.738432 19.196548 16.033693 13.254384 10.851011 8.805756 7.092854 5.680981 4.535585 3.620975 2.902091 2.345867 1.922190 1.604468 1.369871 1.199299 1.077150 0.990974 0.931037 0.889888 0.861920 0.842983 0.830037 0.820867 0.813842 0.807731 0.801555 0.794476 0.785718 0.774507 0.760045 0.741492 0.717980 0.688637 0.652634 0.609252 0.557949 0.498447 0.430796 0.355441 0.273241 0.185469 0.093756 0.000000 
50.000000 45.000472 40.081291 35.318933 30.782439 26.530441 22.608988 19.050290 15.872421 13.079920 10.665141 8.610182 6.889152 5.470583 4.319754 3.400807 2.678515 2.119657 1.693974 1.374751 1.139049 0.967680 0.844972 0.758416 0.698244 0.656973 0.628987 0.610133 0.597386 0.588556 0.582059 0.576725 0.571660 0.566137 0.559516 0.551195 0.540572 0.527036 0.509967 0.488753 0.462823 0.431689 0.394994 0.352566 0.304468 0.251027 0.192856 0.130845 0.066124 0.000000 
50.000000 44.983720 40.048057 35.269742 30.718049 26.451806 22.517216 18.946597 15.758084 12.956231 10.533366 8.471526 6.744736 5.321418 4.166738 3.244717 2.520010 1.959284 1.532180 1.211892 0.975408 0.803475 0.680371 0.593549 0.533210 0.491857 0.463862 0.445074 0.432478 0.423905 0.417801 0.413044 0.408801 0.404424 0.399374 0.393168 0.385346 0.375456 0.363051 0.347698 0.329002 0.306627 0.280339 0.250031 0.215762 0.177774 0.136503 0.092574 0.046771 0.000000 
50.000000 44.972389 40.025578 35.236470 30.674497 26.398619 22.455143 18.876462 15.680750 12.872572 10.444238 8.377745 6.647058 5.220529 4.063245 3.139145 2.412804 1.850814 1.422749 1.101742 0.864729 0.692415 0.569043 0.482042 0.421592 0.380185 0.352187 0.333448 0.320959 0.312567 0.306740 0.302388 0.298720 0.295144 0.291187 0.286449 0.280565 0.273189 0.263990 0.252654 0.238898 0.222488 0.203264 0.181159 0.156225 0.128643 0.098729 0.066931 0.033808 0.000000 
50.000000 44.965414 40.011740 35.215989 30.647687 26.365877 22.416932 18.833288 15.633145 12.821072 10.389372 8.320015 6.586929 5.158424 3.999537 3.074157 2.346811 1.784044 1.355387 1.033937 0.796599 0.624050 0.500514 0.413402 0.352885 0.311445 0.283447 0.264740 0.252320 0.244043 0.238391 0.234295 0.230990 0.227918 0.224649 0.220831 0.216160 0.210354 0.203153 0.194312 0.183619 0.170898 0.156033 0.138980 0.119783 0.098585 0.075629 0.051255 0.025884 0.000000 
50.000000 44.962098 40.005162 35.206252 30.634942 26.350313 22.398768 18.812764 15.610514 12.796591 10.363291 8.292572 6.558346 5.128902 3.969252 3.043264 2.315440 1.752303 1.323365 1.001705 0.764212 0.591552 0.467938 0.380774 0.320225 0.278770 0.250772 0.232080 0.219694 0.211473 0.205906 0.201934 0.198804 0.195975 0.193036 0.189662 0.185572 0.180519 0.174274 0.166627 0.157396 0.146434 0.133645 0.118993 0.102521 0.084351 0.064693 0.043834 0.022134 0.000000 
50.000000 44.962098 40.005162 35.206252 30.634942 26.350313 22.398768 18.812764 15.610514 12.796591 10.363291 8.292572 6.558346 5.128902 3.969252 3.043264 2.315440 1.752303 1.323365 1.001705 0.764212 0.591552 0.467938 0.380774 0.320225 0.278770 0.250772 0.232080 0.219694 0.211473 0.205906 0.201934 0.198804 0.195975 0.193036 0.189662 0.185572 0.180519 0.174274 0.166627 0.157396 0.146434 0.133645 0.118993 0.102521 0.084351 0.064693 0.043834 0.022134 0.000000 
50.000000 44.965414 40.011740 35.215989 30.647687 26.365877 22.416932 18.833288 15.633145 12.821072 10.389372 8.320015 6.586929 5.158424 3.999537 3.074157 2.346811 1.784044 1.355387 1.033937 0.796599 0.624050 0.500514 0.413402 0.352885 0.311445 0.283447 0.264740 0.252320 0.244043 0.238391 0.234295 0.230990 0.227918 0.224649 0.220831 0.216160 0.210354 0.203153 0.194312 0.183619 0.170898 0.156033 0.138980 0.119783 0.098585 0.075629 0.051255 0.025884 0.000000 
50.000000 44.972389 40.025578 35.236470 30.674497 26.398619 22.455143 18.876462 15.680750 12.872572 10.444238 8.377745 6.647058 5.220529 4.063245 3.139145 2.412804 1.850814 1.422749 1.101742 0.864729 0.692415 0.569043 0.482042 0.421592 0.380185 0.352187 0.333448 0.320959 0.312567 0.306740 0.302388 0.298720 0.295144 0.291187 0.286449 0.280565 0.273189 0.263990 0.252654 0.238898 0.222488 0.203264 0.181159 0.156225 0.128643 0.098729 0.066931 0.033808 0.000000 
50.000000 44.983720 40.048057 35.269742 30.718049 26.451806 22.517216 18.946597 15.758084 12.956231 10.533366 8.471526 6.744736 5.321418 4.166738 3.244717 2.520010 1.959284 1.532180 1.211892 0.975408 0.803475 0.680371 0.593549 0.533210 0.491857 0.463862 0.445074 0.432478 0.423905 0.417801 0.413044 0.408801 0.404424 0.399374 0.393168 0.385346 0.375456 0.363051 0.347698 0.329002 0.306627 0.280339 0.250031 0.215762 0.177774 0.136503 0.092574 0.046771 0.000000 
50.000000 45.000472 40.081291 35.318933 30.782439 26.530441 22.608988 19.050290 15.872421 13.079920 10.665141 8.610182 6.889152 5.470583 4.319754 3.400807 2.678515 2.119657 1.693974 1.374751 1.139049 0.967680 0.844972 0.758416 0.698244 0.656973 0.628987 0.610133 0.597386 0.588556 0.582059 0.576725 0.571660 0.566137 0.559516 0.551195 0.540572 0.527036 0.509967 0.488753 0.462823 0.431689 0.394994 0.352566 0.304468 0.251027 0.192856 0.130845 0.066124 0.000000 
50.000000 45.024100 40.128168 35.388317 30.873261 26.641356 22.738432 19.196548 16.033693 13.254384 10.851011 8.805756 7.092854 5.680981 4.535585 3.620975 2.902091 2.345867 1.922190 1.604468 1.369871 1.199299 1.077150 0.990974 0.931037 0.889888 0.861920 0.842983 0.830037 0.820867 0.813842 0.807731 0.801555 0.794476 0.785718 0.774507 0.760045 0.741492 0.717980 0.688637 0.652634 0.609252 0.557949 0.498447 0.430796 0.355441 0.273241 0.185469 0.093756 0.000000 
50.000000 45.056468 40.192382 35.483362 30.997674 26.793294 22.915754 19.396903 16.254615 13.493377 11.105629 9.073670 7.371901 5.969205 4.831250 3.922582 3.208367 2.655754 2.234825 1.919161 1.686078 1.516598 1.395219 1.309564 1.249956 1.208980 1.181048 1.162011 1.148814 1.139207 1.131501 1.124384 1.116763 1.107653 1.096090 1.081074 1.061532 1.036313 1.004198 0.963948 0.914366 0.854390 0.783205 0.700353 0.605854 0.500291 0.384861 0.261372 0.132169 0.000000 
50.000000 45.099854 40.278457 35.610764 31.164441 26.996956 23.153442 19.665467 16.550749 13.813735 11.446934 9.432797 7.745954 6.355557 5.227580 4.326877 3.618921 3.071150 2.653905 2.341001 2.109949 1.941935 1.821590 1.736638 1.677478 1.636744 1.608874 1.589726 1.576225 1.566077 1.557522 1.549141 1.539696 1.528012 1.512880 1.492997 1.466926 1.433091 1.389798 1.335296 1.267866 1.185957 1.088338 0.974275 0.843702 0.697362 0.536898 0.364850 0.184566 0.000000 
50.000000 45.156949 40.391728 35.778419 31.383901 27.264969 23.466232 20.018890 16.940454 14.235320 11.896084 9.905404 8.238203 6.863995 5.749150 4.858930 4.159213 3.617813 3.205420 2.896147 2.667771 2.501690 2.382710 2.298689 2.240127 2.199724 2.171958 2.152693 2.138837 2.128041 2.118457 2.108536 2.096858 2.082003 2.062453 2.036511 2.002266 1.957581 1.900121 1.827436 1.737083 1.626811 1.494778 1.339811 1.161667 0.961251 0.740771 0.503760 0.254953 0.000000 
50.000000 45.230819 40.538282 35.995337 31.667844 27.611734 23.870930 20.476162 17.444670 14.780786 12.477217 10.516887 8.875102 7.521842 6.423988 5.547335 4.858279 4.325125 3.919009 3.614439 3.389525 3.225949 3.108740 3.025933 2.968156 2.928201 2.900597 2.881224 2.866967 2.855421 2.844631 2.832889 2.818553 2.799906 2.775038 2.741760 2.697553 2.639551 2.564577 2.469243 2.350112 2.203942 2.028002 1.820436 1.580655 1.309689 1.010438 0.687749 0.348263 0.000000 
50.000000 45.324847 40.724825 36.271447 32.029270 28.053123 24.386064 21.058216 18.086481 15.475104 13.216938 11.295243 9.685812 8.359217 7.282994 6.423612 5.748128 5.225473 4.827349 4.528767 4.308266 4.147882 4.032934 3.951681 3.894921 3.855560 3.828198 3.808742 3.794059 3.781675 3.769517 3.755692 3.738294 3.715247 3.684170 3.642267 3.586259 3.512358 3.416299 3.293454 3.139042 2.948445 2.717638 2.443713 2.125455 1.763894 1.362734 0.928527 0.470507 0.000000 
50.000000 45.442625 40.958489 36.617299 32.481989 28.606005 25.031321 21.787299 18.890417 16.344813 14.143520 12.270221 10.701320 9.408130 8.359005 7.521258 6.862777 6.353275 5.965166 5.674087 5.459116 5.302737 5.190630 5.111337 5.055870 5.017285 4.990275 4.970786 4.955674 4.942395 4.928745 4.912621 4.891817 4.863841 4.825755 4.774038 4.704489 4.612177 4.491461 4.336111 4.139556 3.895287 3.597423 3.241448 2.825052 2.348994 1.817818 1.240240 0.628987 0.000000 
50.000000 45.587816 41.246537 37.043649 33.040080 29.287573 25.826764 22.686081 19.881477 17.416957 15.285779 13.472145 11.953210 10.701203 9.685485 8.874413 8.236896 7.743611 7.367850 7.086026 6.877878 6.726442 6.617847 6.540987 6.487139 6.449548 6.423031 6.403593 6.388086 6.373902 6.358698 6.340146 6.315708 6.282427 6.236731 6.174262 6.089732 5.976834 5.828231 5.635667 5.390232 5.082853 4.705022 4.249791 3.712997 3.094582 2.399804 1.640011 0.832614 0.000000 
50.000000 45.763968 41.596010 37.560916 33.717181 30.114483 26.791835 23.776530 21.083884 18.717743 16.671634 14.930391 13.472081 12.270043 11.294862 10.516155 9.904076 9.430470 9.069695 8.799102 8.599237 8.453808 8.349487 8.275598 8.223744 8.187408 8.161561 8.142294 8.126475 8.111440 8.094709 8.073725 8.045602 8.006885 7.953311 7.879589 7.779197 7.644228 7.465316 7.231705 6.931502 6.552224 6.081689 5.509328 4.827907 4.035543 3.137721 2.148811 1.092418 0.000000 
50.000000 45.974299 42.013289 38.178547 34.525660 31.101839 27.944162 25.078564 22.519602 20.270932 18.326403 16.671601 15.285684 14.143315 13.216538 12.476482 11.894779 11.444675 11.101797 10.844620 10.654652 10.516404 10.417200 10.346882 10.297445 10.262662 10.237703 10.218774 10.202783 10.187029 10.168915 10.145664 10.114046 10.070101 10.008855 9.924027 9.807755 9.650343 9.440093 9.163264 8.804260 8.346168 7.771769 7.065181 6.214206 5.213339 4.067093 2.792900 1.422424 0.000000 
50.000000 46.221454 42.503628 38.904315 35.475692 32.262069 29.298247 26.608571 24.206703 22.096076 20.270915 18.717694 17.416850 16.344600 15.474708 14.780074 14.234071 13.811586 13.489744 13.248338 13.070006 12.940207 12.847034 12.780936 12.734381 12.701487 12.677671 12.659293 12.643335 12.627092 12.607876 12.582725 12.548098 12.499566 12.431464 12.336535 12.205544 12.026906 11.786360 11.466756 11.048070 10.507806 9.822015 8.967181 7.923271 6.678068 5.232549 3.606332 1.841205 0.000000 
50.000000 46.507266 43.070657 39.743597 36.574313 33.603765 30.864121 28.377885 26.157685 24.206695 22.519577 21.083829 19.881367 18.890210 18.086104 17.443999 16.939284 16.548744 16.251232 16.028068 15.863202 15.743185 15.657003 15.595815 15.552637 15.522001 15.499619 15.482052 15.466400 15.449995 15.430110 15.403651 15.366839 15.314855 15.241440 15.138455 14.995377 14.798772 14.531752 14.173494 13.698938 13.078858 12.280613 11.270048 10.015097 8.491703 6.692216 4.635364 2.374720 0.000000 
50.000000 46.832514 43.715926 40.698685 37.824526 35.130595 32.646065 30.391342 28.377881 26.608559 25.078537 23.776475 22.685977 21.787105 21.057868 20.475545 20.017819 19.663636 19.393816 19.191418 19.041884 18.933011 18.854805 18.799235 18.759948 18.731958 18.711329 18.694877 18.679866 18.663725 18.643751 18.616808 18.578982 18.525205 18.448797 18.340948 18.190090 17.981184 17.694915 17.306840 16.786585 16.097291 15.195678 14.033368 12.560501 10.733025 8.525053 5.946429 3.061748 0.000000 
50.000000 47.196733 44.438513 41.768213 39.224543 36.840375 34.641528 32.646063 30.864116 29.298234 27.944135 26.791784 25.826669 25.031147 24.385752 23.870380 23.465278 23.151812 22.913008 22.733871 22.601513 22.505132 22.435877 22.386629 22.351751 22.326804 22.308267 22.293262 22.279280 22.263909 22.244559 22.218158 22.180807 22.127385 22.051055 21.942674 21.790058 21.577079 21.282568 20.879016 20.331087 19.594088 18.612706 17.320767 15.643465 13.504645 10.842982 7.640868 3.964814 0.000000 
50.000000 47.598074 45.234744 42.946748 40.767250 38.724419 36.840374 35.130593 33.603759 32.262057 31.101816 30.114438 29.287490 28.605854 28.052853 27.611260 27.264148 26.995554 26.790931 26.637431 26.524009 26.441406 26.382033 26.339783 26.309813 26.288299 26.272194 26.258985 26.246449 26.232412 26.214490 26.189808 26.154663 26.104129 26.031558 25.927943 25.781110 25.574664 25.286626 24.887662 24.338814 23.588678 22.570100 21.196914 19.362211 16.941799 13.810370 9.882893 5.193760 0.000000 
50.000000 48.033239 46.098082 44.224609 42.439977 40.767250 39.224542 37.824524 36.574308 35.475682 34.525640 33.717144 33.040012 32.481865 32.029048 31.667455 31.383226 31.163289 30.995733 30.870036 30.777153 30.709501 30.660861 30.626228 30.601626 30.583910 30.570563 30.559493 30.548826 30.536702 30.521048 30.499327 30.468234 30.423327 30.358548 30.265600 30.133123 29.945570 29.681679 29.312343 28.797636 28.082617 27.091506 25.719901 23.825453 21.219989 17.673132 12.953680 6.961158 0.000000 
50.000000 48.497516 47.019176 45.587958 44.224609 42.946748 41.768212 40.698683 39.743593 38.904307 38.178531 37.560887 37.043596 36.617204 36.271276 35.995039 35.777902 35.609881 35.481875 35.385846 35.314883 35.263192 35.226019 35.199538 35.180705 35.167109 35.156812 35.148194 35.139791 35.130129 35.117547 35.099989 35.074750 35.038166 34.985199 34.908885 34.799578 34.643900 34.423225 34.111470 33.671776 33.051386 32.173635 30.925233 29.136379 26.551477 22.793979 17.355292 9.726302 0.000000 
50.000000 48.984906 47.986122 47.019176 46.098082 45.234744 44.438512 43.715925 43.070654 42.503623 42.013279 41.595990 41.246501 40.958424 40.724710 40.538079 40.391378 40.277860 40.191376 40.126496 40.078549 40.043621 40.018500 40.000597 39.987853 39.978636 39.971629 39.965725 39.959919 39.953189 39.944372 39.932017 39.914206 39.888319 39.850735 39.796414 39.718315 39.606563 39.447219 39.220400 38.897302 38.435297 37.769499 36.797646 35.351852 33.144402 29.663883 23.993061 14.611872 0.000000 
50.000000 49.488342 48.984906 48.497516 48.033239 47.598074 47.196733 46.832513 46.507264 46.221451 45.974293 45.763959 45.587798 45.442593 45.324789 45.230717 45.156772 45.099553 45.055960 45.023256 44.999088 44.981481 44.968816 44.959789 44.953359 44.948704 44.945156 44.942155 44.939188 44.935732 44.931189 44.924807 44.915590 44.902172 44.882658 44.854399 44.813671 44.755221 44.671561 44.551880 44.380252 44.132547 43.770767 43.231920 42.404314 41.072082 38.771214 34.373034 24.744171 0.000000 
50.000000 50.000000 50.000000 50.000000 50.000000 50.000000 50.000000 50.000000 50.000000 50.000000 50.000000 50.000000 50.000000 50.000000 50.000000 50.000000 50.000000 50.000000 50.000000 50.000000 50.000000 50.000000 50.000000 50.000000 50.000000 50.000000 50.000000 50.000000 50.000000 50.000000 50.000000 50.000000 50.000000 50.000000 50.000000 50.000000 50.000000 50.000000 50.000000 50.000000 50.000000 50.000000 50.000000 50.000000 50.000000 50.000000 50.000000 50.000000 50.000000 50.000000 
