50.000000 50.000000 50.000000 50.000000 50.000000 50.000000 50.000000 50.000000 50.000000 50.000000 50.000000 50.000000 50.000000 50.000000 50.000000 50.000000 50.000000 50.000000 50.000000 50.000000 50.000000 50.000000 50.000000 50.000000 50.000000 50.000000 50.000000 50.000000 50.000000 50.000000 50.000000 50.000000 50.000000 50.000000 50.000000 50.000000 50.000000 50.000000 50.000000 50.000000 50.000000 50.000000 50.000000 50.000000 50.000000 50.000000 50.000000 50.000000 50.000000 50.000000 
50.000000 49.838439 49.677697 49.518578 49.361861 49.208290 49.058558 48.913301 48.773085 48.638405 48.509674 48.387221 48.271289 48.162032 48.059517 47.963725 47.874553 47.791817 47.715257 47.644538 47.579253 47.518929 47.463024 47.410928 47.361961 47.315368 47.270307 47.225839 47.180908 47.134310 47.084662 47.030344 46.969434 46.899610 46.818008 46.721031 46.604063 46.461036 46.283772 46.060927 45.776233 45.405445 44.910700 44.229413 43.250576 41.759279 39.292730 34.723688 24.920404 0.000000 
50.000000 49.677748 49.357127 49.039745 48.727156 48.420841 48.122183 47.832450 47.552776 47.284143 47.027378 46.783137 46.551905 46.333989 46.129524 45.938473 45.760632 45.595636 45.442966 45.301957 45.171803 45.051562 44.940157 44.836381 44.738884 44.646171 44.556579 44.468253 44.379110 44.286786 44.188565 44.081283 43.961193 43.823787 43.663537 43.473535 43.244974 42.966384 42.622464 42.192280 41.646357 40.941838 40.014108 38.761699 37.018074 34.497402 30.690654 24.683425 14.958835 0.000000 
50.000000 49.518783 49.040003 48.566059 48.099272 47.641856 47.195875 46.763224 46.345593 45.944454 45.561040 45.196331 44.851052 44.525665 44.220373 43.935122 43.669610 43.423296 43.195410 42.984965 42.790764 42.611410 42.445309 42.290671 42.145505 42.007603 41.874516 41.743522 41.611570 41.475213 41.330505 41.172871 40.996929 40.796238 40.562967 40.287418 39.957365 39.557091 39.065982 38.456423 37.690571 36.715340 35.454451 33.795782 31.571493 28.528733 24.294432 18.364116 10.233308 0.000000 
50.000000 49.362381 48.727991 48.100009 47.481513 46.875433 46.284507 45.711245 45.157889 44.626389 44.118379 43.635162 43.177698 42.746603 42.342148 41.964266 41.612562 41.286327 40.984548 40.705927 40.448893 40.211611 39.991994 39.787697 39.596118 39.414380 39.239302 39.067358 38.894613 38.716644 38.528415 38.324129 38.097012 37.839037 37.540539 37.189699 36.771827 36.268372 35.655513 34.902174 33.967168 32.795128 31.310772 29.411193 26.956554 23.762197 19.602199 14.250630 7.612952 0.000000 
50.000000 49.209345 48.422695 47.643991 46.877051 46.125509 45.392762 44.681922 43.995770 43.336726 42.706819 42.107666 41.540460 41.005970 40.504536 40.036081 39.600126 39.195798 38.821856 38.476707 38.158423 37.864757 37.593152 37.340748 37.104372 36.880531 36.665373 36.454650 36.243645 36.027085 35.799012 35.552621 35.280037 34.972026 34.617614 34.203573 33.713749 33.128153 32.421755 31.562869 30.511037 29.214345 27.606233 25.602306 23.098641 19.975219 16.112017 11.430259 5.971380 0.000000 
50.000000 49.060437 48.125634 47.200275 46.288897 45.395820 44.525082 43.680381 42.865026 42.081893 41.333396 40.621459 39.947506 39.312455 38.716717 38.160211 37.642375 37.162190 36.718198 36.308528 35.930918 35.582735 35.260989 34.962340 34.683097 34.419205 34.166218 33.919251 33.672919 33.421239 33.157509 32.874144 32.562465 32.212421 31.812234 31.347950 30.802855 30.156735 29.384961 28.457353 27.336877 25.978259 24.326856 22.318493 19.881724 16.945101 13.453249 9.395607 4.846615 0.000000 
50.000000 48.916369 47.838229 46.770982 45.719864 44.689856 43.685618 42.711416 41.771068 40.867895 40.004684 39.183659 38.406468 37.674176 36.987266 36.345657 35.748715 35.195283 34.683703 34.211846 33.777143 33.376603 33.006838 32.664074 32.344152 32.042521 31.754214 31.473809 31.195360 30.912322 30.617424 30.302528 29.958429 29.574619 29.138977 28.637402 28.053356 27.367327 26.556212 25.592651 24.444417 23.074015 21.438884 19.492813 17.189587 14.490249 11.375360 7.862394 4.024527 0.000000 
50.000000 48.777798 47.561789 46.358070 45.172544 44.010833 42.878193 41.779439 40.718880 39.700265 38.726740 37.800821 36.924372 36.098603 35.324072 34.600700 33.927791 33.304062 32.727671 32.196256 31.706962 31.256476 30.841049 30.456518 30.098311 29.761445 29.440512 29.129640 28.822442 28.511941 28.190470 27.849537 27.479668 27.070203 26.609055 26.082431 25.474511 24.767099 23.939280 22.967140 21.823648 20.478898 18.901004 17.058080 14.921890 12.473724 9.712697 6.665545 3.394840 0.000000 
50.000000 48.645318 47.297502 45.963309 44.649286 43.361666 42.106275 40.888453 39.712980 38.584015 37.505050 36.478880 35.507580 34.592502 33.734277 32.932834 32.187423 31.496649 30.858505 30.270413 29.729265 29.231454 28.772913 28.349134 27.955185 27.585717 27.234953 26.896662 26.564120 26.230045 25.886519 25.524878 25.135586 24.708077 24.230586 23.689948 23.071408 22.358430 21.532575 20.573486 19.459094 18.166194 16.671595 14.954103 12.997596 10.795325 8.355183 5.704966 2.895659 0.000000 
50.000000 48.519459 47.046424 45.588281 44.152185 42.744952 41.372952 40.042023 38.757392 37.523611 36.344501 35.223125 34.161760 33.161895 32.224236 31.348723 30.534562 29.780258 29.083655 28.441987 27.851914 27.309573 26.810612 26.350226 25.923176 25.523804 25.146037 24.783366 24.428823 24.074931 23.713648 23.336282 22.933397 22.494709 22.008966 21.463836 20.845810 20.140142 19.330879 18.401018 17.332881 16.108821 14.712365 13.129944 11.353267 9.382293 7.228442 4.917316 2.489760 0.000000 
50.000000 48.400686 46.809481 45.234367 43.683074 42.162966 40.680927 39.243268 37.855639 36.522961 35.249370 34.038181 32.891866 31.812046 30.799500 29.854186 28.975271 28.161175 27.409611 26.717643 26.081731 25.497784 24.961205 24.466931 24.009466 23.582902 23.180929 22.796834 22.423486 22.053306 21.678227 21.289640 20.878333 20.434422 19.947291 19.405538 18.796955 18.108566 17.326742 16.437456 15.426730 14.281326 12.989776 11.543765 9.939884 8.181597 6.281154 4.260921 2.153490 0.000000 
50.000000 48.289397 46.587469 44.902754 43.243525 41.617657 40.032520 38.494864 37.010739 35.585413 34.223318 32.928008 31.702139 30.547458 29.464817 28.454194 27.514727 26.644761 25.841897 25.103049 24.424502 23.801968 23.230638 22.705234 22.220046 21.768964 21.345500 20.942797 20.553628 20.170384 19.785053 19.389189 18.973881 18.529720 18.046777 17.514604 16.922263 16.258422 15.511526 14.670086 13.723122 12.660793 11.475252 10.161707 8.719666 7.154212 5.477111 3.707400 1.871132 0.000000 
50.000000 48.185925 46.381052 44.594437 42.834854 41.110661 39.429672 37.799053 36.225223 34.713774 33.269415 31.895923 30.596128 29.371898 28.224155 27.152900 26.157249 25.235483 24.385107 23.602906 22.885013 22.226970 21.623792 21.070019 20.559766 20.086767 19.644403 19.225722 18.823456 18.430022 18.037518 17.637712 17.222041 16.781600 16.307155 15.789177 15.217909 14.583490 13.876149 13.086493 12.205912 11.227119 10.144825 8.956537 7.663410 6.271067 4.790211 3.236836 1.631850 0.000000 
50.000000 48.090544 46.190774 44.310227 42.458140 40.643311 38.873971 37.157665 35.501154 33.910332 32.390162 30.944631 29.576727 28.288434 27.080743 25.953678 24.906340 23.936959 23.042954 22.221002 21.467106 20.776666 20.144546 19.565137 19.032417 18.539998 18.081168 17.648925 17.235999 16.834872 16.437786 16.036756 15.623581 15.189860 14.727027 14.226405 13.679295 13.077111 12.411577 11.674992 10.860581 9.962938 8.978549 7.906368 6.748401 5.510215 4.201258 2.834878 1.427943 0.000000 
50.000000 48.003468 46.017067 44.050769 42.114235 40.216667 38.366674 36.572151 34.840170 33.176901 31.587540 30.076268 28.646221 27.299489 26.037127 24.859186 23.764755 22.752023 21.818340 20.960288 20.173761 19.454040 18.795863 18.193504 17.640829 17.131362 16.658330 16.214709 15.793257 15.386547 14.986987 14.586846 14.178284 13.753380 13.304185 12.822786 12.301407 11.732544 11.109146 10.424851 9.674282 8.853398 7.959886 6.993579 5.956839 4.854872 3.695871 2.490952 1.253793 0.000000 
50.000000 47.924865 45.860261 43.816555 41.803791 39.831537 37.908743 36.043617 34.243518 32.514863 30.863061 29.292466 27.806351 26.406904 25.095239 23.871435 22.734575 21.682813 20.713440 19.822963 19.007185 18.261284 17.579900 16.957209 16.386994 15.862713 15.377558 14.924505 14.496362 14.085803 13.685410 13.287703 12.885184 12.470373 12.035875 11.574447 11.079099 10.543224 9.960759 9.326388 8.635782 7.885874 7.075149 6.203938 5.274668 4.292047 3.263111 2.197113 1.105218 0.000000 
50.000000 47.854854 45.720595 43.607945 41.527286 39.488511 37.500877 35.572873 33.712110 31.925226 30.217823 28.594409 27.058380 25.612012 24.256477 22.991876 21.817293 20.730854 19.729803 18.810582 17.968919 17.199911 16.498117 15.857636 15.272187 14.735184 14.239802 13.779031 13.345739 12.932708 12.532690 12.138442 11.742776 11.338612 10.919034 10.477374 10.007300 9.502936 8.959004 8.370992 7.735350 7.049693 6.313021 5.525919 4.690718 3.811589 2.894543 1.947304 0.979046 0.000000 
50.000000 47.793518 45.598238 43.425186 41.285047 39.187998 37.143562 35.160476 33.246571 31.408684 29.652581 27.982909 26.403172 24.915724 23.521788 22.221490 21.013914 19.897165 18.868449 17.924156 17.059952 16.270871 15.551404 14.895591 14.297107 13.749333 13.245440 12.778444 12.341274 11.926821 11.527993 11.137762 10.749220 10.355627 9.950485 9.527601 9.081185 8.605946 8.097222 7.551114 6.964636 6.335881 5.664167 4.950182 4.196076 3.405506 2.583605 1.736849 0.872844 0.000000 
50.000000 47.740912 45.493294 43.268438 41.077283 38.930254 36.837102 34.806776 32.847298 30.965673 29.167809 27.458474 25.841265 24.318603 22.891758 21.560877 20.325046 19.182355 18.129978 17.164266 16.280835 15.474666 14.740201 14.071434 13.462004 12.905277 12.394424 11.922492 11.482471 11.067351 10.670182 10.284125 9.902508 9.518887 9.127103 8.721359 8.296296 7.847089 7.369547 6.860230 6.316562 5.736959 5.120929 4.469171 3.783628 3.067493 2.325164 1.562119 0.784729 0.000000 
50.000000 47.697064 45.405822 43.137786 40.904112 38.715424 36.581670 34.511971 32.514511 30.596433 28.763769 27.021383 25.372952 23.820955 22.366699 21.010351 19.751000 18.586725 17.514677 16.531174 15.631793 14.811475 14.064624 13.385199 12.766816 12.202830 11.686419 11.210660 10.768599 10.353314 9.957976 9.575905 9.200628 8.825939 8.445959 8.055201 7.648649 7.221834 6.770923 6.292812 5.785219 5.246770 4.677085 4.076824 3.447726 2.792589 2.115214 1.420294 0.713246 0.000000 
50.000000 47.661988 45.335848 43.033272 40.765583 38.543572 36.377337 34.276144 32.248302 30.301069 28.440569 26.671751 24.998351 23.422897 21.946726 20.570023 19.291879 18.110364 17.022613 16.024918 15.112830 14.281257 13.524574 12.836717 12.211285 11.641626 11.120930 10.642299 10.198828 9.783666 9.390085 9.011532 8.641692 8.274548 7.904436 7.526110 7.134811 6.726338 6.297121 5.844298 5.365786 4.860354 4.327673 3.768353 3.183948 2.576939 1.950662 1.309209 0.657279 0.000000 
50.000000 47.635685 45.283378 42.954901 40.661706 38.414708 36.224119 34.099310 32.048688 30.079593 28.198225 26.409589 24.717471 23.124434 21.631838 20.239881 18.947657 17.753231 16.653724 15.645413 14.723825 13.883850 13.119840 12.425716 11.795064 11.221232 10.697416 10.216743 9.772343 9.357424 8.965329 8.589605 8.224054 7.862796 7.500325 7.131572 6.751962 6.357484 5.944749 5.511062 5.054475 4.573843 4.068861 3.540085 2.988927 2.417625 1.829176 1.227236 0.615992 0.000000 
50.000000 47.618154 45.248406 42.902665 40.592471 38.328818 36.121996 33.981448 31.915643 29.931978 28.036701 26.234858 24.530266 22.925512 21.421972 20.019853 18.718251 17.515227 16.407895 15.392519 14.464614 13.619057 12.850186 12.151910 11.517812 10.941236 10.415386 9.933405 9.488448 9.073761 8.682738 8.308989 7.946395 7.589168 7.231905 6.869649 6.497946 6.112905 5.711254 5.290400 4.848478 4.384392 3.897845 3.389352 2.860227 2.312546 1.749082 1.173210 0.588786 0.000000 
50.000000 47.609390 45.230923 42.876551 40.557859 38.285880 36.070944 33.922527 31.849132 29.858183 27.955953 26.147508 24.436681 22.826071 21.317061 19.909863 18.603574 17.396254 16.285013 15.266109 14.335051 13.486708 12.715413 12.015071 11.379259 10.801323 10.274470 9.791850 9.346634 8.932084 8.541621 8.168887 7.807801 7.452620 7.097994 6.739021 6.371306 5.991015 5.594933 5.180518 4.745941 4.290130 3.812791 3.314415 2.796267 2.260341 1.709301 1.146381 0.575278 0.000000 
50.000000 47.609390 45.230923 42.876551 40.557859 38.285880 36.070944 33.922527 31.849132 29.858183 27.955953 26.147508 24.436681 22.826071 21.317061 19.909863 18.603574 17.396254 16.285013 15.266109 14.335051 13.486708 12.715413 12.015071 11.379259 10.801323 10.274470 9.791850 9.346634 8.932084 8.541621 8.168887 7.807801 7.452620 7.097994 6.739021 6.371306 5.991015 5.594933 5.180518 4.745941 4.290130 3.812791 3.314415 2.796267 2.260341 1.709301 1.146381 0.575278 0.000000 
50.000000 47.618154 45.248406 42.902665 40.592471 38.328818 36.121996 33.981448 31.915643 29.931978 28.036701 26.234858 24.530266 22.925512 21.421972 20.019853 18.718251 17.515227 16.407895 15.392519 14.464614 13.619057 12.850186 12.151910 11.517812 10.941236 10.415386 9.933405 9.488448 9.073761 8.682738 8.308989 7.946395 7.589168 7.231905 6.869649 6.497946 6.112905 5.711254 5.290400 4.848478 4.384392 3.897845 3.389352 2.860227 2.312546 1.749082 1.173210 0.588786 0.000000 
50.000000 47.635685 45.283378 42.954901 40.661706 38.414708 36.224119 34.099310 32.048688 30.079593 28.198225 26.409589 24.717471 23.124434 21.631838 20.239881 18.947657 17.753231 16.653724 15.645413 14.723825 13.883850 13.119840 12.425716 11.795064 11.221232 10.697416 10.216743 9.772343 9.357424 8.965329 8.589605 8.224054 7.862796 7.500325 7.131572 6.751962 6.357484 5.944749 5.511062 5.054475 4.573843 4.068861 3.540085 2.988927 2.417625 1.829176 1.227236 0.615992 0.000000 
50.000000 47.661988 45.335848 43.033272 40.765583 38.543572 36.377337 34.276144 32.248302 30.301069 28.440569 26.671751 24.998351 23.422897 21.946726 20.570023 19.291879 18.110364 17.022613 16.024918 15.112830 14.281257 13.524574 12.836717 12.211285 11.641626 11.120930 10.642299 10.198828 9.783666 9.390085 9.011532 8.641692 8.274548 7.904436 7.526110 7.134811 6.726338 6.297121 5.844298 5.365786 4.860354 4.327673 3.768353 3.183948 2.576939 1.950662 1.309209 0.657279 0.000000 
50.000000 47.697064 45.405822 43.137786 40.904112 38.715424 36.581670 34.511971 32.514511 30.596433 28.763769 27.021383 25.372952 23.820955 22.366699 21.010351 19.751000 18.586725 17.514677 16.531174 15.631793 14.811475 14.064624 13.385199 12.766816 12.202830 11.686419 11.210660 10.768599 10.353314 9.957976 9.575905 9.200628 8.825939 8.445959 8.055201 7.648649 7.221834 6.770923 6.292812 5.785219 5.246770 4.677085 4.076824 3.447726 2.792589 2.115214 1.420294 0.713246 0.000000 
50.000000 47.740912 45.493294 43.268438 41.077283 38.930254 36.837102 34.806776 32.847298 30.965673 29.167809 27.458474 25.841265 24.318603 22.891758 21.560877 20.325046 19.182355 18.129978 17.164266 16.280835 15.474666 14.740201 14.071434 13.462004 12.905277 12.394424 11.922492 11.482471 11.067351 10.670182 10.284125 9.902508 9.518887 9.127103 8.721359 8.296296 7.847089 7.369547 6.860230 6.316562 5.736959 5.120929 4.469171 3.783628 3.067493 2.325164 1.562119 0.784729 0.000000 
50.000000 47.793518 45.598238 43.425186 41.285047 39.187998 37.143562 35.160476 33.246571 31.408684 29.652581 27.982909 26.403172 24.915724 23.521788 22.221490 21.013914 19.897165 18.868449 17.924156 17.059952 16.270871 15.551404 14.895591 14.297107 13.749333 13.245440 12.778444 12.341274 11.926821 11.527993 11.137762 10.749220 10.355627 9.950485 9.527601 9.081185 8.605946 8.097222 7.551114 6.964636 6.335881 5.664167 4.950182 4.196076 3.405506 2.583605 1.736849 0.872844 0.000000 
50.000000 47.854854 45.720595 43.607945 41.527286 39.488511 37.500877 35.572873 33.712110 31.925226 30.217823 28.594409 27.058380 25.612012 24.256477 22.991876 21.817293 20.730854 19.729803 18.810582 17.968919 17.199911 16.498117 15.857636 15.272187 14.735184 14.239802 13.779031 13.345739 12.932708 12.532690 12.138442 11.742776 11.338612 10.919034 10.477374 10.007300 9.502936 8.959004 8.370992 7.735350 7.049693 6.313021 5.525919 4.690718 3.811589 2.894543 1.947304 0.979046 0.000000 
50.000000 47.924865 45.860261 43.816555 41.803791 39.831537 37.908743 36.043617 34.243518 32.514863 30.863061 29.292466 27.806351 26.406904 25.095239 23.871435 22.734575 21.682813 20.713440 19.822963 19.007185 18.261284 17.579900 16.957209 16.386994 15.862713 15.377558 14.924505 14.496362 14.085803 13.685410 13.287703 12.885184 12.470373 12.035875 11.574447 11.079099 10.543224 9.960759 9.326388 8.635782 7.885874 7.075149 6.203938 5.274668 4.292047 3.263111 2.197113 1.105218 0.000000 
50.000000 48.003468 46.017067 44.050769 42.114235 40.216667 38.366674 36.572151 34.840170 33.176901 31.587540 30.076268 28.646221 27.299489 26.037127 24.859186 23.764755 22.752023 21.818340 20.960288 20.173761 19.454040 18.795863 18.193504 17.640829 17.131362 16.658330 16.214709 15.793257 15.386547 14.986987 14.586846 14.178284 13.753380 13.304185 12.822786 12.301407 11.732544 11.109146 10.424851 9.674282 8.853398 7.959886 6.993579 5.956839 4.854872 3.695871 2.490952 1.253793 0.000000 
50.000000 48.090544 46.190774 44.310227 42.458140 40.643311 38.873971 37.157665 35.501154 33.910332 32.390162 30.944631 29.576727 28.288434 27.080743 25.953678 24.906340 23.936959 23.042954 22.221002 21.467106 20.776666 20.144546 19.565137 19.032417 18.539998 18.081168 17.648925 17.235999 16.834872 16.437786 16.036756 15.623581 15.189860 14.727027 14.226405 13.679295 13.077111 12.411577 11.674992 10.860581 9.962938 8.978549 7.906368 6.748401 5.510215 4.201258 2.834878 1.427943 0.000000 
50.000000 48.185925 46.381052 44.594437 42.834854 41.110661 39.429672 37.799053 36.225223 34.713774 33.269415 31.895923 30.596128 29.371898 28.224155 27.152900 26.157249 25.235483 24.385107 23.602906 22.885013 22.226970 21.623792 21.070019 20.559766 20.086767 19.644403 19.225722 18.823456 18.430022 18.037518 17.637712 17.222041 16.781600 16.307155 15.789177 15.217909 14.583490 13.876149 13.086493 12.205912 11.227119 10.144825 8.956537 7.663410 6.271067 4.790211 3.236836 1.631850 0.000000 
50.000000 48.289397 46.587469 44.902754 43.243525 41.617657 40.032520 38.494864 37.010739 35.585413 34.223318 32.928008 31.702139 30.547458 29.464817 28.454194 27.514727 26.644761 25.841897 25.103049 24.424502 23.801968 23.230638 22.705234 22.220046 21.768964 21.345500 20.942797 20.553628 20.170384 19.785053 19.389189 18.973881 18.529720 18.046777 17.514604 16.922263 16.258422 15.511526 14.670086 13.723122 12.660793 11.475252 10.161707 8.719666 7.154212 5.477111 3.707400 1.871132 0.000000 
50.000000 48.400686 46.809481 45.234367 43.683074 42.162966 40.680927 39.243268 37.855639 36.522961 35.249370 34.038181 32.891866 31.812046 30.799500 29.854186 28.975271 28.161175 27.409611 26.717643 26.081731 25.497784 24.961205 24.466931 24.009466 23.582902 23.180929 22.796834 22.423486 22.053306 21.678227 21.289640 20.878333 20.434422 19.947291 19.405538 18.796955 18.108566 17.326742 16.437456 15.426730 14.281326 12.989776 11.543765 9.939884 8.181597 6.281154 4.260921 2.153490 0.000000 
50.000000 48.519459 47.046424 45.588281 44.152185 42.744952 41.372952 40.042023 38.757392 37.523611 36.344501 35.223125 34.161760 33.161895 32.224236 31.348723 30.534562 29.780258 29.083655 28.441987 27.851914 27.309573 26.810612 26.350226 25.923176 25.523804 25.146037 24.783366 24.428823 24.074931 23.713648 23.336282 22.933397 22.494709 22.008966 21.463836 20.845810 20.140142 19.330879 18.401018 17.332881 16.108821 14.712365 13.129944 11.353267 9.382293 7.228442 4.917316 2.489760 0.000000 
50.000000 48.645318 47.297502 45.963309 44.649286 43.361666 42.106275 40.888453 39.712980 38.584015 37.505050 36.478880 35.507580 34.592502 33.734277 32.932834 32.187423 31.496649 30.858505 30.270413 29.729265 29.231454 28.772913 28.349134 27.955185 27.585717 27.234953 26.896662 26.564120 26.230045 25.886519 25.524878 25.135586 24.708077 24.230586 23.689948 23.071408 22.358430 21.532575 20.573486 19.459094 18.166194 16.671595 14.954103 12.997596 10.795325 8.355183 5.704966 2.895659 0.000000 
50.000000 48.777798 47.561789 46.358070 45.172544 44.010833 42.878193 41.779439 40.718880 39.700265 38.726740 37.800821 36.924372 36.098603 35.324072 34.600700 33.927791 33.304062 32.727671 32.196256 31.706962 31.256476 30.841049 30.456518 30.098311 29.761445 29.440512 29.129640 28.822442 28.511941 28.190470 27.849537 27.479668 27.070203 26.609055 26.082431 25.474511 24.767099 23.939280 22.967140 21.823648 20.478898 18.901004 17.058080 14.921890 12.473724 9.712697 6.665545 3.394840 0.000000 
50.000000 48.916369 47.838229 46.770982 45.719864 44.689856 43.685618 42.711416 41.771068 40.867895 40.004684 39.183659 38.406468 37.674176 36.987266 36.345657 35.748715 35.195283 34.683703 34.211846 33.777143 33.376603 33.006838 32.664074 32.344152 32.042521 31.754214 31.473809 31.195360 30.912322 30.617424 30.302528 29.958429 29.574619 29.138977 28.637402 28.053356 27.367327 26.556212 25.592651 24.444417 23.074015 21.438884 19.492813 17.189587 14.490249 11.375360 7.862394 4.024527 0.000000 
50.000000 49.060437 48.125634 47.200275 46.288897 45.395820 44.525082 43.680381 42.865026 42.081893 41.333396 40.621459 39.947506 39.312455 38.716717 38.160211 37.642375 37.162190 36.718198 36.308528 35.930918 35.582735 35.260989 34.962340 34.683097 34.419205 34.166218 33.919251 33.672919 33.421239 33.157509 32.874144 32.562465 32.212421 31.812234 31.347950 30.802855 30.156735 29.384961 28.457353 27.336877 25.978259 24.326856 22.318493 19.881724 16.945101 13.453249 9.395607 4.846615 0.000000 
50.000000 49.209345 48.422695 47.643991 46.877051 46.125509 45.392762 44.681922 43.995770 43.336726 42.706819 42.107666 41.540460 41.005970 40.504536 40.036081 39.600126 39.195798 38.821856 38.476707 38.158423 37.864757 37.593152 37.340748 37.104372 36.880531 36.665373 36.454650 36.243645 36.027085 35.799012 35.552621 35.280037 34.972026 34.617614 34.203573 33.713749 33.128153 32.421755 31.562869 30.511037 29.214345 27.606233 25.602306 23.098641 19.975219 16.112017 11.430259 5.971380 0.000000 
50.000000 49.362381 48.727991 48.100009 47.481513 46.875433 46.284507 45.711245 45.157889 44.626389 44.118379 43.635162 43.177698 42.746603 42.342148 41.964266 41.612562 41.286327 40.984548 40.705927 40.448893 40.211611 39.991994 39.787697 39.596118 39.414380 39.239302 39.067358 38.894613 38.716644 38.528415 38.324129 38.097012 37.839037 37.540539 37.189699 36.771827 36.268372 35.655513 34.902174 33.967168 32.795128 31.310772 29.411193 26.956554 23.762197 19.602199 14.250630 7.612952 0.000000 
50.000000 49.518783 49.040003 48.566059 48.099272 47.641856 47.195875 46.763224 46.345593 45.944454 45.561040 45.196331 44.851052 44.525665 44.220373 43.935122 43.669610 43.423296 43.195410 42.984965 42.790764 42.611410 42.445309 42.290671 42.145505 42.007603 41.874516 41.743522 41.611570 41.475213 41.330505 41.172871 40.996929 40.796238 40.562967 40.287418 39.957365 39.557091 39.065982 38.456423 37.690571 36.715340 35.454451 33.795782 31.571493 28.528733 24.294432 18.364116 10.233308 0.000000 
50.000000 49.677748 49.357127 49.039745 48.727156 48.420841 48.122183 47.832450 47.552776 47.284143 47.027378 46.783137 46.551905 46.333989 46.129524 45.938473 45.760632 45.595636 45.442966 45.301957 45.171803 45.051562 44.940157 44.836381 44.738884 44.646171 44.556579 44.468253 44.379110 44.286786 44.188565 44.081283 43.961193 43.823787 43.663537 43.473535 43.244974 42.966384 42.622464 42.192280 41.646357 40.941838 40.014108 38.761699 37.018074 34.497402 30.690654 24.683425 14.958835 0.000000 
50.000000 49.838439 49.677697 49.518578 49.361861 49.208290 49.058558 48.913301 48.773085 48.638405 48.509674 48.387221 48.271289 48.162032 48.059517 47.963725 47.874553 47.791817 47.715257 47.644538 47.579253 47.518929 47.463024 47.410928 47.361961 47.315368 47.270307 47.225839 47.180908 47.134310 47.084662 47.030344 46.969434 46.899610 46.818008 46.721031 46.604063 46.461036 46.283772 46.060927 45.776233 45.405445 44.910700 44.229413 43.250576 41.759279 39.292730 34.723688 24.920404 0.000000 
50.000000 50.000000 50.000000 50.000000 50.000000 50.000000 50.000000 50.000000 50.000000 50.000000 50.000000 50.000000 50.000000 50.000000 50.000000 50.000000 50.000000 50.000000 50.000000 50.000000 50.000000 50.000000 50.000000 50.000000 50.000000 50.000000 50.000000 50.000000 50.000000 50.000000 50.000000 50.000000 50.000000 50.000000 50.000000 50.000000 50.000000 50.000000 50.000000 50.000000 50.000000 50.000000 50.000000 50.000000 50.000000 50.000000 50.000000 50.000000 50.000000 50.000000 
