50.000000 50.000000 50.000000 50.000000 50.000000 50.000000 50.000000 50.000000 50.000000 50.000000 50.000000 50.000000 50.000000 50.000000 50.000000 50.000000 50.000000 50.000000 50.000000 50.000000 50.000000 50.000000 50.000000 50.000000 50.000000 50.000000 50.000000 50.000000 50.000000 50.000000 50.000000 50.000000 50.000000 50.000000 50.000000 50.000000 50.000000 50.000000 50.000000 50.000000 50.000000 50.000000 50.000000 50.000000 50.000000 50.000000 50.000000 50.000000 50.000000 50.000000 
50.000000 49.448638 48.906823 48.383606 47.887089 47.424055 46.999701 46.617500 46.279189 45.984873 45.733218 45.521717 45.346995 45.205108 45.091837 45.002936 44.934334 44.882281 44.843442 44.814938 44.794357 44.779726 44.769473 44.762364 44.757446 44.753989 44.751421 44.749271 44.747119 44.744532 44.741004 44.735886 44.728287 44.716962 44.700145 44.675326 44.638931 44.585856 44.508760 44.396967 44.234665 43.997803 43.648423 43.123523 42.311343 40.995889 38.712967 34.333661 24.724319 0.000000 
50.000000 48.906823 47.832574 46.795200 45.810764 44.892714 44.051354 43.293570 42.622809 42.039273 41.540321 41.120984 40.774566 40.493249 40.268669 40.092407 39.956393 39.853190 39.776184 39.719671 39.678866 39.649861 39.629535 39.615444 39.605704 39.598864 39.593795 39.589572 39.585369 39.580341 39.573512 39.563625 39.548972 39.527167 39.494843 39.447232 39.377581 39.276311 39.129768 38.918331 38.613417 38.172555 37.530937 36.586279 35.170564 32.995831 29.550305 23.916287 14.573162 0.000000 
50.000000 48.383606 46.795200 45.261317 43.805711 42.448264 41.204213 40.083741 39.091941 38.229116 37.491358 36.871321 36.359102 35.943145 35.611079 35.350457 35.149345 34.996750 34.882890 34.799330 34.738999 34.696116 34.666069 34.645247 34.630865 34.620786 34.613347 34.607197 34.601133 34.593945 34.584237 34.570238 34.549548 34.518839 34.473438 34.406773 34.309617 34.169011 33.966743 33.677108 33.263561 32.673575 31.830593 30.621296 28.875695 26.337838 22.630658 17.244895 9.670639 0.000000 
50.000000 47.887089 45.810764 43.805711 41.902980 40.128561 38.502371 37.037722 35.741270 34.613411 33.649036 32.838544 32.168990 31.625266 31.191202 30.850528 30.587644 30.388178 30.239347 30.130125 30.051267 29.995220 29.955956 29.928760 29.909996 29.896882 29.887258 29.879381 29.871719 29.862747 29.850736 29.833507 29.808144 29.770629 29.715363 29.634547 29.517342 29.348733 29.107976 28.766441 28.284596 27.607788 26.660375 25.337917 23.497829 20.951490 17.467873 12.814933 6.891201 0.000000 
50.000000 47.424055 44.892714 42.448264 40.128561 37.965290 35.982733 34.197118 32.616561 31.241545 30.065840 29.077740 28.261465 27.598594 27.069414 26.654089 26.333601 26.090430 25.908989 25.775837 25.679706 25.611390 25.563542 25.530417 25.507596 25.491696 25.480110 25.470747 25.461794 25.451478 25.437822 25.418374 25.389888 25.347931 25.286389 25.196834 25.067698 24.883202 24.621968 24.255211 23.744436 23.038569 22.070618 20.754372 18.982646 16.630733 13.572570 9.722150 5.112712 0.000000 
50.000000 46.999701 44.051354 41.204213 38.502372 35.982733 33.673580 31.593815 29.752890 28.151367 26.781990 25.631124 24.680388 23.908328 23.291982 22.808247 22.434971 22.151747 21.940424 21.785347 21.673391 21.593837 21.538132 21.499594 21.473084 21.454683 21.441381 21.430791 21.420872 21.409670 21.395052 21.374420 21.344381 21.300355 21.236100 21.143103 21.009845 20.820873 20.555677 20.187350 19.681059 18.992474 18.066459 16.836791 15.228363 13.164455 10.582918 7.465076 3.876178 0.000000 
50.000000 46.617500 43.293571 40.083742 37.037723 34.197119 31.593816 29.249124 27.173699 25.368174 23.824369 22.526910 21.455075 20.584677 19.889828 19.344482 18.923665 18.604373 18.366140 18.191318 18.065115 17.975447 17.912679 17.869284 17.839483 17.818881 17.804121 17.792564 17.781996 17.770346 17.755409 17.734556 17.704413 17.660485 17.596717 17.504961 17.374349 17.190547 16.934930 16.583684 16.106964 15.468290 14.624565 13.527360 12.126503 10.377349 8.253150 5.762634 2.969077 0.000000 
50.000000 46.279190 42.622810 39.091943 35.741272 32.616563 29.752893 27.173701 24.890710 22.904615 21.206416 19.779204 18.600183 17.642744 16.878412 16.278536 15.815642 15.464426 15.202376 15.010082 14.871273 14.772661 14.703652 14.655977 14.623295 14.600797 14.584828 14.572549 14.561620 14.549909 14.535211 14.514962 14.485936 14.443903 14.383238 14.296473 14.173793 14.002476 13.766330 13.445167 13.014459 12.445361 11.705418 10.760424 9.577998 8.133486 6.418370 4.450256 2.281387 0.000000 
50.000000 45.984874 42.039275 38.229120 34.613415 31.241550 28.151373 25.368179 22.904618 20.761439 18.928931 17.388844 16.116580 15.083425 14.258650 13.611338 13.111843 12.732858 12.450094 12.242603 12.092832 11.986446 11.912019 11.860639 11.825481 11.801380 11.784438 11.771656 11.760610 11.749153 11.735135 11.716131 11.689155 11.650363 11.594716 11.515617 11.404522 11.250545 11.040104 10.756668 10.380732 9.890175 9.261226 8.470322 7.497120 6.328824 4.965562 3.425861 1.750210 0.000000 
50.000000 45.733220 41.540325 37.491364 33.649045 30.065850 26.782001 23.824380 21.206427 18.928938 16.981593 15.344998 13.993012 12.895120 12.018668 11.330801 10.800013 10.397289 10.096816 9.876336 9.717197 9.604170 9.525121 9.470589 9.433340 9.407912 9.390208 9.377106 9.366135 9.355166 9.342143 9.324824 9.300524 9.265850 9.216426 9.146607 9.049187 8.915136 8.733399 8.490822 8.172304 7.761284 7.240714 6.594666 5.810651 4.882613 3.814263 2.621999 1.336255 0.000000 
50.000000 45.521722 41.120992 36.871333 32.838560 29.077760 25.631146 22.526934 19.779229 17.388866 15.345013 13.627314 12.208331 11.056038 10.136159 9.414211 8.857129 8.434456 8.119103 7.887710 7.720702 7.602100 7.519176 7.462010 7.423026 7.396522 7.378237 7.364963 7.354203 7.343873 7.332034 7.316651 7.295360 7.265244 7.222606 7.162744 7.079748 6.966326 6.813709 6.611683 6.348811 6.012936 5.592035 5.075495 4.455813 3.730601 2.904603 1.991233 1.012966 0.000000 
50.000000 45.347003 40.774582 36.359126 32.169021 28.261502 24.680432 21.455123 18.600233 16.116629 13.993055 12.208361 10.734037 9.536806 8.581056 7.830958 7.252156 6.813008 6.485365 6.244959 6.071454 5.948253 5.862135 5.802805 5.762409 5.735047 5.716333 5.702995 5.692534 5.682921 5.672344 5.658979 5.640783 5.615300 5.579478 5.529499 5.460629 5.367120 5.242172 5.078018 4.866162 4.597821 4.264630 3.859605 3.378340 2.820320 2.190140 1.498287 0.761156 0.000000 
50.000000 45.205123 40.493280 35.943190 31.625325 27.598665 23.908410 20.584768 17.642842 15.083525 12.895217 11.056123 9.536863 8.303144 7.318269 6.545314 5.948878 5.496352 5.158732 4.911011 4.732234 4.605301 4.516596 4.455520 4.413993 4.385960 4.366939 4.353615 4.343496 4.334616 4.325288 4.313890 4.298679 4.277624 4.248257 4.207540 4.151766 4.076498 3.976570 3.846185 3.679132 3.469161 3.210517 2.898651 2.531039 2.108042 1.633619 1.115729 0.566208 0.000000 
50.000000 45.091865 40.268725 35.611162 31.191310 27.069545 23.292134 19.889998 16.878596 14.258843 12.018864 10.136347 8.581218 7.318376 6.310253 5.519056 4.908546 4.445344 4.099761 3.846202 3.663219 3.533312 3.442547 3.380085 3.337668 3.309121 3.289887 3.276625 3.266856 3.258678 3.250520 3.240944 3.228474 3.211452 3.187915 3.155493 3.111340 3.052094 2.973903 2.872511 2.743449 2.582322 2.385214 2.149187 1.872844 1.556872 1.204472 0.821550 0.416568 0.000000 
50.000000 45.002987 40.092510 35.350609 30.850726 26.654329 22.808525 19.344793 16.278874 13.611697 11.331172 9.414583 7.831310 6.545615 5.519252 4.713742 4.092188 3.620610 3.268781 3.010643 2.824362 2.692123 2.599746 2.536202 2.493098 2.464163 2.444788 2.431613 2.422178 2.414639 2.407529 2.399570 2.389514 2.376020 2.357548 2.332278 2.298063 2.252399 2.192462 2.115177 2.017371 1.895990 1.748395 1.572707 1.368182 1.135561 0.877323 0.597770 0.302895 0.000000 
50.000000 44.934427 39.956577 35.149617 30.587998 26.334032 22.435470 18.924225 15.816253 13.112495 10.800695 8.857824 7.252843 5.949522 4.909091 4.092540 3.462470 2.984432 2.627786 2.366117 2.177293 2.043258 1.949641 1.885268 1.841641 1.812419 1.792954 1.779875 1.770743 1.763762 1.757556 1.750979 1.742975 1.732462 1.718242 1.698937 1.672950 1.638448 1.593390 1.535587 1.462815 1.372977 1.264308 1.135618 0.986534 0.817725 0.631050 0.429594 0.217558 0.000000 
50.000000 44.882446 39.853516 34.997231 30.388806 26.091192 22.152632 18.605365 15.465510 12.734019 10.398509 8.435714 6.814276 5.497593 4.446497 3.621578 2.985052 2.502118 2.141821 1.877475 1.686725 1.551330 1.456774 1.391777 1.347759 1.318329 1.298810 1.285825 1.276953 1.270443 1.264990 1.259557 1.253243 1.245170 1.234413 1.219936 1.200567 1.174982 1.141727 1.099265 1.046056 0.980675 0.901952 0.809140 0.702068 0.581290 0.448165 0.304871 0.154324 0.000000 
50.000000 44.843729 39.776753 34.883729 30.240442 25.910319 21.941967 18.367871 15.204271 12.452124 10.098955 8.121321 6.487627 5.160993 4.101955 3.270804 2.629470 2.142890 1.779874 1.513537 1.321353 1.184945 1.089693 1.024233 0.979928 0.950349 0.930800 0.917900 0.909245 0.903119 0.898274 0.893761 0.888796 0.882664 0.874646 0.863969 0.849779 0.831133 0.807006 0.776331 0.738056 0.691219 0.635054 0.569094 0.493276 0.408031 0.314332 0.213698 0.108131 0.000000 
50.000000 44.815432 39.720649 34.800774 30.132007 25.778124 21.787999 18.194295 15.013340 12.246098 9.880024 7.891546 6.248895 4.914989 3.850146 3.014441 2.369595 1.880350 1.515349 1.247556 1.054324 0.917178 0.821418 0.755622 0.711111 0.681427 0.661862 0.649036 0.640554 0.634730 0.630362 0.626566 0.622649 0.618017 0.612106 0.604338 0.594096 0.580709 0.563465 0.541630 0.514489 0.481403 0.441871 0.395604 0.342591 0.283154 0.217981 0.148116 0.074922 0.000000 
50.000000 44.795194 39.680525 34.741446 30.054456 25.683581 21.677885 18.070158 14.876792 12.098755 9.723451 7.727219 6.078163 4.739057 3.670064 2.831103 2.183744 1.692595 1.326173 1.057340 0.863360 0.725686 0.629564 0.563528 0.518871 0.489116 0.469544 0.456777 0.448430 0.442837 0.438831 0.435576 0.432448 0.428940 0.424604 0.419001 0.411681 0.402173 0.389980 0.374602 0.355556 0.332418 0.304863 0.272713 0.235980 0.194900 0.149949 0.101842 0.051500 0.000000 
50.000000 44.781126 39.652632 34.700205 30.000548 25.617861 21.601341 17.983866 14.781874 11.996333 9.614614 7.612991 5.959483 4.616763 3.544885 2.703661 2.054557 1.562084 1.194675 0.925119 0.730619 0.592579 0.496205 0.430004 0.385247 0.355444 0.335871 0.323149 0.314901 0.309478 0.305736 0.302876 0.300320 0.297626 0.294423 0.290375 0.285147 0.278403 0.269797 0.258985 0.245641 0.229482 0.210298 0.187977 0.162540 0.134158 0.103160 0.070036 0.035407 0.000000 
50.000000 44.771779 39.634099 34.672801 29.964728 25.574192 21.550480 17.926529 14.718804 11.928278 9.542297 7.537093 5.880627 4.535505 3.461711 2.618983 1.968720 1.475367 1.107303 0.837266 0.642421 0.504138 0.407598 0.341287 0.296464 0.266630 0.247058 0.234368 0.226191 0.220886 0.217326 0.214738 0.212575 0.210439 0.208012 0.205023 0.201218 0.196348 0.190165 0.182428 0.172912 0.161424 0.147823 0.132041 0.114098 0.094119 0.072337 0.049091 0.024813 0.000000 
50.000000 44.766106 39.622853 34.656173 29.942992 25.547695 21.519619 17.891737 14.680534 11.886982 9.498415 7.491038 5.832778 4.486199 3.411243 2.567602 1.916635 1.422749 1.054287 0.783959 0.588904 0.450474 0.353833 0.287456 0.242593 0.212741 0.193170 0.180501 0.172368 0.167137 0.163692 0.161273 0.159355 0.157565 0.155620 0.153286 0.150359 0.146642 0.141948 0.136096 0.128919 0.120280 0.110077 0.098265 0.084864 0.069968 0.053753 0.036467 0.018429 0.000000 
50.000000 44.763435 39.617557 34.648343 29.932757 25.535217 21.505086 17.875354 14.662513 11.867537 9.477752 7.469352 5.810246 4.462981 3.387477 2.543408 1.892109 1.397971 1.029322 0.758857 0.563704 0.425204 0.328515 0.262107 0.217226 0.187366 0.167795 0.155136 0.147024 0.141829 0.138439 0.136101 0.134301 0.132676 0.130960 0.128939 0.126430 0.123261 0.119273 0.114313 0.108244 0.100950 0.092351 0.082409 0.071144 0.058638 0.045036 0.030547 0.015435 0.000000 
50.000000 44.763435 39.617557 34.648343 29.932757 25.535217 21.505086 17.875354 14.662513 11.867537 9.477752 7.469352 5.810246 4.462981 3.387477 2.543408 1.892109 1.397971 1.029322 0.758857 0.563704 0.425204 0.328515 0.262107 0.217226 0.187366 0.167795 0.155136 0.147024 0.141829 0.138439 0.136101 0.134301 0.132676 0.130960 0.128939 0.126430 0.123261 0.119273 0.114313 0.108244 0.100950 0.092351 0.082409 0.071144 0.058638 0.045036 0.030547 0.015435 0.000000 
50.000000 44.766106 39.622853 34.656173 29.942992 25.547695 21.519619 17.891737 14.680534 11.886982 9.498415 7.491038 5.832778 4.486199 3.411243 2.567602 1.916635 1.422749 1.054287 0.783959 0.588904 0.450474 0.353833 0.287456 0.242593 0.212741 0.193170 0.180501 0.172368 0.167137 0.163692 0.161273 0.159355 0.157565 0.155620 0.153286 0.150359 0.146642 0.141948 0.136096 0.128919 0.120280 0.110077 0.098265 0.084864 0.069968 0.053753 0.036467 0.018429 0.000000 
50.000000 44.771779 39.634099 34.672801 29.964728 25.574192 21.550480 17.926529 14.718804 11.928278 9.542297 7.537093 5.880627 4.535505 3.461711 2.618983 1.968720 1.475367 1.107303 0.837266 0.642421 0.504138 0.407598 0.341287 0.296464 0.266630 0.247058 0.234368 0.226191 0.220886 0.217326 0.214738 0.212575 0.210439 0.208012 0.205023 0.201218 0.196348 0.190165 0.182428 0.172912 0.161424 0.147823 0.132041 0.114098 0.094119 0.072337 0.049091 0.024813 0.000000 
50.000000 44.781126 39.652632 34.700205 30.000548 25.617861 21.601341 17.983866 14.781874 11.996333 9.614614 7.612991 5.959483 4.616763 3.544885 2.703661 2.054557 1.562084 1.194675 0.925119 0.730619 0.592579 0.496205 0.430004 0.385247 0.355444 0.335871 0.323149 0.314901 0.309478 0.305736 0.302876 0.300320 0.297626 0.294423 0.290375 0.285147 0.278403 0.269797 0.258985 0.245641 0.229482 0.210298 0.187977 0.162540 0.134158 0.103160 0.070036 0.035407 0.000000 
50.000000 44.795194 39.680525 34.741446 30.054456 25.683581 21.677885 18.070158 14.876792 12.098755 9.723451 7.727219 6.078163 4.739057 3.670064 2.831103 2.183744 1.692595 1.326173 1.057340 0.863360 0.725686 0.629564 0.563528 0.518871 0.489116 0.469544 0.456777 0.448430 0.442837 0.438831 0.435576 0.432448 0.428940 0.424604 0.419001 0.411681 0.402173 0.389980 0.374602 0.355556 0.332418 0.304863 0.272713 0.235980 0.194900 0.149949 0.101842 0.051500 0.000000 
50.000000 44.815432 39.720649 34.800774 30.132007 25.778124 21.787999 18.194295 15.013340 12.246098 9.880024 7.891546 6.248895 4.914989 3.850146 3.014441 2.369595 1.880350 1.515349 1.247556 1.054324 0.917178 0.821418 0.755622 0.711111 0.681427 0.661862 0.649036 0.640554 0.634730 0.630362 0.626566 0.622649 0.618017 0.612106 0.604338 0.594096 0.580709 0.563465 0.541630 0.514489 0.481403 0.441871 0.395604 0.342591 0.283154 0.217981 0.148116 0.074922 0.000000 
50.000000 44.843729 39.776753 34.883729 30.240442 25.910319 21.941967 18.367871 15.204271 12.452124 10.098955 8.121321 6.487627 5.160993 4.101955 3.270804 2.629470 2.142890 1.779874 1.513537 1.321353 1.184945 1.089693 1.024233 0.979928 0.950349 0.930800 0.917900 0.909245 0.903119 0.898274 0.893761 0.888796 0.882664 0.874646 0.863969 0.849779 0.831133 0.807006 0.776331 0.738056 0.691219 0.635054 0.569094 0.493276 0.408031 0.314332 0.213698 0.108131 0.000000 
50.000000 44.882446 39.853516 34.997231 30.388806 26.091192 22.152632 18.605365 15.465510 12.734019 10.398509 8.435714 6.814276 5.497593 4.446497 3.621578 2.985052 2.502118 2.141821 1.877475 1.686725 1.551330 1.456774 1.391777 1.347759 1.318329 1.298810 1.285825 1.276953 1.270443 1.264990 1.259557 1.253243 1.245170 1.234413 1.219936 1.200567 1.174982 1.141727 1.099265 1.046056 0.980675 0.901952 0.809140 0.702068 0.581290 0.448165 0.304871 0.154324 0.000000 
50.000000 44.934427 39.956577 35.149617 30.587998 26.334032 22.435470 18.924225 15.816253 13.112495 10.800695 8.857824 7.252843 5.949522 4.909091 4.092540 3.462470 2.984432 2.627786 2.366117 2.177293 2.043258 1.949641 1.885268 1.841641 1.812419 1.792954 1.779875 1.770743 1.763762 1.757556 1.750979 1.742975 1.732462 1.718242 1.698937 1.672950 1.638448 1.593390 1.535587 1.462815 1.372977 1.264308 1.135618 0.986534 0.817725 0.631050 0.429594 0.217558 0.000000 
50.000000 45.002987 40.092510 35.350609 30.850726 26.654329 22.808525 19.344793 16.278874 13.611697 11.331172 9.414583 7.831310 6.545615 5.519252 4.713742 4.092188 3.620610 3.268781 3.010643 2.824362 2.692123 2.599746 2.536202 2.493098 2.464163 2.444788 2.431613 2.422178 2.414639 2.407529 2.399570 2.389514 2.376020 2.357548 2.332278 2.298063 2.252399 2.192462 2.115177 2.017371 1.895990 1.748395 1.572707 1.368182 1.135561 0.877323 0.597770 0.302895 0.000000 
50.000000 45.091865 40.268725 35.611162 31.191310 27.069545 23.292134 19.889998 16.878596 14.258843 12.018864 10.136347 8.581218 7.318376 6.310253 5.519056 4.908546 4.445344 4.099761 3.846202 3.663219 3.533312 3.442547 3.380085 3.337668 3.309121 3.289887 3.276625 3.266856 3.258678 3.250520 3.240944 3.228474 3.211452 3.187915 3.155493 3.111340 3.052094 2.973903 2.872511 2.743449 2.582322 2.385214 2.149187 1.872844 1.556872 1.204472 0.821550 0.416568 0.000000 
50.000000 45.205123 40.493280 35.943190 31.625325 27.598665 23.908410 20.584768 17.642842 15.083525 12.895217 11.056123 9.536863 8.303144 7.318269 6.545314 5.948878 5.496352 5.158732 4.911011 4.732234 4.605301 4.516596 4.455520 4.413993 4.385960 4.366939 4.353615 4.343496 4.334616 4.325288 4.313890 4.298679 4.277624 4.248257 4.207540 4.151766 4.076498 3.976570 3.846185 3.679132 3.469161 3.210517 2.898651 2.531039 2.108042 1.633619 1.115729 0.566208 0.000000 
50.000000 45.347003 40.774582 36.359126 32.169021 28.261502 24.680432 21.455123 18.600233 16.116629 13.993055 12.208361 10.734037 9.536806 8.581056 7.830958 7.252156 6.813008 6.485365 6.244959 6.071454 5.948253 5.862135 5.802805 5.762409 5.735047 5.716333 5.702995 5.692534 5.682921 5.672344 5.658979 5.640783 5.615300 5.579478 5.529499 5.460629 5.367120 5.242172 5.078018 4.866162 4.597821 4.264630 3.859605 3.378340 2.820320 2.190140 1.498287 0.761156 0.000000 
50.000000 45.521722 41.120992 36.871333 32.838560 29.077760 25.631146 22.526934 19.779229 17.388866 15.345013 13.627314 12.208331 11.056038 10.136159 9.414211 8.857129 8.434456 8.119103 7.887710 7.720702 7.602100 7.519176 7.462010 7.423026 7.396522 7.378237 7.364963 7.354203 7.343873 7.332034 7.316651 7.295360 7.265244 7.222606 7.162744 7.079748 6.966326 6.813709 6.611683 6.348811 6.012936 5.592035 5.075495 4.455813 3.730601 2.904603 1.991233 1.012966 0.000000 
50.000000 45.733220 41.540325 37.491364 33.649045 30.065850 26.782001 23.824380 21.206427 18.928938 16.981593 15.344998 13.993012 12.895120 12.018668 11.330801 10.800013 10.397289 10.096816 9.876336 9.717197 9.604170 9.525121 9.470589 9.433340 9.407912 9.390208 9.377106 9.366135 9.355166 9.342143 9.324824 9.300524 9.265850 9.216426 9.146607 9.049187 8.915136 8.733399 8.490822 8.172304 7.761284 7.240714 6.594666 5.810651 4.882613 3.814263 2.621999 1.336255 0.000000 
50.000000 45.984874 42.039275 38.229120 34.613415 31.241550 28.151373 25.368179 22.904618 20.761439 18.928931 17.388844 16.116580 15.083425 14.258650 13.611338 13.111843 12.732858 12.450094 12.242603 12.092832 11.986446 11.912019 11.860639 11.825481 11.801380 11.784438 11.771656 11.760610 11.749153 11.735135 11.716131 11.689155 11.650363 11.594716 11.515617 11.404522 11.250545 11.040104 10.756668 10.380732 9.890175 9.261226 8.470322 7.497120 6.328824 4.965562 3.425861 1.750210 0.000000 
50.000000 46.279190 42.622810 39.091943 35.741272 32.616563 29.752893 27.173701 24.890710 22.904615 21.206416 19.779204 18.600183 17.642744 16.878412 16.278536 15.815642 15.464426 15.202376 15.010082 14.871273 14.772661 14.703652 14.655977 14.623295 14.600797 14.584828 14.572549 14.561620 14.549909 14.535211 14.514962 14.485936 14.443903 14.383238 14.296473 14.173793 14.002476 13.766330 13.445167 13.014459 12.445361 11.705418 10.760424 9.577998 8.133486 6.418370 4.450256 2.281387 0.000000 
50.000000 46.617500 43.293571 40.083742 37.037723 34.197119 31.593816 29.249124 27.173699 25.368174 23.824369 22.526910 21.455075 20.584677 19.889828 19.344482 18.923665 18.604373 18.366140 18.191318 18.065115 17.975447 17.912679 17.869284 17.839483 17.818881 17.804121 17.792564 17.781996 17.770346 17.755409 17.734556 17.704413 17.660485 17.596717 17.504961 17.374349 17.190547 16.934930 16.583684 16.106964 15.468290 14.624565 13.527360 12.126503 10.377349 8.253150 5.762634 2.969077 0.000000 
50.000000 46.999701 44.051354 41.204213 38.502372 35.982733 33.673580 31.593815 29.752890 28.151367 26.781990 25.631124 24.680388 23.908328 23.291982 22.808247 22.434971 22.151747 21.940424 21.785347 21.673391 21.593837 21.538132 21.499594 21.473084 21.454683 21.441381 21.430791 21.420872 21.409670 21.395052 21.374420 21.344381 21.300355 21.236100 21.143103 21.009845 20.820873 20.555677 20.187350 19.681059 18.992474 18.066459 16.836791 15.228363 13.164455 10.582918 7.465076 3.876178 0.000000 
50.000000 47.424055 44.892714 42.448264 40.128561 37.965290 35.982733 34.197118 32.616561 31.241545 30.065840 29.077740 28.261465 27.598594 27.069414 26.654089 26.333601 26.090430 25.908989 25.775837 25.679706 25.611390 25.563542 25.530417 25.507596 25.491696 25.480110 25.470747 25.461794 25.451478 25.437822 25.418374 25.389888 25.347931 25.286389 25.196834 25.067698 24.883202 24.621968 24.255211 23.744436 23.038569 22.070618 20.754372 18.982646 16.630733 13.572570 9.722150 5.112712 0.000000 
50.000000 47.887089 45.810764 43.805711 41.902980 40.128561 38.502371 37.037722 35.741270 34.613411 33.649036 32.838544 32.168990 31.625266 31.191202 30.850528 30.587644 30.388178 30.239347 30.130125 30.051267 29.995220 29.955956 29.928760 29.909996 29.896882 29.887258 29.879381 29.871719 29.862747 29.850736 29.833507 29.808144 29.770629 29.715363 29.634547 29.517342 29.348733 29.107976 28.766441 28.284596 27.607788 26.660375 25.337917 23.497829 20.951490 17.467873 12.814933 6.891201 0.000000 
50.000000 48.383606 46.795200 45.261317 43.805711 42.448264 41.204213 40.083741 39.091941 38.229116 37.491358 36.871321 36.359102 35.943145 35.611079 35.350457 35.149345 34.996750 34.882890 34.799330 34.738999 34.696116 34.666069 34.645247 34.630865 34.620786 34.613347 34.607197 34.601133 34.593945 34.584237 34.570238 34.549548 34.518839 34.473438 34.406773 34.309617 34.169011 33.966743 33.677108 33.263561 32.673575 31.830593 30.621296 28.875695 26.337838 22.630658 17.244895 9.670639 0.000000 
50.000000 48.906823 47.832574 46.795200 45.810764 44.892714 44.051354 43.293570 42.622809 42.039273 41.540321 41.120984 40.774566 40.493249 40.268669 40.092407 39.956393 39.853190 39.776184 39.719671 39.678866 39.649861 39.629535 39.615444 39.605704 39.598864 39.593795 39.589572 39.585369 39.580341 39.573512 39.563625 39.548972 39.527167 39.494843 39.447232 39.377581 39.276311 39.129768 38.918331 38.613417 38.172555 37.530937 36.586279 35.170564 32.995831 29.550305 23.916287 14.573162 0.000000 
50.000000 49.448638 48.906823 48.383606 47.887089 47.424055 46.999701 46.617500 46.279189 45.984873 45.733218 45.521717 45.346995 45.205108 45.091837 45.002936 44.934334 44.882281 44.843442 44.814938 44.794357 44.779726 44.769473 44.762364 44.757446 44.753989 44.751421 44.749271 44.747119 44.744532 44.741004 44.735886 44.728287 44.716962 44.700145 44.675326 44.638931 44.585856 44.508760 44.396967 44.234665 43.997803 43.648423 43.123523 42.311343 40.995889 38.712967 34.333661 24.724319 0.000000 
50.000000 50.000000 50.000000 50.000000 50.000000 50.000000 50.000000 50.000000 50.000000 50.000000 50.000000 50.000000 50.000000 50.000000 50.000000 50.000000 50.000000 50.000000 50.000000 50.000000 50.000000 50.000000 50.000000 50.000000 50.000000 50.000000 50.000000 50.000000 50.000000 50.000000 50.000000 50.000000 50.000000 50.000000 50.000000 50.000000 50.000000 50.000000 50.000000 50.000000 50.000000 50.000000 50.000000 50.000000 50.000000 50.000000 50.000000 50.000000 50.000000 50.000000 
