50.000000 50.000000 50.000000 50.000000 50.000000 50.000000 50.000000 50.000000 50.000000 50.000000 50.000000 50.000000 50.000000 50.000000 50.000000 50.000000 50.000000 50.000000 50.000000 50.000000 50.000000 50.000000 50.000000 50.000000 50.000000 50.000000 50.000000 50.000000 50.000000 50.000000 50.000000 50.000000 50.000000 50.000000 50.000000 50.000000 50.000000 50.000000 50.000000 50.000000 50.000000 50.000000 50.000000 50.000000 50.000000 50.000000 50.000000 50.000000 50.000000 50.000000 
50.000000 49.794159 49.589648 49.387772 49.189785 48.996865 48.810094 48.630441 48.458745 48.295706 48.141874 47.997649 47.863282 47.738876 47.624391 47.519661 47.424397 47.338201 47.260583 47.190966 47.128706 47.073094 47.023368 46.978718 46.938284 46.901156 46.866369 46.832882 46.799564 46.765166 46.728274 46.687260 46.640210 46.584816 46.518240 46.436914 46.336246 46.210194 46.050596 45.846115 45.580480 45.229428 44.755068 44.094770 43.137470 41.668189 39.224051 34.677728 24.897371 0.000000 
50.000000 49.589668 49.181988 48.779561 48.384885 48.000310 47.627994 47.269867 46.927603 46.602595 46.295942 46.008442 45.740594 45.492602 45.264392 45.055629 44.865738 44.693931 44.539227 44.400484 44.276415 44.165613 44.066564 43.977655 43.897184 43.823346 43.754228 43.687777 43.621761 43.553719 43.480881 43.400063 43.307532 43.198814 43.068427 42.909521 42.713343 42.468468 42.159630 41.765910 41.257826 40.592489 39.705223 38.494476 36.793599 34.316620 30.554353 24.592212 14.913123 0.000000 
50.000000 49.387852 48.779662 48.179308 47.590517 47.016796 46.461363 45.927099 45.416501 44.931646 44.474176 44.045281 43.645706 43.275757 42.935324 42.623909 42.340657 42.084393 41.853661 41.646759 41.461775 41.296617 41.149036 41.016644 40.896916 40.787187 40.684634 40.586236 40.488724 40.388504 40.281547 40.163253 40.028255 39.870166 39.681224 39.451815 39.169794 38.819514 38.380414 37.824898 37.115117 36.197937 34.996993 33.400037 31.239062 28.261014 24.092586 18.229042 10.165616 0.000000 
50.000000 49.189990 48.385215 47.590810 46.811707 46.052545 45.317583 44.610634 43.935000 43.293434 42.688107 42.120595 41.591883 41.102381 40.651944 40.239916 39.865170 39.526157 39.220954 38.947320 38.702736 38.484447 38.289499 38.114755 37.956909 37.812478 37.677783 37.548904 37.421618 37.291304 37.152819 37.000329 36.827084 36.625122 36.384874 36.094631 35.739811 35.301955 34.757313 34.074838 33.213335 32.117377 30.711571 28.892846 26.521149 23.411558 19.337842 14.073726 7.524298 0.000000 
50.000000 48.997285 48.001052 47.017656 46.053202 45.113434 44.203625 43.328495 42.492133 41.697947 40.948624 40.246119 39.591653 38.985734 38.428188 37.918208 37.454402 37.034862 36.657219 36.318709 36.016233 35.746404 35.505593 35.289956 35.095451 34.917834 34.752635 34.595119 34.440208 34.282388 34.115565 33.932889 33.726511 33.487281 33.204340 32.864598 32.452034 31.946778 31.323883 30.551707 29.589784 28.386128 26.874048 24.968952 22.566653 19.546815 15.789038 11.214130 5.863070 0.000000 
50.000000 48.810854 47.629396 46.463161 45.319392 44.204899 43.125938 42.088105 41.096252 40.154419 39.265798 38.432708 37.656599 36.938077 36.276942 35.672241 35.122334 34.624966 34.177344 33.776209 33.417907 33.098456 32.813590 32.558806 32.329378 32.120362 31.926578 31.742564 31.562503 31.380127 31.188570 30.980193 30.746347 30.477078 30.160750 29.783568 29.328976 28.776903 28.102824 27.276613 26.261229 25.011323 23.472098 21.579155 19.260746 16.445053 13.076269 9.143347 4.720201 0.000000 
50.000000 48.631705 47.272256 45.930325 44.614245 43.331853 42.090348 40.896171 39.754905 38.671201 37.648733 36.690171 35.797190 34.970491 34.209849 33.514175 32.881595 32.309527 31.794775 31.333613 30.921870 30.555000 30.228150 29.936204 29.673813 29.435403 29.215161 29.006995 28.804469 28.600702 28.388235 28.158866 27.903424 27.611511 27.271167 26.868477 26.387086 25.807648 25.107181 24.258395 23.229059 21.981599 20.473287 18.657663 16.488178 13.925460 10.949588 7.577491 3.881756 0.000000 
50.000000 48.460726 46.931403 45.421788 43.941256 42.498623 41.101990 39.758602 38.474742 37.255645 36.105444 35.027149 34.022647 33.092732 32.237159 31.454715 30.743301 30.100033 29.521337 29.003050 28.540517 28.128675 27.762126 27.435196 27.141975 26.876327 26.631889 26.402039 26.179831 25.957913 25.728401 25.482730 25.211463 24.904063 24.548624 24.131560 23.637260 23.047716 22.342158 21.496751 20.484471 19.275329 17.837264 16.138123 14.149308 11.851660 9.243768 6.351773 3.237605 0.000000 
50.000000 48.298675 46.608349 44.939808 43.303412 41.708909 40.165250 38.680447 37.261446 35.914033 34.642782 33.451022 32.340844 31.313134 30.367629 29.502999 28.716942 28.006289 27.367117 26.794858 26.284411 25.830236 25.426441 25.066849 24.745048 24.454411 24.188107 23.939072 23.699963 23.463080 23.220265 22.962768 22.681093 22.364811 22.002351 21.580783 21.085581 20.500424 19.807032 18.985148 18.012716 16.866452 15.522987 13.960844 12.163521 10.123791 7.848985 5.366269 2.725937 0.000000 
50.000000 48.146178 46.304342 44.486243 42.703174 40.965755 39.283742 37.665865 36.119695 34.651541 33.266388 31.967869 30.758268 29.638558 28.608464 27.666550 26.810324 26.036357 25.340403 24.717524 24.162211 23.668490 23.230024 22.840186 22.492122 22.178783 21.892943 21.627185 21.373862 21.125041 20.872413 20.607192 20.319983 20.000646 19.638146 19.220402 18.734160 18.164909 17.496880 16.713181 15.796163 14.728105 13.492355 12.075054 10.467516 8.669203 6.690949 4.557692 2.309556 0.000000 
50.000000 48.003726 46.020359 44.062555 42.142474 40.271554 38.460302 36.718121 35.053165 33.472230 31.980690 30.582460 29.280007 28.074388 26.965317 25.951263 25.029563 24.196549 23.447680 22.777682 22.180676 21.650298 21.179811 20.762192 20.390202 20.056434 19.753336 19.473212 19.208200 18.950223 18.690926 18.421595 18.133060 17.815591 17.458802 17.051563 16.581945 16.037227 15.403983 14.668322 13.816301 12.834621 11.711637 10.438745 9.012131 7.434751 5.718251 3.884312 1.964779 0.000000 
50.000000 47.871678 45.757118 43.669813 41.622730 39.628062 37.697013 35.839611 34.064550 32.379080 30.788934 29.298292 27.909791 26.624567 25.442327 24.361455 23.379134 22.491477 21.693680 20.980163 20.344716 19.780626 19.280804 18.837878 18.444280 18.092300 17.774123 17.481842 17.207446 16.942792 16.679559 16.409184 16.122798 15.811155 15.464571 15.072886 14.625464 14.111250 13.518912 12.837113 12.054929 11.162467 10.151711 9.017583 7.759184 6.381085 4.894437 3.317581 1.675807 0.000000 
50.000000 47.750272 45.515092 43.308724 41.144873 39.036431 36.995243 35.031909 33.155622 31.374050 29.693256 28.117665 26.650070 25.291683 24.042208 22.899953 21.861960 20.924151 20.081483 19.328103 18.657504 18.062669 17.536195 17.070411 16.657467 16.289403 15.958193 15.655775 15.374048 15.104861 14.839979 14.571047 14.289541 13.986725 13.653624 13.281016 12.859464 12.379404 11.831310 11.205961 10.494818 9.690558 8.787735 7.783574 6.678831 5.478616 4.193016 2.837322 1.431673 0.000000 
50.000000 47.639633 45.294530 42.979657 40.709395 38.497270 36.355712 34.295844 32.327313 30.458168 28.694775 27.041781 25.502126 24.077090 22.766376 21.568227 20.479560 19.496125 18.612667 17.823093 17.120636 16.498005 15.947530 15.461282 15.031173 14.649037 14.306685 13.995943 13.708666 13.436735 13.172042 12.906466 12.631844 12.339951 12.022491 11.671110 11.277447 10.833234 10.330461 9.761616 9.120016 8.400233 7.598610 6.713833 5.747516 4.704718 3.594275 2.428838 1.224502 0.000000 
50.000000 47.539786 45.095482 42.682689 40.316397 38.010705 35.778569 33.631586 31.579814 29.631645 27.793718 26.070884 24.466215 22.981054 21.615106 20.366554 19.232209 18.207670 17.287493 16.465376 15.734320 15.086803 14.514922 14.010526 13.565331 13.171003 12.819228 12.501759 12.210436 11.937202 11.674095 11.413241 11.146834 10.867136 10.566477 10.237282 9.872131 9.463855 9.005689 8.491481 7.915964 7.275092 6.566427 5.789545 4.946431 4.041793 3.083223 2.081144 1.048472 0.000000 
50.000000 47.450675 44.917837 42.417652 39.965655 37.576457 35.263485 33.038756 30.912697 28.894006 26.989568 25.204414 23.541736 22.002934 20.587717 19.294217 18.119153 17.057988 16.105120 15.254060 14.497614 13.828056 13.237285 12.716967 12.258651 11.853870 11.494218 11.171397 10.877261 10.603831 10.343298 10.088029 9.830561 9.563600 9.280040 8.972987 8.635823 8.262295 7.846645 7.383785 6.869514 6.300781 5.675960 4.995144 4.260398 3.475946 2.648235 1.785837 0.899168 0.000000 
50.000000 47.372177 44.761350 42.184183 39.656689 37.193932 34.809753 32.516541 30.325046 28.244238 26.281216 24.441174 22.727408 21.141372 19.682775 18.349712 17.138816 16.045440 15.063841 14.187372 13.408669 12.719836 12.112604 11.578484 11.108892 10.695256 10.329096 10.002092 9.706123 9.433292 9.175947 8.926682 8.678343 8.424037 8.157147 7.871366 7.560747 7.219784 6.843522 6.427695 5.968900 5.464785 4.914259 4.317687 3.677052 2.996059 2.280146 1.536372 0.773175 0.000000 
50.000000 47.304124 44.625685 41.981779 39.388835 36.862307 34.416396 32.063815 29.815594 27.680937 25.667133 23.779514 22.021468 20.394495 18.898310 17.530970 16.289042 15.167782 14.161328 13.262899 12.464991 11.759560 11.138200 10.592295 10.113152 9.692115 9.320655 8.990441 8.693383 8.421672 8.167799 7.924565 7.685092 7.442834 7.191593 6.925552 6.639315 6.327979 5.987219 5.613398 5.203697 4.756258 4.270327 3.746388 3.186262 2.593159 1.971653 1.327575 0.667810 0.000000 
50.000000 47.246319 44.510448 41.809853 39.161314 36.580618 34.082273 31.679265 29.382861 27.202467 25.145531 23.217505 21.421854 19.760120 18.232020 16.835584 15.567321 14.422408 13.394883 12.477855 11.663700 10.944258 10.311007 9.755228 9.268142 8.841029 8.465326 8.132696 7.835089 7.564776 7.314376 7.076873 6.845625 6.614380 6.377289 6.128936 5.864370 5.579164 5.269481 4.932156 4.564797 4.165886 3.734875 3.272278 2.779725 2.259979 1.716898 1.155331 0.580947 0.000000 
50.000000 47.198553 44.415226 41.667787 38.973309 36.347855 33.806182 31.361505 29.025289 26.807104 24.714531 22.753119 20.926401 19.235950 17.681489 16.261023 14.971018 13.806582 12.761676 11.829318 11.001788 10.270831 9.627833 9.063993 8.570466 8.138484 7.759457 7.425054 7.127259 6.858416 6.611254 6.378910 6.154940 5.933331 5.708518 5.475404 5.229388 4.966412 4.683007 4.376360 4.044385 3.685791 3.300155 2.887969 2.450675 1.990658 1.511195 1.016366 0.510902 0.000000 
50.000000 47.160625 44.339615 41.554981 38.824027 36.163032 33.586956 31.109194 28.741366 26.493175 24.372306 22.384388 20.533005 18.819758 17.244372 15.804835 14.497577 13.317656 12.258969 11.314464 10.476347 9.736288 9.085603 8.515429 8.016869 7.581120 7.199576 6.863912 6.566142 6.298672 6.054320 5.826348 5.608467 5.394853 5.180162 4.959542 4.728659 4.483729 4.221556 3.939582 3.635932 3.309468 2.959834 2.587483 2.193689 1.780531 1.350838 0.908102 0.456354 0.000000 
50.000000 47.132354 44.283258 41.470899 38.712756 36.025270 33.423552 30.921128 28.529739 26.259183 24.117225 22.109551 20.239786 18.509550 16.918571 15.464825 14.144714 12.953260 11.884313 10.930769 10.084781 9.337962 8.681579 8.106723 7.604460 7.165962 6.782613 6.446094 6.148446 5.882119 5.640002 5.415447 5.202283 4.994826 4.787892 4.576807 4.357430 4.126172 3.880028 3.616613 3.334197 3.031738 2.708915 2.366137 2.004548 1.625994 1.232977 0.828567 0.416291 0.000000 
50.000000 47.113594 44.245859 41.415102 38.638917 35.933852 33.315118 30.796330 28.389305 26.103909 23.947956 21.927175 20.045212 18.303704 16.702379 15.239207 13.910571 12.711468 11.635718 10.676184 9.824981 9.073689 8.413540 7.835595 7.330898 6.890604 6.506092 6.169048 5.871529 5.606017 5.365448 5.143236 4.933287 4.730008 4.528321 4.323669 4.112031 3.889947 3.654532 3.403510 3.135238 2.848732 2.543685 2.220475 1.880151 1.524409 1.155534 0.776322 0.389980 0.000000 
50.000000 47.104241 44.227213 41.387284 38.602103 35.888274 33.261056 30.734109 28.319289 26.026493 23.863564 21.836247 19.948203 18.201076 16.594594 15.126723 13.793837 12.590922 11.511782 10.549264 9.695464 8.941946 8.279924 7.700445 7.194541 6.753360 6.368278 6.030984 5.733544 5.468456 5.228679 5.007658 4.799336 4.598168 4.399127 4.197712 3.989964 3.772483 3.542444 3.297623 3.036418 2.757872 2.461684 2.148211 1.818459 1.474045 1.117148 0.750432 0.376943 0.000000 
50.000000 47.104241 44.227213 41.387284 38.602103 35.888274 33.261056 30.734109 28.319289 26.026493 23.863564 21.836247 19.948203 18.201076 16.594594 15.126723 13.793837 12.590922 11.511782 10.549264 9.695464 8.941946 8.279924 7.700445 7.194541 6.753360 6.368278 6.030984 5.733544 5.468456 5.228679 5.007658 4.799336 4.598168 4.399127 4.197712 3.989964 3.772483 3.542444 3.297623 3.036418 2.757872 2.461684 2.148211 1.818459 1.474045 1.117148 0.750432 0.376943 0.000000 
50.000000 47.113594 44.245859 41.415102 38.638917 35.933852 33.315118 30.796330 28.389305 26.103909 23.947956 21.927175 20.045212 18.303704 16.702379 15.239207 13.910571 12.711468 11.635718 10.676184 9.824981 9.073689 8.413540 7.835595 7.330898 6.890604 6.506092 6.169048 5.871529 5.606017 5.365448 5.143236 4.933287 4.730008 4.528321 4.323669 4.112031 3.889947 3.654532 3.403510 3.135238 2.848732 2.543685 2.220475 1.880151 1.524409 1.155534 0.776322 0.389980 0.000000 
50.000000 47.132354 44.283258 41.470899 38.712756 36.025270 33.423552 30.921128 28.529739 26.259183 24.117225 22.109551 20.239786 18.509550 16.918571 15.464825 14.144714 12.953260 11.884313 10.930769 10.084781 9.337962 8.681579 8.106723 7.604460 7.165962 6.782613 6.446094 6.148446 5.882119 5.640002 5.415447 5.202283 4.994826 4.787892 4.576807 4.357430 4.126172 3.880028 3.616613 3.334197 3.031738 2.708915 2.366137 2.004548 1.625994 1.232977 0.828567 0.416291 0.000000 
50.000000 47.160625 44.339615 41.554981 38.824027 36.163032 33.586956 31.109194 28.741366 26.493175 24.372306 22.384388 20.533005 18.819758 17.244372 15.804835 14.497577 13.317656 12.258969 11.314464 10.476347 9.736288 9.085603 8.515429 8.016869 7.581120 7.199576 6.863912 6.566142 6.298672 6.054320 5.826348 5.608467 5.394853 5.180162 4.959542 4.728659 4.483729 4.221556 3.939582 3.635932 3.309468 2.959834 2.587483 2.193689 1.780531 1.350838 0.908102 0.456354 0.000000 
50.000000 47.198553 44.415226 41.667787 38.973309 36.347855 33.806182 31.361505 29.025289 26.807104 24.714531 22.753119 20.926401 19.235950 17.681489 16.261023 14.971018 13.806582 12.761676 11.829318 11.001788 10.270831 9.627833 9.063993 8.570466 8.138484 7.759457 7.425054 7.127259 6.858416 6.611254 6.378910 6.154940 5.933331 5.708518 5.475404 5.229388 4.966412 4.683007 4.376360 4.044385 3.685791 3.300155 2.887969 2.450675 1.990658 1.511195 1.016366 0.510902 0.000000 
50.000000 47.246319 44.510448 41.809853 39.161314 36.580618 34.082273 31.679265 29.382861 27.202467 25.145531 23.217505 21.421854 19.760120 18.232020 16.835584 15.567321 14.422408 13.394883 12.477855 11.663700 10.944258 10.311007 9.755228 9.268142 8.841029 8.465326 8.132696 7.835089 7.564776 7.314376 7.076873 6.845625 6.614380 6.377289 6.128936 5.864370 5.579164 5.269481 4.932156 4.564797 4.165886 3.734875 3.272278 2.779725 2.259979 1.716898 1.155331 0.580947 0.000000 
50.000000 47.304124 44.625685 41.981779 39.388835 36.862307 34.416396 32.063815 29.815594 27.680937 25.667133 23.779514 22.021468 20.394495 18.898310 17.530970 16.289042 15.167782 14.161328 13.262899 12.464991 11.759560 11.138200 10.592295 10.113152 9.692115 9.320655 8.990441 8.693383 8.421672 8.167799 7.924565 7.685092 7.442834 7.191593 6.925552 6.639315 6.327979 5.987219 5.613398 5.203697 4.756258 4.270327 3.746388 3.186262 2.593159 1.971653 1.327575 0.667810 0.000000 
50.000000 47.372177 44.761350 42.184183 39.656689 37.193932 34.809753 32.516541 30.325046 28.244238 26.281216 24.441174 22.727408 21.141372 19.682775 18.349712 17.138816 16.045440 15.063841 14.187372 13.408669 12.719836 12.112604 11.578484 11.108892 10.695256 10.329096 10.002092 9.706123 9.433292 9.175947 8.926682 8.678343 8.424037 8.157147 7.871366 7.560747 7.219784 6.843522 6.427695 5.968900 5.464785 4.914259 4.317687 3.677052 2.996059 2.280146 1.536372 0.773175 0.000000 
50.000000 47.450675 44.917837 42.417652 39.965655 37.576457 35.263485 33.038756 30.912697 28.894006 26.989568 25.204414 23.541736 22.002934 20.587717 19.294217 18.119153 17.057988 16.105120 15.254060 14.497614 13.828056 13.237285 12.716967 12.258651 11.853870 11.494218 11.171397 10.877261 10.603831 10.343298 10.088029 9.830561 9.563600 9.280040 8.972987 8.635823 8.262295 7.846645 7.383785 6.869514 6.300781 5.675960 4.995144 4.260398 3.475946 2.648235 1.785837 0.899168 0.000000 
50.000000 47.539786 45.095482 42.682689 40.316397 38.010705 35.778569 33.631586 31.579814 29.631645 27.793718 26.070884 24.466215 22.981054 21.615106 20.366554 19.232209 18.207670 17.287493 16.465376 15.734320 15.086803 14.514922 14.010526 13.565331 13.171003 12.819228 12.501759 12.210436 11.937202 11.674095 11.413241 11.146834 10.867136 10.566477 10.237282 9.872131 9.463855 9.005689 8.491481 7.915964 7.275092 6.566427 5.789545 4.946431 4.041793 3.083223 2.081144 1.048472 0.000000 
50.000000 47.639633 45.294530 42.979657 40.709395 38.497270 36.355712 34.295844 32.327313 30.458168 28.694775 27.041781 25.502126 24.077090 22.766376 21.568227 20.479560 19.496125 18.612667 17.823093 17.120636 16.498005 15.947530 15.461282 15.031173 14.649037 14.306685 13.995943 13.708666 13.436735 13.172042 12.906466 12.631844 12.339951 12.022491 11.671110 11.277447 10.833234 10.330461 9.761616 9.120016 8.400233 7.598610 6.713833 5.747516 4.704718 3.594275 2.428838 1.224502 0.000000 
50.000000 47.750272 45.515092 43.308724 41.144873 39.036431 36.995243 35.031909 33.155622 31.374050 29.693256 28.117665 26.650070 25.291683 24.042208 22.899953 21.861960 20.924151 20.081483 19.328103 18.657504 18.062669 17.536195 17.070411 16.657467 16.289403 15.958193 15.655775 15.374048 15.104861 14.839979 14.571047 14.289541 13.986725 13.653624 13.281016 12.859464 12.379404 11.831310 11.205961 10.494818 9.690558 8.787735 7.783574 6.678831 5.478616 4.193016 2.837322 1.431673 0.000000 
50.000000 47.871678 45.757118 43.669813 41.622730 39.628062 37.697013 35.839611 34.064550 32.379080 30.788934 29.298292 27.909791 26.624567 25.442327 24.361455 23.379134 22.491477 21.693680 20.980163 20.344716 19.780626 19.280804 18.837878 18.444280 18.092300 17.774123 17.481842 17.207446 16.942792 16.679559 16.409184 16.122798 15.811155 15.464571 15.072886 14.625464 14.111250 13.518912 12.837113 12.054929 11.162467 10.151711 9.017583 7.759184 6.381085 4.894437 3.317581 1.675807 0.000000 
50.000000 48.003726 46.020359 44.062555 42.142474 40.271554 38.460302 36.718121 35.053165 33.472230 31.980690 30.582460 29.280007 28.074388 26.965317 25.951263 25.029563 24.196549 23.447680 22.777682 22.180676 21.650298 21.179811 20.762192 20.390202 20.056434 19.753336 19.473212 19.208200 18.950223 18.690926 18.421595 18.133060 17.815591 17.458802 17.051563 16.581945 16.037227 15.403983 14.668322 13.816301 12.834621 11.711637 10.438745 9.012131 7.434751 5.718251 3.884312 1.964779 0.000000 
50.000000 48.146178 46.304342 44.486243 42.703174 40.965755 39.283742 37.665865 36.119695 34.651541 33.266388 31.967869 30.758268 29.638558 28.608464 27.666550 26.810324 26.036357 25.340403 24.717524 24.162211 23.668490 23.230024 22.840186 22.492122 22.178783 21.892943 21.627185 21.373862 21.125041 20.872413 20.607192 20.319983 20.000646 19.638146 19.220402 18.734160 18.164909 17.496880 16.713181 15.796163 14.728105 13.492355 12.075054 10.467516 8.669203 6.690949 4.557692 2.309556 0.000000 
50.000000 48.298675 46.608349 44.939808 43.303412 41.708909 40.165250 38.680447 37.261446 35.914033 34.642782 33.451022 32.340844 31.313134 30.367629 29.502999 28.716942 28.006289 27.367117 26.794858 26.284411 25.830236 25.426441 25.066849 24.745048 24.454411 24.188107 23.939072 23.699963 23.463080 23.220265 22.962768 22.681093 22.364811 22.002351 21.580783 21.085581 20.500424 19.807032 18.985148 18.012716 16.866452 15.522987 13.960844 12.163521 10.123791 7.848985 5.366269 2.725937 0.000000 
50.000000 48.460726 46.931403 45.421788 43.941256 42.498623 41.101990 39.758602 38.474742 37.255645 36.105444 35.027149 34.022647 33.092732 32.237159 31.454715 30.743301 30.100033 29.521337 29.003050 28.540517 28.128675 27.762126 27.435196 27.141975 26.876327 26.631889 26.402039 26.179831 25.957913 25.728401 25.482730 25.211463 24.904063 24.548624 24.131560 23.637260 23.047716 22.342158 21.496751 20.484471 19.275329 17.837264 16.138123 14.149308 11.851660 9.243768 6.351773 3.237605 0.000000 
50.000000 48.631705 47.272256 45.930325 44.614245 43.331853 42.090348 40.896171 39.754905 38.671201 37.648733 36.690171 35.797190 34.970491 34.209849 33.514175 32.881595 32.309527 31.794775 31.333613 30.921870 30.555000 30.228150 29.936204 29.673813 29.435403 29.215161 29.006995 28.804469 28.600702 28.388235 28.158866 27.903424 27.611511 27.271167 26.868477 26.387086 25.807648 25.107181 24.258395 23.229059 21.981599 20.473287 18.657663 16.488178 13.925460 10.949588 7.577491 3.881756 0.000000 
50.000000 48.810854 47.629396 46.463161 45.319392 44.204899 43.125938 42.088105 41.096252 40.154419 39.265798 38.432708 37.656599 36.938077 36.276942 35.672241 35.122334 34.624966 34.177344 33.776209 33.417907 33.098456 32.813590 32.558806 32.329378 32.120362 31.926578 31.742564 31.562503 31.380127 31.188570 30.980193 30.746347 30.477078 30.160750 29.783568 29.328976 28.776903 28.102824 27.276613 26.261229 25.011323 23.472098 21.579155 19.260746 16.445053 13.076269 9.143347 4.720201 0.000000 
50.000000 48.997285 48.001052 47.017656 46.053202 45.113434 44.203625 43.328495 42.492133 41.697947 40.948624 40.246119 39.591653 38.985734 38.428188 37.918208 37.454402 37.034862 36.657219 36.318709 36.016233 35.746404 35.505593 35.289956 35.095451 34.917834 34.752635 34.595119 34.440208 34.282388 34.115565 33.932889 33.726511 33.487281 33.204340 32.864598 32.452034 31.946778 31.323883 30.551707 29.589784 28.386128 26.874048 24.968952 22.566653 19.546815 15.789038 11.214130 5.863070 0.000000 
50.000000 49.189990 48.385215 47.590810 46.811707 46.052545 45.317583 44.610634 43.935000 43.293434 42.688107 42.120595 41.591883 41.102381 40.651944 40.239916 39.865170 39.526157 39.220954 38.947320 38.702736 38.484447 38.289499 38.114755 37.956909 37.812478 37.677783 37.548904 37.421618 37.291304 37.152819 37.000329 36.827084 36.625122 36.384874 36.094631 35.739811 35.301955 34.757313 34.074838 33.213335 32.117377 30.711571 28.892846 26.521149 23.411558 19.337842 14.073726 7.524298 0.000000 
50.000000 49.387852 48.779662 48.179308 47.590517 47.016796 46.461363 45.927099 45.416501 44.931646 44.474176 44.045281 43.645706 43.275757 42.935324 42.623909 42.340657 42.084393 41.853661 41.646759 41.461775 41.296617 41.149036 41.016644 40.896916 40.787187 40.684634 40.586236 40.488724 40.388504 40.281547 40.163253 40.028255 39.870166 39.681224 39.451815 39.169794 38.819514 38.380414 37.824898 37.115117 36.197937 34.996993 33.400037 31.239062 28.261014 24.092586 18.229042 10.165616 0.000000 
50.000000 49.589668 49.181988 48.779561 48.384885 48.000310 47.627994 47.269867 46.927603 46.602595 46.295942 46.008442 45.740594 45.492602 45.264392 45.055629 44.865738 44.693931 44.539227 44.400484 44.276415 44.165613 44.066564 43.977655 43.897184 43.823346 43.754228 43.687777 43.621761 43.553719 43.480881 43.400063 43.307532 43.198814 43.068427 42.909521 42.713343 42.468468 42.159630 41.765910 41.257826 40.592489 39.705223 38.494476 36.793599 34.316620 30.554353 24.592212 14.913123 0.000000 
50.000000 49.794159 49.589648 49.387772 49.189785 48.996865 48.810094 48.630441 48.458745 48.295706 48.141874 47.997649 47.863282 47.738876 47.624391 47.519661 47.424397 47.338201 47.260583 47.190966 47.128706 47.073094 47.023368 46.978718 46.938284 46.901156 46.866369 46.832882 46.799564 46.765166 46.728274 46.687260 46.640210 46.584816 46.518240 46.436914 46.336246 46.210194 46.050596 45.846115 45.580480 45.229428 44.755068 44.094770 43.137470 41.668189 39.224051 34.677728 24.897371 0.000000 
50.000000 50.000000 50.000000 50.000000 50.000000 50.000000 50.000000 50.000000 50.000000 50.000000 50.000000 50.000000 50.000000 50.000000 50.000000 50.000000 50.000000 50.000000 50.000000 50.000000 50.000000 50.000000 50.000000 50.000000 50.000000 50.000000 50.000000 50.000000 50.000000 50.000000 50.000000 50.000000 50.000000 50.000000 50.000000 50.000000 50.000000 50.000000 50.000000 50.000000 50.000000 50.000000 50.000000 50.000000 50.000000 50.000000 50.000000 50.000000 50.000000 50.000000 
