50.000000 50.000000 50.000000 50.000000 50.000000 50.000000 50.000000 50.000000 50.000000 50.000000 50.000000 50.000000 50.000000 50.000000 50.000000 50.000000 50.000000 50.000000 50.000000 50.000000 50.000000 50.000000 50.000000 50.000000 50.000000 50.000000 50.000000 50.000000 50.000000 50.000000 50.000000 50.000000 50.000000 50.000000 50.000000 50.000000 50.000000 50.000000 50.000000 50.000000 50.000000 50.000000 50.000000 50.000000 50.000000 50.000000 50.000000 50.000000 50.000000 50.000000 
50.000000 49.648398 49.300679 48.960598 48.631657 48.317004 48.019337 47.740844 47.483160 47.247354 47.033941 46.842914 46.673801 46.525723 46.397480 46.287619 46.194520 46.116467 46.051710 45.998525 45.955253 45.920333 45.892319 45.869887 45.851834 45.837059 45.824545 45.813327 45.802450 45.790922 45.777655 45.761390 45.740605 45.713396 45.677323 45.629189 45.564739 45.478217 45.361684 45.203954 44.988826 44.692021 44.275538 43.676548 42.783695 41.381626 39.007013 34.532011 24.824202 0.000000 
50.000000 49.300680 48.609083 47.932675 47.278427 46.652596 46.060550 45.506640 44.994119 44.525111 44.100642 43.720699 43.384340 43.089822 42.834752 42.616245 42.431078 42.275837 42.147043 42.041266 41.955210 41.885769 41.830070 41.785484 41.749621 41.720298 41.695502 41.673324 41.651882 41.629231 41.603239 41.571456 41.530929 41.477983 41.407921 41.314632 41.190030 41.023255 40.799484 40.498099 40.089756 39.531533 38.758544 37.668840 36.095199 33.750911 30.125898 24.304552 14.768679 0.000000 
50.000000 48.960600 47.932678 46.927332 45.954923 45.024749 44.144791 43.321515 42.559754 41.862668 41.231780 40.667072 40.167142 39.729401 39.350293 39.025529 38.750320 38.519591 38.328175 38.170975 38.043092 37.939915 37.857179 37.790984 37.737786 37.694359 37.657729 37.625088 37.593685 37.560684 37.523007 37.477131 37.418845 37.342941 37.242817 37.109951 36.933180 36.697694 36.383586 35.963705 35.400409 34.640519 33.607362 32.188110 30.213920 27.430653 23.463696 17.806815 9.953603 0.000000 
50.000000 48.631662 47.278436 45.954930 44.674784 43.450240 42.291804 41.207988 40.205154 39.287464 38.456922 37.713503 37.055364 36.479096 35.980016 35.552482 35.190187 34.886452 34.634477 34.427555 34.259242 34.123473 34.014642 33.927629 33.857785 33.800890 33.753066 33.710671 33.670153 33.627888 33.579970 33.521973 33.448655 33.353596 33.228738 33.063795 32.845469 32.556391 32.173666 31.666830 30.994962 30.102582 28.913903 27.325109 25.195069 22.337459 18.524364 13.527576 7.250060 0.000000 
50.000000 48.317015 46.652616 45.024773 43.450260 41.944135 40.519319 39.186282 37.952850 36.824141 35.802618 34.888255 34.078782 33.370007 32.756172 32.230335 31.784745 31.411186 31.101298 30.846838 30.639882 30.472985 30.339264 30.232438 30.146821 30.077260 30.019041 29.967762 29.919167 29.868949 29.812524 29.744755 29.659629 29.549870 29.406458 29.218032 28.970131 28.644212 28.216370 27.655673 26.921996 25.963298 24.712419 23.083881 20.972204 18.255376 14.810974 10.557490 5.533355 0.000000 
50.000000 48.019359 46.060592 44.144846 42.291861 40.519361 38.842551 37.273753 35.822176 34.493844 33.291656 32.215582 31.262949 30.428825 29.706436 29.087612 28.563232 28.123632 27.758976 27.459569 27.216096 27.019806 26.862618 26.737169 26.636801 26.555504 26.487806 26.428629 26.373110 26.316386 26.253347 26.178344 26.084861 25.965119 25.809616 25.606565 25.341221 24.995052 24.544743 23.961000 23.207185 22.237898 20.997818 19.421539 17.435844 14.967003 11.956904 8.391855 4.342861 0.000000 
50.000000 47.740884 45.506717 43.321621 41.208111 39.186401 37.273836 35.484470 33.828806 32.313716 30.942508 29.715145 28.628581 27.677190 26.853246 26.147433 25.549350 25.047977 24.632101 24.290671 24.013074 23.789346 23.610291 23.467544 23.353560 23.261548 23.185359 23.119331 23.058096 22.996355 22.928623 22.848933 22.750514 22.625408 22.464051 22.254780 21.983272 21.631907 21.179068 20.598403 19.858146 18.920681 17.742719 16.276701 14.474468 12.294551 9.714495 6.748322 3.465418 0.000000 
50.000000 47.483230 44.994253 42.559945 40.205387 37.953100 35.822407 33.828964 31.984473 30.296590 28.769000 27.401661 26.191182 25.131294 24.213393 23.427103 22.760836 22.202322 21.739076 21.358793 21.049667 20.800613 20.601416 20.442797 20.316403 20.214748 20.131089 20.059268 19.993510 19.928197 19.857608 19.775631 19.675451 19.549207 19.387609 19.179536 18.911597 18.567676 18.128496 17.571258 16.869461 15.993097 14.909515 13.585406 11.990460 10.103283 7.919761 5.462934 2.791313 0.000000 
50.000000 47.247470 44.525338 41.862995 39.287874 36.824604 34.494320 32.314143 30.296873 28.450882 26.780200 25.284783 23.960922 22.801762 21.797893 20.937970 20.209324 19.598539 19.091967 18.676163 18.338228 18.066063 17.848527 17.675513 17.537952 17.427740 17.337624 17.261033 17.191880 17.124328 17.052542 16.970407 16.871240 16.747479 16.590360 16.389591 16.133026 15.806368 15.392949 14.873626 14.226926 13.429571 12.457596 11.288337 9.903516 8.293588 6.463070 4.435895 2.258798 0.000000 
50.000000 47.034129 44.101012 41.232318 38.457608 35.803419 33.292523 30.943370 28.769752 26.780689 24.980525 23.369211 21.942752 20.693763 19.612107 18.685560 17.900475 17.242403 16.696645 16.248726 15.884764 15.591746 15.357700 15.171787 15.024299 14.906599 14.810998 14.730593 14.659063 14.590442 14.518878 14.438364 14.342479 14.224104 14.075160 13.886346 13.646914 13.344492 12.965008 12.492764 11.910743 11.201262 10.347089 9.333171 8.149024 6.791752 5.269321 3.603376 1.830404 0.000000 
50.000000 46.843213 43.721289 40.667936 37.714617 34.889578 32.217057 29.716691 27.403160 25.286066 23.370031 21.655006 20.136737 18.807366 17.656103 16.669942 15.834361 15.133985 14.553180 14.076548 13.689334 13.377710 13.128973 12.931633 12.775429 12.651263 12.551085 12.467726 12.394700 12.325986 12.255787 12.178287 12.087406 11.976561 11.838437 11.664791 11.446297 11.172459 10.831624 10.411152 9.897786 9.278302 8.540506 7.674617 6.675037 5.542370 4.285395 2.922494 1.481872 0.000000 
50.000000 46.674268 43.385265 40.168503 37.057128 34.080900 31.265354 28.631177 26.193836 23.963446 21.944877 20.138077 18.538566 17.138066 15.925212 14.886304 14.006046 13.268247 12.656443 12.154429 11.746674 11.418639 11.156975 10.949630 10.785864 10.656189 10.552257 10.466692 10.392903 10.324864 10.256887 10.183399 10.098709 9.996805 9.871158 9.714574 9.519089 9.275936 8.975612 8.608085 8.163158 7.631062 7.003272 6.273577 5.439340 4.502822 3.472357 2.363037 1.196564 0.000000 
50.000000 46.526443 43.091248 39.731506 36.481836 33.373321 30.432631 27.681372 25.135701 22.806179 20.697896 18.810797 17.140203 15.677470 14.410729 13.325673 12.406331 11.635798 10.996888 10.472686 10.046991 9.704643 9.431736 9.215732 9.045483 8.911175 8.804216 8.717077 8.643103 8.576303 8.511133 8.442285 8.364476 8.272263 8.159883 8.021127 7.849277 7.637100 7.376940 7.060919 6.681274 6.230850 5.703748 5.096122 4.407060 3.639442 2.800627 1.902752 0.962472 0.000000 
50.000000 46.398575 42.836923 39.353503 35.984208 32.761265 29.712324 26.859791 24.220414 21.805146 19.619261 17.662705 15.930627 14.414065 13.100715 11.975746 11.022604 10.223766 9.561422 9.018048 8.576864 8.222175 7.939600 7.716188 7.540447 7.402292 7.292937 7.204739 7.131011 7.065825 7.003797 6.939892 6.869224 6.786896 6.687850 6.566776 6.418056 6.235777 6.013826 5.746068 5.426634 5.050318 4.613071 4.112585 3.548899 2.924950 2.246965 1.524574 0.770530 0.000000 
50.000000 46.289265 42.619511 39.030363 35.558805 32.238041 29.096564 26.157455 23.437973 20.949404 18.697183 16.681252 14.896615 13.334039 11.980849 10.821765 9.839734 9.016708 8.334344 7.774598 7.320196 6.954993 6.664203 6.434529 6.254190 6.112881 6.001662 5.912808 5.839627 5.776263 5.717501 5.658566 5.594949 5.522249 5.436047 5.331818 5.204892 5.050466 4.863688 4.639809 4.374411 4.063721 3.704981 3.296862 2.839880 2.336745 1.792588 1.214970 0.613638 0.000000 
50.000000 46.196967 42.435935 38.757514 35.199608 31.796249 28.576636 25.564427 22.777309 20.226848 17.918615 15.852551 14.023538 12.422112 11.035284 9.847398 8.840979 7.997537 7.298279 6.724723 6.259182 5.885130 5.587445 5.352539 5.168399 5.024537 4.911895 4.822690 4.750239 4.688769 4.633222 4.579070 4.522142 4.458480 4.384220 4.295513 4.188484 4.059244 3.903954 3.718949 3.500913 3.247116 2.955687 2.625906 2.258488 1.855798 1.421980 0.962926 0.486069 0.000000 
50.000000 46.120066 42.282982 38.530181 34.900332 31.428156 28.143442 25.070327 22.226855 19.624828 17.269928 15.162096 13.296110 11.662316 10.247465 9.035585 8.008851 7.148404 6.435079 5.850028 5.375222 4.993821 4.690425 4.451207 4.263963 4.118063 4.004355 3.915017 3.843386 3.783769 3.731256 3.681537 3.630741 3.575292 3.511799 3.436978 3.347610 3.240545 3.112746 2.961384 2.783968 2.578523 2.343782 2.079394 1.786111 1.465927 1.122142 0.759318 0.383113 0.000000 
50.000000 46.056950 42.157449 38.343601 34.654706 31.126049 27.787905 24.664803 21.775081 19.130732 16.737532 14.595421 12.699092 11.038734 9.600885 8.369315 7.325912 6.451513 5.726648 5.132173 4.649777 4.262363 3.954304 3.711585 3.521843 3.374338 3.259846 3.170521 3.099724 3.041837 2.992080 2.946335 2.900984 2.852775 2.798711 2.735971 2.661866 2.573833 2.469460 2.346555 2.203240 2.038080 1.850214 1.639508 1.406669 1.153338 0.882116 0.596520 0.300854 0.000000 
50.000000 46.006080 42.056270 38.193219 34.456734 30.882555 27.501347 24.337957 21.410958 18.732498 16.308429 14.138690 12.217905 10.536139 9.079755 7.832317 6.775481 5.889841 5.155681 4.553616 4.065112 3.672866 3.361070 3.115554 2.923837 2.775089 2.660033 2.570809 2.500802 2.444461 2.397119 2.354817 2.314150 2.272132 2.226084 2.173557 2.112282 2.040153 1.955239 1.855826 1.740487 1.608167 1.458280 1.290808 1.106379 0.906323 0.692679 0.468157 0.236034 0.000000 
50.000000 45.966040 41.976632 38.074853 34.300909 30.690899 27.275796 24.080694 21.124355 18.419047 15.970682 13.779197 11.839163 10.140547 8.669576 7.409649 6.342242 5.447756 4.706283 4.098251 3.604947 3.208907 2.894182 2.646485 2.453240 2.303549 2.188097 2.099016 2.029713 1.974694 1.929386 1.889960 1.853182 1.816276 1.776817 1.732646 1.681819 1.622578 1.553352 1.472783 1.379769 1.273521 1.153633 1.020147 0.873603 0.715072 0.546155 0.368947 0.185958 0.000000 
50.000000 45.935586 41.916061 37.984827 34.182394 30.545132 27.104249 23.885028 20.906374 18.180647 15.713802 13.505779 11.551106 9.839675 8.357610 7.088185 6.012739 5.111528 4.364496 3.751928 3.254977 2.856058 2.539116 2.289773 2.095382 1.944998 1.829277 1.740345 1.671631 1.617687 1.574011 1.536879 1.503187 1.470322 1.436051 1.398434 1.355769 1.306556 1.249489 1.183465 1.107609 1.021317 0.924300 0.816626 0.698752 0.571547 0.436281 0.294596 0.148444 0.000000 
50.000000 45.913685 41.872501 37.920083 34.097161 30.440301 26.980877 23.744312 20.749609 18.009197 15.529063 13.309145 11.343945 9.623298 8.133255 6.857001 5.775774 4.869727 4.118698 3.502870 3.003300 2.602315 2.283783 2.033264 1.838060 1.687190 1.571294 1.482494 1.414235 1.361103 1.318651 1.283229 1.251830 1.221958 1.191517 1.158726 1.122052 1.080178 1.031980 0.976531 0.913111 0.841238 0.760694 0.671557 0.574218 0.469397 0.358127 0.241733 0.121779 0.000000 
50.000000 45.899538 41.844362 37.878261 34.042103 30.372583 26.901183 23.653413 20.648344 17.898446 15.409728 13.182127 11.210126 9.483526 7.988330 6.707664 5.622704 4.713534 3.959923 3.341991 2.840730 2.438412 2.118856 1.867580 1.671856 1.520680 1.404679 1.315976 1.248025 1.195437 1.153799 1.119511 1.089628 1.061730 1.033810 1.004187 0.971439 0.934364 0.891952 0.843386 0.788043 0.725513 0.655621 0.578444 0.494331 0.403900 0.308037 0.207863 0.104698 0.000000 
50.000000 45.892601 41.830566 37.857755 34.015108 30.339381 26.862109 23.608846 20.598693 17.844145 15.351217 13.119850 11.144515 9.414996 7.917273 6.634445 5.547654 4.636952 3.882077 3.263112 2.761023 2.358052 2.037995 1.786349 1.590372 1.439047 1.322998 1.234345 1.166551 1.114234 1.073003 1.039279 1.010149 0.983231 0.956562 0.928508 0.897702 0.862996 0.823438 0.778262 0.726892 0.668951 0.604283 0.532966 0.455325 0.371931 0.283594 0.191338 0.096365 0.000000 
50.000000 45.892601 41.830566 37.857755 34.015108 30.339381 26.862109 23.608846 20.598693 17.844145 15.351217 13.119850 11.144515 9.414996 7.917273 6.634445 5.547654 4.636952 3.882077 3.263112 2.761023 2.358052 2.037995 1.786349 1.590372 1.439047 1.322998 1.234345 1.166551 1.114234 1.073003 1.039279 1.010149 0.983231 0.956562 0.928508 0.897702 0.862996 0.823438 0.778262 0.726892 0.668951 0.604283 0.532966 0.455325 0.371931 0.283594 0.191338 0.096365 0.000000 
50.000000 45.899538 41.844362 37.878261 34.042103 30.372583 26.901183 23.653413 20.648344 17.898446 15.409728 13.182127 11.210126 9.483526 7.988330 6.707664 5.622704 4.713534 3.959923 3.341991 2.840730 2.438412 2.118856 1.867580 1.671856 1.520680 1.404679 1.315976 1.248025 1.195437 1.153799 1.119511 1.089628 1.061730 1.033810 1.004187 0.971439 0.934364 0.891952 0.843386 0.788043 0.725513 0.655621 0.578444 0.494331 0.403900 0.308037 0.207863 0.104698 0.000000 
50.000000 45.913685 41.872501 37.920083 34.097161 30.440301 26.980877 23.744312 20.749609 18.009197 15.529063 13.309145 11.343945 9.623298 8.133255 6.857001 5.775774 4.869727 4.118698 3.502870 3.003300 2.602315 2.283783 2.033264 1.838060 1.687190 1.571294 1.482494 1.414235 1.361103 1.318651 1.283229 1.251830 1.221958 1.191517 1.158726 1.122052 1.080178 1.031980 0.976531 0.913111 0.841238 0.760694 0.671557 0.574218 0.469397 0.358127 0.241733 0.121779 0.000000 
50.000000 45.935586 41.916061 37.984827 34.182394 30.545132 27.104249 23.885028 20.906374 18.180647 15.713802 13.505779 11.551106 9.839675 8.357610 7.088185 6.012739 5.111528 4.364496 3.751928 3.254977 2.856058 2.539116 2.289773 2.095382 1.944998 1.829277 1.740345 1.671631 1.617687 1.574011 1.536879 1.503187 1.470322 1.436051 1.398434 1.355769 1.306556 1.249489 1.183465 1.107609 1.021317 0.924300 0.816626 0.698752 0.571547 0.436281 0.294596 0.148444 0.000000 
50.000000 45.966040 41.976632 38.074853 34.300909 30.690899 27.275796 24.080694 21.124355 18.419047 15.970682 13.779197 11.839163 10.140547 8.669576 7.409649 6.342242 5.447756 4.706283 4.098251 3.604947 3.208907 2.894182 2.646485 2.453240 2.303549 2.188097 2.099016 2.029713 1.974694 1.929386 1.889960 1.853182 1.816276 1.776817 1.732646 1.681819 1.622578 1.553352 1.472783 1.379769 1.273521 1.153633 1.020147 0.873603 0.715072 0.546155 0.368947 0.185958 0.000000 
50.000000 46.006080 42.056270 38.193219 34.456734 30.882555 27.501347 24.337957 21.410958 18.732498 16.308429 14.138690 12.217905 10.536139 9.079755 7.832317 6.775481 5.889841 5.155681 4.553616 4.065112 3.672866 3.361070 3.115554 2.923837 2.775089 2.660033 2.570809 2.500802 2.444461 2.397119 2.354817 2.314150 2.272132 2.226084 2.173557 2.112282 2.040153 1.955239 1.855826 1.740487 1.608167 1.458280 1.290808 1.106379 0.906323 0.692679 0.468157 0.236034 0.000000 
50.000000 46.056950 42.157449 38.343601 34.654706 31.126049 27.787905 24.664803 21.775081 19.130732 16.737532 14.595421 12.699092 11.038734 9.600885 8.369315 7.325912 6.451513 5.726648 5.132173 4.649777 4.262363 3.954304 3.711585 3.521843 3.374338 3.259846 3.170521 3.099724 3.041837 2.992080 2.946335 2.900984 2.852775 2.798711 2.735971 2.661866 2.573833 2.469460 2.346555 2.203240 2.038080 1.850214 1.639508 1.406669 1.153338 0.882116 0.596520 0.300854 0.000000 
50.000000 46.120066 42.282982 38.530181 34.900332 31.428156 28.143442 25.070327 22.226855 19.624828 17.269928 15.162096 13.296110 11.662316 10.247465 9.035585 8.008851 7.148404 6.435079 5.850028 5.375222 4.993821 4.690425 4.451207 4.263963 4.118063 4.004355 3.915017 3.843386 3.783769 3.731256 3.681537 3.630741 3.575292 3.511799 3.436978 3.347610 3.240545 3.112746 2.961384 2.783968 2.578523 2.343782 2.079394 1.786111 1.465927 1.122142 0.759318 0.383113 0.000000 
50.000000 46.196967 42.435935 38.757514 35.199608 31.796249 28.576636 25.564427 22.777309 20.226848 17.918615 15.852551 14.023538 12.422112 11.035284 9.847398 8.840979 7.997537 7.298279 6.724723 6.259182 5.885130 5.587445 5.352539 5.168399 5.024537 4.911895 4.822690 4.750239 4.688769 4.633222 4.579070 4.522142 4.458480 4.384220 4.295513 4.188484 4.059244 3.903954 3.718949 3.500913 3.247116 2.955687 2.625906 2.258488 1.855798 1.421980 0.962926 0.486069 0.000000 
50.000000 46.289265 42.619511 39.030363 35.558805 32.238041 29.096564 26.157455 23.437973 20.949404 18.697183 16.681252 14.896615 13.334039 11.980849 10.821765 9.839734 9.016708 8.334344 7.774598 7.320196 6.954993 6.664203 6.434529 6.254190 6.112881 6.001662 5.912808 5.839627 5.776263 5.717501 5.658566 5.594949 5.522249 5.436047 5.331818 5.204892 5.050466 4.863688 4.639809 4.374411 4.063721 3.704981 3.296862 2.839880 2.336745 1.792588 1.214970 0.613638 0.000000 
50.000000 46.398575 42.836923 39.353503 35.984208 32.761265 29.712324 26.859791 24.220414 21.805146 19.619261 17.662705 15.930627 14.414065 13.100715 11.975746 11.022604 10.223766 9.561422 9.018048 8.576864 8.222175 7.939600 7.716188 7.540447 7.402292 7.292937 7.204739 7.131011 7.065825 7.003797 6.939892 6.869224 6.786896 6.687850 6.566776 6.418056 6.235777 6.013826 5.746068 5.426634 5.050318 4.613071 4.112585 3.548899 2.924950 2.246965 1.524574 0.770530 0.000000 
50.000000 46.526443 43.091248 39.731506 36.481836 33.373321 30.432631 27.681372 25.135701 22.806179 20.697896 18.810797 17.140203 15.677470 14.410729 13.325673 12.406331 11.635798 10.996888 10.472686 10.046991 9.704643 9.431736 9.215732 9.045483 8.911175 8.804216 8.717077 8.643103 8.576303 8.511133 8.442285 8.364476 8.272263 8.159883 8.021127 7.849277 7.637100 7.376940 7.060919 6.681274 6.230850 5.703748 5.096122 4.407060 3.639442 2.800627 1.902752 0.962472 0.000000 
50.000000 46.674268 43.385265 40.168503 37.057128 34.080900 31.265354 28.631177 26.193836 23.963446 21.944877 20.138077 18.538566 17.138066 15.925212 14.886304 14.006046 13.268247 12.656443 12.154429 11.746674 11.418639 11.156975 10.949630 10.785864 10.656189 10.552257 10.466692 10.392903 10.324864 10.256887 10.183399 10.098709 9.996805 9.871158 9.714574 9.519089 9.275936 8.975612 8.608085 8.163158 7.631062 7.003272 6.273577 5.439340 4.502822 3.472357 2.363037 1.196564 0.000000 
50.000000 46.843213 43.721289 40.667936 37.714617 34.889578 32.217057 29.716691 27.403160 25.286066 23.370031 21.655006 20.136737 18.807366 17.656103 16.669942 15.834361 15.133985 14.553180 14.076548 13.689334 13.377710 13.128973 12.931633 12.775429 12.651263 12.551085 12.467726 12.394700 12.325986 12.255787 12.178287 12.087406 11.976561 11.838437 11.664791 11.446297 11.172459 10.831624 10.411152 9.897786 9.278302 8.540506 7.674617 6.675037 5.542370 4.285395 2.922494 1.481872 0.000000 
50.000000 47.034129 44.101012 41.232318 38.457608 35.803419 33.292523 30.943370 28.769752 26.780689 24.980525 23.369211 21.942752 20.693763 19.612107 18.685560 17.900475 17.242403 16.696645 16.248726 15.884764 15.591746 15.357700 15.171787 15.024299 14.906599 14.810998 14.730593 14.659063 14.590442 14.518878 14.438364 14.342479 14.224104 14.075160 13.886346 13.646914 13.344492 12.965008 12.492764 11.910743 11.201262 10.347089 9.333171 8.149024 6.791752 5.269321 3.603376 1.830404 0.000000 
50.000000 47.247470 44.525338 41.862995 39.287874 36.824604 34.494320 32.314143 30.296873 28.450882 26.780200 25.284783 23.960922 22.801762 21.797893 20.937970 20.209324 19.598539 19.091967 18.676163 18.338228 18.066063 17.848527 17.675513 17.537952 17.427740 17.337624 17.261033 17.191880 17.124328 17.052542 16.970407 16.871240 16.747479 16.590360 16.389591 16.133026 15.806368 15.392949 14.873626 14.226926 13.429571 12.457596 11.288337 9.903516 8.293588 6.463070 4.435895 2.258798 0.000000 
50.000000 47.483230 44.994253 42.559945 40.205387 37.953100 35.822407 33.828964 31.984473 30.296590 28.769000 27.401661 26.191182 25.131294 24.213393 23.427103 22.760836 22.202322 21.739076 21.358793 21.049667 20.800613 20.601416 20.442797 20.316403 20.214748 20.131089 20.059268 19.993510 19.928197 19.857608 19.775631 19.675451 19.549207 19.387609 19.179536 18.911597 18.567676 18.128496 17.571258 16.869461 15.993097 14.909515 13.585406 11.990460 10.103283 7.919761 5.462934 2.791313 0.000000 
50.000000 47.740884 45.506717 43.321621 41.208111 39.186401 37.273836 35.484470 33.828806 32.313716 30.942508 29.715145 28.628581 27.677190 26.853246 26.147433 25.549350 25.047977 24.632101 24.290671 24.013074 23.789346 23.610291 23.467544 23.353560 23.261548 23.185359 23.119331 23.058096 22.996355 22.928623 22.848933 22.750514 22.625408 22.464051 22.254780 21.983272 21.631907 21.179068 20.598403 19.858146 18.920681 17.742719 16.276701 14.474468 12.294551 9.714495 6.748322 3.465418 0.000000 
50.000000 48.019359 46.060592 44.144846 42.291861 40.519361 38.842551 37.273753 35.822176 34.493844 33.291656 32.215582 31.262949 30.428825 29.706436 29.087612 28.563232 28.123632 27.758976 27.459569 27.216096 27.019806 26.862618 26.737169 26.636801 26.555504 26.487806 26.428629 26.373110 26.316386 26.253347 26.178344 26.084861 25.965119 25.809616 25.606565 25.341221 24.995052 24.544743 23.961000 23.207185 22.237898 20.997818 19.421539 17.435844 14.967003 11.956904 8.391855 4.342861 0.000000 
50.000000 48.317015 46.652616 45.024773 43.450260 41.944135 40.519319 39.186282 37.952850 36.824141 35.802618 34.888255 34.078782 33.370007 32.756172 32.230335 31.784745 31.411186 31.101298 30.846838 30.639882 30.472985 30.339264 30.232438 30.146821 30.077260 30.019041 29.967762 29.919167 29.868949 29.812524 29.744755 29.659629 29.549870 29.406458 29.218032 28.970131 28.644212 28.216370 27.655673 26.921996 25.963298 24.712419 23.083881 20.972204 18.255376 14.810974 10.557490 5.533355 0.000000 
50.000000 48.631662 47.278436 45.954930 44.674784 43.450240 42.291804 41.207988 40.205154 39.287464 38.456922 37.713503 37.055364 36.479096 35.980016 35.552482 35.190187 34.886452 34.634477 34.427555 34.259242 34.123473 34.014642 33.927629 33.857785 33.800890 33.753066 33.710671 33.670153 33.627888 33.579970 33.521973 33.448655 33.353596 33.228738 33.063795 32.845469 32.556391 32.173666 31.666830 30.994962 30.102582 28.913903 27.325109 25.195069 22.337459 18.524364 13.527576 7.250060 0.000000 
50.000000 48.960600 47.932678 46.927332 45.954923 45.024749 44.144791 43.321515 42.559754 41.862668 41.231780 40.667072 40.167142 39.729401 39.350293 39.025529 38.750320 38.519591 38.328175 38.170975 38.043092 37.939915 37.857179 37.790984 37.737786 37.694359 37.657729 37.625088 37.593685 37.560684 37.523007 37.477131 37.418845 37.342941 37.242817 37.109951 36.933180 36.697694 36.383586 35.963705 35.400409 34.640519 33.607362 32.188110 30.213920 27.430653 23.463696 17.806815 9.953603 0.000000 
50.000000 49.300680 48.609083 47.932675 47.278427 46.652596 46.060550 45.506640 44.994119 44.525111 44.100642 43.720699 43.384340 43.089822 42.834752 42.616245 42.431078 42.275837 42.147043 42.041266 41.955210 41.885769 41.830070 41.785484 41.749621 41.720298 41.695502 41.673324 41.651882 41.629231 41.603239 41.571456 41.530929 41.477983 41.407921 41.314632 41.190030 41.023255 40.799484 40.498099 40.089756 39.531533 38.758544 37.668840 36.095199 33.750911 30.125898 24.304552 14.768679 0.000000 
50.000000 49.648398 49.300679 48.960598 48.631657 48.317004 48.019337 47.740844 47.483160 47.247354 47.033941 46.842914 46.673801 46.525723 46.397480 46.287619 46.194520 46.116467 46.051710 45.998525 45.955253 45.920333 45.892319 45.869887 45.851834 45.837059 45.824545 45.813327 45.802450 45.790922 45.777655 45.761390 45.740605 45.713396 45.677323 45.629189 45.564739 45.478217 45.361684 45.203954 44.988826 44.692021 44.275538 43.676548 42.783695 41.381626 39.007013 34.532011 24.824202 0.000000 
50.000000 50.000000 50.000000 50.000000 50.000000 50.000000 50.000000 50.000000 50.000000 50.000000 50.000000 50.000000 50.000000 50.000000 50.000000 50.000000 50.000000 50.000000 50.000000 50.000000 50.000000 50.000000 50.000000 50.000000 50.000000 50.000000 50.000000 50.000000 50.000000 50.000000 50.000000 50.000000 50.000000 50.000000 50.000000 50.000000 50.000000 50.000000 50.000000 50.000000 50.000000 50.000000 50.000000 50.000000 50.000000 50.000000 50.000000 50.000000 50.000000 50.000000 
