50.000000 50.000000 50.000000 50.000000 50.000000 50.000000 50.000000 50.000000 50.000000 50.000000 50.000000 50.000000 50.000000 50.000000 50.000000 50.000000 50.000000 50.000000 50.000000 50.000000 50.000000 50.000000 50.000000 50.000000 50.000000 50.000000 50.000000 50.000000 50.000000 50.000000 50.000000 50.000000 50.000000 50.000000 50.000000 50.000000 50.000000 50.000000 50.000000 50.000000 50.000000 50.000000 50.000000 50.000000 50.000000 50.000000 50.000000 50.000000 50.000000 50.000000 
50.000000 47.741954 45.643783 43.831476 42.375194 41.285337 40.524629 40.028606 39.725908 39.552697 39.459570 39.412433 39.389924 39.379765 39.375422 39.373660 39.372981 39.372732 39.372644 39.372615 39.372606 39.372603 39.372602 39.372602 39.372602 39.372602 39.372602 39.372602 39.372602 39.372602 39.372601 39.372600 39.372594 39.372578 39.372529 39.372386 39.371988 39.370923 39.368188 39.361446 39.345465 39.308973 39.228399 39.055393 38.690864 37.926523 36.297743 32.664570 23.870977 0.000000 
50.000000 45.643783 41.596012 38.099754 35.290363 33.187892 31.720420 30.763567 30.179662 29.845545 29.665915 29.574994 29.531580 29.511985 29.503610 29.500212 29.498903 29.498422 29.498253 29.498197 29.498179 29.498174 29.498172 29.498171 29.498171 29.498171 29.498171 29.498171 29.498171 29.498171 29.498170 29.498167 29.498158 29.498130 29.498044 29.497794 29.497099 29.495247 29.490512 29.478903 29.451594 29.389872 29.255584 28.973470 28.398759 27.257461 25.036680 20.798006 12.979213 0.000000 
50.000000 43.831476 38.099754 33.149043 29.171007 26.194022 24.116218 22.761448 21.934750 21.461724 21.207424 21.078714 21.017260 20.989524 20.977669 20.972861 20.971007 20.970327 20.970088 20.970009 20.969983 20.969975 20.969973 20.969972 20.969972 20.969972 20.969972 20.969972 20.969972 20.969972 20.969971 20.969967 20.969956 20.969922 20.969818 20.969517 20.968685 20.966478 20.960869 20.947226 20.915466 20.844671 20.693517 20.384152 19.776816 18.633358 16.574521 13.063074 7.533733 0.000000 
50.000000 42.375194 35.290363 29.171007 24.254036 20.574496 18.006427 16.332060 15.310386 14.725827 14.411582 14.252543 14.176611 14.142344 14.127698 14.121759 14.119469 14.118629 14.118334 14.118236 14.118204 14.118195 14.118192 14.118191 14.118191 14.118191 14.118191 14.118191 14.118191 14.118190 14.118189 14.118186 14.118175 14.118141 14.118038 14.117743 14.116929 14.114781 14.109367 14.096318 14.066295 14.000379 13.862390 13.587215 13.065338 12.127018 10.537649 8.032902 4.448671 0.000000 
50.000000 41.285337 33.187892 26.194022 20.574496 16.369334 13.434522 11.521121 10.353649 9.685705 9.326656 9.144952 9.058205 9.019060 9.002331 8.995547 8.992932 8.991972 8.991636 8.991523 8.991487 8.991476 8.991473 8.991472 8.991472 8.991472 8.991472 8.991472 8.991472 8.991472 8.991471 8.991468 8.991458 8.991429 8.991341 8.991090 8.990401 8.988596 8.984079 8.973299 8.948792 8.895788 8.786900 8.574866 8.184667 7.509158 6.417207 4.789133 2.594473 0.000000 
50.000000 40.524629 31.720420 24.116218 18.006427 13.434522 10.243867 8.163750 6.894613 6.168540 5.778266 5.580771 5.486492 5.443951 5.425771 5.418399 5.415558 5.414515 5.414150 5.414028 5.413989 5.413977 5.413973 5.413972 5.413972 5.413972 5.413972 5.413972 5.413972 5.413972 5.413971 5.413969 5.413962 5.413939 5.413873 5.413682 5.413164 5.411814 5.408464 5.400543 5.382743 5.344781 5.268121 5.121934 4.859655 4.419212 3.732066 2.746950 1.469236 0.000000 
50.000000 40.028606 30.763567 22.761448 16.332060 11.521121 8.163750 5.975021 4.639669 3.875748 3.465150 3.257381 3.158203 3.113453 3.094331 3.086578 3.083589 3.082493 3.082109 3.081980 3.081939 3.081927 3.081923 3.081922 3.081922 3.081922 3.081922 3.081922 3.081922 3.081922 3.081921 3.081920 3.081915 3.081899 3.081853 3.081723 3.081370 3.080458 3.078209 3.072942 3.061229 3.036566 2.987510 2.895629 2.734222 2.469669 2.067931 1.507982 0.800207 0.000000 
50.000000 39.725908 30.179662 21.934750 15.310386 10.353649 6.894613 4.639669 3.263962 2.476983 2.054008 1.839984 1.737825 1.691732 1.672037 1.664052 1.660974 1.659845 1.659450 1.659317 1.659275 1.659262 1.659258 1.659257 1.659257 1.659257 1.659257 1.659257 1.659257 1.659257 1.659257 1.659256 1.659252 1.659243 1.659214 1.659132 1.658913 1.658348 1.656967 1.653759 1.646693 1.631981 1.603103 1.549831 1.457861 1.310007 1.090079 0.789790 0.416936 0.000000 
50.000000 39.552697 29.845545 21.461724 14.725827 9.685705 6.168540 3.875748 2.476983 1.676834 1.246791 1.029198 0.925339 0.878480 0.858459 0.850341 0.847213 0.846065 0.845663 0.845529 0.845486 0.845473 0.845469 0.845468 0.845468 0.845468 0.845468 0.845468 0.845468 0.845468 0.845467 0.845467 0.845465 0.845459 0.845443 0.845396 0.845270 0.844948 0.844165 0.842359 0.838417 0.830291 0.814519 0.785797 0.736913 0.659532 0.546258 0.393951 0.207232 0.000000 
50.000000 39.459570 29.665915 21.207424 14.411582 9.326656 5.778266 3.465150 2.054008 1.246791 0.812959 0.593453 0.488682 0.441413 0.421217 0.413029 0.409874 0.408716 0.408311 0.408175 0.408132 0.408118 0.408114 0.408113 0.408113 0.408113 0.408113 0.408113 0.408113 0.408113 0.408113 0.408113 0.408112 0.408108 0.408100 0.408074 0.408007 0.407837 0.407424 0.406479 0.404432 0.400249 0.392208 0.377722 0.353357 0.315264 0.260197 0.187012 0.098125 0.000000 
50.000000 39.412433 29.574994 21.078714 14.252543 9.144952 5.580771 3.257381 1.839984 1.029198 0.593453 0.372981 0.267750 0.220276 0.199991 0.191768 0.188599 0.187436 0.187029 0.186893 0.186849 0.186836 0.186832 0.186831 0.186830 0.186830 0.186830 0.186830 0.186830 0.186830 0.186830 0.186830 0.186830 0.186828 0.186824 0.186811 0.186778 0.186693 0.186490 0.186028 0.185034 0.183017 0.179171 0.172307 0.160873 0.143176 0.117846 0.084482 0.044245 0.000000 
50.000000 39.389924 29.531580 21.017260 14.176611 9.058205 5.486492 3.158203 1.737825 0.925339 0.488682 0.267750 0.162301 0.114728 0.094402 0.086162 0.082986 0.081821 0.081413 0.081277 0.081233 0.081220 0.081216 0.081215 0.081214 0.081214 0.081214 0.081214 0.081214 0.081214 0.081214 0.081214 0.081214 0.081213 0.081211 0.081205 0.081190 0.081151 0.081057 0.080845 0.080391 0.079476 0.077745 0.074678 0.069610 0.061830 0.050782 0.036333 0.019001 0.000000 
50.000000 39.379765 29.511985 20.989524 14.142344 9.019060 5.443951 3.113453 1.691732 0.878480 0.441413 0.220276 0.114728 0.067111 0.046766 0.038518 0.035340 0.034173 0.033765 0.033629 0.033585 0.033572 0.033568 0.033567 0.033566 0.033566 0.033566 0.033566 0.033566 0.033566 0.033566 0.033566 0.033566 0.033566 0.033565 0.033562 0.033556 0.033538 0.033498 0.033406 0.033211 0.032819 0.032083 0.030787 0.028659 0.025415 0.020839 0.014886 0.007777 0.000000 
50.000000 39.375422 29.503610 20.977669 14.127698 9.002331 5.425771 3.094331 1.672037 0.858459 0.421217 0.199991 0.094402 0.046766 0.026413 0.018162 0.014982 0.013816 0.013407 0.013271 0.013227 0.013214 0.013210 0.013209 0.013208 0.013208 0.013208 0.013208 0.013208 0.013208 0.013208 0.013208 0.013208 0.013208 0.013208 0.013207 0.013204 0.013197 0.013180 0.013142 0.013063 0.012904 0.012608 0.012088 0.011241 0.009956 0.008152 0.005816 0.003036 0.000000 
50.000000 39.373660 29.500212 20.972861 14.121759 8.995547 5.418399 3.086578 1.664052 0.850341 0.413029 0.191768 0.086162 0.038518 0.018162 0.009910 0.006729 0.005562 0.005154 0.005018 0.004974 0.004960 0.004957 0.004955 0.004955 0.004955 0.004955 0.004955 0.004955 0.004955 0.004955 0.004955 0.004955 0.004955 0.004955 0.004954 0.004953 0.004951 0.004944 0.004929 0.004899 0.004838 0.004724 0.004527 0.004205 0.003721 0.003043 0.002169 0.001131 0.000000 
50.000000 39.372981 29.498903 20.971007 14.119469 8.992932 5.415558 3.083589 1.660974 0.847213 0.409874 0.188599 0.082986 0.035340 0.014982 0.006729 0.003549 0.002382 0.001974 0.001837 0.001793 0.001780 0.001776 0.001775 0.001775 0.001775 0.001775 0.001775 0.001775 0.001775 0.001775 0.001775 0.001775 0.001775 0.001774 0.001774 0.001774 0.001773 0.001771 0.001765 0.001754 0.001732 0.001690 0.001619 0.001503 0.001328 0.001085 0.000773 0.000403 0.000000 
50.000000 39.372732 29.498422 20.970327 14.118629 8.991972 5.414515 3.082493 1.659845 0.846065 0.408716 0.187436 0.081821 0.034173 0.013816 0.005562 0.002382 0.001215 0.000807 0.000670 0.000626 0.000613 0.000609 0.000608 0.000608 0.000608 0.000608 0.000608 0.000608 0.000608 0.000608 0.000608 0.000608 0.000608 0.000608 0.000607 0.000607 0.000607 0.000606 0.000604 0.000600 0.000593 0.000578 0.000553 0.000513 0.000453 0.000370 0.000264 0.000137 0.000000 
50.000000 39.372644 29.498253 20.970088 14.118334 8.991636 5.414150 3.082109 1.659450 0.845663 0.408311 0.187029 0.081413 0.033765 0.013407 0.005154 0.001974 0.000807 0.000398 0.000262 0.000218 0.000205 0.000201 0.000199 0.000199 0.000199 0.000199 0.000199 0.000199 0.000199 0.000199 0.000199 0.000199 0.000199 0.000199 0.000199 0.000199 0.000199 0.000199 0.000198 0.000197 0.000194 0.000189 0.000181 0.000168 0.000148 0.000121 0.000086 0.000045 0.000000 
50.000000 39.372615 29.498197 20.970009 14.118236 8.991523 5.414028 3.081980 1.659317 0.845529 0.408175 0.186893 0.081277 0.033629 0.013271 0.005018 0.001837 0.000670 0.000262 0.000125 0.000081 0.000068 0.000064 0.000063 0.000063 0.000063 0.000063 0.000063 0.000063 0.000063 0.000063 0.000063 0.000063 0.000063 0.000063 0.000063 0.000063 0.000062 0.000062 0.000062 0.000062 0.000061 0.000059 0.000057 0.000053 0.000046 0.000038 0.000027 0.000014 0.000000 
50.000000 39.372606 29.498179 20.969983 14.118204 8.991487 5.413989 3.081939 1.659275 0.845486 0.408132 0.186849 0.081233 0.033585 0.013227 0.004974 0.001793 0.000626 0.000218 0.000081 0.000038 0.000024 0.000020 0.000019 0.000019 0.000019 0.000019 0.000019 0.000019 0.000019 0.000019 0.000019 0.000019 0.000019 0.000019 0.000019 0.000019 0.000019 0.000019 0.000019 0.000019 0.000018 0.000018 0.000017 0.000016 0.000014 0.000011 0.000008 0.000004 0.000000 
50.000000 39.372603 29.498174 20.969975 14.118195 8.991476 5.413977 3.081927 1.659262 0.845473 0.408118 0.186836 0.081220 0.033572 0.013214 0.004960 0.001780 0.000613 0.000205 0.000068 0.000024 0.000011 0.000007 0.000006 0.000006 0.000005 0.000005 0.000005 0.000005 0.000005 0.000005 0.000005 0.000005 0.000005 0.000005 0.000005 0.000005 0.000005 0.000005 0.000005 0.000005 0.000005 0.000005 0.000005 0.000005 0.000004 0.000003 0.000002 0.000001 0.000000 
50.000000 39.372602 29.498172 20.969973 14.118192 8.991473 5.413973 3.081923 1.659258 0.845469 0.408114 0.186832 0.081216 0.033568 0.013210 0.004957 0.001776 0.000609 0.000201 0.000064 0.000020 0.000007 0.000003 0.000002 0.000002 0.000002 0.000002 0.000002 0.000002 0.000002 0.000002 0.000002 0.000002 0.000002 0.000002 0.000002 0.000002 0.000002 0.000002 0.000002 0.000002 0.000001 0.000001 0.000001 0.000001 0.000001 0.000001 0.000001 0.000000 0.000000 
50.000000 39.372602 29.498171 20.969972 14.118191 8.991472 5.413972 3.081922 1.659257 0.845468 0.408113 0.186831 0.081215 0.033567 0.013209 0.004955 0.001775 0.000608 0.000200 0.000063 0.000019 0.000006 0.000002 0.000001 0.000001 0.000000 0.000000 0.000000 0.000000 0.000000 0.000000 0.000000 0.000000 0.000000 0.000000 0.000000 0.000000 0.000000 0.000000 0.000000 0.000000 0.000000 0.000000 0.000000 0.000000 0.000000 0.000000 0.000000 0.000000 0.000000 
50.000000 39.372602 29.498171 20.969972 14.118191 8.991472 5.413972 3.081922 1.659257 0.845468 0.408113 0.186830 0.081214 0.033566 0.013208 0.004955 0.001775 0.000608 0.000199 0.000063 0.000019 0.000006 0.000002 0.000001 0.000000 0.000000 0.000000 0.000000 0.000000 0.000000 0.000000 0.000000 0.000000 0.000000 0.000000 0.000000 0.000000 0.000000 0.000000 0.000000 0.000000 0.000000 0.000000 0.000000 0.000000 0.000000 0.000000 0.000000 0.000000 0.000000 
50.000000 39.372602 29.498171 20.969972 14.118191 8.991472 5.413972 3.081922 1.659257 0.845468 0.408113 0.186830 0.081214 0.033566 0.013208 0.004955 0.001775 0.000608 0.000199 0.000063 0.000019 0.000006 0.000002 0.000001 0.000000 0.000000 0.000000 0.000000 0.000000 0.000000 0.000000 0.000000 0.000000 0.000000 0.000000 0.000000 0.000000 0.000000 0.000000 0.000000 0.000000 0.000000 0.000000 0.000000 0.000000 0.000000 0.000000 0.000000 0.000000 0.000000 
50.000000 39.372602 29.498171 20.969972 14.118191 8.991472 5.413972 3.081922 1.659257 0.845468 0.408113 0.186831 0.081215 0.033567 0.013209 0.004955 0.001775 0.000608 0.000200 0.000063 0.000019 0.000006 0.000002 0.000001 0.000001 0.000000 0.000000 0.000000 0.000000 0.000000 0.000000 0.000000 0.000000 0.000000 0.000000 0.000000 0.000000 0.000000 0.000000 0.000000 0.000000 0.000000 0.000000 0.000000 0.000000 0.000000 0.000000 0.000000 0.000000 0.000000 
50.000000 39.372602 29.498172 20.969973 14.118192 8.991473 5.413973 3.081923 1.659258 0.845469 0.408114 0.186832 0.081216 0.033568 0.013210 0.004957 0.001776 0.000609 0.000201 0.000064 0.000020 0.000007 0.000003 0.000002 0.000002 0.000002 0.000002 0.000002 0.000002 0.000002 0.000002 0.000002 0.000002 0.000002 0.000002 0.000002 0.000002 0.000002 0.000002 0.000002 0.000002 0.000001 0.000001 0.000001 0.000001 0.000001 0.000001 0.000001 0.000000 0.000000 
50.000000 39.372603 29.498174 20.969975 14.118195 8.991476 5.413977 3.081927 1.659262 0.845473 0.408118 0.186836 0.081220 0.033572 0.013214 0.004960 0.001780 0.000613 0.000205 0.000068 0.000024 0.000011 0.000007 0.000006 0.000006 0.000005 0.000005 0.000005 0.000005 0.000005 0.000005 0.000005 0.000005 0.000005 0.000005 0.000005 0.000005 0.000005 0.000005 0.000005 0.000005 0.000005 0.000005 0.000005 0.000005 0.000004 0.000003 0.000002 0.000001 0.000000 
50.000000 39.372606 29.498179 20.969983 14.118204 8.991487 5.413989 3.081939 1.659275 0.845486 0.408132 0.186849 0.081233 0.033585 0.013227 0.004974 0.001793 0.000626 0.000218 0.000081 0.000038 0.000024 0.000020 0.000019 0.000019 0.000019 0.000019 0.000019 0.000019 0.000019 0.000019 0.000019 0.000019 0.000019 0.000019 0.000019 0.000019 0.000019 0.000019 0.000019 0.000019 0.000018 0.000018 0.000017 0.000016 0.000014 0.000011 0.000008 0.000004 0.000000 
50.000000 39.372615 29.498197 20.970009 14.118236 8.991523 5.414028 3.081980 1.659317 0.845529 0.408175 0.186893 0.081277 0.033629 0.013271 0.005018 0.001837 0.000670 0.000262 0.000125 0.000081 0.000068 0.000064 0.000063 0.000063 0.000063 0.000063 0.000063 0.000063 0.000063 0.000063 0.000063 0.000063 0.000063 0.000063 0.000063 0.000063 0.000062 0.000062 0.000062 0.000062 0.000061 0.000059 0.000057 0.000053 0.000046 0.000038 0.000027 0.000014 0.000000 
50.000000 39.372644 29.498253 20.970088 14.118334 8.991636 5.414150 3.082109 1.659450 0.845663 0.408311 0.187029 0.081413 0.033765 0.013407 0.005154 0.001974 0.000807 0.000398 0.000262 0.000218 0.000205 0.000201 0.000199 0.000199 0.000199 0.000199 0.000199 0.000199 0.000199 0.000199 0.000199 0.000199 0.000199 0.000199 0.000199 0.000199 0.000199 0.000199 0.000198 0.000197 0.000194 0.000189 0.000181 0.000168 0.000148 0.000121 0.000086 0.000045 0.000000 
50.000000 39.372732 29.498422 20.970327 14.118629 8.991972 5.414515 3.082493 1.659845 0.846065 0.408716 0.187436 0.081821 0.034173 0.013816 0.005562 0.002382 0.001215 0.000807 0.000670 0.000626 0.000613 0.000609 0.000608 0.000608 0.000608 0.000608 0.000608 0.000608 0.000608 0.000608 0.000608 0.000608 0.000608 0.000608 0.000607 0.000607 0.000607 0.000606 0.000604 0.000600 0.000593 0.000578 0.000553 0.000513 0.000453 0.000370 0.000264 0.000137 0.000000 
50.000000 39.372981 29.498903 20.971007 14.119469 8.992932 5.415558 3.083589 1.660974 0.847213 0.409874 0.188599 0.082986 0.035340 0.014982 0.006729 0.003549 0.002382 0.001974 0.001837 0.001793 0.001780 0.001776 0.001775 0.001775 0.001775 0.001775 0.001775 0.001775 0.001775 0.001775 0.001775 0.001775 0.001775 0.001774 0.001774 0.001774 0.001773 0.001771 0.001765 0.001754 0.001732 0.001690 0.001619 0.001503 0.001328 0.001085 0.000773 0.000403 0.000000 
50.000000 39.373660 29.500212 20.972861 14.121759 8.995547 5.418399 3.086578 1.664052 0.850341 0.413029 0.191768 0.086162 0.038518 0.018162 0.009910 0.006729 0.005562 0.005154 0.005018 0.004974 0.004960 0.004957 0.004955 0.004955 0.004955 0.004955 0.004955 0.004955 0.004955 0.004955 0.004955 0.004955 0.004955 0.004955 0.004954 0.004953 0.004951 0.004944 0.004929 0.004899 0.004838 0.004724 0.004527 0.004205 0.003721 0.003043 0.002169 0.001131 0.000000 
50.000000 39.375422 29.503610 20.977669 14.127698 9.002331 5.425771 3.094331 1.672037 0.858459 0.421217 0.199991 0.094402 0.046766 0.026413 0.018162 0.014982 0.013816 0.013407 0.013271 0.013227 0.013214 0.013210 0.013209 0.013208 0.013208 0.013208 0.013208 0.013208 0.013208 0.013208 0.013208 0.013208 0.013208 0.013208 0.013207 0.013204 0.013197 0.013180 0.013142 0.013063 0.012904 0.012608 0.012088 0.011241 0.009956 0.008152 0.005816 0.003036 0.000000 
50.000000 39.379765 29.511985 20.989524 14.142344 9.019060 5.443951 3.113453 1.691732 0.878480 0.441413 0.220276 0.114728 0.067111 0.046766 0.038518 0.035340 0.034173 0.033765 0.033629 0.033585 0.033572 0.033568 0.033567 0.033566 0.033566 0.033566 0.033566 0.033566 0.033566 0.033566 0.033566 0.033566 0.033566 0.033565 0.033562 0.033556 0.033538 0.033498 0.033406 0.033211 0.032819 0.032083 0.030787 0.028659 0.025415 0.020839 0.014886 0.007777 0.000000 
50.000000 39.389924 29.531580 21.017260 14.176611 9.058205 5.486492 3.158203 1.737825 0.925339 0.488682 0.267750 0.162301 0.114728 0.094402 0.086162 0.082986 0.081821 0.081413 0.081277 0.081233 0.081220 0.081216 0.081215 0.081214 0.081214 0.081214 0.081214 0.081214 0.081214 0.081214 0.081214 0.081214 0.081213 0.081211 0.081205 0.081190 0.081151 0.081057 0.080845 0.080391 0.079476 0.077745 0.074678 0.069610 0.061830 0.050782 0.036333 0.019001 0.000000 
50.000000 39.412433 29.574994 21.078714 14.252543 9.144952 5.580771 3.257381 1.839984 1.029198 0.593453 0.372981 0.267750 0.220276 0.199991 0.191768 0.188599 0.187436 0.187029 0.186893 0.186849 0.186836 0.186832 0.186831 0.186830 0.186830 0.186830 0.186830 0.186830 0.186830 0.186830 0.186830 0.186830 0.186828 0.186824 0.186811 0.186778 0.186693 0.186490 0.186028 0.185034 0.183017 0.179171 0.172307 0.160873 0.143176 0.117846 0.084482 0.044245 0.000000 
50.000000 39.459570 29.665915 21.207424 14.411582 9.326656 5.778266 3.465150 2.054008 1.246791 0.812959 0.593453 0.488682 0.441413 0.421217 0.413029 0.409874 0.408716 0.408311 0.408175 0.408132 0.408118 0.408114 0.408113 0.408113 0.408113 0.408113 0.408113 0.408113 0.408113 0.408113 0.408113 0.408112 0.408108 0.408100 0.408074 0.408007 0.407837 0.407424 0.406479 0.404432 0.400249 0.392208 0.377722 0.353357 0.315264 0.260197 0.187012 0.098125 0.000000 
50.000000 39.552697 29.845545 21.461724 14.725827 9.685705 6.168540 3.875748 2.476983 1.676834 1.246791 1.029198 0.925339 0.878480 0.858459 0.850341 0.847213 0.846065 0.845663 0.845529 0.845486 0.845473 0.845469 0.845468 0.845468 0.845468 0.845468 0.845468 0.845468 0.845468 0.845467 0.845467 0.845465 0.845459 0.845443 0.845396 0.845270 0.844948 0.844165 0.842359 0.838417 0.830291 0.814519 0.785797 0.736913 0.659532 0.546258 0.393951 0.207232 0.000000 
50.000000 39.725908 30.179662 21.934750 15.310386 10.353649 6.894613 4.639669 3.263962 2.476983 2.054008 1.839984 1.737825 1.691732 1.672037 1.664052 1.660974 1.659845 1.659450 1.659317 1.659275 1.659262 1.659258 1.659257 1.659257 1.659257 1.659257 1.659257 1.659257 1.659257 1.659257 1.659256 1.659252 1.659243 1.659214 1.659132 1.658913 1.658348 1.656967 1.653759 1.646693 1.631981 1.603103 1.549831 1.457861 1.310007 1.090079 0.789790 0.416936 0.000000 
50.000000 40.028606 30.763567 22.761448 16.332060 11.521121 8.163750 5.975021 4.639669 3.875748 3.465150 3.257381 3.158203 3.113453 3.094331 3.086578 3.083589 3.082493 3.082109 3.081980 3.081939 3.081927 3.081923 3.081922 3.081922 3.081922 3.081922 3.081922 3.081922 3.081922 3.081921 3.081920 3.081915 3.081899 3.081853 3.081723 3.081370 3.080458 3.078209 3.072942 3.061229 3.036566 2.987510 2.895629 2.734222 2.469669 2.067931 1.507982 0.800207 0.000000 
50.000000 40.524629 31.720420 24.116218 18.006427 13.434522 10.243867 8.163750 6.894613 6.168540 5.778266 5.580771 5.486492 5.443951 5.425771 5.418399 5.415558 5.414515 5.414150 5.414028 5.413989 5.413977 5.413973 5.413972 5.413972 5.413972 5.413972 5.413972 5.413972 5.413972 5.413971 5.413969 5.413962 5.413939 5.413873 5.413682 5.413164 5.411814 5.408464 5.400543 5.382743 5.344781 5.268121 5.121934 4.859655 4.419212 3.732066 2.746950 1.469236 0.000000 
50.000000 41.285337 33.187892 26.194022 20.574496 16.369334 13.434522 11.521121 10.353649 9.685705 9.326656 9.144952 9.058205 9.019060 9.002331 8.995547 8.992932 8.991972 8.991636 8.991523 8.991487 8.991476 8.991473 8.991472 8.991472 8.991472 8.991472 8.991472 8.991472 8.991472 8.991471 8.991468 8.991458 8.991429 8.991341 8.991090 8.990401 8.988596 8.984079 8.973299 8.948792 8.895788 8.786900 8.574866 8.184667 7.509158 6.417207 4.789133 2.594473 0.000000 
50.000000 42.375194 35.290363 29.171007 24.254036 20.574496 18.006427 16.332060 15.310386 14.725827 14.411582 14.252543 14.176611 14.142344 14.127698 14.121759 14.119469 14.118629 14.118334 14.118236 14.118204 14.118195 14.118192 14.118191 14.118191 14.118191 14.118191 14.118191 14.118191 14.118190 14.118189 14.118186 14.118175 14.118141 14.118038 14.117743 14.116929 14.114781 14.109367 14.096318 14.066295 14.000379 13.862390 13.587215 13.065338 12.127018 10.537649 8.032902 4.448671 0.000000 
50.000000 43.831476 38.099754 33.149043 29.171007 26.194022 24.116218 22.761448 21.934750 21.461724 21.207424 21.078714 21.017260 20.989524 20.977669 20.972861 20.971007 20.970327 20.970088 20.970009 20.969983 20.969975 20.969973 20.969972 20.969972 20.969972 20.969972 20.969972 20.969972 20.969972 20.969971 20.969967 20.969956 20.969922 20.969818 20.969517 20.968685 20.966478 20.960869 20.947226 20.915466 20.844671 20.693517 20.384152 19.776816 18.633358 16.574521 13.063074 7.533733 0.000000 
50.000000 45.643783 41.596012 38.099754 35.290363 33.187892 31.720420 30.763567 30.179662 29.845545 29.665915 29.574994 29.531580 29.511985 29.503610 29.500212 29.498903 29.498422 29.498253 29.498197 29.498179 29.498174 29.498172 29.498171 29.498171 29.498171 29.498171 29.498171 29.498171 29.498171 29.498170 29.498167 29.498158 29.498130 29.498044 29.497794 29.497099 29.495247 29.490512 29.478903 29.451594 29.389872 29.255584 28.973470 28.398759 27.257461 25.036680 20.798006 12.979213 0.000000 
50.000000 47.741954 45.643783 43.831476 42.375194 41.285337 40.524629 40.028606 39.725908 39.552697 39.459570 39.412433 39.389924 39.379765 39.375422 39.373660 39.372981 39.372732 39.372644 39.372615 39.372606 39.372603 39.372602 39.372602 39.372602 39.372602 39.372602 39.372602 39.372602 39.372602 39.372601 39.372600 39.372594 39.372578 39.372529 39.372386 39.371988 39.370923 39.368188 39.361446 39.345465 39.308973 39.228399 39.055393 38.690864 37.926523 36.297743 32.664570 23.870977 0.000000 
50.000000 50.000000 50.000000 50.000000 50.000000 50.000000 50.000000 50.000000 50.000000 50.000000 50.000000 50.000000 50.000000 50.000000 50.000000 50.000000 50.000000 50.000000 50.000000 50.000000 50.000000 50.000000 50.000000 50.000000 50.000000 50.000000 50.000000 50.000000 50.000000 50.000000 50.000000 50.000000 50.000000 50.000000 50.000000 50.000000 50.000000 50.000000 50.000000 50.000000 50.000000 50.000000 50.000000 50.000000 50.000000 50.000000 50.000000 50.000000 50.000000 50.000000 
