50.000000 50.000000 50.000000 50.000000 50.000000 50.000000 50.000000 50.000000 50.000000 50.000000 50.000000 50.000000 50.000000 50.000000 50.000000 50.000000 50.000000 50.000000 50.000000 50.000000 50.000000 50.000000 50.000000 50.000000 50.000000 50.000000 50.000000 50.000000 50.000000 50.000000 50.000000 50.000000 50.000000 50.000000 50.000000 50.000000 50.000000 50.000000 50.000000 50.000000 50.000000 50.000000 50.000000 50.000000 50.000000 50.000000 50.000000 50.000000 50.000000 50.000000 
50.000000 49.106688 48.238430 47.418174 46.664949 45.992587 45.409110 44.916808 44.512898 44.190609 43.940467 43.751586 43.612804 43.513557 43.444464 43.397626 43.366701 43.346809 43.334340 43.326721 43.322182 43.319543 43.318047 43.317216 43.316762 43.316511 43.316358 43.316234 43.316079 43.315825 43.315364 43.314518 43.312985 43.310252 43.305461 43.297213 43.283241 43.259936 43.221590 43.159222 43.058668 42.897337 42.638385 42.219415 41.528617 40.349179 38.215281 33.995588 24.553344 0.000000 
50.000000 48.238430 46.526266 44.908760 43.423437 42.097573 40.946989 39.976196 39.179709 38.544176 38.050912 37.678453 37.404786 37.209079 37.072832 36.980471 36.919490 36.880265 36.855678 36.840654 36.831704 36.826502 36.823551 36.821913 36.821019 36.820525 36.820226 36.819985 36.819688 36.819203 36.818328 36.816725 36.813821 36.808649 36.799602 36.784053 36.757780 36.714089 36.642481 36.526609 36.341069 36.046209 35.579369 34.839429 33.658272 31.746359 28.588770 23.263133 14.242842 0.000000 
50.000000 47.418174 44.908760 42.538083 40.361140 38.417909 36.731576 35.308755 34.141405 33.209954 32.487020 31.941140 31.540052 31.253224 31.053542 30.918180 30.828807 30.771320 30.735286 30.713268 30.700151 30.692527 30.688203 30.685803 30.684493 30.683772 30.683339 30.682996 30.682582 30.681912 30.680706 30.678504 30.674524 30.667449 30.655106 30.633958 30.598361 30.539444 30.443457 30.289326 30.045004 29.661945 29.066625 28.147367 26.734031 24.568431 21.269041 16.319991 9.202893 0.000000 
50.000000 46.664949 43.423437 40.361140 37.549102 35.038962 32.860673 31.022776 29.514882 28.311709 27.377885 26.672769 26.154683 25.784189 25.526263 25.351419 25.235980 25.161726 25.115182 25.086743 25.069800 25.059954 25.054369 25.051271 25.049581 25.048653 25.048102 25.047677 25.047177 25.046379 25.044953 25.042355 25.037673 25.029375 25.014946 24.990325 24.949084 24.881234 24.771517 24.596993 24.323651 23.901722 23.259280 22.293891 20.862774 18.774551 15.792709 11.677078 6.315769 0.000000 
50.000000 45.992587 42.097573 38.417909 35.038962 32.022784 29.405364 27.196965 25.385103 23.939395 22.817337 21.970093 21.347582 20.902415 20.592506 20.382425 20.243722 20.154505 20.098582 20.064413 20.044057 20.032227 20.025518 20.021797 20.019769 20.018661 20.018011 20.017524 20.016973 20.016110 20.014579 20.011802 20.006814 19.998004 19.982746 19.956833 19.913675 19.843158 19.730081 19.552064 19.276818 18.858755 18.235052 17.321738 16.011392 14.176188 11.683877 8.439301 4.463970 0.000000 
50.000000 45.409110 40.946989 36.731576 32.860673 29.405364 26.406880 23.876974 21.801344 20.145182 18.859791 17.889223 17.176106 16.666149 16.311137 16.070485 15.911599 15.809401 15.745342 15.706203 15.682885 15.669335 15.661651 15.657391 15.655071 15.653809 15.653080 15.652553 15.651983 15.651113 15.649585 15.646829 15.641895 15.633218 15.618255 15.592977 15.551133 15.483265 15.375392 15.207366 14.950902 14.567448 14.006254 13.203440 12.083627 10.566782 8.584210 6.107560 3.189695 0.000000 
50.000000 44.916808 39.976196 35.308755 31.022776 27.196965 23.876974 21.075817 18.777653 16.943938 15.520754 14.446149 13.656596 13.091984 12.698928 12.432489 12.256579 12.143432 12.072511 12.029180 12.003365 11.988365 11.979858 11.975144 11.972580 11.971192 11.970401 11.969853 11.969291 11.968461 11.967025 11.964450 11.959860 11.951821 11.938025 11.914844 11.876719 11.815343 11.718652 11.569614 11.344945 11.013950 10.537909 9.870721 8.961914 7.763496 6.242131 4.396827 2.278422 0.000000 
50.000000 44.512898 39.179709 34.141405 29.514882 25.385103 21.801344 18.777653 16.296926 14.317555 12.781333 11.621385 10.769135 10.159692 9.735430 9.447841 9.257969 9.135843 9.059295 9.012526 8.984664 8.968474 8.959293 8.954208 8.951445 8.949956 8.949121 8.948567 8.948033 8.947278 8.945994 8.943710 8.939658 8.932593 8.920528 8.900369 8.867426 8.814786 8.732571 8.607111 8.420176 8.148463 7.763702 7.233896 6.526348 5.613160 4.479461 3.133500 1.615561 0.000000 
50.000000 44.190609 38.544176 33.209954 28.311709 23.939395 20.145182 16.943938 14.317555 12.221977 10.595575 9.367543 8.465276 7.820071 7.370918 7.066458 6.865451 6.736163 6.655127 6.605617 6.576122 6.558984 6.549267 6.543885 6.540966 6.539398 6.538532 6.537982 6.537489 6.536829 6.535732 6.533797 6.530383 6.524459 6.514392 6.497664 6.470501 6.427408 6.360654 6.259743 6.110989 5.897380 5.598993 5.194280 4.662577 3.988058 3.164950 2.203106 1.131941 0.000000 
50.000000 43.940467 38.050912 32.487020 27.377885 22.817337 18.859791 15.520754 12.781333 10.595575 8.899193 7.618330 6.677252 6.004300 5.535835 5.218287 5.008640 4.873797 4.789280 4.737643 4.706882 4.689009 4.678876 4.673265 4.670224 4.668598 4.667712 4.667173 4.666726 4.666166 4.665265 4.663693 4.660937 4.656177 4.648128 4.634825 4.613354 4.579525 4.527525 4.449596 4.335832 4.174223 3.951139 3.652425 3.265273 2.780892 2.197694 1.524303 0.781245 0.000000 
50.000000 43.751586 37.678453 31.941140 26.672769 21.970093 17.889223 14.446149 11.621385 9.367543 7.618330 6.297584 5.327210 4.633313 4.150270 3.822844 3.606677 3.467641 3.380498 3.327257 3.295541 3.277113 3.266666 3.260883 3.257751 3.256081 3.255184 3.254659 3.254258 3.253795 3.253080 3.251851 3.249712 3.246035 3.239847 3.229674 3.213349 3.187794 3.148792 3.090805 3.006889 2.888815 2.727496 2.513831 2.240012 1.901252 1.497684 1.035972 0.529997 0.000000 
50.000000 43.612804 37.404786 31.540052 26.154683 21.347582 17.176106 13.656596 10.769135 8.465276 6.677252 5.327210 4.335316 3.626036 3.132287 2.797606 2.576651 2.434537 2.345465 2.291046 2.258628 2.239794 2.229117 2.223207 2.220010 2.218310 2.217406 2.216895 2.216536 2.216160 2.215609 2.214682 2.213080 2.210343 2.205757 2.198257 2.186286 2.167658 2.139416 2.097728 2.037868 1.954349 1.841253 1.692841 1.504425 1.273449 1.000608 0.690697 0.352869 0.000000 
50.000000 43.513557 37.209079 31.253224 25.784189 20.902415 16.666149 13.091984 10.159692 7.820072 6.004300 4.633313 3.626036 2.905758 2.404357 2.064490 1.840114 1.695800 1.605349 1.550089 1.517170 1.498045 1.487203 1.481204 1.477959 1.476239 1.475331 1.474834 1.474511 1.474207 1.473793 1.473115 1.471957 1.469988 1.466707 1.461364 1.452879 1.439750 1.419964 1.390947 1.349571 1.292267 1.215266 1.115016 0.988740 0.835106 0.654863 0.451299 0.230316 0.000000 
50.000000 43.444464 37.072832 31.053542 25.526263 20.592506 16.311138 12.698928 9.735431 7.370919 5.535835 4.150271 3.132288 2.404357 1.897631 1.554157 1.327399 1.181555 1.090146 1.034300 1.001033 0.981705 0.970750 0.964688 0.961411 0.959676 0.958768 0.958282 0.957988 0.957742 0.957436 0.956955 0.956143 0.954773 0.952500 0.948817 0.942995 0.934031 0.920597 0.901011 0.873255 0.835062 0.784085 0.718161 0.635673 0.535939 0.419584 0.288779 0.147251 0.000000 
50.000000 43.397626 36.980472 30.918180 25.351420 20.382426 16.070486 12.432490 9.447842 7.066460 5.218288 3.822845 2.797607 2.064492 1.554158 1.208239 0.979869 0.832988 0.740929 0.684687 0.651184 0.631720 0.620687 0.614583 0.611285 0.609540 0.608632 0.608155 0.607883 0.607681 0.607457 0.607123 0.606571 0.605647 0.604122 0.601660 0.597787 0.591851 0.582999 0.570161 0.552069 0.527315 0.494466 0.452232 0.399681 0.336474 0.263075 0.180871 0.092165 0.000000 
50.000000 43.366701 36.919491 30.828809 25.235981 20.243724 15.911601 12.256581 9.257972 6.865454 5.008643 3.606680 2.576654 1.840117 1.327402 0.979871 0.750437 0.602872 0.510385 0.453881 0.420223 0.400668 0.389584 0.383452 0.380140 0.378390 0.377482 0.377012 0.376756 0.376586 0.376421 0.376194 0.375828 0.375223 0.374230 0.372633 0.370132 0.366315 0.360649 0.352469 0.340998 0.325382 0.304763 0.278386 0.245722 0.206608 0.161361 0.110843 0.056450 0.000000 
50.000000 43.346810 36.880267 30.771323 25.161730 20.154510 15.809407 12.143438 9.135849 6.736170 4.873804 3.467649 2.434545 1.695808 1.181563 0.832995 0.602877 0.454872 0.362110 0.305438 0.271680 0.252067 0.240950 0.234801 0.231480 0.229726 0.228819 0.228354 0.228109 0.227962 0.227838 0.227684 0.227448 0.227063 0.226434 0.225428 0.223859 0.221473 0.217945 0.212874 0.205794 0.196198 0.183584 0.167517 0.147701 0.124061 0.096803 0.066449 0.033825 0.000000 
50.000000 43.334342 36.855683 30.735293 25.115191 20.098594 15.745355 12.072525 9.059310 6.655143 4.789297 3.380515 2.345482 1.605367 1.090163 0.740946 0.510400 0.362120 0.269185 0.212409 0.178588 0.158939 0.147802 0.141641 0.138314 0.136558 0.135652 0.135190 0.134953 0.134821 0.134724 0.134620 0.134471 0.134231 0.133844 0.133228 0.132270 0.130819 0.128681 0.125620 0.121363 0.115616 0.108090 0.098540 0.086803 0.072845 0.056796 0.038963 0.019826 0.000000 
50.000000 43.326727 36.840666 30.713285 25.086765 20.064439 15.706232 12.029212 9.012561 6.605654 4.737682 3.327296 2.291086 1.550129 1.034340 0.684727 0.453919 0.305472 0.212432 0.155591 0.121732 0.102060 0.090911 0.084744 0.081413 0.079656 0.078750 0.078291 0.078059 0.077936 0.077858 0.077786 0.077692 0.077547 0.077314 0.076947 0.076377 0.075518 0.074256 0.072455 0.069959 0.066601 0.062220 0.056677 0.049886 0.041834 0.032595 0.022350 0.011369 0.000000 
50.000000 43.322194 36.831729 30.700188 25.069848 20.044114 15.682951 12.003437 8.984741 6.576204 4.706967 3.295628 2.258718 1.517260 1.001124 0.651274 0.420311 0.271764 0.178661 0.121782 0.087901 0.068216 0.057059 0.050888 0.047556 0.045798 0.044892 0.044434 0.044205 0.044089 0.044022 0.043970 0.043911 0.043824 0.043688 0.043474 0.043144 0.042647 0.041920 0.040886 0.039457 0.037541 0.035048 0.031904 0.028062 0.023517 0.018313 0.012551 0.006383 0.000000 
50.000000 43.319572 36.826557 30.692608 25.060058 20.032352 15.669478 11.988521 8.968642 6.559162 4.689194 3.277302 2.239987 1.498240 0.981902 0.631917 0.400864 0.252259 0.159120 0.102219 0.068324 0.048632 0.037471 0.031297 0.027964 0.026206 0.025300 0.024843 0.024616 0.024503 0.024443 0.024404 0.024365 0.024313 0.024235 0.024113 0.023925 0.023644 0.023234 0.022652 0.021850 0.020778 0.019387 0.017637 0.015503 0.012985 0.010107 0.006924 0.003520 0.000000 
50.000000 43.318107 36.823668 30.688375 25.054590 20.025782 15.661953 11.980190 8.959651 6.549644 4.679267 3.267067 2.229526 1.487618 0.971167 0.621106 0.390002 0.241365 0.148207 0.091293 0.057391 0.037695 0.026531 0.020356 0.017022 0.015264 0.014358 0.013902 0.013676 0.013566 0.013510 0.013477 0.013450 0.013419 0.013374 0.013304 0.013199 0.013041 0.012810 0.012485 0.012038 0.011442 0.010670 0.009701 0.008523 0.007135 0.005551 0.003801 0.001932 0.000000 
50.000000 43.317341 36.822158 30.686161 25.051731 20.022347 15.658018 11.975835 8.954950 6.544667 4.674077 3.261716 2.224057 1.482064 0.965555 0.615454 0.384324 0.235670 0.142501 0.085581 0.051675 0.031977 0.020812 0.014636 0.011302 0.009543 0.008638 0.008182 0.007957 0.007847 0.007793 0.007765 0.007745 0.007724 0.007697 0.007655 0.007593 0.007500 0.007366 0.007176 0.006917 0.006571 0.006124 0.005565 0.004887 0.004089 0.003180 0.002177 0.001106 0.000000 
50.000000 43.317015 36.821516 30.685221 25.050517 20.020888 15.656347 11.973985 8.952953 6.542554 4.671873 3.259444 2.221734 1.479705 0.963171 0.613053 0.381913 0.233252 0.140078 0.083155 0.049248 0.029548 0.018383 0.012207 0.008872 0.007114 0.006209 0.005753 0.005528 0.005419 0.005366 0.005339 0.005322 0.005306 0.005286 0.005257 0.005213 0.005149 0.005056 0.004924 0.004744 0.004505 0.004198 0.003813 0.003347 0.002799 0.002176 0.001490 0.000757 0.000000 
50.000000 43.317015 36.821516 30.685221 25.050517 20.020888 15.656347 11.973985 8.952953 6.542554 4.671873 3.259444 2.221734 1.479705 0.963171 0.613053 0.381913 0.233252 0.140078 0.083155 0.049248 0.029548 0.018383 0.012207 0.008872 0.007114 0.006209 0.005753 0.005528 0.005419 0.005366 0.005339 0.005322 0.005306 0.005286 0.005257 0.005213 0.005149 0.005056 0.004924 0.004744 0.004505 0.004198 0.003813 0.003347 0.002799 0.002176 0.001490 0.000757 0.000000 
50.000000 43.317341 36.822158 30.686161 25.051731 20.022347 15.658018 11.975835 8.954950 6.544667 4.674077 3.261716 2.224057 1.482064 0.965555 0.615454 0.384324 0.235670 0.142501 0.085581 0.051675 0.031977 0.020812 0.014636 0.011302 0.009543 0.008638 0.008182 0.007957 0.007847 0.007793 0.007765 0.007745 0.007724 0.007697 0.007655 0.007593 0.007500 0.007366 0.007176 0.006917 0.006571 0.006124 0.005565 0.004887 0.004089 0.003180 0.002177 0.001106 0.000000 
50.000000 43.318107 36.823668 30.688375 25.054590 20.025782 15.661953 11.980190 8.959651 6.549644 4.679267 3.267067 2.229526 1.487618 0.971167 0.621106 0.390002 0.241365 0.148207 0.091293 0.057391 0.037695 0.026531 0.020356 0.017022 0.015264 0.014358 0.013902 0.013676 0.013566 0.013510 0.013477 0.013450 0.013419 0.013374 0.013304 0.013199 0.013041 0.012810 0.012485 0.012038 0.011442 0.010670 0.009701 0.008523 0.007135 0.005551 0.003801 0.001932 0.000000 
50.000000 43.319572 36.826557 30.692608 25.060058 20.032352 15.669478 11.988521 8.968642 6.559162 4.689194 3.277302 2.239987 1.498240 0.981902 0.631917 0.400864 0.252259 0.159120 0.102219 0.068324 0.048632 0.037471 0.031297 0.027964 0.026206 0.025300 0.024843 0.024616 0.024503 0.024443 0.024404 0.024365 0.024313 0.024235 0.024113 0.023925 0.023644 0.023234 0.022652 0.021850 0.020778 0.019387 0.017637 0.015503 0.012985 0.010107 0.006924 0.003520 0.000000 
50.000000 43.322194 36.831729 30.700188 25.069848 20.044114 15.682951 12.003437 8.984741 6.576204 4.706967 3.295628 2.258718 1.517260 1.001124 0.651274 0.420311 0.271764 0.178661 0.121782 0.087901 0.068216 0.057059 0.050888 0.047556 0.045798 0.044892 0.044434 0.044205 0.044089 0.044022 0.043970 0.043911 0.043824 0.043688 0.043474 0.043144 0.042647 0.041920 0.040886 0.039457 0.037541 0.035048 0.031904 0.028062 0.023517 0.018313 0.012551 0.006383 0.000000 
50.000000 43.326727 36.840666 30.713285 25.086765 20.064439 15.706232 12.029212 9.012561 6.605654 4.737682 3.327296 2.291086 1.550129 1.034340 0.684727 0.453919 0.305472 0.212432 0.155591 0.121732 0.102060 0.090911 0.084744 0.081413 0.079656 0.078750 0.078291 0.078059 0.077936 0.077858 0.077786 0.077692 0.077547 0.077314 0.076947 0.076377 0.075518 0.074256 0.072455 0.069959 0.066601 0.062220 0.056677 0.049886 0.041834 0.032595 0.022350 0.011369 0.000000 
50.000000 43.334342 36.855683 30.735293 25.115191 20.098594 15.745355 12.072525 9.059310 6.655143 4.789297 3.380515 2.345482 1.605367 1.090163 0.740946 0.510400 0.362120 0.269185 0.212409 0.178588 0.158939 0.147802 0.141641 0.138314 0.136558 0.135652 0.135190 0.134953 0.134821 0.134724 0.134620 0.134471 0.134231 0.133844 0.133228 0.132270 0.130819 0.128681 0.125620 0.121363 0.115616 0.108090 0.098540 0.086803 0.072845 0.056796 0.038963 0.019826 0.000000 
50.000000 43.346810 36.880267 30.771323 25.161730 20.154510 15.809407 12.143438 9.135849 6.736170 4.873804 3.467649 2.434545 1.695808 1.181563 0.832995 0.602877 0.454872 0.362110 0.305438 0.271680 0.252067 0.240950 0.234801 0.231480 0.229726 0.228819 0.228354 0.228109 0.227962 0.227838 0.227684 0.227448 0.227063 0.226434 0.225428 0.223859 0.221473 0.217945 0.212874 0.205794 0.196198 0.183584 0.167517 0.147701 0.124061 0.096803 0.066449 0.033825 0.000000 
50.000000 43.366701 36.919491 30.828809 25.235981 20.243724 15.911601 12.256581 9.257972 6.865454 5.008643 3.606680 2.576654 1.840117 1.327402 0.979871 0.750437 0.602872 0.510385 0.453881 0.420223 0.400668 0.389584 0.383452 0.380140 0.378390 0.377482 0.377012 0.376756 0.376586 0.376421 0.376194 0.375828 0.375223 0.374230 0.372633 0.370132 0.366315 0.360649 0.352469 0.340998 0.325382 0.304763 0.278386 0.245722 0.206608 0.161361 0.110843 0.056450 0.000000 
50.000000 43.397626 36.980472 30.918180 25.351420 20.382426 16.070486 12.432490 9.447842 7.066460 5.218288 3.822845 2.797607 2.064492 1.554158 1.208239 0.979869 0.832988 0.740929 0.684687 0.651184 0.631720 0.620687 0.614583 0.611285 0.609540 0.608632 0.608155 0.607883 0.607681 0.607457 0.607123 0.606571 0.605647 0.604122 0.601660 0.597787 0.591851 0.582999 0.570161 0.552069 0.527315 0.494466 0.452232 0.399681 0.336474 0.263075 0.180871 0.092165 0.000000 
50.000000 43.444464 37.072832 31.053542 25.526263 20.592506 16.311138 12.698928 9.735431 7.370919 5.535835 4.150271 3.132288 2.404357 1.897631 1.554157 1.327399 1.181555 1.090146 1.034300 1.001033 0.981705 0.970750 0.964688 0.961411 0.959676 0.958768 0.958282 0.957988 0.957742 0.957436 0.956955 0.956143 0.954773 0.952500 0.948817 0.942995 0.934031 0.920597 0.901011 0.873255 0.835062 0.784085 0.718161 0.635673 0.535939 0.419584 0.288779 0.147251 0.000000 
50.000000 43.513557 37.209079 31.253224 25.784189 20.902415 16.666149 13.091984 10.159692 7.820072 6.004300 4.633313 3.626036 2.905758 2.404357 2.064490 1.840114 1.695800 1.605349 1.550089 1.517170 1.498045 1.487203 1.481204 1.477959 1.476239 1.475331 1.474834 1.474511 1.474207 1.473793 1.473115 1.471957 1.469988 1.466707 1.461364 1.452879 1.439750 1.419964 1.390947 1.349571 1.292267 1.215266 1.115016 0.988740 0.835106 0.654863 0.451299 0.230316 0.000000 
50.000000 43.612804 37.404786 31.540052 26.154683 21.347582 17.176106 13.656596 10.769135 8.465276 6.677252 5.327210 4.335316 3.626036 3.132287 2.797606 2.576651 2.434537 2.345465 2.291046 2.258628 2.239794 2.229117 2.223207 2.220010 2.218310 2.217406 2.216895 2.216536 2.216160 2.215609 2.214682 2.213080 2.210343 2.205757 2.198257 2.186286 2.167658 2.139416 2.097728 2.037868 1.954349 1.841253 1.692841 1.504425 1.273449 1.000608 0.690697 0.352869 0.000000 
50.000000 43.751586 37.678453 31.941140 26.672769 21.970093 17.889223 14.446149 11.621385 9.367543 7.618330 6.297584 5.327210 4.633313 4.150270 3.822844 3.606677 3.467641 3.380498 3.327257 3.295541 3.277113 3.266666 3.260883 3.257751 3.256081 3.255184 3.254659 3.254258 3.253795 3.253080 3.251851 3.249712 3.246035 3.239847 3.229674 3.213349 3.187794 3.148792 3.090805 3.006889 2.888815 2.727496 2.513831 2.240012 1.901252 1.497684 1.035972 0.529997 0.000000 
50.000000 43.940467 38.050912 32.487020 27.377885 22.817337 18.859791 15.520754 12.781333 10.595575 8.899193 7.618330 6.677252 6.004300 5.535835 5.218287 5.008640 4.873797 4.789280 4.737643 4.706882 4.689009 4.678876 4.673265 4.670224 4.668598 4.667712 4.667173 4.666726 4.666166 4.665265 4.663693 4.660937 4.656177 4.648128 4.634825 4.613354 4.579525 4.527525 4.449596 4.335832 4.174223 3.951139 3.652425 3.265273 2.780892 2.197694 1.524303 0.781245 0.000000 
50.000000 44.190609 38.544176 33.209954 28.311709 23.939395 20.145182 16.943938 14.317555 12.221977 10.595575 9.367543 8.465276 7.820071 7.370918 7.066458 6.865451 6.736163 6.655127 6.605617 6.576122 6.558984 6.549267 6.543885 6.540966 6.539398 6.538532 6.537982 6.537489 6.536829 6.535732 6.533797 6.530383 6.524459 6.514392 6.497664 6.470501 6.427408 6.360654 6.259743 6.110989 5.897380 5.598993 5.194280 4.662577 3.988058 3.164950 2.203106 1.131941 0.000000 
50.000000 44.512898 39.179709 34.141405 29.514882 25.385103 21.801344 18.777653 16.296926 14.317555 12.781333 11.621385 10.769135 10.159692 9.735430 9.447841 9.257969 9.135843 9.059295 9.012526 8.984664 8.968474 8.959293 8.954208 8.951445 8.949956 8.949121 8.948567 8.948033 8.947278 8.945994 8.943710 8.939658 8.932593 8.920528 8.900369 8.867426 8.814786 8.732571 8.607111 8.420176 8.148463 7.763702 7.233896 6.526348 5.613160 4.479461 3.133500 1.615561 0.000000 
50.000000 44.916808 39.976196 35.308755 31.022776 27.196965 23.876974 21.075817 18.777653 16.943938 15.520754 14.446149 13.656596 13.091984 12.698928 12.432489 12.256579 12.143432 12.072511 12.029180 12.003365 11.988365 11.979858 11.975144 11.972580 11.971192 11.970401 11.969853 11.969291 11.968461 11.967025 11.964450 11.959860 11.951821 11.938025 11.914844 11.876719 11.815343 11.718652 11.569614 11.344945 11.013950 10.537909 9.870721 8.961914 7.763496 6.242131 4.396827 2.278422 0.000000 
50.000000 45.409110 40.946989 36.731576 32.860673 29.405364 26.406880 23.876974 21.801344 20.145182 18.859791 17.889223 17.176106 16.666149 16.311137 16.070485 15.911599 15.809401 15.745342 15.706203 15.682885 15.669335 15.661651 15.657391 15.655071 15.653809 15.653080 15.652553 15.651983 15.651113 15.649585 15.646829 15.641895 15.633218 15.618255 15.592977 15.551133 15.483265 15.375392 15.207366 14.950902 14.567448 14.006254 13.203440 12.083627 10.566782 8.584210 6.107560 3.189695 0.000000 
50.000000 45.992587 42.097573 38.417909 35.038962 32.022784 29.405364 27.196965 25.385103 23.939395 22.817337 21.970093 21.347582 20.902415 20.592506 20.382425 20.243722 20.154505 20.098582 20.064413 20.044057 20.032227 20.025518 20.021797 20.019769 20.018661 20.018011 20.017524 20.016973 20.016110 20.014579 20.011802 20.006814 19.998004 19.982746 19.956833 19.913675 19.843158 19.730081 19.552064 19.276818 18.858755 18.235052 17.321738 16.011392 14.176188 11.683877 8.439301 4.463970 0.000000 
50.000000 46.664949 43.423437 40.361140 37.549102 35.038962 32.860673 31.022776 29.514882 28.311709 27.377885 26.672769 26.154683 25.784189 25.526263 25.351419 25.235980 25.161726 25.115182 25.086743 25.069800 25.059954 25.054369 25.051271 25.049581 25.048653 25.048102 25.047677 25.047177 25.046379 25.044953 25.042355 25.037673 25.029375 25.014946 24.990325 24.949084 24.881234 24.771517 24.596993 24.323651 23.901722 23.259280 22.293891 20.862774 18.774551 15.792709 11.677078 6.315769 0.000000 
50.000000 47.418174 44.908760 42.538083 40.361140 38.417909 36.731576 35.308755 34.141405 33.209954 32.487020 31.941140 31.540052 31.253224 31.053542 30.918180 30.828807 30.771320 30.735286 30.713268 30.700151 30.692527 30.688203 30.685803 30.684493 30.683772 30.683339 30.682996 30.682582 30.681912 30.680706 30.678504 30.674524 30.667449 30.655106 30.633958 30.598361 30.539444 30.443457 30.289326 30.045004 29.661945 29.066625 28.147367 26.734031 24.568431 21.269041 16.319991 9.202893 0.000000 
50.000000 48.238430 46.526266 44.908760 43.423437 42.097573 40.946989 39.976196 39.179709 38.544176 38.050912 37.678453 37.404786 37.209079 37.072832 36.980471 36.919490 36.880265 36.855678 36.840654 36.831704 36.826502 36.823551 36.821913 36.821019 36.820525 36.820226 36.819985 36.819688 36.819203 36.818328 36.816725 36.813821 36.808649 36.799602 36.784053 36.757780 36.714089 36.642481 36.526609 36.341069 36.046209 35.579369 34.839429 33.658272 31.746359 28.588770 23.263133 14.242842 0.000000 
50.000000 49.106688 48.238430 47.418174 46.664949 45.992587 45.409110 44.916808 44.512898 44.190609 43.940467 43.751586 43.612804 43.513557 43.444464 43.397626 43.366701 43.346809 43.334340 43.326721 43.322182 43.319543 43.318047 43.317216 43.316762 43.316511 43.316358 43.316234 43.316079 43.315825 43.315364 43.314518 43.312985 43.310252 43.305461 43.297213 43.283241 43.259936 43.221590 43.159222 43.058668 42.897337 42.638385 42.219415 41.528617 40.349179 38.215281 33.995588 24.553344 0.000000 
50.000000 50.000000 50.000000 50.000000 50.000000 50.000000 50.000000 50.000000 50.000000 50.000000 50.000000 50.000000 50.000000 50.000000 50.000000 50.000000 50.000000 50.000000 50.000000 50.000000 50.000000 50.000000 50.000000 50.000000 50.000000 50.000000 50.000000 50.000000 50.000000 50.000000 50.000000 50.000000 50.000000 50.000000 50.000000 50.000000 50.000000 50.000000 50.000000 50.000000 50.000000 50.000000 50.000000 50.000000 50.000000 50.000000 50.000000 50.000000 50.000000 50.000000 
