50.000000 50.000000 50.000000 50.000000 50.000000 50.000000 50.000000 50.000000 50.000000 50.000000 50.000000 50.000000 50.000000 50.000000 50.000000 50.000000 50.000000 50.000000 50.000000 50.000000 50.000000 50.000000 50.000000 50.000000 50.000000 50.000000 50.000000 50.000000 50.000000 50.000000 50.000000 50.000000 50.000000 50.000000 50.000000 50.000000 50.000000 50.000000 50.000000 50.000000 50.000000 50.000000 50.000000 50.000000 50.000000 50.000000 50.000000 50.000000 50.000000 50.000000 
50.000000 49.458394 48.926001 48.411562 47.922919 47.466661 47.047866 46.669971 46.334746 46.042392 45.791721 45.580399 45.405236 45.262468 45.148041 45.057852 44.987939 44.934636 44.894660 44.865163 44.843744 44.828426 44.817622 44.810080 44.804827 44.801106 44.798325 44.795991 44.793663 44.790886 44.787134 44.781732 44.773766 44.761960 44.744519 44.718897 44.681483 44.627136 44.548477 44.434797 44.270251 44.030771 43.678384 43.150091 42.334148 41.014590 38.727271 34.343334 24.729197 0.000000 
50.000000 48.926001 47.870269 46.850141 45.881167 44.976411 44.145946 43.396583 42.731836 42.152103 41.655025 41.235978 40.888630 40.605524 40.378619 40.199774 40.061140 39.955441 39.876169 39.817679 39.775206 39.744833 39.723412 39.708463 39.698054 39.690692 39.685202 39.680616 39.676066 39.670668 39.663399 39.652959 39.637589 39.614848 39.581307 39.532131 39.460495 39.356746 39.207158 38.992042 38.682758 38.236792 37.589317 36.638047 35.214999 33.032271 29.578177 23.935135 14.582667 0.000000 
50.000000 48.411562 46.850141 45.341378 43.908272 42.570144 41.341893 40.233591 39.250436 38.393016 37.657844 37.038078 36.524357 36.105646 35.770057 35.505550 35.300512 35.144187 35.026947 34.940442 34.877628 34.832712 34.801040 34.778943 34.763571 34.752720 34.744660 34.737978 34.731409 34.723682 34.713340 34.698544 34.676824 34.644770 34.597620 34.528707 34.428699 34.284533 34.077891 33.782973 33.363150 32.765835 31.914439 30.695647 28.939514 26.390174 22.670689 17.271964 9.684291 0.000000 
50.000000 47.922919 45.881167 43.908272 42.034309 40.284542 38.678453 37.229214 35.943621 34.822442 33.861117 33.050701 32.378951 31.831440 31.392620 31.046748 30.778640 30.574228 30.420927 30.307816 30.225685 30.166961 30.125560 30.096689 30.076627 30.062503 30.052071 30.043507 30.035197 30.025540 30.012726 29.994494 29.967836 29.928631 29.871170 29.787533 29.666750 29.493675 29.247430 28.899265 28.409547 27.723543 26.765574 25.431203 23.577900 21.017154 17.518098 12.848896 6.908329 0.000000 
50.000000 47.466661 44.976411 42.570144 40.284542 38.150419 36.191535 34.423957 32.855972 31.488518 30.316033 29.327606 28.508305 27.840533 27.305327 26.883486 26.556490 26.307183 26.120213 25.982262 25.882099 25.810490 25.760016 25.724838 25.700429 25.683298 25.670732 25.660541 25.650817 25.639694 25.625102 25.604489 25.574501 25.530588 25.466507 25.373690 25.240417 25.050757 24.783179 24.408759 23.888882 23.172385 22.192230 20.862212 19.075210 16.706642 13.630631 9.761412 5.132513 0.000000 
50.000000 47.047866 44.145947 41.341893 38.678453 36.191536 33.908828 31.849053 30.021868 28.428365 27.062062 25.910246 24.955513 24.177359 23.553686 23.062118 22.681073 22.390560 22.172690 22.011943 21.895235 21.811805 21.753016 21.712070 21.683703 21.663867 21.649432 21.637893 21.627102 21.614999 21.599345 21.577432 21.545749 21.499588 21.432561 21.336004 21.198234 21.003629 20.731514 20.354828 19.838609 19.138430 18.199104 16.954415 15.329325 13.247252 10.646247 7.507900 3.897775 0.000000 
50.000000 46.669971 43.396584 40.233592 37.229215 34.423958 31.849054 29.525620 27.464552 25.667080 24.125893 22.826648 21.749714 20.871964 20.168467 19.613985 19.184175 18.856484 18.610734 18.429423 18.297789 18.203703 18.137424 18.091295 18.059390 18.037170 18.021141 18.008534 17.997015 17.984397 17.968362 17.946163 17.914298 17.868139 17.801480 17.706013 17.570696 17.381024 17.118195 16.758237 16.271170 15.620412 14.762813 13.649954 12.231731 10.463643 8.319154 5.807268 2.991587 0.000000 
50.000000 46.334746 42.731838 39.250438 35.943623 32.855975 30.021870 27.464554 25.196016 23.217611 21.521292 20.091271 18.905940 17.939844 17.165542 16.555255 16.082188 15.721521 15.451044 15.251494 15.106628 15.003096 14.930186 14.879479 14.844472 14.820193 14.802839 14.789428 14.777491 14.764773 14.748949 14.727333 14.696570 14.652292 14.588722 14.498230 14.370829 14.193620 13.950237 13.620332 13.179240 12.598015 11.844152 10.883447 9.683595 8.220084 6.484606 4.495047 2.303976 0.000000 
50.000000 46.042394 42.152105 38.393021 34.822447 31.488524 28.428371 25.667086 23.217616 21.081423 19.249815 17.705748 16.425889 15.382750 14.546702 13.887751 13.376965 12.987542 12.695504 12.480053 12.323652 12.211891 12.133210 12.078531 12.040849 12.014827 11.996402 11.982424 11.970333 11.957854 11.942713 11.922362 11.893688 11.852709 11.794237 11.711517 11.595836 11.436138 11.218669 10.926745 10.540727 10.038396 9.395931 8.589772 7.599651 6.412907 5.029875 3.469351 1.772143 0.000000 
50.000000 45.791724 41.655030 37.657852 33.861127 30.316045 27.062076 24.125907 21.521305 19.249824 17.302223 15.660375 14.299469 13.190276 12.301292 11.600618 11.057494 10.643420 10.332899 10.103818 9.937531 9.818721 9.735104 9.677037 9.637092 9.609623 9.590355 9.576011 9.563975 9.551988 9.537872 9.519261 9.493345 9.456600 9.404508 9.331273 9.229529 9.090083 8.901722 8.651143 8.323122 7.901003 7.367692 6.707265 5.907300 4.961873 3.874888 2.662994 1.356930 0.000000 
50.000000 45.580405 41.235988 37.038094 33.050721 29.327630 25.910273 22.826677 20.091300 17.705775 15.660393 13.936118 12.506893 11.342021 10.408413 9.672572 9.102189 8.667337 8.341238 8.100670 7.926054 7.801309 7.713540 7.652634 7.610807 7.582159 7.562246 7.547697 7.535867 7.524541 7.511658 7.495063 7.472273 7.440247 7.395154 7.332154 7.245189 7.126817 6.968123 6.758756 6.487167 6.141110 5.708521 5.178790 4.544477 3.803312 2.960218 2.028841 1.031933 0.000000 
50.000000 45.405246 40.888650 36.524386 32.378989 28.508350 24.955565 21.749772 18.906001 16.425949 14.299522 12.506929 11.021080 9.810059 8.839467 8.074479 7.481506 7.029434 6.690425 6.440339 6.258824 6.129165 6.037964 5.974718 5.931353 5.901762 5.881371 5.866737 5.855213 5.844637 5.833078 5.818598 5.799041 5.771838 5.733814 5.681023 5.608601 5.510664 5.380280 5.209561 4.989906 4.712460 4.368815 3.951993 3.457641 2.885353 2.239882 1.531924 0.778120 0.000000 
50.000000 45.262486 40.605561 36.105700 31.831511 27.840618 24.177458 20.872073 17.939961 15.382870 13.190393 11.342123 9.810127 8.561497 7.560766 6.772026 6.160644 5.694539 5.345011 5.087171 4.900036 4.766377 4.672386 4.607244 4.562643 4.532314 4.511577 4.496946 4.485777 4.475975 4.465736 4.453330 4.436909 4.414338 4.383039 4.339862 4.280984 4.201848 4.097172 3.961053 3.787191 3.569268 3.301496 2.979327 2.600289 2.164832 1.677056 1.145102 0.581022 0.000000 
50.000000 45.148075 40.378686 35.770156 31.392749 27.305484 23.553868 20.168670 17.165761 14.546933 12.301525 10.408636 8.839660 7.560893 6.536010 5.728237 5.102103 4.624756 4.266800 4.002747 3.811112 3.674251 3.578030 3.511378 3.465802 3.434903 3.413926 3.399351 3.388552 3.379496 3.370501 3.360025 3.346498 3.328166 3.302971 3.268445 3.221638 3.159089 3.076844 2.970558 2.835684 2.667770 2.462870 2.218050 1.931953 1.605346 1.241549 0.846622 0.429213 0.000000 
50.000000 45.057913 40.199895 35.505729 31.046981 26.883769 23.062446 19.614353 16.555655 13.888176 11.601058 9.673010 8.074894 6.772379 5.728467 4.905696 4.267940 3.781734 3.417138 3.148192 2.953012 2.813631 2.715658 2.647823 2.601489 2.570160 2.549021 2.534534 2.524091 2.515720 2.507844 2.499090 2.488124 2.473520 2.453652 2.426619 2.390183 2.341759 2.278435 2.197062 2.094402 1.967353 1.813251 1.630219 1.417548 1.176045 0.908288 0.618710 0.313455 0.000000 
50.000000 44.988048 40.061355 35.300831 30.779055 26.556995 22.681659 19.184831 16.082905 13.377730 11.058293 9.103004 7.482310 6.161397 5.102739 4.268349 3.621589 3.128520 2.758781 2.486045 2.288120 2.146789 2.047461 1.978716 1.931804 1.900155 1.878911 1.864525 1.854406 1.846636 1.839731 1.832458 1.823680 1.812240 1.796868 1.776113 1.748307 1.711544 1.663715 1.602567 1.525824 1.431350 1.317359 1.182661 1.026914 0.850840 0.656380 0.446722 0.226197 0.000000 
50.000000 44.934827 39.955819 35.144745 30.574957 26.308068 22.391588 18.857637 15.722782 12.988892 10.644839 8.668799 7.030908 5.695980 4.626093 3.782853 3.129235 2.630939 2.257284 1.981661 1.781647 1.638832 1.538475 1.469040 1.421695 1.389812 1.368504 1.354218 1.344381 1.337120 1.331030 1.324989 1.318021 1.309185 1.297491 1.281844 1.261011 1.233611 1.198132 1.152987 1.096593 1.027493 0.944501 0.846871 0.734455 0.607850 0.468480 0.318608 0.161252 0.000000 
50.000000 44.894990 39.876824 35.027913 30.422186 26.121744 22.174467 18.612729 15.453228 12.697846 10.335367 8.343797 6.693035 5.347618 4.269326 3.419464 2.760713 2.258507 1.881920 1.604138 1.402561 1.258638 1.157513 1.087564 1.039899 1.007848 0.986504 0.972309 0.962708 0.955865 0.950435 0.945389 0.939876 0.933121 0.924352 0.912745 0.897398 0.877319 0.851439 0.818651 0.777865 0.728099 0.668572 0.598816 0.518789 0.428953 0.330335 0.224519 0.113589 0.000000 
50.000000 44.865727 39.818795 34.942089 30.309963 25.984873 22.014973 18.432824 15.255219 12.484051 10.108038 8.105061 6.444844 5.091724 4.007258 3.152532 2.490012 1.984933 1.606194 1.326826 1.124102 0.979365 0.877677 0.807354 0.759457 0.727288 0.705925 0.691809 0.682398 0.675887 0.670978 0.666711 0.662333 0.657195 0.650688 0.642191 0.631046 0.616545 0.597939 0.574463 0.545375 0.510016 0.467874 0.418663 0.362384 0.299386 0.230397 0.156512 0.079156 0.000000 
50.000000 44.844691 39.777082 34.880397 30.229295 25.886487 21.900326 18.303506 15.112887 12.330372 9.944631 7.933454 6.266443 4.907785 3.818883 2.960661 2.295432 1.788289 1.408003 1.127496 0.923948 0.778627 0.676535 0.605944 0.557882 0.525632 0.504260 0.490209 0.480947 0.474690 0.470178 0.466504 0.462984 0.459065 0.454256 0.448084 0.440066 0.429699 0.416459 0.399819 0.379278 0.354394 0.324835 0.290424 0.251182 0.207367 0.159485 0.108290 0.054752 0.000000 
50.000000 44.829997 39.747943 34.837302 30.172944 25.817759 21.820239 18.213170 15.013462 12.223020 9.830484 7.813580 6.141823 4.779298 3.687297 2.826633 2.159512 1.650927 1.269561 0.988259 0.784135 0.638406 0.536034 0.465256 0.417081 0.384776 0.363402 0.349400 0.340248 0.334180 0.329960 0.326719 0.323825 0.320791 0.317212 0.312718 0.306949 0.299543 0.290130 0.278349 0.263856 0.246356 0.225633 0.201576 0.174213 0.143731 0.110483 0.074987 0.037904 0.000000 
50.000000 44.820189 39.728495 34.808539 30.135333 25.771889 21.766788 18.152879 14.947104 12.151372 9.754301 7.733576 6.058651 4.693545 3.599476 2.737182 2.068799 1.559252 1.177165 0.895332 0.690825 0.544824 0.442264 0.371363 0.323113 0.290773 0.269398 0.255432 0.246359 0.240421 0.236404 0.233463 0.231002 0.228578 0.225843 0.222498 0.218265 0.212875 0.206060 0.197565 0.187150 0.174613 0.159810 0.142671 0.123223 0.101602 0.078060 0.052962 0.026765 0.000000 
50.000000 44.814216 39.716651 34.791022 30.112429 25.743954 21.734236 18.116162 14.906693 12.107740 9.707907 7.684854 6.008000 4.641322 3.545994 2.682708 2.013557 1.503424 1.120898 0.838742 0.634001 0.487835 0.385161 0.314185 0.265890 0.233529 0.212155 0.198212 0.189188 0.183333 0.179443 0.176690 0.174499 0.172455 0.170246 0.167614 0.164332 0.160187 0.154974 0.148499 0.140586 0.131088 0.119899 0.106975 0.092340 0.076099 0.058442 0.039639 0.020028 0.000000 
50.000000 44.811397 39.711061 34.782754 30.101618 25.730768 21.718871 18.098831 14.887618 12.087144 9.686008 7.661856 5.984092 4.616673 3.520750 2.656996 1.987481 1.477072 1.094339 0.812031 0.607180 0.460936 0.358208 0.287197 0.238880 0.206509 0.185136 0.171205 0.162204 0.156389 0.152560 0.149898 0.147836 0.145974 0.144016 0.141725 0.138897 0.135345 0.130893 0.125378 0.118651 0.110591 0.101112 0.090178 0.077813 0.064107 0.049219 0.033376 0.016862 0.000000 
50.000000 44.811397 39.711061 34.782754 30.101618 25.730768 21.718871 18.098831 14.887618 12.087144 9.686008 7.661856 5.984092 4.616673 3.520750 2.656996 1.987481 1.477072 1.094339 0.812031 0.607180 0.460936 0.358208 0.287197 0.238880 0.206509 0.185136 0.171205 0.162204 0.156389 0.152560 0.149898 0.147836 0.145974 0.144016 0.141725 0.138897 0.135345 0.130893 0.125378 0.118651 0.110591 0.101112 0.090178 0.077813 0.064107 0.049219 0.033376 0.016862 0.000000 
50.000000 44.814216 39.716651 34.791022 30.112429 25.743954 21.734236 18.116162 14.906693 12.107740 9.707907 7.684854 6.008000 4.641322 3.545994 2.682708 2.013557 1.503424 1.120898 0.838742 0.634001 0.487835 0.385161 0.314185 0.265890 0.233529 0.212155 0.198212 0.189188 0.183333 0.179443 0.176690 0.174499 0.172455 0.170246 0.167614 0.164332 0.160187 0.154974 0.148499 0.140586 0.131088 0.119899 0.106975 0.092340 0.076099 0.058442 0.039639 0.020028 0.000000 
50.000000 44.820189 39.728495 34.808539 30.135333 25.771889 21.766788 18.152879 14.947104 12.151372 9.754301 7.733576 6.058651 4.693545 3.599476 2.737182 2.068799 1.559252 1.177165 0.895332 0.690825 0.544824 0.442264 0.371363 0.323113 0.290773 0.269398 0.255432 0.246359 0.240421 0.236404 0.233463 0.231002 0.228578 0.225843 0.222498 0.218265 0.212875 0.206060 0.197565 0.187150 0.174613 0.159810 0.142671 0.123223 0.101602 0.078060 0.052962 0.026765 0.000000 
50.000000 44.829997 39.747943 34.837302 30.172944 25.817759 21.820239 18.213170 15.013462 12.223020 9.830484 7.813580 6.141823 4.779298 3.687297 2.826633 2.159512 1.650927 1.269561 0.988259 0.784135 0.638406 0.536034 0.465256 0.417081 0.384776 0.363402 0.349400 0.340248 0.334180 0.329960 0.326719 0.323825 0.320791 0.317212 0.312718 0.306949 0.299543 0.290130 0.278349 0.263856 0.246356 0.225633 0.201576 0.174213 0.143731 0.110483 0.074987 0.037904 0.000000 
50.000000 44.844691 39.777082 34.880397 30.229295 25.886487 21.900326 18.303506 15.112887 12.330372 9.944631 7.933454 6.266443 4.907785 3.818883 2.960661 2.295432 1.788289 1.408003 1.127496 0.923948 0.778627 0.676535 0.605944 0.557882 0.525632 0.504260 0.490209 0.480947 0.474690 0.470178 0.466504 0.462984 0.459065 0.454256 0.448084 0.440066 0.429699 0.416459 0.399819 0.379278 0.354394 0.324835 0.290424 0.251182 0.207367 0.159485 0.108290 0.054752 0.000000 
50.000000 44.865727 39.818795 34.942089 30.309963 25.984873 22.014973 18.432824 15.255219 12.484051 10.108038 8.105061 6.444844 5.091724 4.007258 3.152532 2.490012 1.984933 1.606194 1.326826 1.124102 0.979365 0.877677 0.807354 0.759457 0.727288 0.705925 0.691809 0.682398 0.675887 0.670978 0.666711 0.662333 0.657195 0.650688 0.642191 0.631046 0.616545 0.597939 0.574463 0.545375 0.510016 0.467874 0.418663 0.362384 0.299386 0.230397 0.156512 0.079156 0.000000 
50.000000 44.894990 39.876824 35.027913 30.422186 26.121744 22.174467 18.612729 15.453228 12.697846 10.335367 8.343797 6.693035 5.347618 4.269326 3.419464 2.760713 2.258507 1.881920 1.604138 1.402561 1.258638 1.157513 1.087564 1.039899 1.007848 0.986504 0.972309 0.962708 0.955865 0.950435 0.945389 0.939876 0.933121 0.924352 0.912745 0.897398 0.877319 0.851439 0.818651 0.777865 0.728099 0.668572 0.598816 0.518789 0.428953 0.330335 0.224519 0.113589 0.000000 
50.000000 44.934827 39.955819 35.144745 30.574957 26.308068 22.391588 18.857637 15.722782 12.988892 10.644839 8.668799 7.030908 5.695980 4.626093 3.782853 3.129235 2.630939 2.257284 1.981661 1.781647 1.638832 1.538475 1.469040 1.421695 1.389812 1.368504 1.354218 1.344381 1.337120 1.331030 1.324989 1.318021 1.309185 1.297491 1.281844 1.261011 1.233611 1.198132 1.152987 1.096593 1.027493 0.944501 0.846871 0.734455 0.607850 0.468480 0.318608 0.161252 0.000000 
50.000000 44.988048 40.061355 35.300831 30.779055 26.556995 22.681659 19.184831 16.082905 13.377730 11.058293 9.103004 7.482310 6.161397 5.102739 4.268349 3.621589 3.128520 2.758781 2.486045 2.288120 2.146789 2.047461 1.978716 1.931804 1.900155 1.878911 1.864525 1.854406 1.846636 1.839731 1.832458 1.823680 1.812240 1.796868 1.776113 1.748307 1.711544 1.663715 1.602567 1.525824 1.431350 1.317359 1.182661 1.026914 0.850840 0.656380 0.446722 0.226197 0.000000 
50.000000 45.057913 40.199895 35.505729 31.046981 26.883769 23.062446 19.614353 16.555655 13.888176 11.601058 9.673010 8.074894 6.772379 5.728467 4.905696 4.267940 3.781734 3.417138 3.148192 2.953012 2.813631 2.715658 2.647823 2.601489 2.570160 2.549021 2.534534 2.524091 2.515720 2.507844 2.499090 2.488124 2.473520 2.453652 2.426619 2.390183 2.341759 2.278435 2.197062 2.094402 1.967353 1.813251 1.630219 1.417548 1.176045 0.908288 0.618710 0.313455 0.000000 
50.000000 45.148075 40.378686 35.770156 31.392749 27.305484 23.553868 20.168670 17.165761 14.546933 12.301525 10.408636 8.839660 7.560893 6.536010 5.728237 5.102103 4.624756 4.266800 4.002747 3.811112 3.674251 3.578030 3.511378 3.465802 3.434903 3.413926 3.399351 3.388552 3.379496 3.370501 3.360025 3.346498 3.328166 3.302971 3.268445 3.221638 3.159089 3.076844 2.970558 2.835684 2.667770 2.462870 2.218050 1.931953 1.605346 1.241549 0.846622 0.429213 0.000000 
50.000000 45.262486 40.605561 36.105700 31.831511 27.840618 24.177458 20.872073 17.939961 15.382870 13.190393 11.342123 9.810127 8.561497 7.560766 6.772026 6.160644 5.694539 5.345011 5.087171 4.900036 4.766377 4.672386 4.607244 4.562643 4.532314 4.511577 4.496946 4.485777 4.475975 4.465736 4.453330 4.436909 4.414338 4.383039 4.339862 4.280984 4.201848 4.097172 3.961053 3.787191 3.569268 3.301496 2.979327 2.600289 2.164832 1.677056 1.145102 0.581022 0.000000 
50.000000 45.405246 40.888650 36.524386 32.378989 28.508350 24.955565 21.749772 18.906001 16.425949 14.299522 12.506929 11.021080 9.810059 8.839467 8.074479 7.481506 7.029434 6.690425 6.440339 6.258824 6.129165 6.037964 5.974718 5.931353 5.901762 5.881371 5.866737 5.855213 5.844637 5.833078 5.818598 5.799041 5.771838 5.733814 5.681023 5.608601 5.510664 5.380280 5.209561 4.989906 4.712460 4.368815 3.951993 3.457641 2.885353 2.239882 1.531924 0.778120 0.000000 
50.000000 45.580405 41.235988 37.038094 33.050721 29.327630 25.910273 22.826677 20.091300 17.705775 15.660393 13.936118 12.506893 11.342021 10.408413 9.672572 9.102189 8.667337 8.341238 8.100670 7.926054 7.801309 7.713540 7.652634 7.610807 7.582159 7.562246 7.547697 7.535867 7.524541 7.511658 7.495063 7.472273 7.440247 7.395154 7.332154 7.245189 7.126817 6.968123 6.758756 6.487167 6.141110 5.708521 5.178790 4.544477 3.803312 2.960218 2.028841 1.031933 0.000000 
50.000000 45.791724 41.655030 37.657852 33.861127 30.316045 27.062076 24.125907 21.521305 19.249824 17.302223 15.660375 14.299469 13.190276 12.301292 11.600618 11.057494 10.643420 10.332899 10.103818 9.937531 9.818721 9.735104 9.677037 9.637092 9.609623 9.590355 9.576011 9.563975 9.551988 9.537872 9.519261 9.493345 9.456600 9.404508 9.331273 9.229529 9.090083 8.901722 8.651143 8.323122 7.901003 7.367692 6.707265 5.907300 4.961873 3.874888 2.662994 1.356930 0.000000 
50.000000 46.042394 42.152105 38.393021 34.822447 31.488524 28.428371 25.667086 23.217616 21.081423 19.249815 17.705748 16.425889 15.382750 14.546702 13.887751 13.376965 12.987542 12.695504 12.480053 12.323652 12.211891 12.133210 12.078531 12.040849 12.014827 11.996402 11.982424 11.970333 11.957854 11.942713 11.922362 11.893688 11.852709 11.794237 11.711517 11.595836 11.436138 11.218669 10.926745 10.540727 10.038396 9.395931 8.589772 7.599651 6.412907 5.029875 3.469351 1.772143 0.000000 
50.000000 46.334746 42.731838 39.250438 35.943623 32.855975 30.021870 27.464554 25.196016 23.217611 21.521292 20.091271 18.905940 17.939844 17.165542 16.555255 16.082188 15.721521 15.451044 15.251494 15.106628 15.003096 14.930186 14.879479 14.844472 14.820193 14.802839 14.789428 14.777491 14.764773 14.748949 14.727333 14.696570 14.652292 14.588722 14.498230 14.370829 14.193620 13.950237 13.620332 13.179240 12.598015 11.844152 10.883447 9.683595 8.220084 6.484606 4.495047 2.303976 0.000000 
50.000000 46.669971 43.396584 40.233592 37.229215 34.423958 31.849054 29.525620 27.464552 25.667080 24.125893 22.826648 21.749714 20.871964 20.168467 19.613985 19.184175 18.856484 18.610734 18.429423 18.297789 18.203703 18.137424 18.091295 18.059390 18.037170 18.021141 18.008534 17.997015 17.984397 17.968362 17.946163 17.914298 17.868139 17.801480 17.706013 17.570696 17.381024 17.118195 16.758237 16.271170 15.620412 14.762813 13.649954 12.231731 10.463643 8.319154 5.807268 2.991587 0.000000 
50.000000 47.047866 44.145947 41.341893 38.678453 36.191536 33.908828 31.849053 30.021868 28.428365 27.062062 25.910246 24.955513 24.177359 23.553686 23.062118 22.681073 22.390560 22.172690 22.011943 21.895235 21.811805 21.753016 21.712070 21.683703 21.663867 21.649432 21.637893 21.627102 21.614999 21.599345 21.577432 21.545749 21.499588 21.432561 21.336004 21.198234 21.003629 20.731514 20.354828 19.838609 19.138430 18.199104 16.954415 15.329325 13.247252 10.646247 7.507900 3.897775 0.000000 
50.000000 47.466661 44.976411 42.570144 40.284542 38.150419 36.191535 34.423957 32.855972 31.488518 30.316033 29.327606 28.508305 27.840533 27.305327 26.883486 26.556490 26.307183 26.120213 25.982262 25.882099 25.810490 25.760016 25.724838 25.700429 25.683298 25.670732 25.660541 25.650817 25.639694 25.625102 25.604489 25.574501 25.530588 25.466507 25.373690 25.240417 25.050757 24.783179 24.408759 23.888882 23.172385 22.192230 20.862212 19.075210 16.706642 13.630631 9.761412 5.132513 0.000000 
50.000000 47.922919 45.881167 43.908272 42.034309 40.284542 38.678453 37.229214 35.943621 34.822442 33.861117 33.050701 32.378951 31.831440 31.392620 31.046748 30.778640 30.574228 30.420927 30.307816 30.225685 30.166961 30.125560 30.096689 30.076627 30.062503 30.052071 30.043507 30.035197 30.025540 30.012726 29.994494 29.967836 29.928631 29.871170 29.787533 29.666750 29.493675 29.247430 28.899265 28.409547 27.723543 26.765574 25.431203 23.577900 21.017154 17.518098 12.848896 6.908329 0.000000 
50.000000 48.411562 46.850141 45.341378 43.908272 42.570144 41.341893 40.233591 39.250436 38.393016 37.657844 37.038078 36.524357 36.105646 35.770057 35.505550 35.300512 35.144187 35.026947 34.940442 34.877628 34.832712 34.801040 34.778943 34.763571 34.752720 34.744660 34.737978 34.731409 34.723682 34.713340 34.698544 34.676824 34.644770 34.597620 34.528707 34.428699 34.284533 34.077891 33.782973 33.363150 32.765835 31.914439 30.695647 28.939514 26.390174 22.670689 17.271964 9.684291 0.000000 
50.000000 48.926001 47.870269 46.850141 45.881167 44.976411 44.145946 43.396583 42.731836 42.152103 41.655025 41.235978 40.888630 40.605524 40.378619 40.199774 40.061140 39.955441 39.876169 39.817679 39.775206 39.744833 39.723412 39.708463 39.698054 39.690692 39.685202 39.680616 39.676066 39.670668 39.663399 39.652959 39.637589 39.614848 39.581307 39.532131 39.460495 39.356746 39.207158 38.992042 38.682758 38.236792 37.589317 36.638047 35.214999 33.032271 29.578177 23.935135 14.582667 0.000000 
50.000000 49.458394 48.926001 48.411562 47.922919 47.466661 47.047866 46.669971 46.334746 46.042392 45.791721 45.580399 45.405236 45.262468 45.148041 45.057852 44.987939 44.934636 44.894660 44.865163 44.843744 44.828426 44.817622 44.810080 44.804827 44.801106 44.798325 44.795991 44.793663 44.790886 44.787134 44.781732 44.773766 44.761960 44.744519 44.718897 44.681483 44.627136 44.548477 44.434797 44.270251 44.030771 43.678384 43.150091 42.334148 41.014590 38.727271 34.343334 24.729197 0.000000 
50.000000 50.000000 50.000000 50.000000 50.000000 50.000000 50.000000 50.000000 50.000000 50.000000 50.000000 50.000000 50.000000 50.000000 50.000000 50.000000 50.000000 50.000000 50.000000 50.000000 50.000000 50.000000 50.000000 50.000000 50.000000 50.000000 50.000000 50.000000 50.000000 50.000000 50.000000 50.000000 50.000000 50.000000 50.000000 50.000000 50.000000 50.000000 50.000000 50.000000 50.000000 50.000000 50.000000 50.000000 50.000000 50.000000 50.000000 50.000000 50.000000 50.000000 
