50.000000 50.000000 50.000000 50.000000 50.000000 50.000000 50.000000 50.000000 50.000000 50.000000 50.000000 50.000000 50.000000 50.000000 50.000000 50.000000 50.000000 50.000000 50.000000 50.000000 50.000000 50.000000 50.000000 50.000000 50.000000 50.000000 50.000000 50.000000 50.000000 50.000000 50.000000 50.000000 50.000000 50.000000 50.000000 50.000000 50.000000 50.000000 50.000000 50.000000 50.000000 50.000000 50.000000 50.000000 50.000000 50.000000 50.000000 50.000000 50.000000 50.000000 
50.000000 49.638659 49.281419 48.932241 48.594816 48.272445 47.967948 47.683591 47.421049 47.181390 46.965089 46.772073 46.601775 46.453210 46.325056 46.215744 46.123537 46.046612 45.983126 45.931278 45.889346 45.855724 45.828936 45.807643 45.790636 45.776823 45.765201 45.754826 45.744768 45.734067 45.721667 45.706340 45.686602 45.660581 45.625870 45.579304 45.516658 45.432199 45.318011 45.162923 44.950744 44.657196 44.244272 43.649131 42.760394 41.362678 38.992618 34.522324 24.819331 0.000000 
50.000000 49.281419 48.570994 47.876602 47.205580 46.564497 45.958959 45.393475 44.871371 44.394772 43.964626 43.580785 43.242123 42.946679 42.691828 42.474445 42.291079 42.138104 42.011858 41.908755 41.825376 41.758526 41.705273 41.662955 41.629176 41.601766 41.578741 41.558234 41.538416 41.517400 41.493120 41.463189 41.424724 41.374117 41.306737 41.216534 41.095479 40.932763 40.713604 40.417414 40.014869 39.463051 38.697061 37.614926 36.049379 33.713651 30.097591 24.285505 14.759102 0.000000 
50.000000 48.932243 47.876604 46.844788 45.847701 44.895099 43.995315 43.155048 42.379241 41.671052 41.031888 40.461530 39.958304 39.519298 39.140610 38.817599 38.545135 38.317832 38.130249 37.977060 37.853185 37.753881 37.674796 37.611982 37.561887 37.521302 37.487298 37.457131 37.428125 37.397532 37.362368 37.319208 37.263939 37.191454 37.095246 36.966885 36.795290 36.565726 36.258344 35.846041 35.291201 34.540651 33.517702 32.109488 30.147101 27.376317 23.422416 17.779039 9.939637 0.000000 
50.000000 48.594820 47.205587 45.847707 44.535529 43.281896 42.097771 40.991970 39.971001 39.039017 38.197872 37.447277 36.785028 36.207295 35.708942 35.283861 34.925304 34.626182 34.379337 34.177763 34.014779 33.884149 33.780152 33.697608 33.631857 33.578703 33.534327 33.495168 33.457777 33.418641 33.373977 33.319486 33.250055 33.159393 33.039566 32.880404 32.668718 32.387233 32.013133 31.516013 30.854984 29.974577 28.798982 27.224335 25.109424 22.267815 18.471454 13.491974 7.232159 0.000000 
50.000000 48.272453 46.564513 44.895118 43.281911 41.740679 40.284901 38.925417 37.670227 36.524436 35.490324 34.567536 33.753363 33.043095 32.430420 31.907829 31.467026 31.099299 30.795850 30.548070 30.347751 30.187235 30.059502 29.958202 29.877632 29.812671 29.758678 29.711350 29.666554 29.620121 29.567615 29.504052 29.423576 29.319064 29.181646 29.000102 28.760100 28.443210 28.025621 27.476470 26.755674 25.811203 24.575872 22.964143 20.870443 18.172625 14.748108 10.515189 5.512085 0.000000 
50.000000 47.967965 45.958992 43.995358 42.097815 40.284934 38.572571 36.973472 35.497051 34.149312 32.932936 31.847506 30.889836 30.054387 29.333733 28.719045 28.200565 27.768048 27.411150 27.119749 26.884199 26.695504 26.545425 26.426517 26.332106 26.256222 26.193476 26.138907 26.087796 26.035438 25.976894 25.906694 25.818500 25.704710 25.555992 25.360722 25.104299 24.768323 24.329585 23.758869 23.019586 22.066347 20.843805 19.286486 17.321067 14.873669 11.885997 8.344144 4.318871 0.000000 
50.000000 47.683623 45.393535 43.155131 40.992067 38.925512 36.973539 35.150682 33.467669 31.931344 30.544766 29.307458 28.215789 27.263444 26.441961 25.741275 25.150265 24.657257 24.250462 23.918351 23.649937 23.434982 23.264115 23.128879 23.021713 22.935874 22.865306 22.804480 22.748189 22.691313 22.628558 22.554156 22.461531 22.342924 22.188958 21.988148 21.726331 21.386031 20.945748 20.379215 19.654718 18.734658 17.575714 16.130257 14.350010 12.193346 9.637608 6.696586 3.439405 0.000000 
50.000000 47.421104 44.871478 42.379393 39.971186 37.670427 35.497236 33.467795 31.594047 29.883614 28.339898 26.962371 25.746989 24.686724 23.772154 22.992077 22.334113 21.785269 21.332425 20.962754 20.664037 20.424892 20.234913 20.084723 19.965955 19.871173 19.793743 19.727651 19.667300 19.607267 19.542038 19.465716 19.371702 19.252341 19.098549 18.899395 18.641659 18.309376 17.883396 17.341010 16.655774 15.797694 14.734092 13.431581 11.859729 9.996977 7.838999 5.408591 2.763989 0.000000 
50.000000 47.181482 44.394953 41.671313 39.039344 36.524808 34.149694 31.931688 29.883842 28.014486 26.327340 24.821826 23.493525 22.334756 21.335223 20.482685 19.763615 19.163816 18.668957 18.265027 17.938688 17.677520 17.470178 17.306455 17.177268 17.074571 16.991227 16.920825 16.857466 16.795523 16.729383 16.653158 16.560391 16.443742 16.294659 16.103049 15.856944 15.542208 15.142299 14.638172 14.008413 13.229758 12.278216 11.131043 9.769839 8.184886 6.380488 4.380328 2.230858 0.000000 
50.000000 46.965240 43.964924 41.032322 38.198425 35.490971 32.933638 30.545466 28.340510 26.327740 24.511161 22.890149 21.459949 20.212291 19.136090 18.218168 17.443963 16.798193 16.265435 15.830616 15.479386 15.198396 14.975464 14.799644 14.661217 14.551611 14.463263 14.389439 14.324017 14.261253 14.195528 14.121071 14.031694 13.920510 13.779658 13.600039 13.371089 13.080598 12.714625 12.257571 11.692478 11.001681 10.167919 9.176063 8.015506 6.683180 5.186838 3.547875 1.802498 0.000000 
50.000000 46.772316 43.581265 40.462233 37.448183 34.568613 31.848709 29.308721 26.963599 24.822880 22.890826 21.166774 19.645666 18.318707 17.174109 16.197858 15.374471 14.687699 14.121146 13.658791 13.285389 12.986767 12.749999 12.563491 12.416973 12.301420 12.208912 12.132461 12.065789 12.003105 11.938852 11.867457 11.783081 11.679372 11.549238 11.384641 11.176440 10.914300 10.586700 10.181098 9.684297 9.083094 8.365264 7.520956 6.544450 5.436181 4.204723 2.868212 1.454579 0.000000 
50.000000 46.602158 43.242881 39.959419 36.786475 33.755102 30.891813 28.217926 25.749178 23.495612 21.461712 19.646781 18.045495 16.648597 15.443678 14.415988 13.549230 12.826305 12.229960 11.743341 11.350416 11.036287 10.787383 10.591545 10.438029 10.317424 10.221521 10.143131 10.075879 10.013975 9.951977 9.884557 9.806269 9.711332 9.593441 9.445606 9.260044 9.028148 8.740548 8.387305 7.958285 7.443737 6.835111 6.126127 5.314031 4.400927 3.394948 2.310951 1.170375 0.000000 
50.000000 46.453805 42.947859 39.521040 36.209564 33.045841 30.057542 27.266915 24.690386 22.338434 20.215741 18.321579 16.650392 15.192521 13.935014 12.862482 11.957918 11.203483 10.581178 10.073424 9.663506 9.335899 9.076474 8.872587 8.713090 8.588252 8.489625 8.409874 8.342565 8.281946 8.222724 8.159838 8.088248 8.002742 7.897776 7.767342 7.604902 7.403378 7.155241 6.852708 6.488074 6.054204 5.545178 4.957085 4.288902 3.543363 2.727636 1.853639 0.937777 0.000000 
50.000000 46.325971 42.693641 39.143292 35.712444 32.434676 29.338657 26.447437 23.778034 21.341305 19.142102 17.179669 15.448252 13.937842 12.635025 11.523857 10.586723 9.805143 9.160481 8.634532 8.209997 7.870813 7.602373 7.391624 7.227078 7.098737 6.997967 6.917321 6.850338 6.791333 6.735173 6.677067 6.612374 6.536422 6.444370 6.331101 6.191172 6.018820 5.808055 5.552833 5.247342 4.886395 4.465927 3.983569 3.439260 2.835798 2.179237 1.479002 0.747617 0.000000 
50.000000 46.217132 42.477198 38.821674 35.289193 31.914327 28.726595 25.749731 23.001255 20.492348 18.228004 16.207447 14.424751 12.869612 11.528221 10.384162 9.419302 8.614620 7.950932 7.409508 6.972549 6.623539 6.347468 6.130939 5.962182 5.830981 5.728554 5.647375 5.580981 5.523761 5.470748 5.417413 5.359484 5.292784 5.213102 5.116102 4.997281 4.851979 4.675463 4.463069 4.210436 3.913811 3.570420 3.178882 2.739620 2.255222 1.730656 1.173298 0.592686 0.000000 
50.000000 46.125619 42.295212 38.551256 34.933321 31.476815 28.211971 25.163096 22.348137 19.778543 17.459430 15.390003 13.564193 11.971448 10.597626 9.425915 8.437748 7.613648 6.933972 6.379548 5.932161 5.574915 5.292464 5.071127 4.898900 4.765395 4.661712 4.580270 4.514618 4.459228 4.409287 4.360512 4.308962 4.250900 4.182661 4.100578 4.000936 3.879983 3.733991 3.559377 3.352879 3.111789 2.834221 2.519411 2.167990 1.782213 1.366080 0.925313 0.467157 0.000000 
50.000000 46.049702 42.144241 38.326925 34.638099 31.113867 27.785052 24.676441 21.806330 19.186392 16.821844 14.711877 12.850303 11.226363 9.825639 8.630992 7.623494 6.783289 6.090359 5.525161 5.069137 4.705079 4.417365 4.192080 4.017033 3.881696 3.777078 3.695564 3.630722 3.577103 3.530041 3.485466 3.439734 3.389480 3.331507 3.262706 3.180009 3.080397 2.960937 2.818878 2.651782 2.457692 2.235333 1.984315 1.705317 1.400234 1.072237 0.725739 0.366229 0.000000 
50.000000 45.987667 42.020875 38.143613 34.396859 30.817284 27.436198 24.278773 21.363594 18.702519 16.300846 14.157752 12.266954 10.617525 9.194820 7.981433 6.958142 6.104782 5.401025 4.827031 4.363962 3.994354 3.702362 3.473883 3.296576 3.159802 3.054504 2.973042 2.909009 2.857030 2.812567 2.771736 2.731143 2.687740 2.638716 2.581417 2.513299 2.431921 2.334971 2.220331 2.086172 1.931077 1.754184 1.555320 1.335132 1.095172 0.837930 0.566790 0.285906 0.000000 
50.000000 45.937882 41.921870 37.996499 34.203257 30.579269 27.156232 23.959633 21.008287 18.314199 15.882732 13.713054 11.798804 10.128920 8.688576 7.460152 6.424188 5.560273 4.847833 4.266787 3.798072 3.424021 3.128614 2.897596 2.718508 2.580627 2.474843 2.393505 2.330229 2.279706 2.237506 2.199904 2.163711 2.126139 2.084688 2.037071 1.981155 1.914951 1.836620 1.744520 1.637269 1.513834 1.373627 1.216598 1.043323 0.855054 0.653733 0.441953 0.222859 0.000000 
50.000000 45.898856 41.844261 37.881178 34.051494 30.392690 26.936769 23.709462 20.729766 18.009799 15.554977 13.364461 11.431828 9.745910 8.291740 7.051529 6.005633 5.133448 4.414203 3.827633 3.354498 2.976975 2.678902 2.445911 2.265451 2.126733 2.020613 1.939429 1.876821 1.827536 1.787234 1.752316 1.719760 1.686982 1.651732 1.612003 1.565984 1.512025 1.448647 1.374556 1.288695 1.190297 1.078955 0.954685 0.817983 0.669850 0.511803 0.345834 0.174337 0.000000 
50.000000 45.869284 41.785452 37.793794 33.936495 30.251311 26.770472 23.519897 20.518717 17.779141 15.306623 13.100317 11.153754 9.455687 7.991041 6.741900 5.688480 4.810028 4.085631 3.494877 3.018398 2.638249 2.338164 2.103689 1.922204 1.782874 1.676527 1.595497 1.533445 1.485159 1.446374 1.413589 1.383908 1.354906 1.324520 1.290956 1.252640 1.208177 1.156346 1.096105 1.026625 0.947323 0.857910 0.758433 0.649310 0.531350 0.405747 0.274052 0.138115 0.000000 
50.000000 45.848084 41.743293 37.731148 33.854053 30.149956 26.651253 23.383997 20.367416 17.613783 15.128578 12.910953 10.954404 9.247628 7.775472 6.519930 5.461115 4.578173 3.850082 3.256331 2.777457 2.395428 2.093906 1.858374 1.676164 1.536407 1.429913 1.349016 1.287390 1.239858 1.202206 1.171006 1.143454 1.117241 1.090435 1.061397 1.028718 0.991182 0.947748 0.897548 0.839905 0.774358 0.700692 0.618966 0.529538 0.433072 0.330535 0.223169 0.112445 0.000000 
50.000000 45.834422 41.716124 37.690778 33.800927 30.084642 26.574428 23.296422 20.269917 17.507225 15.013845 12.788926 10.825942 9.113554 7.636559 6.376892 5.314602 4.428765 3.698295 3.102614 2.622197 2.238959 1.936514 1.700303 1.517630 1.377604 1.271024 1.190223 1.128885 1.081856 1.044956 1.014803 0.988656 0.964278 0.939823 0.913749 0.884756 0.851740 0.813772 0.770092 0.720119 0.663464 0.599956 0.529658 0.452884 0.370205 0.282443 0.190643 0.096040 0.000000 
50.000000 45.827734 41.702824 37.671015 33.774918 30.052667 26.536818 23.253550 20.222186 17.455059 14.957677 12.729187 10.763053 9.047918 7.568554 6.306867 5.242876 4.355623 3.623988 3.027362 2.546191 2.162361 1.859464 1.622922 1.440024 1.299868 1.193248 1.112497 1.051304 1.004526 0.968001 0.938370 0.912920 0.889451 0.866160 0.841552 0.814380 0.783592 0.748315 0.707842 0.661636 0.609343 0.550811 0.486103 0.415512 0.339565 0.259009 0.174797 0.088049 0.000000 
50.000000 45.827734 41.702824 37.671015 33.774918 30.052667 26.536818 23.253550 20.222186 17.455059 14.957677 12.729187 10.763053 9.047918 7.568554 6.306867 5.242876 4.355623 3.623988 3.027362 2.546191 2.162361 1.859464 1.622922 1.440024 1.299868 1.193248 1.112497 1.051304 1.004526 0.968001 0.938370 0.912920 0.889451 0.866160 0.841552 0.814380 0.783592 0.748315 0.707842 0.661636 0.609343 0.550811 0.486103 0.415512 0.339565 0.259009 0.174797 0.088049 0.000000 
50.000000 45.834422 41.716124 37.690778 33.800927 30.084642 26.574428 23.296422 20.269917 17.507225 15.013845 12.788926 10.825942 9.113554 7.636559 6.376892 5.314602 4.428765 3.698295 3.102614 2.622197 2.238959 1.936514 1.700303 1.517630 1.377604 1.271024 1.190223 1.128885 1.081856 1.044956 1.014803 0.988656 0.964278 0.939823 0.913749 0.884756 0.851740 0.813772 0.770092 0.720119 0.663464 0.599956 0.529658 0.452884 0.370205 0.282443 0.190643 0.096040 0.000000 
50.000000 45.848084 41.743293 37.731148 33.854053 30.149956 26.651253 23.383997 20.367416 17.613783 15.128578 12.910953 10.954404 9.247628 7.775472 6.519930 5.461115 4.578173 3.850082 3.256331 2.777457 2.395428 2.093906 1.858374 1.676164 1.536407 1.429913 1.349016 1.287390 1.239858 1.202206 1.171006 1.143454 1.117241 1.090435 1.061397 1.028718 0.991182 0.947748 0.897548 0.839905 0.774358 0.700692 0.618966 0.529538 0.433072 0.330535 0.223169 0.112445 0.000000 
50.000000 45.869284 41.785452 37.793794 33.936495 30.251311 26.770472 23.519897 20.518717 17.779141 15.306623 13.100317 11.153754 9.455687 7.991041 6.741900 5.688480 4.810028 4.085631 3.494877 3.018398 2.638249 2.338164 2.103689 1.922204 1.782874 1.676527 1.595497 1.533445 1.485159 1.446374 1.413589 1.383908 1.354906 1.324520 1.290956 1.252640 1.208177 1.156346 1.096105 1.026625 0.947323 0.857910 0.758433 0.649310 0.531350 0.405747 0.274052 0.138115 0.000000 
50.000000 45.898856 41.844261 37.881178 34.051494 30.392690 26.936769 23.709462 20.729766 18.009799 15.554977 13.364461 11.431828 9.745910 8.291740 7.051529 6.005633 5.133448 4.414203 3.827633 3.354498 2.976975 2.678902 2.445911 2.265451 2.126733 2.020613 1.939429 1.876821 1.827536 1.787234 1.752316 1.719760 1.686982 1.651732 1.612003 1.565984 1.512025 1.448647 1.374556 1.288695 1.190297 1.078955 0.954685 0.817983 0.669850 0.511803 0.345834 0.174337 0.000000 
50.000000 45.937882 41.921870 37.996499 34.203257 30.579269 27.156232 23.959633 21.008287 18.314199 15.882732 13.713054 11.798804 10.128920 8.688576 7.460152 6.424188 5.560273 4.847833 4.266787 3.798072 3.424021 3.128614 2.897596 2.718508 2.580627 2.474843 2.393505 2.330229 2.279706 2.237506 2.199904 2.163711 2.126139 2.084688 2.037071 1.981155 1.914951 1.836620 1.744520 1.637269 1.513834 1.373627 1.216598 1.043323 0.855054 0.653733 0.441953 0.222859 0.000000 
50.000000 45.987667 42.020875 38.143613 34.396859 30.817284 27.436198 24.278773 21.363594 18.702519 16.300846 14.157752 12.266954 10.617525 9.194820 7.981433 6.958142 6.104782 5.401025 4.827031 4.363962 3.994354 3.702362 3.473883 3.296576 3.159802 3.054504 2.973042 2.909009 2.857030 2.812567 2.771736 2.731143 2.687740 2.638716 2.581417 2.513299 2.431921 2.334971 2.220331 2.086172 1.931077 1.754184 1.555320 1.335132 1.095172 0.837930 0.566790 0.285906 0.000000 
50.000000 46.049702 42.144241 38.326925 34.638099 31.113867 27.785052 24.676441 21.806330 19.186392 16.821844 14.711877 12.850303 11.226363 9.825639 8.630992 7.623494 6.783289 6.090359 5.525161 5.069137 4.705079 4.417365 4.192080 4.017033 3.881696 3.777078 3.695564 3.630722 3.577103 3.530041 3.485466 3.439734 3.389480 3.331507 3.262706 3.180009 3.080397 2.960937 2.818878 2.651782 2.457692 2.235333 1.984315 1.705317 1.400234 1.072237 0.725739 0.366229 0.000000 
50.000000 46.125619 42.295212 38.551256 34.933321 31.476815 28.211971 25.163096 22.348137 19.778543 17.459430 15.390003 13.564193 11.971448 10.597626 9.425915 8.437748 7.613648 6.933972 6.379548 5.932161 5.574915 5.292464 5.071127 4.898900 4.765395 4.661712 4.580270 4.514618 4.459228 4.409287 4.360512 4.308962 4.250900 4.182661 4.100578 4.000936 3.879983 3.733991 3.559377 3.352879 3.111789 2.834221 2.519411 2.167990 1.782213 1.366080 0.925313 0.467157 0.000000 
50.000000 46.217132 42.477198 38.821674 35.289193 31.914327 28.726595 25.749731 23.001255 20.492348 18.228004 16.207447 14.424751 12.869612 11.528221 10.384162 9.419302 8.614620 7.950932 7.409508 6.972549 6.623539 6.347468 6.130939 5.962182 5.830981 5.728554 5.647375 5.580981 5.523761 5.470748 5.417413 5.359484 5.292784 5.213102 5.116102 4.997281 4.851979 4.675463 4.463069 4.210436 3.913811 3.570420 3.178882 2.739620 2.255222 1.730656 1.173298 0.592686 0.000000 
50.000000 46.325971 42.693641 39.143292 35.712444 32.434676 29.338657 26.447437 23.778034 21.341305 19.142102 17.179669 15.448252 13.937842 12.635025 11.523857 10.586723 9.805143 9.160481 8.634532 8.209997 7.870813 7.602373 7.391624 7.227078 7.098737 6.997967 6.917321 6.850338 6.791333 6.735173 6.677067 6.612374 6.536422 6.444370 6.331101 6.191172 6.018820 5.808055 5.552833 5.247342 4.886395 4.465927 3.983569 3.439260 2.835798 2.179237 1.479002 0.747617 0.000000 
50.000000 46.453805 42.947859 39.521040 36.209564 33.045841 30.057542 27.266915 24.690386 22.338434 20.215741 18.321579 16.650392 15.192521 13.935014 12.862482 11.957918 11.203483 10.581178 10.073424 9.663506 9.335899 9.076474 8.872587 8.713090 8.588252 8.489625 8.409874 8.342565 8.281946 8.222724 8.159838 8.088248 8.002742 7.897776 7.767342 7.604902 7.403378 7.155241 6.852708 6.488074 6.054204 5.545178 4.957085 4.288902 3.543363 2.727636 1.853639 0.937777 0.000000 
50.000000 46.602158 43.242881 39.959419 36.786475 33.755102 30.891813 28.217926 25.749178 23.495612 21.461712 19.646781 18.045495 16.648597 15.443678 14.415988 13.549230 12.826305 12.229960 11.743341 11.350416 11.036287 10.787383 10.591545 10.438029 10.317424 10.221521 10.143131 10.075879 10.013975 9.951977 9.884557 9.806269 9.711332 9.593441 9.445606 9.260044 9.028148 8.740548 8.387305 7.958285 7.443737 6.835111 6.126127 5.314031 4.400927 3.394948 2.310951 1.170375 0.000000 
50.000000 46.772316 43.581265 40.462233 37.448183 34.568613 31.848709 29.308721 26.963599 24.822880 22.890826 21.166774 19.645666 18.318707 17.174109 16.197858 15.374471 14.687699 14.121146 13.658791 13.285389 12.986767 12.749999 12.563491 12.416973 12.301420 12.208912 12.132461 12.065789 12.003105 11.938852 11.867457 11.783081 11.679372 11.549238 11.384641 11.176440 10.914300 10.586700 10.181098 9.684297 9.083094 8.365264 7.520956 6.544450 5.436181 4.204723 2.868212 1.454579 0.000000 
50.000000 46.965240 43.964924 41.032322 38.198425 35.490971 32.933638 30.545466 28.340510 26.327740 24.511161 22.890149 21.459949 20.212291 19.136090 18.218168 17.443963 16.798193 16.265435 15.830616 15.479386 15.198396 14.975464 14.799644 14.661217 14.551611 14.463263 14.389439 14.324017 14.261253 14.195528 14.121071 14.031694 13.920510 13.779658 13.600039 13.371089 13.080598 12.714625 12.257571 11.692478 11.001681 10.167919 9.176063 8.015506 6.683180 5.186838 3.547875 1.802498 0.000000 
50.000000 47.181482 44.394953 41.671313 39.039344 36.524808 34.149694 31.931688 29.883842 28.014486 26.327340 24.821826 23.493525 22.334756 21.335223 20.482685 19.763615 19.163816 18.668957 18.265027 17.938688 17.677520 17.470178 17.306455 17.177268 17.074571 16.991227 16.920825 16.857466 16.795523 16.729383 16.653158 16.560391 16.443742 16.294659 16.103049 15.856944 15.542208 15.142299 14.638172 14.008413 13.229758 12.278216 11.131043 9.769839 8.184886 6.380488 4.380328 2.230858 0.000000 
50.000000 47.421104 44.871478 42.379393 39.971186 37.670427 35.497236 33.467795 31.594047 29.883614 28.339898 26.962371 25.746989 24.686724 23.772154 22.992077 22.334113 21.785269 21.332425 20.962754 20.664037 20.424892 20.234913 20.084723 19.965955 19.871173 19.793743 19.727651 19.667300 19.607267 19.542038 19.465716 19.371702 19.252341 19.098549 18.899395 18.641659 18.309376 17.883396 17.341010 16.655774 15.797694 14.734092 13.431581 11.859729 9.996977 7.838999 5.408591 2.763989 0.000000 
50.000000 47.683623 45.393535 43.155131 40.992067 38.925512 36.973539 35.150682 33.467669 31.931344 30.544766 29.307458 28.215789 27.263444 26.441961 25.741275 25.150265 24.657257 24.250462 23.918351 23.649937 23.434982 23.264115 23.128879 23.021713 22.935874 22.865306 22.804480 22.748189 22.691313 22.628558 22.554156 22.461531 22.342924 22.188958 21.988148 21.726331 21.386031 20.945748 20.379215 19.654718 18.734658 17.575714 16.130257 14.350010 12.193346 9.637608 6.696586 3.439405 0.000000 
50.000000 47.967965 45.958992 43.995358 42.097815 40.284934 38.572571 36.973472 35.497051 34.149312 32.932936 31.847506 30.889836 30.054387 29.333733 28.719045 28.200565 27.768048 27.411150 27.119749 26.884199 26.695504 26.545425 26.426517 26.332106 26.256222 26.193476 26.138907 26.087796 26.035438 25.976894 25.906694 25.818500 25.704710 25.555992 25.360722 25.104299 24.768323 24.329585 23.758869 23.019586 22.066347 20.843805 19.286486 17.321067 14.873669 11.885997 8.344144 4.318871 0.000000 
50.000000 48.272453 46.564513 44.895118 43.281911 41.740679 40.284901 38.925417 37.670227 36.524436 35.490324 34.567536 33.753363 33.043095 32.430420 31.907829 31.467026 31.099299 30.795850 30.548070 30.347751 30.187235 30.059502 29.958202 29.877632 29.812671 29.758678 29.711350 29.666554 29.620121 29.567615 29.504052 29.423576 29.319064 29.181646 29.000102 28.760100 28.443210 28.025621 27.476470 26.755674 25.811203 24.575872 22.964143 20.870443 18.172625 14.748108 10.515189 5.512085 0.000000 
50.000000 48.594820 47.205587 45.847707 44.535529 43.281896 42.097771 40.991970 39.971001 39.039017 38.197872 37.447277 36.785028 36.207295 35.708942 35.283861 34.925304 34.626182 34.379337 34.177763 34.014779 33.884149 33.780152 33.697608 33.631857 33.578703 33.534327 33.495168 33.457777 33.418641 33.373977 33.319486 33.250055 33.159393 33.039566 32.880404 32.668718 32.387233 32.013133 31.516013 30.854984 29.974577 28.798982 27.224335 25.109424 22.267815 18.471454 13.491974 7.232159 0.000000 
50.000000 48.932243 47.876604 46.844788 45.847701 44.895099 43.995315 43.155048 42.379241 41.671052 41.031888 40.461530 39.958304 39.519298 39.140610 38.817599 38.545135 38.317832 38.130249 37.977060 37.853185 37.753881 37.674796 37.611982 37.561887 37.521302 37.487298 37.457131 37.428125 37.397532 37.362368 37.319208 37.263939 37.191454 37.095246 36.966885 36.795290 36.565726 36.258344 35.846041 35.291201 34.540651 33.517702 32.109488 30.147101 27.376317 23.422416 17.779039 9.939637 0.000000 
50.000000 49.281419 48.570994 47.876602 47.205580 46.564497 45.958959 45.393475 44.871371 44.394772 43.964626 43.580785 43.242123 42.946679 42.691828 42.474445 42.291079 42.138104 42.011858 41.908755 41.825376 41.758526 41.705273 41.662955 41.629176 41.601766 41.578741 41.558234 41.538416 41.517400 41.493120 41.463189 41.424724 41.374117 41.306737 41.216534 41.095479 40.932763 40.713604 40.417414 40.014869 39.463051 38.697061 37.614926 36.049379 33.713651 30.097591 24.285505 14.759102 0.000000 
50.000000 49.638659 49.281419 48.932241 48.594816 48.272445 47.967948 47.683591 47.421049 47.181390 46.965089 46.772073 46.601775 46.453210 46.325056 46.215744 46.123537 46.046612 45.983126 45.931278 45.889346 45.855724 45.828936 45.807643 45.790636 45.776823 45.765201 45.754826 45.744768 45.734067 45.721667 45.706340 45.686602 45.660581 45.625870 45.579304 45.516658 45.432199 45.318011 45.162923 44.950744 44.657196 44.244272 43.649131 42.760394 41.362678 38.992618 34.522324 24.819331 0.000000 
50.000000 50.000000 50.000000 50.000000 50.000000 50.000000 50.000000 50.000000 50.000000 50.000000 50.000000 50.000000 50.000000 50.000000 50.000000 50.000000 50.000000 50.000000 50.000000 50.000000 50.000000 50.000000 50.000000 50.000000 50.000000 50.000000 50.000000 50.000000 50.000000 50.000000 50.000000 50.000000 50.000000 50.000000 50.000000 50.000000 50.000000 50.000000 50.000000 50.000000 50.000000 50.000000 50.000000 50.000000 50.000000 50.000000 50.000000 50.000000 50.000000 50.000000 
