50.000000 50.000000 50.000000 50.000000 50.000000 50.000000 50.000000 50.000000 50.000000 50.000000 50.000000 50.000000 50.000000 50.000000 50.000000 50.000000 50.000000 50.000000 50.000000 50.000000 50.000000 50.000000 50.000000 50.000000 50.000000 50.000000 50.000000 50.000000 50.000000 50.000000 50.000000 50.000000 50.000000 50.000000 50.000000 50.000000 50.000000 50.000000 50.000000 50.000000 50.000000 50.000000 50.000000 50.000000 50.000000 50.000000 50.000000 50.000000 50.000000 50.000000 
50.000000 49.580128 49.165793 48.762313 48.374582 48.006893 47.662802 47.345029 47.055418 46.794937 46.563728 46.361186 46.186075 46.036654 45.910812 45.806202 45.720365 45.650833 45.595224 45.551302 45.517023 45.490562 45.470318 45.454909 45.443148 45.434017 45.426630 45.420188 45.413929 45.407075 45.398760 45.387961 45.373391 45.353387 45.325742 45.287486 45.234578 45.161453 45.060337 44.920172 44.724841 44.450096 44.057911 43.485369 42.620962 41.249119 38.906239 34.464149 24.790064 0.000000 
50.000000 49.165793 48.342587 47.540948 46.770598 46.040070 45.356426 44.725071 44.149668 43.632142 43.172772 42.770360 42.422448 42.125577 41.875554 41.667714 41.497172 41.359028 41.248546 41.161283 41.093181 41.040615 41.000405 40.969806 40.946464 40.928362 40.913744 40.901033 40.888732 40.875312 40.859088 40.838070 40.809774 40.770992 40.717494 40.643613 40.541682 40.401220 40.207727 39.940837 39.571370 39.056469 38.331194 37.293426 35.775643 33.490710 29.928010 24.171295 14.701645 0.000000 
50.000000 48.762313 47.540948 46.351580 45.208637 44.124776 43.110473 42.173752 41.320046 40.552209 39.870658 39.273613 38.757428 38.316972 37.946021 37.637659 37.384633 37.179676 37.015762 36.886301 36.785271 36.707297 36.647665 36.602306 36.567735 36.540971 36.519425 36.500779 36.482847 36.463413 36.440052 36.409916 36.369483 36.314232 36.238239 36.133634 35.989865 35.792674 35.522626 35.152939 34.646209 33.949350 32.985616 31.641926 29.749003 27.052092 23.175794 17.612942 9.856076 0.000000 
50.000000 48.374583 46.770600 45.208638 43.707645 42.284243 40.952191 39.722024 38.600878 37.592503 36.697444 35.913364 35.235477 34.657042 34.169887 33.764927 33.432641 33.163484 32.948229 32.778224 32.645564 32.543193 32.464926 32.405428 32.360136 32.325152 32.297106 32.272996 32.250010 32.225326 32.195889 32.158148 32.107747 32.039155 31.945186 31.816391 31.640259 31.400129 31.073711 30.631013 30.031420 29.219572 28.119589 26.627332 24.601116 21.853831 18.156557 13.279896 7.125467 0.000000 
50.000000 48.006895 46.040074 44.124780 42.284246 40.538856 38.905480 37.397038 36.022279 34.785802 33.688274 32.726830 31.895602 31.186322 30.588972 30.092412 29.684966 29.354932 29.090998 28.882555 28.719917 28.594433 28.498531 28.425680 28.370305 28.327656 28.293640 28.264639 28.237293 28.208272 28.174017 28.130444 28.072608 27.994293 27.887523 27.741937 27.544011 27.276045 26.914853 26.430063 25.781916 24.918514 23.772587 22.258276 20.269447 17.683154 14.375792 10.264440 5.385938 0.000000 
50.000000 47.662806 45.356433 43.110483 40.952201 38.905488 36.990129 35.221272 33.609179 32.159240 30.872240 29.744818 28.770092 27.938369 27.237899 26.655621 26.177844 25.790846 25.481364 25.236963 25.046286 24.899200 24.786836 24.701552 24.636837 24.587159 24.547775 24.514521 24.483577 24.451208 24.413482 24.365962 24.303349 24.219077 24.104828 23.949949 23.740756 23.459672 23.084192 22.585655 21.927837 21.065499 19.943198 18.495104 16.647264 14.324904 11.468580 8.063021 4.177444 0.000000 
50.000000 47.345036 44.725085 42.173772 39.722047 37.397061 35.221289 33.211939 31.380667 29.733597 28.271619 26.990917 25.883673 24.938875 24.143177 23.481741 22.939017 22.499419 22.147882 21.870285 21.653735 21.486728 21.359204 21.262505 21.189267 21.133251 21.089138 21.052299 21.018536 20.983811 20.943950 20.894328 20.829516 20.742888 20.626178 20.468961 20.258071 19.976925 19.604789 19.115997 18.479231 17.657055 16.606048 15.278197 13.624548 11.602509 9.188191 6.393912 3.287136 0.000000 
50.000000 47.055431 44.149694 41.320083 38.600924 36.022329 33.609226 31.380699 29.349676 27.522950 25.901506 24.481112 23.253098 22.205250 21.322767 20.589194 19.987285 19.499754 19.109900 18.802063 18.561951 18.376818 18.235523 18.128489 18.047586 17.985948 17.937757 17.897991 17.862159 17.826014 17.785256 17.735217 17.670524 17.584736 17.469944 17.316342 17.111759 16.841174 16.486241 16.024883 15.431073 14.674989 13.723852 12.543874 11.103921 9.381428 7.370787 5.093260 2.605352 0.000000 
50.000000 46.794961 43.632188 40.552277 37.592588 34.785899 32.159342 29.733690 27.523013 25.534705 23.769840 22.223811 20.887179 19.746651 18.786118 17.987669 17.332533 16.801900 16.377591 16.042568 15.781285 15.579879 15.426242 15.309980 15.222283 15.155739 15.104102 15.062032 15.024815 14.988081 14.947500 14.898480 14.835848 14.753527 14.644185 14.498889 14.306752 14.054606 13.726736 13.304740 12.767634 12.092332 11.254741 10.231715 9.004141 7.561287 5.906154 4.060874 2.070147 0.000000 
50.000000 46.563768 43.172853 39.870776 36.697595 33.688451 30.872435 28.271816 25.901681 23.769957 21.877795 20.220255 18.787217 17.564431 16.534625 15.678596 14.976221 14.407336 13.952454 13.593315 13.313258 13.097435 12.932886 12.808496 12.714863 12.644105 12.589617 12.545804 12.507797 12.471169 12.431635 12.384767 12.325698 12.248828 12.147534 12.013896 11.838436 11.609917 11.315225 10.939406 10.465935 9.877325 9.156219 8.287090 7.258631 6.066770 4.717975 3.232107 1.643642 0.000000 
50.000000 46.361255 42.770497 39.273814 35.913625 32.727142 29.745169 26.991290 24.481479 22.224131 20.220465 18.465249 16.947768 15.652931 14.562447 13.655985 12.912237 12.309851 11.828197 11.447944 11.151460 10.923035 10.748965 10.617512 10.518766 10.444445 10.387646 10.342578 10.304270 10.268289 10.230454 10.186556 10.132094 10.062010 9.970450 9.850544 9.694227 9.492123 9.233525 8.906525 8.498351 7.995975 7.387086 6.661450 5.812669 4.840213 3.751410 2.562917 1.300992 0.000000 
50.000000 46.186191 42.422678 38.757767 35.235917 31.896132 28.770698 25.884333 23.253781 20.887839 18.787784 16.948135 15.357658 14.000538 12.857606 11.907550 11.128040 10.496699 9.991910 9.593416 9.282747 9.043450 8.861185 8.723678 8.620588 8.543299 8.484667 8.438751 8.400521 8.365578 8.329876 8.289460 8.240221 8.177661 8.096694 7.991472 7.855262 7.680386 7.458259 7.179558 6.834556 6.413677 5.908292 5.311760 4.620690 3.836268 2.965453 2.021699 1.024859 0.000000 
50.000000 46.036845 42.125956 38.317531 34.657771 31.187206 27.939387 24.940001 22.206447 19.747865 17.565585 15.653908 14.001162 12.590912 11.403239 10.415997 9.605983 8.949947 8.425427 8.011381 7.688624 7.440073 7.250847 7.108220 7.001491 6.921765 6.861711 6.815273 6.777395 6.743736 6.710406 6.673713 6.629937 6.575128 6.504924 6.414425 6.298096 6.149749 5.962606 5.729466 5.443015 5.096286 4.683288 4.199782 3.644153 3.018283 2.328248 1.584664 0.802463 0.000000 
50.000000 45.911123 41.876170 37.946932 34.171076 30.590419 27.239576 24.145047 21.324785 18.788220 16.536722 14.564413 12.859250 11.404277 10.178942 9.160399 8.324709 7.647888 7.106765 6.679636 6.346714 6.090391 5.895330 5.748431 5.638693 5.556999 5.495863 5.449153 5.411806 5.379555 5.348669 5.315712 5.277338 5.230098 5.170293 5.093863 4.996319 4.872740 4.717838 4.526120 4.292140 4.010873 3.678194 3.291439 2.850006 2.355917 1.814232 1.233185 0.623952 0.000000 
50.000000 45.806701 41.668704 37.639123 33.766842 30.094745 26.658333 23.484783 20.592504 17.991170 15.682183 13.659517 11.910820 10.418703 9.162090 8.117552 7.260540 6.566459 6.011550 5.573561 5.232208 4.969443 4.769557 4.619142 4.506951 4.423688 4.361749 4.314948 4.278231 4.247410 4.218907 4.189528 4.156262 4.116111 4.065959 4.002468 3.922036 3.820789 3.694648 3.539462 3.351209 3.126293 2.861890 2.556357 2.209634 1.823614 1.402371 0.952212 0.481463 0.000000 
50.000000 45.721156 41.498743 37.386958 33.435682 29.688677 26.182165 22.943880 19.992605 17.338211 14.982130 12.918211 11.133851 9.611306 8.329071 7.263240 6.388763 5.680546 5.114347 4.667467 4.319214 4.051184 3.847363 3.694092 3.579928 3.495433 3.432913 3.386144 3.350091 3.320645 3.294368 3.268283 3.239674 3.205936 3.164444 3.112474 3.047152 2.965455 2.864261 2.740458 2.591098 2.413620 2.206102 1.967552 1.698175 1.399613 1.075074 0.729333 0.368566 0.000000 
50.000000 45.652075 41.361491 37.183323 33.168257 29.360760 25.797640 22.507078 19.508162 16.810921 14.416810 12.319579 10.506422 8.959307 7.656383 6.573358 5.684779 4.965148 4.389837 3.935781 3.581963 3.309691 3.102705 2.947148 2.831420 2.745971 2.683040 2.636379 2.600977 2.572795 2.548524 2.525370 2.500873 2.472756 2.438808 2.396803 2.344458 2.279424 2.199329 2.101851 1.984841 1.846482 1.685474 1.501230 1.294061 1.065328 0.817511 0.554194 0.279930 0.000000 
50.000000 45.597149 41.252365 37.021416 32.955631 29.100038 25.491911 22.159786 19.122992 16.391684 13.967337 11.843621 10.007569 8.440920 7.121547 6.024853 5.125064 4.396361 3.813807 3.354049 2.995811 2.720173 2.510682 2.353322 2.236373 2.150197 2.086983 2.040470 2.005670 1.978608 1.956082 1.935458 1.914485 1.891156 1.863595 1.829978 1.788488 1.737305 1.674628 1.598732 1.508053 1.401308 1.277616 1.136642 0.978717 0.804932 0.617179 0.418127 0.211119 0.000000 
50.000000 45.554252 41.167137 36.894967 32.789570 28.896414 25.253136 21.888550 18.822174 16.064262 13.616301 11.471901 9.617968 8.036064 6.703846 5.596478 4.687934 3.952147 3.363938 2.899731 2.538044 2.259782 2.048342 1.889586 1.771699 1.684978 1.621576 1.575223 1.540954 1.514848 1.493795 1.475286 1.457243 1.437875 1.415572 1.388823 1.356175 1.316211 1.267560 1.208941 1.139216 1.057474 0.963122 0.855974 0.736339 0.605073 0.463606 0.313915 0.158447 0.000000 
50.000000 45.521494 41.102052 36.798403 32.662757 28.740917 25.070796 21.681421 18.592455 15.814226 13.348233 11.188039 9.320451 7.726898 6.384872 5.269353 4.354125 3.612930 3.020403 2.552800 2.188483 1.908221 1.695299 1.535483 1.416891 1.329771 1.266247 1.220047 1.186225 1.160905 1.141050 1.124251 1.108566 1.092371 1.074260 1.052965 1.027306 0.996166 0.958497 0.913336 0.859851 0.797392 0.725555 0.644244 0.553727 0.454669 0.348147 0.235624 0.118895 0.000000 
50.000000 45.497261 41.053906 36.726971 32.568948 28.625888 24.935911 21.528200 18.422522 15.629265 13.149933 10.978055 9.100368 7.498198 6.148917 5.027369 4.107197 3.362002 2.766283 2.296168 1.929907 1.648169 1.434153 1.273559 1.154453 1.067047 1.003448 0.957381 0.923917 0.899215 0.880292 0.864819 0.850953 0.837198 0.822299 0.805168 0.784823 0.760368 0.730984 0.695936 0.654604 0.606517 0.551394 0.489192 0.420134 0.344740 0.263823 0.178478 0.090036 0.000000 
50.000000 45.480244 41.020097 36.676809 32.503073 28.545113 24.841192 21.420605 18.303193 15.499382 13.010684 10.830602 8.945823 7.337603 5.983227 4.857445 3.933802 3.185798 2.587838 2.115960 1.748335 1.465562 1.250780 1.089643 0.970180 0.882580 0.818936 0.772974 0.739777 0.715530 0.697289 0.682781 0.670235 0.658245 0.645665 0.631529 0.614997 0.595323 0.571846 0.543985 0.511262 0.473323 0.429967 0.381176 0.327141 0.268271 0.205200 0.138767 0.069987 0.000000 
50.000000 45.469452 40.998656 36.644999 32.461298 28.493889 24.781125 21.352372 18.227519 15.417016 12.922378 10.737093 8.847817 7.235760 5.878153 4.749687 3.823843 3.074058 2.474677 2.001682 1.633192 1.349763 1.134496 0.973017 0.853330 0.765609 0.701941 0.656051 0.623030 0.599081 0.581285 0.567406 0.555717 0.544872 0.533791 0.521587 0.507510 0.490909 0.471217 0.447953 0.420723 0.389244 0.353362 0.313073 0.268542 0.220109 0.168293 0.113775 0.057372 0.000000 
50.000000 45.464223 40.988266 36.629584 32.441054 28.469066 24.752017 21.319307 18.190848 15.377101 12.879586 10.691780 8.800323 7.186407 5.827235 4.697468 3.770558 3.019910 2.419840 1.946303 1.577395 1.293648 1.078147 0.916502 0.796706 0.708928 0.645249 0.599396 0.566463 0.542661 0.525085 0.511515 0.500248 0.489964 0.479618 0.468362 0.455485 0.440384 0.422539 0.401513 0.376955 0.348614 0.316357 0.280187 0.240255 0.196867 0.150487 0.101719 0.051287 0.000000 
50.000000 45.464223 40.988266 36.629584 32.441054 28.469066 24.752017 21.319307 18.190848 15.377101 12.879586 10.691780 8.800323 7.186407 5.827235 4.697468 3.770558 3.019910 2.419840 1.946303 1.577395 1.293648 1.078147 0.916502 0.796706 0.708928 0.645249 0.599396 0.566463 0.542661 0.525085 0.511515 0.500248 0.489964 0.479618 0.468362 0.455485 0.440384 0.422539 0.401513 0.376955 0.348614 0.316357 0.280187 0.240255 0.196867 0.150487 0.101719 0.051287 0.000000 
50.000000 45.469452 40.998656 36.644999 32.461298 28.493889 24.781125 21.352372 18.227519 15.417016 12.922378 10.737093 8.847817 7.235760 5.878153 4.749687 3.823843 3.074058 2.474677 2.001682 1.633192 1.349763 1.134496 0.973017 0.853330 0.765609 0.701941 0.656051 0.623030 0.599081 0.581285 0.567406 0.555717 0.544872 0.533791 0.521587 0.507510 0.490909 0.471217 0.447953 0.420723 0.389244 0.353362 0.313073 0.268542 0.220109 0.168293 0.113775 0.057372 0.000000 
50.000000 45.480244 41.020097 36.676809 32.503073 28.545113 24.841192 21.420605 18.303193 15.499382 13.010684 10.830602 8.945823 7.337603 5.983227 4.857445 3.933802 3.185798 2.587838 2.115960 1.748335 1.465562 1.250780 1.089643 0.970180 0.882580 0.818936 0.772974 0.739777 0.715530 0.697289 0.682781 0.670235 0.658245 0.645665 0.631529 0.614997 0.595323 0.571846 0.543985 0.511262 0.473323 0.429967 0.381176 0.327141 0.268271 0.205200 0.138767 0.069987 0.000000 
50.000000 45.497261 41.053906 36.726971 32.568948 28.625888 24.935911 21.528200 18.422522 15.629265 13.149933 10.978055 9.100368 7.498198 6.148917 5.027369 4.107197 3.362002 2.766283 2.296168 1.929907 1.648169 1.434153 1.273559 1.154453 1.067047 1.003448 0.957381 0.923917 0.899215 0.880292 0.864819 0.850953 0.837198 0.822299 0.805168 0.784823 0.760368 0.730984 0.695936 0.654604 0.606517 0.551394 0.489192 0.420134 0.344740 0.263823 0.178478 0.090036 0.000000 
50.000000 45.521494 41.102052 36.798403 32.662757 28.740917 25.070796 21.681421 18.592455 15.814226 13.348233 11.188039 9.320451 7.726898 6.384872 5.269353 4.354125 3.612930 3.020403 2.552800 2.188483 1.908221 1.695299 1.535483 1.416891 1.329771 1.266247 1.220047 1.186225 1.160905 1.141050 1.124251 1.108566 1.092371 1.074260 1.052965 1.027306 0.996166 0.958497 0.913336 0.859851 0.797392 0.725555 0.644244 0.553727 0.454669 0.348147 0.235624 0.118895 0.000000 
50.000000 45.554252 41.167137 36.894967 32.789570 28.896414 25.253136 21.888550 18.822174 16.064262 13.616301 11.471901 9.617968 8.036064 6.703846 5.596478 4.687934 3.952147 3.363938 2.899731 2.538044 2.259782 2.048342 1.889586 1.771699 1.684978 1.621576 1.575223 1.540954 1.514848 1.493795 1.475286 1.457243 1.437875 1.415572 1.388823 1.356175 1.316211 1.267560 1.208941 1.139216 1.057474 0.963122 0.855974 0.736339 0.605073 0.463606 0.313915 0.158447 0.000000 
50.000000 45.597149 41.252365 37.021416 32.955631 29.100038 25.491911 22.159786 19.122992 16.391684 13.967337 11.843621 10.007569 8.440920 7.121547 6.024853 5.125064 4.396361 3.813807 3.354049 2.995811 2.720173 2.510682 2.353322 2.236373 2.150197 2.086983 2.040470 2.005670 1.978608 1.956082 1.935458 1.914485 1.891156 1.863595 1.829978 1.788488 1.737305 1.674628 1.598732 1.508053 1.401308 1.277616 1.136642 0.978717 0.804932 0.617179 0.418127 0.211119 0.000000 
50.000000 45.652075 41.361491 37.183323 33.168257 29.360760 25.797640 22.507078 19.508162 16.810921 14.416810 12.319579 10.506422 8.959307 7.656383 6.573358 5.684779 4.965148 4.389837 3.935781 3.581963 3.309691 3.102705 2.947148 2.831420 2.745971 2.683040 2.636379 2.600977 2.572795 2.548524 2.525370 2.500873 2.472756 2.438808 2.396803 2.344458 2.279424 2.199329 2.101851 1.984841 1.846482 1.685474 1.501230 1.294061 1.065328 0.817511 0.554194 0.279930 0.000000 
50.000000 45.721156 41.498743 37.386958 33.435682 29.688677 26.182165 22.943880 19.992605 17.338211 14.982130 12.918211 11.133851 9.611306 8.329071 7.263240 6.388763 5.680546 5.114347 4.667467 4.319214 4.051184 3.847363 3.694092 3.579928 3.495433 3.432913 3.386144 3.350091 3.320645 3.294368 3.268283 3.239674 3.205936 3.164444 3.112474 3.047152 2.965455 2.864261 2.740458 2.591098 2.413620 2.206102 1.967552 1.698175 1.399613 1.075074 0.729333 0.368566 0.000000 
50.000000 45.806701 41.668704 37.639123 33.766842 30.094745 26.658333 23.484783 20.592504 17.991170 15.682183 13.659517 11.910820 10.418703 9.162090 8.117552 7.260540 6.566459 6.011550 5.573561 5.232208 4.969443 4.769557 4.619142 4.506951 4.423688 4.361749 4.314948 4.278231 4.247410 4.218907 4.189528 4.156262 4.116111 4.065959 4.002468 3.922036 3.820789 3.694648 3.539462 3.351209 3.126293 2.861890 2.556357 2.209634 1.823614 1.402371 0.952212 0.481463 0.000000 
50.000000 45.911123 41.876170 37.946932 34.171076 30.590419 27.239576 24.145047 21.324785 18.788220 16.536722 14.564413 12.859250 11.404277 10.178942 9.160399 8.324709 7.647888 7.106765 6.679636 6.346714 6.090391 5.895330 5.748431 5.638693 5.556999 5.495863 5.449153 5.411806 5.379555 5.348669 5.315712 5.277338 5.230098 5.170293 5.093863 4.996319 4.872740 4.717838 4.526120 4.292140 4.010873 3.678194 3.291439 2.850006 2.355917 1.814232 1.233185 0.623952 0.000000 
50.000000 46.036845 42.125956 38.317531 34.657771 31.187206 27.939387 24.940001 22.206447 19.747865 17.565585 15.653908 14.001162 12.590912 11.403239 10.415997 9.605983 8.949947 8.425427 8.011381 7.688624 7.440073 7.250847 7.108220 7.001491 6.921765 6.861711 6.815273 6.777395 6.743736 6.710406 6.673713 6.629937 6.575128 6.504924 6.414425 6.298096 6.149749 5.962606 5.729466 5.443015 5.096286 4.683288 4.199782 3.644153 3.018283 2.328248 1.584664 0.802463 0.000000 
50.000000 46.186191 42.422678 38.757767 35.235917 31.896132 28.770698 25.884333 23.253781 20.887839 18.787784 16.948135 15.357658 14.000538 12.857606 11.907550 11.128040 10.496699 9.991910 9.593416 9.282747 9.043450 8.861185 8.723678 8.620588 8.543299 8.484667 8.438751 8.400521 8.365578 8.329876 8.289460 8.240221 8.177661 8.096694 7.991472 7.855262 7.680386 7.458259 7.179558 6.834556 6.413677 5.908292 5.311760 4.620690 3.836268 2.965453 2.021699 1.024859 0.000000 
50.000000 46.361255 42.770497 39.273814 35.913625 32.727142 29.745169 26.991290 24.481479 22.224131 20.220465 18.465249 16.947768 15.652931 14.562447 13.655985 12.912237 12.309851 11.828197 11.447944 11.151460 10.923035 10.748965 10.617512 10.518766 10.444445 10.387646 10.342578 10.304270 10.268289 10.230454 10.186556 10.132094 10.062010 9.970450 9.850544 9.694227 9.492123 9.233525 8.906525 8.498351 7.995975 7.387086 6.661450 5.812669 4.840213 3.751410 2.562917 1.300992 0.000000 
50.000000 46.563768 43.172853 39.870776 36.697595 33.688451 30.872435 28.271816 25.901681 23.769957 21.877795 20.220255 18.787217 17.564431 16.534625 15.678596 14.976221 14.407336 13.952454 13.593315 13.313258 13.097435 12.932886 12.808496 12.714863 12.644105 12.589617 12.545804 12.507797 12.471169 12.431635 12.384767 12.325698 12.248828 12.147534 12.013896 11.838436 11.609917 11.315225 10.939406 10.465935 9.877325 9.156219 8.287090 7.258631 6.066770 4.717975 3.232107 1.643642 0.000000 
50.000000 46.794961 43.632188 40.552277 37.592588 34.785899 32.159342 29.733690 27.523013 25.534705 23.769840 22.223811 20.887179 19.746651 18.786118 17.987669 17.332533 16.801900 16.377591 16.042568 15.781285 15.579879 15.426242 15.309980 15.222283 15.155739 15.104102 15.062032 15.024815 14.988081 14.947500 14.898480 14.835848 14.753527 14.644185 14.498889 14.306752 14.054606 13.726736 13.304740 12.767634 12.092332 11.254741 10.231715 9.004141 7.561287 5.906154 4.060874 2.070147 0.000000 
50.000000 47.055431 44.149694 41.320083 38.600924 36.022329 33.609226 31.380699 29.349676 27.522950 25.901506 24.481112 23.253098 22.205250 21.322767 20.589194 19.987285 19.499754 19.109900 18.802063 18.561951 18.376818 18.235523 18.128489 18.047586 17.985948 17.937757 17.897991 17.862159 17.826014 17.785256 17.735217 17.670524 17.584736 17.469944 17.316342 17.111759 16.841174 16.486241 16.024883 15.431073 14.674989 13.723852 12.543874 11.103921 9.381428 7.370787 5.093260 2.605352 0.000000 
50.000000 47.345036 44.725085 42.173772 39.722047 37.397061 35.221289 33.211939 31.380667 29.733597 28.271619 26.990917 25.883673 24.938875 24.143177 23.481741 22.939017 22.499419 22.147882 21.870285 21.653735 21.486728 21.359204 21.262505 21.189267 21.133251 21.089138 21.052299 21.018536 20.983811 20.943950 20.894328 20.829516 20.742888 20.626178 20.468961 20.258071 19.976925 19.604789 19.115997 18.479231 17.657055 16.606048 15.278197 13.624548 11.602509 9.188191 6.393912 3.287136 0.000000 
50.000000 47.662806 45.356433 43.110483 40.952201 38.905488 36.990129 35.221272 33.609179 32.159240 30.872240 29.744818 28.770092 27.938369 27.237899 26.655621 26.177844 25.790846 25.481364 25.236963 25.046286 24.899200 24.786836 24.701552 24.636837 24.587159 24.547775 24.514521 24.483577 24.451208 24.413482 24.365962 24.303349 24.219077 24.104828 23.949949 23.740756 23.459672 23.084192 22.585655 21.927837 21.065499 19.943198 18.495104 16.647264 14.324904 11.468580 8.063021 4.177444 0.000000 
50.000000 48.006895 46.040074 44.124780 42.284246 40.538856 38.905480 37.397038 36.022279 34.785802 33.688274 32.726830 31.895602 31.186322 30.588972 30.092412 29.684966 29.354932 29.090998 28.882555 28.719917 28.594433 28.498531 28.425680 28.370305 28.327656 28.293640 28.264639 28.237293 28.208272 28.174017 28.130444 28.072608 27.994293 27.887523 27.741937 27.544011 27.276045 26.914853 26.430063 25.781916 24.918514 23.772587 22.258276 20.269447 17.683154 14.375792 10.264440 5.385938 0.000000 
50.000000 48.374583 46.770600 45.208638 43.707645 42.284243 40.952191 39.722024 38.600878 37.592503 36.697444 35.913364 35.235477 34.657042 34.169887 33.764927 33.432641 33.163484 32.948229 32.778224 32.645564 32.543193 32.464926 32.405428 32.360136 32.325152 32.297106 32.272996 32.250010 32.225326 32.195889 32.158148 32.107747 32.039155 31.945186 31.816391 31.640259 31.400129 31.073711 30.631013 30.031420 29.219572 28.119589 26.627332 24.601116 21.853831 18.156557 13.279896 7.125467 0.000000 
50.000000 48.762313 47.540948 46.351580 45.208637 44.124776 43.110473 42.173752 41.320046 40.552209 39.870658 39.273613 38.757428 38.316972 37.946021 37.637659 37.384633 37.179676 37.015762 36.886301 36.785271 36.707297 36.647665 36.602306 36.567735 36.540971 36.519425 36.500779 36.482847 36.463413 36.440052 36.409916 36.369483 36.314232 36.238239 36.133634 35.989865 35.792674 35.522626 35.152939 34.646209 33.949350 32.985616 31.641926 29.749003 27.052092 23.175794 17.612942 9.856076 0.000000 
50.000000 49.165793 48.342587 47.540948 46.770598 46.040070 45.356426 44.725071 44.149668 43.632142 43.172772 42.770360 42.422448 42.125577 41.875554 41.667714 41.497172 41.359028 41.248546 41.161283 41.093181 41.040615 41.000405 40.969806 40.946464 40.928362 40.913744 40.901033 40.888732 40.875312 40.859088 40.838070 40.809774 40.770992 40.717494 40.643613 40.541682 40.401220 40.207727 39.940837 39.571370 39.056469 38.331194 37.293426 35.775643 33.490710 29.928010 24.171295 14.701645 0.000000 
50.000000 49.580128 49.165793 48.762313 48.374582 48.006893 47.662802 47.345029 47.055418 46.794937 46.563728 46.361186 46.186075 46.036654 45.910812 45.806202 45.720365 45.650833 45.595224 45.551302 45.517023 45.490562 45.470318 45.454909 45.443148 45.434017 45.426630 45.420188 45.413929 45.407075 45.398760 45.387961 45.373391 45.353387 45.325742 45.287486 45.234578 45.161453 45.060337 44.920172 44.724841 44.450096 44.057911 43.485369 42.620962 41.249119 38.906239 34.464149 24.790064 0.000000 
50.000000 50.000000 50.000000 50.000000 50.000000 50.000000 50.000000 50.000000 50.000000 50.000000 50.000000 50.000000 50.000000 50.000000 50.000000 50.000000 50.000000 50.000000 50.000000 50.000000 50.000000 50.000000 50.000000 50.000000 50.000000 50.000000 50.000000 50.000000 50.000000 50.000000 50.000000 50.000000 50.000000 50.000000 50.000000 50.000000 50.000000 50.000000 50.000000 50.000000 50.000000 50.000000 50.000000 50.000000 50.000000 50.000000 50.000000 50.000000 50.000000 50.000000 
