50.000000 50.000000 50.000000 50.000000 50.000000 50.000000 50.000000 50.000000 50.000000 50.000000 50.000000 50.000000 50.000000 50.000000 50.000000 50.000000 50.000000 50.000000 50.000000 50.000000 50.000000 50.000000 50.000000 50.000000 50.000000 50.000000 50.000000 50.000000 50.000000 50.000000 50.000000 50.000000 50.000000 50.000000 50.000000 50.000000 50.000000 50.000000 50.000000 50.000000 50.000000 50.000000 50.000000 50.000000 50.000000 50.000000 50.000000 50.000000 50.000000 50.000000 
50.000000 49.635264 49.274706 48.922361 48.581985 48.256936 47.950074 47.663694 47.399483 47.158507 46.941228 46.747547 46.576864 46.428154 46.300054 46.190951 46.099068 46.022544 45.959507 45.908125 45.866656 45.833480 45.807111 45.786203 45.769549 45.756058 45.744733 45.734637 45.724851 45.714424 45.702311 45.687298 45.667910 45.642290 45.608040 45.562007 45.499976 45.416224 45.302842 45.148663 44.937502 44.645080 44.233390 43.639584 42.752278 41.356076 38.987601 34.518948 24.817633 0.000000 
50.000000 49.274706 48.557721 47.857068 47.180216 46.533841 45.923633 45.354155 44.828761 44.349569 43.917502 43.532359 43.192948 42.897232 42.642500 42.425545 42.242834 42.090667 41.965317 41.863147 41.780694 41.714734 41.662314 41.620766 41.587688 41.560918 41.538483 41.518530 41.499251 41.478776 41.455064 41.425751 41.387977 41.338157 41.271684 41.182530 41.062685 40.901358 40.683783 40.389382 39.988837 39.439234 38.675669 37.596159 36.033424 33.700673 30.087728 24.278868 14.755765 0.000000 
50.000000 48.922362 47.857070 46.816044 45.810381 44.850001 43.943358 43.097231 42.316603 41.604624 40.962661 40.390419 39.886125 39.446754 39.068277 38.745930 38.474462 38.248379 38.062145 37.910354 37.787865 37.689891 37.612051 37.550383 37.501332 37.461698 37.428569 37.399222 37.371009 37.341214 37.306884 37.264628 37.210370 37.139035 37.044152 36.917320 36.747490 36.519951 36.214878 35.805183 35.253259 34.505937 33.486522 32.082135 30.123846 27.357401 23.408042 17.769365 9.934772 0.000000 
50.000000 48.581989 47.180222 45.810387 44.487084 43.223366 42.030359 40.916982 39.889793 38.952936 38.108209 37.355226 36.691653 36.113508 35.615493 35.191337 34.834134 34.536653 34.291612 34.091901 33.930760 33.801893 33.699545 33.618515 33.554141 33.502239 33.459010 33.420925 33.384568 33.346467 33.302882 33.249558 33.181428 33.092244 32.974116 32.816916 32.607492 32.328604 31.957461 31.463681 30.806388 29.930115 28.759047 27.189302 25.079639 22.243587 18.453043 13.479584 7.225929 0.000000 
50.000000 48.256944 46.533856 44.850018 43.223380 41.669986 40.203512 38.834922 37.572275 36.420668 35.382310 34.456727 33.641050 32.930384 32.318216 31.796841 31.357769 30.992115 30.690928 30.445475 30.247449 30.089123 29.963432 29.864003 29.785130 29.721708 29.669121 29.623103 29.579562 29.534381 29.483173 29.421009 29.342087 29.239337 29.103942 28.924731 28.687417 28.373610 27.959533 27.414348 26.697987 25.758424 24.528466 22.922557 20.835087 18.143866 14.726254 10.500481 5.504689 0.000000 
50.000000 47.950090 45.923663 43.943397 42.030400 40.203542 38.478905 36.869385 35.384460 34.030122 32.808972 31.720450 30.761183 29.925415 29.205488 28.592340 28.075988 27.645986 27.291810 27.003196 26.770382 26.584293 26.436636 26.319942 26.227536 26.153461 26.092362 26.039319 25.989664 25.938748 25.881692 25.813088 25.726658 25.614864 25.468433 25.275796 25.022406 24.689907 24.255127 23.688881 22.954595 22.006886 20.790398 19.239635 17.281236 14.841269 11.861377 8.327574 4.310539 0.000000 
50.000000 47.663723 45.354211 43.097308 40.917072 38.835008 36.869446 35.035084 33.342722 31.799191 30.407455 29.166875 28.073608 27.121094 26.300607 25.601818 25.013354 24.523310 24.119700 23.790830 23.525586 23.313639 23.145560 23.012866 22.907994 22.824217 22.755517 22.696413 22.641754 22.586483 22.525373 22.452724 22.362031 22.245600 22.094121 21.896170 21.637642 21.301111 20.865117 20.303425 19.584341 18.670270 17.517882 16.079525 14.306879 12.158262 9.610948 6.678644 3.430383 0.000000 
50.000000 47.399534 44.828859 42.316743 39.889963 37.572459 35.384631 33.342839 31.459107 29.741036 28.191926 26.811066 25.594179 24.533964 23.620708 22.842917 22.187933 21.642510 21.193311 20.827327 20.532201 20.296453 20.109612 19.962273 19.846067 19.753583 19.678221 19.614024 19.555456 19.497162 19.433702 19.359253 19.267289 19.150229 18.999059 18.802914 18.548635 18.220309 17.798830 17.261524 16.581966 15.730168 14.673442 13.378376 11.814497 9.960184 7.811041 5.389775 2.754527 0.000000 
50.000000 47.158593 44.349737 41.604865 38.953238 36.421012 34.030477 31.799510 29.741248 27.863998 26.171365 24.662572 23.332946 22.174511 21.176654 20.326819 19.611178 19.015260 18.524500 18.124693 17.802351 17.544949 17.341076 17.180495 17.054120 16.953933 16.872838 16.804481 16.743030 16.682934 16.618653 16.544381 16.453738 16.339461 16.193072 16.004545 15.761977 15.451286 15.055977 14.557038 13.933075 13.160834 12.216311 11.076738 9.723671 8.147333 6.351951 4.361123 2.221200 0.000000 
50.000000 46.941369 43.917778 40.963063 38.108722 35.382910 32.809624 30.408105 28.192495 26.171737 24.349710 22.725579 21.294315 20.047332 18.973207 18.058425 17.288105 16.646675 16.118462 15.688186 15.341342 15.064470 14.845317 14.672907 14.537523 14.430619 14.344678 14.273026 14.209614 14.148776 14.084969 14.012510 13.925289 13.816497 13.678350 13.501821 13.276407 12.989956 12.628573 12.176693 11.617381 10.932977 10.106214 9.121933 7.969487 6.645747 5.158394 3.528732 1.792872 0.000000 
50.000000 46.747773 43.532805 40.391073 37.356068 34.457729 31.721570 29.168052 26.812211 24.663556 22.726212 20.999292 19.477448 18.151552 17.009459 16.036801 15.217758 14.535777 13.974200 13.516793 13.148146 12.853969 12.621269 12.438420 12.295154 12.182473 12.092510 12.018337 11.953754 11.893048 11.830746 11.761359 11.679132 11.577792 11.450323 11.288758 11.084021 10.825831 10.502716 10.102168 9.611011 9.016049 8.305049 7.468134 6.499543 5.399654 4.176967 2.849532 1.445185 0.000000 
50.000000 46.577221 43.193655 39.887167 36.693003 33.642673 30.763029 28.075605 25.596226 23.334899 21.295966 19.478494 17.876855 16.481441 15.279475 14.255835 13.393876 12.676181 12.085227 11.603938 11.216113 10.906738 10.662167 10.470214 10.320136 10.202555 10.109313 10.033289 9.968183 9.908288 9.848248 9.782820 9.706640 9.614009 9.498698 9.353785 9.171553 8.943450 8.660149 8.311749 7.888134 7.379562 6.777474 6.075568 5.271049 4.365965 3.368381 2.293071 1.161384 0.000000 
50.000000 46.428711 42.898337 39.448385 36.115632 32.932955 29.928370 27.124346 24.537396 22.177960 20.050570 18.154251 16.483131 15.027188 13.773090 12.705062 11.805739 11.056955 10.440434 9.938368 9.533872 9.211301 8.956452 8.756654 8.600762 8.479079 8.383213 8.305895 8.240771 8.182174 8.124896 8.063961 7.994413 7.911120 7.808611 7.680950 7.521658 7.323712 7.079627 6.781652 6.422105 5.993857 5.490980 4.909542 4.248485 3.510488 2.702655 1.836827 0.929323 0.000000 
50.000000 46.300912 42.644204 39.070796 35.618782 32.322214 29.210114 26.305753 23.626235 21.182374 18.978863 17.014695 15.283787 13.775758 12.476802 11.370581 10.439112 9.663583 9.025071 8.505144 8.086325 7.752434 7.488789 7.282310 7.121516 6.996444 6.898516 6.820355 6.755582 6.698596 6.644348 6.588136 6.525399 6.451543 6.361801 6.251123 6.114125 5.945097 5.738089 5.487090 5.186309 4.830565 4.415787 3.939588 3.401870 2.805386 2.156128 1.463450 0.739796 0.000000 
50.000000 46.192258 42.428140 38.749770 35.196360 31.802964 28.599454 25.609787 22.851569 20.335931 18.067704 16.045852 14.264114 12.711805 11.374713 10.236024 9.277230 8.478969 7.821771 7.286672 6.855697 6.512210 6.241130 6.029032 5.864153 5.736318 5.636800 5.558145 5.493972 5.438755 5.387613 5.336100 5.280028 5.215293 5.137757 5.043148 4.927019 4.784761 4.611679 4.403140 4.154804 3.862925 3.524723 3.138798 2.705544 2.227505 1.709595 1.159124 0.585558 0.000000 
50.000000 46.101036 42.246741 38.480249 34.841712 31.367022 28.086769 25.025483 22.201192 19.625293 17.302735 15.232455 13.408044 11.818561 10.449455 9.283510 8.301778 7.484439 6.811561 6.263736 5.822573 5.471055 5.193766 4.976999 4.808762 4.678703 4.577982 4.499092 4.435663 4.382252 4.334132 4.287101 4.237301 4.181066 4.114801 4.034899 3.937701 3.819501 3.676609 3.505470 3.302842 3.066022 2.793122 2.483362 2.137345 1.757288 1.347140 0.912567 0.460747 0.000000 
50.000000 46.025476 42.096486 38.257002 34.547953 31.005927 27.662108 24.541499 21.662480 19.036668 16.669108 14.558716 12.698959 11.078686 9.683064 8.494546 7.493819 6.660682 5.974823 5.416467 4.966878 4.608727 4.326325 4.105730 3.934765 3.802941 3.701328 3.622385 3.559761 3.508091 3.462796 3.419886 3.375795 3.327229 3.271058 3.204231 3.123732 3.026584 2.909893 2.770932 2.607281 2.416992 2.198787 1.952260 1.678068 1.378070 1.055397 0.714406 0.360530 0.000000 
50.000000 45.963827 41.973894 38.074856 34.308278 30.711314 27.315631 24.146623 21.222951 18.556416 16.152140 14.009022 12.120428 10.475036 9.057782 7.850849 6.834626 5.988603 5.292160 4.725219 4.268766 3.905219 3.618666 3.394980 3.221832 3.088626 2.986366 2.907486 2.845661 2.795600 2.752849 2.713605 2.674548 2.632701 2.585314 2.529791 2.463636 2.384449 2.289951 2.178051 2.046935 1.895195 1.721965 1.527062 1.311111 1.075635 0.823085 0.556799 0.280882 0.000000 
50.000000 45.914426 41.875660 37.928901 34.116223 30.475236 27.037995 23.830203 20.870752 18.171586 15.737889 13.568548 11.656848 9.991328 8.556741 7.335054 6.306416 5.450072 4.745150 4.171336 3.709392 3.341533 3.051670 2.825529 2.650665 2.516395 2.413675 2.334925 2.273845 2.225208 2.184670 2.148581 2.113827 2.077688 2.037724 1.991701 1.937533 1.873269 1.797102 1.707415 1.602840 1.482351 1.345360 1.191807 1.022250 0.837915 0.640711 0.433189 0.218452 0.000000 
50.000000 45.875758 41.798766 37.814653 33.965890 30.290444 26.820673 23.582524 20.595066 17.870358 15.413632 13.223766 11.293980 9.612705 8.164552 6.931316 5.892963 5.028541 4.316986 3.737796 3.271559 2.900333 2.607892 2.379845 2.203659 2.068588 1.965549 1.886957 1.826532 1.779104 1.740417 1.706947 1.675745 1.644293 1.610398 1.572104 1.527644 1.475407 1.413941 1.341976 1.258469 1.162660 1.054143 0.932926 0.799488 0.654808 0.500374 0.338143 0.170470 0.000000 
50.000000 45.846495 41.740577 37.728196 33.852126 30.150603 26.656214 23.395092 20.386441 17.642404 15.168251 12.962852 11.019380 9.326184 7.867765 6.625791 5.580087 4.709553 3.992980 3.409726 2.940244 2.566476 2.272090 2.042613 1.865442 1.729784 1.626532 1.548095 1.488213 1.441760 1.404550 1.373159 1.344760 1.316995 1.287853 1.255593 1.218681 1.175757 1.125629 1.067276 0.999884 0.922876 0.835964 0.739187 0.632952 0.518046 0.395639 0.267250 0.134694 0.000000 
50.000000 45.825541 41.698907 37.666284 33.770659 30.050463 26.538446 23.260873 20.237045 17.479167 14.992535 12.776014 10.822742 9.121008 7.655239 6.407008 5.356040 4.481131 3.760966 3.174802 2.703000 2.327413 2.031641 1.801145 1.623278 1.487212 1.383822 1.305517 1.246051 1.200332 1.164225 1.134376 1.108053 1.083006 1.057360 1.029523 0.998128 0.961992 0.920100 0.871605 0.815845 0.752365 0.680950 0.601655 0.514824 0.421106 0.321443 0.217051 0.109369 0.000000 
50.000000 45.812049 41.672078 37.626421 33.718207 29.985987 26.462621 23.174456 20.140856 17.374067 14.879401 12.655718 10.696136 8.988907 7.518404 6.266145 5.211788 4.334063 3.611586 3.023549 2.550254 2.173499 1.876835 1.645687 1.467375 1.331052 1.227582 1.149371 1.090187 1.044957 1.009581 0.980751 0.955795 0.932536 0.909183 0.884243 0.856452 0.824740 0.788205 0.746107 0.697877 0.643135 0.581709 0.513658 0.439285 0.359146 0.274040 0.184989 0.093197 0.000000 
50.000000 45.805447 41.658951 37.606917 33.692542 29.954440 26.425520 23.132173 20.093793 17.322643 14.824045 12.596859 10.634189 8.924271 7.451453 6.197223 5.141208 4.262104 3.538497 2.949544 2.475518 2.098192 1.801093 1.569627 1.391098 1.254651 1.151144 1.072983 1.013941 0.968955 0.933942 0.905619 0.881341 0.858968 0.836750 0.813241 0.787229 0.757698 0.723799 0.684845 0.640312 0.589853 0.533318 0.470765 0.402477 0.328964 0.250955 0.169377 0.085323 0.000000 
50.000000 45.805447 41.658951 37.606917 33.692542 29.954440 26.425520 23.132173 20.093793 17.322643 14.824045 12.596859 10.634189 8.924271 7.451453 6.197223 5.141208 4.262104 3.538497 2.949544 2.475518 2.098192 1.801093 1.569627 1.391098 1.254651 1.151144 1.072983 1.013941 0.968955 0.933942 0.905619 0.881341 0.858968 0.836750 0.813241 0.787229 0.757698 0.723799 0.684845 0.640312 0.589853 0.533318 0.470765 0.402477 0.328964 0.250955 0.169377 0.085323 0.000000 
50.000000 45.812049 41.672078 37.626421 33.718207 29.985987 26.462621 23.174456 20.140856 17.374067 14.879401 12.655718 10.696136 8.988907 7.518404 6.266145 5.211788 4.334063 3.611586 3.023549 2.550254 2.173499 1.876835 1.645687 1.467375 1.331052 1.227582 1.149371 1.090187 1.044957 1.009581 0.980751 0.955795 0.932536 0.909183 0.884243 0.856452 0.824740 0.788205 0.746107 0.697877 0.643135 0.581709 0.513658 0.439285 0.359146 0.274040 0.184989 0.093197 0.000000 
50.000000 45.825541 41.698907 37.666284 33.770659 30.050463 26.538446 23.260873 20.237045 17.479167 14.992535 12.776014 10.822742 9.121008 7.655239 6.407008 5.356040 4.481131 3.760966 3.174802 2.703000 2.327413 2.031641 1.801145 1.623278 1.487212 1.383822 1.305517 1.246051 1.200332 1.164225 1.134376 1.108053 1.083006 1.057360 1.029523 0.998128 0.961992 0.920100 0.871605 0.815845 0.752365 0.680950 0.601655 0.514824 0.421106 0.321443 0.217051 0.109369 0.000000 
50.000000 45.846495 41.740577 37.728196 33.852126 30.150603 26.656214 23.395092 20.386441 17.642404 15.168251 12.962852 11.019380 9.326184 7.867765 6.625791 5.580087 4.709553 3.992980 3.409726 2.940244 2.566476 2.272090 2.042613 1.865442 1.729784 1.626532 1.548095 1.488213 1.441760 1.404550 1.373159 1.344760 1.316995 1.287853 1.255593 1.218681 1.175757 1.125629 1.067276 0.999884 0.922876 0.835964 0.739187 0.632952 0.518046 0.395639 0.267250 0.134694 0.000000 
50.000000 45.875758 41.798766 37.814653 33.965890 30.290444 26.820673 23.582524 20.595066 17.870358 15.413632 13.223766 11.293980 9.612705 8.164552 6.931316 5.892963 5.028541 4.316986 3.737796 3.271559 2.900333 2.607892 2.379845 2.203659 2.068588 1.965549 1.886957 1.826532 1.779104 1.740417 1.706947 1.675745 1.644293 1.610398 1.572104 1.527644 1.475407 1.413941 1.341976 1.258469 1.162660 1.054143 0.932926 0.799488 0.654808 0.500374 0.338143 0.170470 0.000000 
50.000000 45.914426 41.875660 37.928901 34.116223 30.475236 27.037995 23.830203 20.870752 18.171586 15.737889 13.568548 11.656848 9.991328 8.556741 7.335054 6.306416 5.450072 4.745150 4.171336 3.709392 3.341533 3.051670 2.825529 2.650665 2.516395 2.413675 2.334925 2.273845 2.225208 2.184670 2.148581 2.113827 2.077688 2.037724 1.991701 1.937533 1.873269 1.797102 1.707415 1.602840 1.482351 1.345360 1.191807 1.022250 0.837915 0.640711 0.433189 0.218452 0.000000 
50.000000 45.963827 41.973894 38.074856 34.308278 30.711314 27.315631 24.146623 21.222951 18.556416 16.152140 14.009022 12.120428 10.475036 9.057782 7.850849 6.834626 5.988603 5.292160 4.725219 4.268766 3.905219 3.618666 3.394980 3.221832 3.088626 2.986366 2.907486 2.845661 2.795600 2.752849 2.713605 2.674548 2.632701 2.585314 2.529791 2.463636 2.384449 2.289951 2.178051 2.046935 1.895195 1.721965 1.527062 1.311111 1.075635 0.823085 0.556799 0.280882 0.000000 
50.000000 46.025476 42.096486 38.257002 34.547953 31.005927 27.662108 24.541499 21.662480 19.036668 16.669108 14.558716 12.698959 11.078686 9.683064 8.494546 7.493819 6.660682 5.974823 5.416467 4.966878 4.608727 4.326325 4.105730 3.934765 3.802941 3.701328 3.622385 3.559761 3.508091 3.462796 3.419886 3.375795 3.327229 3.271058 3.204231 3.123732 3.026584 2.909893 2.770932 2.607281 2.416992 2.198787 1.952260 1.678068 1.378070 1.055397 0.714406 0.360530 0.000000 
50.000000 46.101036 42.246741 38.480249 34.841712 31.367022 28.086769 25.025483 22.201192 19.625293 17.302735 15.232455 13.408044 11.818561 10.449455 9.283510 8.301778 7.484439 6.811561 6.263736 5.822573 5.471055 5.193766 4.976999 4.808762 4.678703 4.577982 4.499092 4.435663 4.382252 4.334132 4.287101 4.237301 4.181066 4.114801 4.034899 3.937701 3.819501 3.676609 3.505470 3.302842 3.066022 2.793122 2.483362 2.137345 1.757288 1.347140 0.912567 0.460747 0.000000 
50.000000 46.192258 42.428140 38.749770 35.196360 31.802964 28.599454 25.609787 22.851569 20.335931 18.067704 16.045852 14.264114 12.711805 11.374713 10.236024 9.277230 8.478969 7.821771 7.286672 6.855697 6.512210 6.241130 6.029032 5.864153 5.736318 5.636800 5.558145 5.493972 5.438755 5.387613 5.336100 5.280028 5.215293 5.137757 5.043148 4.927019 4.784761 4.611679 4.403140 4.154804 3.862925 3.524723 3.138798 2.705544 2.227505 1.709595 1.159124 0.585558 0.000000 
50.000000 46.300912 42.644204 39.070796 35.618782 32.322214 29.210114 26.305753 23.626235 21.182374 18.978863 17.014695 15.283787 13.775758 12.476802 11.370581 10.439112 9.663583 9.025071 8.505144 8.086325 7.752434 7.488789 7.282310 7.121516 6.996444 6.898516 6.820355 6.755582 6.698596 6.644348 6.588136 6.525399 6.451543 6.361801 6.251123 6.114125 5.945097 5.738089 5.487090 5.186309 4.830565 4.415787 3.939588 3.401870 2.805386 2.156128 1.463450 0.739796 0.000000 
50.000000 46.428711 42.898337 39.448385 36.115632 32.932955 29.928370 27.124346 24.537396 22.177960 20.050570 18.154251 16.483131 15.027188 13.773090 12.705062 11.805739 11.056955 10.440434 9.938368 9.533872 9.211301 8.956452 8.756654 8.600762 8.479079 8.383213 8.305895 8.240771 8.182174 8.124896 8.063961 7.994413 7.911120 7.808611 7.680950 7.521658 7.323712 7.079627 6.781652 6.422105 5.993857 5.490980 4.909542 4.248485 3.510488 2.702655 1.836827 0.929323 0.000000 
50.000000 46.577221 43.193655 39.887167 36.693003 33.642673 30.763029 28.075605 25.596226 23.334899 21.295966 19.478494 17.876855 16.481441 15.279475 14.255835 13.393876 12.676181 12.085227 11.603938 11.216113 10.906738 10.662167 10.470214 10.320136 10.202555 10.109313 10.033289 9.968183 9.908288 9.848248 9.782820 9.706640 9.614009 9.498698 9.353785 9.171553 8.943450 8.660149 8.311749 7.888134 7.379562 6.777474 6.075568 5.271049 4.365965 3.368381 2.293071 1.161384 0.000000 
50.000000 46.747773 43.532805 40.391073 37.356068 34.457729 31.721570 29.168052 26.812211 24.663556 22.726212 20.999292 19.477448 18.151552 17.009459 16.036801 15.217758 14.535777 13.974200 13.516793 13.148146 12.853969 12.621269 12.438420 12.295154 12.182473 12.092510 12.018337 11.953754 11.893048 11.830746 11.761359 11.679132 11.577792 11.450323 11.288758 11.084021 10.825831 10.502716 10.102168 9.611011 9.016049 8.305049 7.468134 6.499543 5.399654 4.176967 2.849532 1.445185 0.000000 
50.000000 46.941369 43.917778 40.963063 38.108722 35.382910 32.809624 30.408105 28.192495 26.171737 24.349710 22.725579 21.294315 20.047332 18.973207 18.058425 17.288105 16.646675 16.118462 15.688186 15.341342 15.064470 14.845317 14.672907 14.537523 14.430619 14.344678 14.273026 14.209614 14.148776 14.084969 14.012510 13.925289 13.816497 13.678350 13.501821 13.276407 12.989956 12.628573 12.176693 11.617381 10.932977 10.106214 9.121933 7.969487 6.645747 5.158394 3.528732 1.792872 0.000000 
50.000000 47.158593 44.349737 41.604865 38.953238 36.421012 34.030477 31.799510 29.741248 27.863998 26.171365 24.662572 23.332946 22.174511 21.176654 20.326819 19.611178 19.015260 18.524500 18.124693 17.802351 17.544949 17.341076 17.180495 17.054120 16.953933 16.872838 16.804481 16.743030 16.682934 16.618653 16.544381 16.453738 16.339461 16.193072 16.004545 15.761977 15.451286 15.055977 14.557038 13.933075 13.160834 12.216311 11.076738 9.723671 8.147333 6.351951 4.361123 2.221200 0.000000 
50.000000 47.399534 44.828859 42.316743 39.889963 37.572459 35.384631 33.342839 31.459107 29.741036 28.191926 26.811066 25.594179 24.533964 23.620708 22.842917 22.187933 21.642510 21.193311 20.827327 20.532201 20.296453 20.109612 19.962273 19.846067 19.753583 19.678221 19.614024 19.555456 19.497162 19.433702 19.359253 19.267289 19.150229 18.999059 18.802914 18.548635 18.220309 17.798830 17.261524 16.581966 15.730168 14.673442 13.378376 11.814497 9.960184 7.811041 5.389775 2.754527 0.000000 
50.000000 47.663723 45.354211 43.097308 40.917072 38.835008 36.869446 35.035084 33.342722 31.799191 30.407455 29.166875 28.073608 27.121094 26.300607 25.601818 25.013354 24.523310 24.119700 23.790830 23.525586 23.313639 23.145560 23.012866 22.907994 22.824217 22.755517 22.696413 22.641754 22.586483 22.525373 22.452724 22.362031 22.245600 22.094121 21.896170 21.637642 21.301111 20.865117 20.303425 19.584341 18.670270 17.517882 16.079525 14.306879 12.158262 9.610948 6.678644 3.430383 0.000000 
50.000000 47.950090 45.923663 43.943397 42.030400 40.203542 38.478905 36.869385 35.384460 34.030122 32.808972 31.720450 30.761183 29.925415 29.205488 28.592340 28.075988 27.645986 27.291810 27.003196 26.770382 26.584293 26.436636 26.319942 26.227536 26.153461 26.092362 26.039319 25.989664 25.938748 25.881692 25.813088 25.726658 25.614864 25.468433 25.275796 25.022406 24.689907 24.255127 23.688881 22.954595 22.006886 20.790398 19.239635 17.281236 14.841269 11.861377 8.327574 4.310539 0.000000 
50.000000 48.256944 46.533856 44.850018 43.223380 41.669986 40.203512 38.834922 37.572275 36.420668 35.382310 34.456727 33.641050 32.930384 32.318216 31.796841 31.357769 30.992115 30.690928 30.445475 30.247449 30.089123 29.963432 29.864003 29.785130 29.721708 29.669121 29.623103 29.579562 29.534381 29.483173 29.421009 29.342087 29.239337 29.103942 28.924731 28.687417 28.373610 27.959533 27.414348 26.697987 25.758424 24.528466 22.922557 20.835087 18.143866 14.726254 10.500481 5.504689 0.000000 
50.000000 48.581989 47.180222 45.810387 44.487084 43.223366 42.030359 40.916982 39.889793 38.952936 38.108209 37.355226 36.691653 36.113508 35.615493 35.191337 34.834134 34.536653 34.291612 34.091901 33.930760 33.801893 33.699545 33.618515 33.554141 33.502239 33.459010 33.420925 33.384568 33.346467 33.302882 33.249558 33.181428 33.092244 32.974116 32.816916 32.607492 32.328604 31.957461 31.463681 30.806388 29.930115 28.759047 27.189302 25.079639 22.243587 18.453043 13.479584 7.225929 0.000000 
50.000000 48.922362 47.857070 46.816044 45.810381 44.850001 43.943358 43.097231 42.316603 41.604624 40.962661 40.390419 39.886125 39.446754 39.068277 38.745930 38.474462 38.248379 38.062145 37.910354 37.787865 37.689891 37.612051 37.550383 37.501332 37.461698 37.428569 37.399222 37.371009 37.341214 37.306884 37.264628 37.210370 37.139035 37.044152 36.917320 36.747490 36.519951 36.214878 35.805183 35.253259 34.505937 33.486522 32.082135 30.123846 27.357401 23.408042 17.769365 9.934772 0.000000 
50.000000 49.274706 48.557721 47.857068 47.180216 46.533841 45.923633 45.354155 44.828761 44.349569 43.917502 43.532359 43.192948 42.897232 42.642500 42.425545 42.242834 42.090667 41.965317 41.863147 41.780694 41.714734 41.662314 41.620766 41.587688 41.560918 41.538483 41.518530 41.499251 41.478776 41.455064 41.425751 41.387977 41.338157 41.271684 41.182530 41.062685 40.901358 40.683783 40.389382 39.988837 39.439234 38.675669 37.596159 36.033424 33.700673 30.087728 24.278868 14.755765 0.000000 
50.000000 49.635264 49.274706 48.922361 48.581985 48.256936 47.950074 47.663694 47.399483 47.158507 46.941228 46.747547 46.576864 46.428154 46.300054 46.190951 46.099068 46.022544 45.959507 45.908125 45.866656 45.833480 45.807111 45.786203 45.769549 45.756058 45.744733 45.734637 45.724851 45.714424 45.702311 45.687298 45.667910 45.642290 45.608040 45.562007 45.499976 45.416224 45.302842 45.148663 44.937502 44.645080 44.233390 43.639584 42.752278 41.356076 38.987601 34.518948 24.817633 0.000000 
50.000000 50.000000 50.000000 50.000000 50.000000 50.000000 50.000000 50.000000 50.000000 50.000000 50.000000 50.000000 50.000000 50.000000 50.000000 50.000000 50.000000 50.000000 50.000000 50.000000 50.000000 50.000000 50.000000 50.000000 50.000000 50.000000 50.000000 50.000000 50.000000 50.000000 50.000000 50.000000 50.000000 50.000000 50.000000 50.000000 50.000000 50.000000 50.000000 50.000000 50.000000 50.000000 50.000000 50.000000 50.000000 50.000000 50.000000 50.000000 50.000000 50.000000 
