50.000000 50.000000 50.000000 50.000000 50.000000 50.000000 50.000000 50.000000 50.000000 50.000000 50.000000 50.000000 50.000000 50.000000 50.000000 50.000000 50.000000 50.000000 50.000000 50.000000 50.000000 50.000000 50.000000 50.000000 50.000000 50.000000 50.000000 50.000000 50.000000 50.000000 50.000000 50.000000 50.000000 50.000000 50.000000 50.000000 50.000000 50.000000 50.000000 50.000000 50.000000 50.000000 50.000000 50.000000 50.000000 50.000000 50.000000 50.000000 50.000000 50.000000 
50.000000 49.302747 48.620759 47.968302 47.357742 46.798865 46.298444 45.860107 45.484477 45.169541 44.911177 44.703771 44.540827 44.415534 44.321228 44.251739 44.201605 44.166186 44.141679 44.125069 44.114038 44.106858 44.102271 44.099388 44.097592 44.096455 44.095683 44.095053 44.094375 44.093447 44.092005 44.089671 44.085874 44.079741 44.069946 44.054485 44.030353 43.993058 43.935898 43.848819 43.716576 43.515581 43.208175 42.731454 41.973504 40.717906 38.499765 34.189200 24.651373 0.000000 
50.000000 48.620759 47.271717 45.981087 44.773336 43.667819 42.677935 41.810860 41.067826 40.444851 39.933784 39.523515 39.201197 38.953356 38.766811 38.629355 38.530186 38.460125 38.411648 38.378792 38.356973 38.342770 38.333698 38.327997 38.324445 38.322202 38.320683 38.319453 38.318140 38.316352 38.313584 38.309111 38.301844 38.290124 38.271436 38.241997 38.196156 38.125525 38.017687 37.854232 37.607676 37.236443 36.676313 35.825184 34.514744 32.456208 29.136436 23.635858 14.431560 0.000000 
50.000000 47.968302 45.981087 44.079917 42.300836 40.672350 39.214199 37.936954 36.842429 35.924758 35.171933 34.567590 34.092802 33.727724 33.452937 33.250460 33.104381 33.001180 32.929773 32.881376 32.849236 32.828316 32.814955 32.806561 32.801336 32.798042 32.795824 32.794049 32.792181 32.789661 32.785781 32.779531 32.769400 32.753098 32.727172 32.686457 32.623296 32.526436 32.379425 32.158288 31.828048 31.337456 30.610791 29.534996 27.939659 25.567651 22.039959 16.844651 9.468537 0.000000 
50.000000 47.357742 44.773336 42.300836 39.987113 37.869246 35.972903 34.311832 32.888394 31.694957 30.715906 29.929958 29.312498 28.837715 28.480359 28.217040 28.027068 27.892857 27.799994 27.737056 27.695260 27.668056 27.650683 27.639773 27.632988 27.628724 27.625875 27.623629 27.621311 27.618229 27.613521 27.605971 27.593770 27.574198 27.543178 27.494660 27.419761 27.305587 27.133583 26.877269 26.499065 25.945904 25.143184 23.986789 22.333608 19.993557 16.733185 12.317128 6.639836 0.000000 
50.000000 46.798865 43.667819 40.672350 37.869246 35.303425 33.005987 30.993587 29.269084 27.823232 26.637113 25.684939 24.936892 24.361698 23.928767 23.609762 23.379615 23.217023 23.104524 23.028277 22.977645 22.944690 22.923649 22.910440 22.902235 22.897098 22.893696 22.891067 22.888419 22.884967 22.879749 22.871426 22.858031 22.836623 22.802833 22.750234 22.669497 22.547265 22.364667 22.095373 21.703117 21.138637 20.336128 19.209749 17.651713 15.535638 12.732692 9.153075 4.825361 0.000000 
50.000000 46.298444 42.677935 39.214199 35.972903 33.005987 30.349412 28.022437 26.028368 24.356511 22.984991 21.883988 21.019019 20.353924 19.853329 19.484468 19.218354 19.030352 18.900274 18.812113 18.753571 18.715470 18.691147 18.675884 18.666417 18.660513 18.656646 18.653722 18.650868 18.647236 18.641820 18.633243 18.619504 18.597642 18.563293 18.510106 18.428972 18.307046 18.126515 17.863109 17.484397 16.947994 16.200039 15.174706 13.796238 11.986114 9.679203 6.852752 3.566990 0.000000 
50.000000 45.860107 41.810860 37.936954 34.311832 30.993587 28.022437 25.419923 23.189739 21.319926 19.786015 18.554656 17.587281 16.843447 16.283589 15.871063 15.573448 15.363194 15.217720 15.119126 15.053657 15.011051 14.983856 14.966800 14.956235 14.949676 14.945428 14.942297 14.939348 14.935709 14.930373 14.921997 14.908655 14.887525 14.854492 14.803627 14.726538 14.611569 14.442857 14.199298 13.853504 13.370989 12.709962 11.822399 10.657459 9.168648 7.326163 5.134547 2.651932 0.000000 
50.000000 45.484477 41.067826 36.842429 32.888394 29.269084 26.028368 23.189739 20.757226 18.717785 17.044724 15.701666 14.646543 13.835241 13.224606 12.774667 12.450063 12.220744 12.062079 11.954547 11.883145 11.836680 11.807027 11.788439 11.776943 11.769836 11.765289 11.762026 11.759078 11.755570 11.750537 11.742720 11.730349 11.710858 11.680544 11.634135 11.564260 11.460835 11.310391 11.095407 10.793776 10.378613 9.818750 9.080374 8.130447 6.942489 5.504973 3.831383 1.968896 0.000000 
50.000000 45.169541 40.444851 35.924758 31.694957 27.823232 24.356511 21.319926 18.717785 16.536132 14.746414 13.309714 12.181029 11.313169 10.659967 10.178666 9.831439 9.586138 9.416417 9.301393 9.225019 9.175321 9.143610 9.123742 9.111472 9.103920 9.099146 9.095814 9.092937 9.089663 9.085087 9.078076 9.067059 9.049800 9.023102 8.982462 8.921668 8.832346 8.703503 8.521145 8.268067 7.924010 7.466423 6.872115 6.120115 5.195892 4.096710 2.837176 1.452964 0.000000 
50.000000 44.911178 39.933784 35.171934 30.715907 26.637113 22.984991 19.786016 17.044725 14.746415 12.861003 11.347491 10.158466 9.244213 8.556098 8.049074 7.683290 7.424882 7.246095 7.124927 7.044475 6.992127 6.958731 6.937816 6.924918 6.917012 6.912072 6.908719 6.905962 6.902982 6.898953 6.892880 6.883420 6.868688 6.846023 6.811720 6.760727 6.686329 6.579860 6.430503 6.225271 5.949319 5.586719 5.121883 4.541741 3.838638 3.013646 2.079553 1.062358 0.000000 
50.000000 44.703771 39.523516 34.567591 29.929958 25.684940 21.883989 18.554657 15.701667 13.309715 11.347492 9.772323 8.534866 7.583378 6.867239 6.339570 5.958894 5.689967 5.503903 5.377806 5.294082 5.239608 5.204861 5.183110 5.169713 5.161532 5.156475 5.153135 5.150524 5.147863 5.144410 5.139312 5.131453 5.119293 5.100689 5.072688 5.031313 4.971348 4.886164 4.767634 4.606214 4.391278 4.111801 3.757475 3.320274 2.796376 2.188166 1.505829 0.767874 0.000000 
50.000000 44.540828 39.201198 34.092804 29.312500 24.936894 21.019021 17.587283 14.646546 12.181032 10.158469 8.534868 7.259367 6.278630 5.540481 4.996596 4.604224 4.327035 4.135257 4.005288 3.918996 3.862853 3.827046 3.804640 3.790856 3.782468 3.777332 3.774025 3.771568 3.769223 3.766329 3.762167 3.755832 3.746102 3.731298 3.709138 3.676581 3.629689 3.563527 3.472145 3.348690 3.185714 2.975718 2.711978 2.389630 2.006915 1.566370 1.075674 0.547770 0.000000 
50.000000 44.415535 38.953358 33.727727 28.837719 24.361703 20.353930 16.843453 13.835248 11.313176 9.244220 7.583383 6.278634 5.275411 4.520342 3.963991 3.562628 3.279089 3.082918 2.949973 2.861707 2.804283 2.767662 2.744755 2.730676 2.722134 2.716949 2.713685 2.711376 2.709323 2.706939 2.703624 2.698657 2.691091 2.679649 2.662612 2.637718 2.602068 2.552082 2.483502 2.391515 2.270995 2.116921 1.924963 1.692211 1.417961 1.104433 0.757204 0.385183 0.000000 
50.000000 44.321231 38.766815 33.452944 28.480367 23.928776 19.853341 16.283602 13.224620 10.659982 8.556113 6.867254 5.540494 4.520350 3.752548 3.186817 2.778689 2.490372 2.290897 2.155713 2.065962 2.007574 1.970342 1.947060 1.932762 1.924108 1.918893 1.915674 1.913498 1.911702 1.909759 1.907173 1.903376 1.897650 1.889045 1.876299 1.857771 1.831380 1.794586 1.744410 1.677535 1.590499 1.479988 1.343246 1.178552 0.985715 0.766493 0.524823 0.266748 0.000000 
50.000000 44.251743 38.629364 33.250473 28.217057 23.609782 19.484492 15.871089 12.774696 10.178697 8.049105 6.339601 4.996626 3.964018 3.186835 2.614195 2.201084 1.909248 1.707339 1.570507 1.479663 1.420565 1.382883 1.359325 1.344868 1.336135 1.330904 1.327728 1.325666 1.324083 1.322507 1.320521 1.317683 1.313458 1.307152 1.297860 1.284420 1.265371 1.238949 1.203115 1.155626 1.094181 1.016624 0.921222 0.806969 0.673896 0.523314 0.357936 0.181802 0.000000 
50.000000 44.201614 38.530204 33.104408 28.027102 23.379657 19.218402 15.573502 12.450122 9.831501 7.683355 5.958961 4.604290 3.562691 2.778744 2.201121 1.784416 1.490042 1.286378 1.148358 1.056725 0.997116 0.959111 0.935354 0.920783 0.911996 0.906757 0.903618 0.901650 0.900239 0.898955 0.897446 0.895366 0.892319 0.887809 0.881201 0.871688 0.858266 0.839739 0.814734 0.781764 0.739323 0.686032 0.620809 0.543076 0.452939 0.351338 0.240098 0.121882 0.000000 
50.000000 44.166205 38.460161 33.001234 27.892927 23.217107 19.030450 15.363303 12.220862 9.586263 7.425014 5.690102 4.327172 3.279224 2.490500 1.909359 1.490116 1.193951 0.989047 0.850188 0.757999 0.698029 0.659796 0.635900 0.621250 0.612426 0.607183 0.604076 0.602180 0.600904 0.599845 0.598701 0.597199 0.595047 0.591896 0.587306 0.580728 0.571489 0.558790 0.541727 0.519330 0.490631 0.454757 0.411044 0.359161 0.299227 0.231889 0.158354 0.080349 0.000000 
50.000000 44.141716 38.411721 32.929880 27.800133 23.104691 18.900467 15.217935 12.062312 9.416666 7.246355 5.504172 4.135531 3.083193 2.291167 1.707593 1.286596 0.989192 0.783432 0.643993 0.551419 0.491200 0.452809 0.428818 0.414113 0.405265 0.400022 0.396939 0.395099 0.393922 0.393031 0.392158 0.391084 0.389592 0.387435 0.384317 0.379870 0.373649 0.365134 0.353738 0.338839 0.319826 0.296153 0.267417 0.233433 0.194301 0.150456 0.102682 0.052081 0.000000 
50.000000 44.125140 38.378933 32.881583 27.737325 23.028602 18.812487 15.119542 11.955000 9.301875 7.125432 5.378328 4.005823 2.950515 2.156253 1.571034 1.148850 0.850608 0.644269 0.504437 0.411604 0.351216 0.312719 0.288662 0.273922 0.265057 0.259815 0.256751 0.254951 0.253847 0.253078 0.252400 0.251633 0.250611 0.249163 0.247087 0.244142 0.240041 0.234447 0.226987 0.217271 0.204916 0.189587 0.171042 0.149178 0.124073 0.096010 0.065491 0.033206 0.000000 
50.000000 44.114174 38.357242 32.849633 27.695774 22.978265 18.754285 15.054452 11.884008 9.225938 7.045439 5.295080 3.920019 2.862746 2.067007 1.480698 1.057730 0.758934 0.552212 0.412121 0.319115 0.258616 0.220049 0.195950 0.181185 0.172311 0.167070 0.164019 0.162248 0.161196 0.160511 0.159970 0.159415 0.158720 0.157761 0.156402 0.154487 0.151830 0.148221 0.143423 0.137196 0.129302 0.119539 0.107763 0.093918 0.078059 0.060368 0.041160 0.020864 0.000000 
50.000000 44.107114 38.343275 32.829059 27.669019 22.945853 18.716808 15.012541 11.838297 9.177043 6.993932 5.241478 3.864771 2.806234 2.009543 1.422534 0.999061 0.699908 0.492939 0.352681 0.259565 0.198994 0.160382 0.136256 0.121476 0.112595 0.107356 0.104314 0.102563 0.101545 0.100918 0.100469 0.100057 0.099581 0.098948 0.098067 0.096834 0.095133 0.092829 0.089777 0.085828 0.080838 0.074683 0.067279 0.058596 0.048672 0.037622 0.025641 0.012994 0.000000 
50.000000 44.102743 38.334630 32.816325 27.652458 22.925790 18.693611 14.986599 11.810004 9.146778 6.962052 5.208301 3.830575 2.771255 1.973976 1.386534 0.962748 0.663374 0.456253 0.315892 0.222707 0.162092 0.123452 0.099309 0.084520 0.075635 0.070397 0.067361 0.065623 0.064628 0.064037 0.063647 0.063328 0.062991 0.062567 0.061989 0.061189 0.060091 0.058611 0.056656 0.054133 0.050955 0.047045 0.042354 0.036865 0.030604 0.023645 0.016109 0.008162 0.000000 
50.000000 44.100243 38.329685 32.809040 27.642986 22.914315 18.680343 14.971760 11.793820 9.129468 6.943817 5.189324 3.811016 2.751249 1.953633 1.365943 0.941978 0.642479 0.435270 0.294850 0.201626 0.140986 0.102329 0.078177 0.063383 0.054496 0.049259 0.046226 0.044496 0.043513 0.042945 0.042590 0.042324 0.042070 0.041767 0.041367 0.040819 0.040072 0.039069 0.037748 0.036049 0.033913 0.031293 0.028156 0.024493 0.020323 0.015695 0.010689 0.005415 0.000000 
50.000000 44.099112 38.327447 32.805744 27.638699 22.909122 18.674339 14.965046 11.786497 9.121635 6.935565 5.180737 3.802166 2.742196 1.944428 1.356625 0.932580 0.633023 0.425775 0.285328 0.192087 0.131435 0.092772 0.068615 0.053818 0.044931 0.039694 0.036663 0.034936 0.033960 0.033401 0.033062 0.032822 0.032605 0.032358 0.032039 0.031607 0.031020 0.030235 0.029203 0.027878 0.026216 0.024181 0.021748 0.018912 0.015686 0.012110 0.008246 0.004177 0.000000 
50.000000 44.099112 38.327447 32.805744 27.638699 22.909122 18.674339 14.965046 11.786497 9.121635 6.935565 5.180737 3.802166 2.742196 1.944428 1.356625 0.932580 0.633023 0.425775 0.285328 0.192087 0.131435 0.092772 0.068615 0.053818 0.044931 0.039694 0.036663 0.034936 0.033960 0.033401 0.033062 0.032822 0.032605 0.032358 0.032039 0.031607 0.031020 0.030235 0.029203 0.027878 0.026216 0.024181 0.021748 0.018912 0.015686 0.012110 0.008246 0.004177 0.000000 
50.000000 44.100243 38.329685 32.809040 27.642986 22.914315 18.680343 14.971760 11.793820 9.129468 6.943817 5.189324 3.811016 2.751249 1.953633 1.365943 0.941978 0.642479 0.435270 0.294850 0.201626 0.140986 0.102329 0.078177 0.063383 0.054496 0.049259 0.046226 0.044496 0.043513 0.042945 0.042590 0.042324 0.042070 0.041767 0.041367 0.040819 0.040072 0.039069 0.037748 0.036049 0.033913 0.031293 0.028156 0.024493 0.020323 0.015695 0.010689 0.005415 0.000000 
50.000000 44.102743 38.334630 32.816325 27.652458 22.925790 18.693611 14.986599 11.810004 9.146778 6.962052 5.208301 3.830575 2.771255 1.973976 1.386534 0.962748 0.663374 0.456253 0.315892 0.222707 0.162092 0.123452 0.099309 0.084520 0.075635 0.070397 0.067361 0.065623 0.064628 0.064037 0.063647 0.063328 0.062991 0.062567 0.061989 0.061189 0.060091 0.058611 0.056656 0.054133 0.050955 0.047045 0.042354 0.036865 0.030604 0.023645 0.016109 0.008162 0.000000 
50.000000 44.107114 38.343275 32.829059 27.669019 22.945853 18.716808 15.012541 11.838297 9.177043 6.993932 5.241478 3.864771 2.806234 2.009543 1.422534 0.999061 0.699908 0.492939 0.352681 0.259565 0.198994 0.160382 0.136256 0.121476 0.112595 0.107356 0.104314 0.102563 0.101545 0.100918 0.100469 0.100057 0.099581 0.098948 0.098067 0.096834 0.095133 0.092829 0.089777 0.085828 0.080838 0.074683 0.067279 0.058596 0.048672 0.037622 0.025641 0.012994 0.000000 
50.000000 44.114174 38.357242 32.849633 27.695774 22.978265 18.754285 15.054452 11.884008 9.225938 7.045439 5.295080 3.920019 2.862746 2.067007 1.480698 1.057730 0.758934 0.552212 0.412121 0.319115 0.258616 0.220049 0.195950 0.181185 0.172311 0.167070 0.164019 0.162248 0.161196 0.160511 0.159970 0.159415 0.158720 0.157761 0.156402 0.154487 0.151830 0.148221 0.143423 0.137196 0.129302 0.119539 0.107763 0.093918 0.078059 0.060368 0.041160 0.020864 0.000000 
50.000000 44.125140 38.378933 32.881583 27.737325 23.028602 18.812487 15.119542 11.955000 9.301875 7.125432 5.378328 4.005823 2.950515 2.156253 1.571034 1.148850 0.850608 0.644269 0.504437 0.411604 0.351216 0.312719 0.288662 0.273922 0.265057 0.259815 0.256751 0.254951 0.253847 0.253078 0.252400 0.251633 0.250611 0.249163 0.247087 0.244142 0.240041 0.234447 0.226987 0.217271 0.204916 0.189587 0.171042 0.149178 0.124073 0.096010 0.065491 0.033206 0.000000 
50.000000 44.141716 38.411721 32.929880 27.800133 23.104691 18.900467 15.217935 12.062312 9.416666 7.246355 5.504172 4.135531 3.083193 2.291167 1.707593 1.286596 0.989192 0.783432 0.643993 0.551419 0.491200 0.452809 0.428818 0.414113 0.405265 0.400022 0.396939 0.395099 0.393922 0.393031 0.392158 0.391084 0.389592 0.387435 0.384317 0.379870 0.373649 0.365134 0.353738 0.338839 0.319826 0.296153 0.267417 0.233433 0.194301 0.150456 0.102682 0.052081 0.000000 
50.000000 44.166205 38.460161 33.001234 27.892927 23.217107 19.030450 15.363303 12.220862 9.586263 7.425014 5.690102 4.327172 3.279224 2.490500 1.909359 1.490116 1.193951 0.989047 0.850188 0.757999 0.698029 0.659796 0.635900 0.621250 0.612426 0.607183 0.604076 0.602180 0.600904 0.599845 0.598701 0.597199 0.595047 0.591896 0.587306 0.580728 0.571489 0.558790 0.541727 0.519330 0.490631 0.454757 0.411044 0.359161 0.299227 0.231889 0.158354 0.080349 0.000000 
50.000000 44.201614 38.530204 33.104408 28.027102 23.379657 19.218402 15.573502 12.450122 9.831501 7.683355 5.958961 4.604290 3.562691 2.778744 2.201121 1.784416 1.490042 1.286378 1.148358 1.056725 0.997116 0.959111 0.935354 0.920783 0.911996 0.906757 0.903618 0.901650 0.900239 0.898955 0.897446 0.895366 0.892319 0.887809 0.881201 0.871688 0.858266 0.839739 0.814734 0.781764 0.739323 0.686032 0.620809 0.543076 0.452939 0.351338 0.240098 0.121882 0.000000 
50.000000 44.251743 38.629364 33.250473 28.217057 23.609782 19.484492 15.871089 12.774696 10.178697 8.049105 6.339601 4.996626 3.964018 3.186835 2.614195 2.201084 1.909248 1.707339 1.570507 1.479663 1.420565 1.382883 1.359325 1.344868 1.336135 1.330904 1.327728 1.325666 1.324083 1.322507 1.320521 1.317683 1.313458 1.307152 1.297860 1.284420 1.265371 1.238949 1.203115 1.155626 1.094181 1.016624 0.921222 0.806969 0.673896 0.523314 0.357936 0.181802 0.000000 
50.000000 44.321231 38.766815 33.452944 28.480367 23.928776 19.853341 16.283602 13.224620 10.659982 8.556113 6.867254 5.540494 4.520350 3.752548 3.186817 2.778689 2.490372 2.290897 2.155713 2.065962 2.007574 1.970342 1.947060 1.932762 1.924108 1.918893 1.915674 1.913498 1.911702 1.909759 1.907173 1.903376 1.897650 1.889045 1.876299 1.857771 1.831380 1.794586 1.744410 1.677535 1.590499 1.479988 1.343246 1.178552 0.985715 0.766493 0.524823 0.266748 0.000000 
50.000000 44.415535 38.953358 33.727727 28.837719 24.361703 20.353930 16.843453 13.835248 11.313176 9.244220 7.583383 6.278634 5.275411 4.520342 3.963991 3.562628 3.279089 3.082918 2.949973 2.861707 2.804283 2.767662 2.744755 2.730676 2.722134 2.716949 2.713685 2.711376 2.709323 2.706939 2.703624 2.698657 2.691091 2.679649 2.662612 2.637718 2.602068 2.552082 2.483502 2.391515 2.270995 2.116921 1.924963 1.692211 1.417961 1.104433 0.757204 0.385183 0.000000 
50.000000 44.540828 39.201198 34.092804 29.312500 24.936894 21.019021 17.587283 14.646546 12.181032 10.158469 8.534868 7.259367 6.278630 5.540481 4.996596 4.604224 4.327035 4.135257 4.005288 3.918996 3.862853 3.827046 3.804640 3.790856 3.782468 3.777332 3.774025 3.771568 3.769223 3.766329 3.762167 3.755832 3.746102 3.731298 3.709138 3.676581 3.629689 3.563527 3.472145 3.348690 3.185714 2.975718 2.711978 2.389630 2.006915 1.566370 1.075674 0.547770 0.000000 
50.000000 44.703771 39.523516 34.567591 29.929958 25.684940 21.883989 18.554657 15.701667 13.309715 11.347492 9.772323 8.534866 7.583378 6.867239 6.339570 5.958894 5.689967 5.503903 5.377806 5.294082 5.239608 5.204861 5.183110 5.169713 5.161532 5.156475 5.153135 5.150524 5.147863 5.144410 5.139312 5.131453 5.119293 5.100689 5.072688 5.031313 4.971348 4.886164 4.767634 4.606214 4.391278 4.111801 3.757475 3.320274 2.796376 2.188166 1.505829 0.767874 0.000000 
50.000000 44.911178 39.933784 35.171934 30.715907 26.637113 22.984991 19.786016 17.044725 14.746415 12.861003 11.347491 10.158466 9.244213 8.556098 8.049074 7.683290 7.424882 7.246095 7.124927 7.044475 6.992127 6.958731 6.937816 6.924918 6.917012 6.912072 6.908719 6.905962 6.902982 6.898953 6.892880 6.883420 6.868688 6.846023 6.811720 6.760727 6.686329 6.579860 6.430503 6.225271 5.949319 5.586719 5.121883 4.541741 3.838638 3.013646 2.079553 1.062358 0.000000 
50.000000 45.169541 40.444851 35.924758 31.694957 27.823232 24.356511 21.319926 18.717785 16.536132 14.746414 13.309714 12.181029 11.313169 10.659967 10.178666 9.831439 9.586138 9.416417 9.301393 9.225019 9.175321 9.143610 9.123742 9.111472 9.103920 9.099146 9.095814 9.092937 9.089663 9.085087 9.078076 9.067059 9.049800 9.023102 8.982462 8.921668 8.832346 8.703503 8.521145 8.268067 7.924010 7.466423 6.872115 6.120115 5.195892 4.096710 2.837176 1.452964 0.000000 
50.000000 45.484477 41.067826 36.842429 32.888394 29.269084 26.028368 23.189739 20.757226 18.717785 17.044724 15.701666 14.646543 13.835241 13.224606 12.774667 12.450063 12.220744 12.062079 11.954547 11.883145 11.836680 11.807027 11.788439 11.776943 11.769836 11.765289 11.762026 11.759078 11.755570 11.750537 11.742720 11.730349 11.710858 11.680544 11.634135 11.564260 11.460835 11.310391 11.095407 10.793776 10.378613 9.818750 9.080374 8.130447 6.942489 5.504973 3.831383 1.968896 0.000000 
50.000000 45.860107 41.810860 37.936954 34.311832 30.993587 28.022437 25.419923 23.189739 21.319926 19.786015 18.554656 17.587281 16.843447 16.283589 15.871063 15.573448 15.363194 15.217720 15.119126 15.053657 15.011051 14.983856 14.966800 14.956235 14.949676 14.945428 14.942297 14.939348 14.935709 14.930373 14.921997 14.908655 14.887525 14.854492 14.803627 14.726538 14.611569 14.442857 14.199298 13.853504 13.370989 12.709962 11.822399 10.657459 9.168648 7.326163 5.134547 2.651932 0.000000 
50.000000 46.298444 42.677935 39.214199 35.972903 33.005987 30.349412 28.022437 26.028368 24.356511 22.984991 21.883988 21.019019 20.353924 19.853329 19.484468 19.218354 19.030352 18.900274 18.812113 18.753571 18.715470 18.691147 18.675884 18.666417 18.660513 18.656646 18.653722 18.650868 18.647236 18.641820 18.633243 18.619504 18.597642 18.563293 18.510106 18.428972 18.307046 18.126515 17.863109 17.484397 16.947994 16.200039 15.174706 13.796238 11.986114 9.679203 6.852752 3.566990 0.000000 
50.000000 46.798865 43.667819 40.672350 37.869246 35.303425 33.005987 30.993587 29.269084 27.823232 26.637113 25.684939 24.936892 24.361698 23.928767 23.609762 23.379615 23.217023 23.104524 23.028277 22.977645 22.944690 22.923649 22.910440 22.902235 22.897098 22.893696 22.891067 22.888419 22.884967 22.879749 22.871426 22.858031 22.836623 22.802833 22.750234 22.669497 22.547265 22.364667 22.095373 21.703117 21.138637 20.336128 19.209749 17.651713 15.535638 12.732692 9.153075 4.825361 0.000000 
50.000000 47.357742 44.773336 42.300836 39.987113 37.869246 35.972903 34.311832 32.888394 31.694957 30.715906 29.929958 29.312498 28.837715 28.480359 28.217040 28.027068 27.892857 27.799994 27.737056 27.695260 27.668056 27.650683 27.639773 27.632988 27.628724 27.625875 27.623629 27.621311 27.618229 27.613521 27.605971 27.593770 27.574198 27.543178 27.494660 27.419761 27.305587 27.133583 26.877269 26.499065 25.945904 25.143184 23.986789 22.333608 19.993557 16.733185 12.317128 6.639836 0.000000 
50.000000 47.968302 45.981087 44.079917 42.300836 40.672350 39.214199 37.936954 36.842429 35.924758 35.171933 34.567590 34.092802 33.727724 33.452937 33.250460 33.104381 33.001180 32.929773 32.881376 32.849236 32.828316 32.814955 32.806561 32.801336 32.798042 32.795824 32.794049 32.792181 32.789661 32.785781 32.779531 32.769400 32.753098 32.727172 32.686457 32.623296 32.526436 32.379425 32.158288 31.828048 31.337456 30.610791 29.534996 27.939659 25.567651 22.039959 16.844651 9.468537 0.000000 
50.000000 48.620759 47.271717 45.981087 44.773336 43.667819 42.677935 41.810860 41.067826 40.444851 39.933784 39.523515 39.201197 38.953356 38.766811 38.629355 38.530186 38.460125 38.411648 38.378792 38.356973 38.342770 38.333698 38.327997 38.324445 38.322202 38.320683 38.319453 38.318140 38.316352 38.313584 38.309111 38.301844 38.290124 38.271436 38.241997 38.196156 38.125525 38.017687 37.854232 37.607676 37.236443 36.676313 35.825184 34.514744 32.456208 29.136436 23.635858 14.431560 0.000000 
50.000000 49.302747 48.620759 47.968302 47.357742 46.798865 46.298444 45.860107 45.484477 45.169541 44.911177 44.703771 44.540827 44.415534 44.321228 44.251739 44.201605 44.166186 44.141679 44.125069 44.114038 44.106858 44.102271 44.099388 44.097592 44.096455 44.095683 44.095053 44.094375 44.093447 44.092005 44.089671 44.085874 44.079741 44.069946 44.054485 44.030353 43.993058 43.935898 43.848819 43.716576 43.515581 43.208175 42.731454 41.973504 40.717906 38.499765 34.189200 24.651373 0.000000 
50.000000 50.000000 50.000000 50.000000 50.000000 50.000000 50.000000 50.000000 50.000000 50.000000 50.000000 50.000000 50.000000 50.000000 50.000000 50.000000 50.000000 50.000000 50.000000 50.000000 50.000000 50.000000 50.000000 50.000000 50.000000 50.000000 50.000000 50.000000 50.000000 50.000000 50.000000 50.000000 50.000000 50.000000 50.000000 50.000000 50.000000 50.000000 50.000000 50.000000 50.000000 50.000000 50.000000 50.000000 50.000000 50.000000 50.000000 50.000000 50.000000 50.000000 
