50.000000 50.000000 50.000000 50.000000 50.000000 50.000000 50.000000 50.000000 50.000000 50.000000 50.000000 50.000000 50.000000 50.000000 50.000000 50.000000 50.000000 50.000000 50.000000 50.000000 50.000000 50.000000 50.000000 50.000000 50.000000 50.000000 50.000000 50.000000 50.000000 50.000000 50.000000 50.000000 50.000000 50.000000 50.000000 50.000000 50.000000 50.000000 50.000000 50.000000 50.000000 50.000000 50.000000 50.000000 50.000000 50.000000 50.000000 50.000000 50.000000 50.000000 
50.000000 49.644550 49.293069 48.949391 48.617095 48.299386 47.999012 47.718192 47.458577 47.221234 47.006665 46.814838 46.645242 46.496959 46.368740 46.259087 46.166333 46.088721 46.024464 45.971807 45.929066 45.894662 45.867137 45.845161 45.827527 45.813139 45.800985 45.790107 45.779562 45.768368 45.755450 45.739564 45.719199 45.692467 45.656939 45.609432 45.545702 45.460001 45.344401 45.187720 44.973763 44.678249 44.263176 43.665710 42.774486 41.374138 39.001325 34.528183 24.822277 0.000000 
50.000000 49.293069 48.594031 47.910513 47.249630 46.617760 46.020366 45.461862 44.945530 44.473495 44.046754 43.665242 43.327944 43.033034 42.778028 42.559947 42.375478 42.221122 42.093330 41.988610 41.903615 41.835204 41.780481 41.736803 41.701775 41.673222 41.649140 41.627636 41.606851 41.584861 41.559560 41.528524 41.488826 41.436818 41.367830 41.275774 41.152587 40.987429 40.765493 40.466172 40.060130 39.504447 38.734231 37.647524 36.077087 33.736185 30.114711 24.297025 14.764895 0.000000 
50.000000 48.949393 47.910515 46.894703 45.912530 44.973475 44.085657 43.255635 42.488286 41.786772 41.152570 40.585585 40.084311 39.646032 39.267056 38.942958 38.668813 38.439424 38.249515 38.093899 37.967605 37.865969 37.784689 37.719847 37.667894 37.625610 37.590039 37.558397 37.527963 37.495936 37.459274 37.414492 37.357420 37.282888 37.184333 37.053268 36.878562 36.645436 36.334004 35.917134 35.357195 34.601010 33.571899 32.157018 30.187500 27.409172 23.447378 17.795836 9.948083 0.000000 
50.000000 48.617099 47.249637 45.912537 44.619714 43.383648 42.215025 41.122478 40.112428 39.189034 38.354244 37.607931 36.948113 36.371214 35.872378 35.445777 35.084932 34.783002 34.533045 34.328237 34.162036 34.028311 33.921409 33.836184 33.767982 33.712592 33.666159 33.625071 33.585818 33.544818 33.498214 33.441631 33.369877 33.276584 33.153741 32.991110 32.775435 32.489383 32.110091 31.607118 30.939555 30.051925 28.868434 27.285244 25.161194 22.309917 18.503441 13.513499 7.242983 0.000000 
50.000000 48.299396 46.617778 44.973497 43.383666 41.863631 40.426533 39.082989 37.840895 36.705366 35.678796 34.761031 33.949632 33.240204 32.626773 32.102175 31.658444 31.287168 30.979815 30.727994 30.523670 30.359312 30.227980 30.123366 30.039774 29.972064 29.915549 29.865867 29.818808 29.770121 29.715280 29.649207 29.565954 29.458302 29.317293 29.131621 28.886875 28.564555 28.140796 27.584692 26.856132 25.903082 24.658369 23.036494 20.931938 18.222636 14.786104 10.540757 5.524942 0.000000 
50.000000 47.999032 46.020404 44.085707 42.215077 40.426571 38.735652 37.154811 35.693338 34.357252 33.149371 32.069513 31.114809 30.280087 29.558320 28.941079 28.418993 27.982167 27.620566 27.324323 27.083993 26.890725 26.736374 26.613543 26.515566 26.436448 26.370747 26.313433 26.259697 26.204740 26.143518 26.070454 25.979101 25.861752 25.708971 25.509034 25.247255 24.905153 24.459454 23.880895 23.132857 22.169944 20.936823 19.368063 17.390404 14.930057 11.928839 8.372972 4.333367 0.000000 
50.000000 47.718229 45.461932 43.255731 41.122590 39.083098 37.154887 35.352202 33.685638 32.162058 30.784675 29.553282 28.464607 27.512755 26.689711 25.985867 25.390536 24.892442 24.480143 24.142398 23.868445 23.648208 23.472421 23.332681 23.221434 23.131907 23.057986 22.994061 22.934827 22.875056 22.809337 22.731783 22.635699 22.513208 22.354818 22.148936 21.881302 21.534355 21.086522 20.511484 19.777496 18.846948 17.676538 16.218679 14.425164 12.254465 9.684044 6.727833 3.455117 0.000000 
50.000000 47.458640 44.945652 42.488461 40.112640 37.841124 35.693550 33.685782 31.829622 30.132715 28.598637 27.227160 26.014639 24.954508 24.037844 23.253946 22.590914 22.036193 21.577046 21.200961 20.895966 20.650857 20.455340 20.300096 20.176764 20.077876 19.996731 19.927226 19.863658 19.800484 19.732064 19.652374 19.554681 19.431208 19.272746 19.068248 18.804392 18.465121 18.031208 17.479888 16.784683 15.915590 14.839948 13.524415 11.938634 10.061146 7.887752 5.441398 2.780485 0.000000 
50.000000 47.221340 44.473702 41.787071 39.189408 36.705790 34.357689 32.162449 30.132975 28.277623 26.600307 25.100777 23.775046 22.615938 21.613697 20.756625 20.031714 19.425242 18.923288 18.512183 18.178852 17.911065 17.697600 17.528307 17.394109 17.286923 17.199541 17.125454 17.058647 16.993369 16.923870 16.844126 16.747543 16.626648 16.472761 16.275667 16.023291 15.701401 15.293376 14.780114 14.140163 13.350250 12.386402 11.225920 9.850480 8.250466 6.430313 4.413856 2.247717 0.000000 
50.000000 47.006838 44.047093 41.153064 38.354874 35.679532 33.150168 30.785468 28.599331 26.600759 24.793968 23.178688 21.750627 20.502055 19.422463 18.499254 17.718418 17.065179 16.524550 16.081817 15.722911 15.434683 15.205077 15.023206 14.879358 14.764918 14.672246 14.594504 14.525449 14.459204 14.390007 14.311946 14.218691 14.103217 13.957530 13.772410 13.537180 13.239534 12.865450 12.399270 11.823999 11.121961 10.275913 9.270771 8.096002 6.748642 5.236574 3.581343 1.819326 0.000000 
50.000000 46.815114 43.665785 40.586382 37.608957 34.762251 32.070874 29.554709 27.228546 25.101964 23.179449 21.460713 19.941191 18.612658 17.463934 16.481616 15.650803 14.955775 14.380596 13.909618 13.527891 13.221447 12.977492 12.784492 12.632180 12.511484 12.414404 12.333841 12.263392 12.197125 12.129338 12.054313 11.966064 11.858101 11.723196 11.553189 11.338827 11.069676 10.734137 10.319607 9.812854 9.200660 8.470820 7.613524 6.623126 5.500164 4.253334 2.900922 1.471026 0.000000 
50.000000 46.645674 43.328799 40.085569 36.949744 33.951592 31.117034 28.467011 26.017099 23.777388 21.752601 19.942437 18.342088 16.942892 15.733076 14.698526 13.823553 13.091606 12.485908 11.989993 11.588132 11.265639 11.009074 10.806341 10.646694 10.520674 10.419985 10.337326 10.266189 10.200641 10.135093 10.064067 9.981971 9.882883 9.760366 9.607304 9.415807 9.177170 8.881943 8.520131 8.081561 7.556471 6.936326 6.214888 5.389471 4.462277 3.441558 2.342315 1.186145 0.000000 
50.000000 46.497627 43.034358 39.647985 36.373758 33.243281 30.283621 27.516640 24.958604 22.620048 20.505904 18.615857 16.944887 15.483953 14.220762 13.140580 12.227030 11.462835 10.830486 10.312804 9.893381 9.556910 9.289392 9.078245 8.912318 8.781827 8.678235 8.594089 8.522820 8.458532 8.395780 8.329354 8.254068 8.164571 8.055185 7.919785 7.751722 7.543824 7.288487 6.977869 6.604231 6.160424 5.640542 5.040712 4.359979 3.601164 2.771550 1.883189 0.952636 0.000000 
50.000000 46.369760 42.780051 39.270046 35.876282 32.631517 29.563807 26.695811 24.044390 21.620463 19.429143 17.470103 15.738141 14.223887 12.914600 11.795011 10.848148 10.056110 9.400757 8.864293 8.429730 8.081225 7.804302 7.585967 7.414727 7.280528 7.174643 7.089505 7.018517 6.955844 6.896204 6.834657 6.766417 6.686674 6.590458 6.472536 6.327358 6.149073 5.931615 5.668886 5.355039 4.984875 4.554339 4.061099 3.505153 2.889383 2.219948 1.506397 0.761391 0.000000 
50.000000 46.260625 42.563000 38.947476 35.451688 32.109379 28.949448 25.995238 23.264114 20.767324 18.510135 16.492212 14.708196 13.148435 11.799809 10.646591 9.671302 8.855508 8.180531 7.628054 7.180592 6.821848 6.536946 6.312543 6.136861 5.999629 5.891964 5.806221 5.735797 5.674934 5.618513 5.561858 5.500555 5.430292 5.346733 5.245428 5.121773 4.971024 4.788374 4.569109 4.308834 4.003783 3.651192 3.249710 2.799816 2.304173 1.767846 1.198323 0.605269 0.000000 
50.000000 46.168629 42.380034 38.675562 35.093771 31.669237 28.431568 25.404683 22.606372 20.048163 17.735451 15.667893 13.839999 12.241881 10.860095 9.678532 8.679286 7.843473 7.151965 6.586003 6.127686 5.760341 5.468750 5.239288 5.059939 4.920254 4.811235 4.725177 4.655490 4.596495 4.543234 4.491274 4.436537 4.375153 4.303338 4.217314 4.113272 3.987377 3.835835 3.655012 3.441614 3.192920 2.907053 2.583274 2.222266 1.826350 1.399612 0.947876 0.478502 0.000000 
50.000000 46.092109 42.227851 38.449394 34.796070 31.303145 28.000817 24.913483 22.059291 19.449996 17.091104 14.982262 13.117874 11.487852 10.078489 8.873353 7.854184 7.001726 6.296476 5.719308 5.251979 4.877501 4.580380 4.346753 4.164415 4.022776 3.912744 3.826579 3.757709 3.700536 3.650247 3.602628 3.553897 3.500565 3.439318 3.366941 3.280276 3.176225 3.051793 2.904182 2.730923 2.530046 2.300282 2.041264 1.753715 1.439590 1.102137 0.745858 0.376346 0.000000 
50.000000 46.029416 42.103164 38.264091 34.552158 31.003198 27.647894 24.511035 21.611058 18.959909 16.563180 14.420515 12.526227 10.870068 9.438112 8.213665 7.178176 6.312085 5.595581 5.009241 4.534542 4.154237 3.852609 3.615604 3.430866 3.287690 3.176917 3.090782 3.022736 2.967257 2.919662 2.875925 2.832518 2.786271 2.734262 2.673735 2.602061 2.516725 2.415355 2.295789 2.156169 1.995066 1.811620 1.605680 1.377929 1.129973 0.864369 0.584580 0.294851 0.000000 
50.000000 45.978971 42.002837 38.114990 34.355899 30.761853 27.363923 24.187214 21.250398 18.565572 16.138400 13.968521 12.050175 10.372988 8.922853 7.682870 6.634252 5.757195 5.031641 4.437928 3.957307 3.572327 3.267092 3.027395 2.840760 2.696396 2.585092 2.499068 2.431799 2.377831 2.332590 2.292211 2.253375 2.213175 2.169005 2.118479 2.059385 1.989662 1.907418 1.810966 1.698898 1.570167 1.424187 1.260926 1.080993 0.885685 0.677004 0.457611 0.230732 0.000000 
50.000000 45.939329 41.923996 37.997820 34.201671 30.572193 27.140767 23.932743 20.966977 18.255687 15.804591 13.613327 11.676077 9.982364 8.517946 7.265755 6.206822 5.321150 4.588488 3.988985 3.503717 3.115073 2.807016 2.565222 2.377122 2.231860 2.120184 2.034308 1.967729 1.915049 1.871788 1.834208 1.799160 1.763946 1.726209 1.683853 1.634987 1.577896 1.511047 1.433107 1.342991 1.239922 1.123491 0.993730 0.851162 0.696829 0.532298 0.359625 0.181271 0.000000 
50.000000 45.909222 41.864119 37.908835 34.084541 30.428154 26.971289 23.739482 20.751731 18.020342 15.551078 13.343572 11.391966 9.685704 8.210439 6.948976 5.882210 4.989997 4.251939 3.648043 3.159250 2.767830 2.457638 2.214264 2.025069 1.879145 1.767218 1.681494 1.615491 1.563856 1.522181 1.486830 1.454784 1.423504 1.390825 1.354868 1.313980 1.266706 1.211772 1.148100 1.074834 0.991379 0.897444 0.793090 0.678759 0.555295 0.423937 0.286292 0.144269 0.000000 
50.000000 45.887597 41.821110 37.844918 34.000408 30.324694 26.849556 23.600667 20.597124 17.851299 15.368985 13.149814 11.187896 9.472620 7.989564 6.721443 5.649052 4.752142 4.010209 3.403158 2.911837 2.518426 2.206707 1.962205 1.772232 1.625847 1.513756 1.428164 1.362605 1.311759 1.271272 1.237581 1.207762 1.179393 1.150445 1.119193 1.084155 1.044055 0.997802 0.944492 0.883423 0.814123 0.736373 0.650244 0.556114 0.454680 0.346950 0.234214 0.117999 0.000000 
50.000000 45.873641 41.793355 37.803669 33.946113 30.257926 26.770995 23.511081 20.497347 17.742206 15.251470 13.024771 11.056198 9.335105 7.847022 6.574604 5.498583 4.598642 3.854209 3.245124 2.752172 2.357478 2.044776 1.799549 1.609079 1.462404 1.350216 1.264720 1.199461 1.149143 1.109444 1.076853 1.048505 1.022055 0.995559 0.967394 0.936187 0.900773 0.860179 0.813607 0.760454 0.700317 0.633022 0.558642 0.477510 0.390228 0.297653 0.200877 0.101186 0.000000 
50.000000 45.866803 41.779754 37.783456 33.919508 30.225208 26.732500 23.467184 20.448456 17.688749 15.193887 12.963499 10.991665 9.267722 7.777175 6.502653 5.424852 4.523426 3.777769 3.167687 2.673936 2.278615 1.965431 1.719850 1.529138 1.382322 1.270089 1.184644 1.119537 1.069482 1.030177 0.998133 0.970516 0.945017 0.919738 0.893100 0.863786 0.830686 0.792880 0.749626 0.700362 0.644724 0.582555 0.513928 0.439154 0.358786 0.273610 0.184622 0.092988 0.000000 
50.000000 45.866803 41.779754 37.783456 33.919508 30.225208 26.732500 23.467184 20.448456 17.688749 15.193887 12.963499 10.991665 9.267722 7.777175 6.502653 5.424852 4.523426 3.777769 3.167687 2.673936 2.278615 1.965431 1.719850 1.529138 1.382322 1.270089 1.184644 1.119537 1.069482 1.030177 0.998133 0.970516 0.945017 0.919738 0.893100 0.863786 0.830686 0.792880 0.749626 0.700362 0.644724 0.582555 0.513928 0.439154 0.358786 0.273610 0.184622 0.092988 0.000000 
50.000000 45.873641 41.793355 37.803669 33.946113 30.257926 26.770995 23.511081 20.497347 17.742206 15.251470 13.024771 11.056198 9.335105 7.847022 6.574604 5.498583 4.598642 3.854209 3.245124 2.752172 2.357478 2.044776 1.799549 1.609079 1.462404 1.350216 1.264720 1.199461 1.149143 1.109444 1.076853 1.048505 1.022055 0.995559 0.967394 0.936187 0.900773 0.860179 0.813607 0.760454 0.700317 0.633022 0.558642 0.477510 0.390228 0.297653 0.200877 0.101186 0.000000 
50.000000 45.887597 41.821110 37.844918 34.000408 30.324694 26.849556 23.600667 20.597124 17.851299 15.368985 13.149814 11.187896 9.472620 7.989564 6.721443 5.649052 4.752142 4.010209 3.403158 2.911837 2.518426 2.206707 1.962205 1.772232 1.625847 1.513756 1.428164 1.362605 1.311759 1.271272 1.237581 1.207762 1.179393 1.150445 1.119193 1.084155 1.044055 0.997802 0.944492 0.883423 0.814123 0.736373 0.650244 0.556114 0.454680 0.346950 0.234214 0.117999 0.000000 
50.000000 45.909222 41.864119 37.908835 34.084541 30.428154 26.971289 23.739482 20.751731 18.020342 15.551078 13.343572 11.391966 9.685704 8.210439 6.948976 5.882210 4.989997 4.251939 3.648043 3.159250 2.767830 2.457638 2.214264 2.025069 1.879145 1.767218 1.681494 1.615491 1.563856 1.522181 1.486830 1.454784 1.423504 1.390825 1.354868 1.313980 1.266706 1.211772 1.148100 1.074834 0.991379 0.897444 0.793090 0.678759 0.555295 0.423937 0.286292 0.144269 0.000000 
50.000000 45.939329 41.923996 37.997820 34.201671 30.572193 27.140767 23.932743 20.966977 18.255687 15.804591 13.613327 11.676077 9.982364 8.517946 7.265755 6.206822 5.321150 4.588488 3.988985 3.503717 3.115073 2.807016 2.565222 2.377122 2.231860 2.120184 2.034308 1.967729 1.915049 1.871788 1.834208 1.799160 1.763946 1.726209 1.683853 1.634987 1.577896 1.511047 1.433107 1.342991 1.239922 1.123491 0.993730 0.851162 0.696829 0.532298 0.359625 0.181271 0.000000 
50.000000 45.978971 42.002837 38.114990 34.355899 30.761853 27.363923 24.187214 21.250398 18.565572 16.138400 13.968521 12.050175 10.372988 8.922853 7.682870 6.634252 5.757195 5.031641 4.437928 3.957307 3.572327 3.267092 3.027395 2.840760 2.696396 2.585092 2.499068 2.431799 2.377831 2.332590 2.292211 2.253375 2.213175 2.169005 2.118479 2.059385 1.989662 1.907418 1.810966 1.698898 1.570167 1.424187 1.260926 1.080993 0.885685 0.677004 0.457611 0.230732 0.000000 
50.000000 46.029416 42.103164 38.264091 34.552158 31.003198 27.647894 24.511035 21.611058 18.959909 16.563180 14.420515 12.526227 10.870068 9.438112 8.213665 7.178176 6.312085 5.595581 5.009241 4.534542 4.154237 3.852609 3.615604 3.430866 3.287690 3.176917 3.090782 3.022736 2.967257 2.919662 2.875925 2.832518 2.786271 2.734262 2.673735 2.602061 2.516725 2.415355 2.295789 2.156169 1.995066 1.811620 1.605680 1.377929 1.129973 0.864369 0.584580 0.294851 0.000000 
50.000000 46.092109 42.227851 38.449394 34.796070 31.303145 28.000817 24.913483 22.059291 19.449996 17.091104 14.982262 13.117874 11.487852 10.078489 8.873353 7.854184 7.001726 6.296476 5.719308 5.251979 4.877501 4.580380 4.346753 4.164415 4.022776 3.912744 3.826579 3.757709 3.700536 3.650247 3.602628 3.553897 3.500565 3.439318 3.366941 3.280276 3.176225 3.051793 2.904182 2.730923 2.530046 2.300282 2.041264 1.753715 1.439590 1.102137 0.745858 0.376346 0.000000 
50.000000 46.168629 42.380034 38.675562 35.093771 31.669237 28.431568 25.404683 22.606372 20.048163 17.735451 15.667893 13.839999 12.241881 10.860095 9.678532 8.679286 7.843473 7.151965 6.586003 6.127686 5.760341 5.468750 5.239288 5.059939 4.920254 4.811235 4.725177 4.655490 4.596495 4.543234 4.491274 4.436537 4.375153 4.303338 4.217314 4.113272 3.987377 3.835835 3.655012 3.441614 3.192920 2.907053 2.583274 2.222266 1.826350 1.399612 0.947876 0.478502 0.000000 
50.000000 46.260625 42.563000 38.947476 35.451688 32.109379 28.949448 25.995238 23.264114 20.767324 18.510135 16.492212 14.708196 13.148435 11.799809 10.646591 9.671302 8.855508 8.180531 7.628054 7.180592 6.821848 6.536946 6.312543 6.136861 5.999629 5.891964 5.806221 5.735797 5.674934 5.618513 5.561858 5.500555 5.430292 5.346733 5.245428 5.121773 4.971024 4.788374 4.569109 4.308834 4.003783 3.651192 3.249710 2.799816 2.304173 1.767846 1.198323 0.605269 0.000000 
50.000000 46.369760 42.780051 39.270046 35.876282 32.631517 29.563807 26.695811 24.044390 21.620463 19.429143 17.470103 15.738141 14.223887 12.914600 11.795011 10.848148 10.056110 9.400757 8.864293 8.429730 8.081225 7.804302 7.585967 7.414727 7.280528 7.174643 7.089505 7.018517 6.955844 6.896204 6.834657 6.766417 6.686674 6.590458 6.472536 6.327358 6.149073 5.931615 5.668886 5.355039 4.984875 4.554339 4.061099 3.505153 2.889383 2.219948 1.506397 0.761391 0.000000 
50.000000 46.497627 43.034358 39.647985 36.373758 33.243281 30.283621 27.516640 24.958604 22.620048 20.505904 18.615857 16.944887 15.483953 14.220762 13.140580 12.227030 11.462835 10.830486 10.312804 9.893381 9.556910 9.289392 9.078245 8.912318 8.781827 8.678235 8.594089 8.522820 8.458532 8.395780 8.329354 8.254068 8.164571 8.055185 7.919785 7.751722 7.543824 7.288487 6.977869 6.604231 6.160424 5.640542 5.040712 4.359979 3.601164 2.771550 1.883189 0.952636 0.000000 
50.000000 46.645674 43.328799 40.085569 36.949744 33.951592 31.117034 28.467011 26.017099 23.777388 21.752601 19.942437 18.342088 16.942892 15.733076 14.698526 13.823553 13.091606 12.485908 11.989993 11.588132 11.265639 11.009074 10.806341 10.646694 10.520674 10.419985 10.337326 10.266189 10.200641 10.135093 10.064067 9.981971 9.882883 9.760366 9.607304 9.415807 9.177170 8.881943 8.520131 8.081561 7.556471 6.936326 6.214888 5.389471 4.462277 3.441558 2.342315 1.186145 0.000000 
50.000000 46.815114 43.665785 40.586382 37.608957 34.762251 32.070874 29.554709 27.228546 25.101964 23.179449 21.460713 19.941191 18.612658 17.463934 16.481616 15.650803 14.955775 14.380596 13.909618 13.527891 13.221447 12.977492 12.784492 12.632180 12.511484 12.414404 12.333841 12.263392 12.197125 12.129338 12.054313 11.966064 11.858101 11.723196 11.553189 11.338827 11.069676 10.734137 10.319607 9.812854 9.200660 8.470820 7.613524 6.623126 5.500164 4.253334 2.900922 1.471026 0.000000 
50.000000 47.006838 44.047093 41.153064 38.354874 35.679532 33.150168 30.785468 28.599331 26.600759 24.793968 23.178688 21.750627 20.502055 19.422463 18.499254 17.718418 17.065179 16.524550 16.081817 15.722911 15.434683 15.205077 15.023206 14.879358 14.764918 14.672246 14.594504 14.525449 14.459204 14.390007 14.311946 14.218691 14.103217 13.957530 13.772410 13.537180 13.239534 12.865450 12.399270 11.823999 11.121961 10.275913 9.270771 8.096002 6.748642 5.236574 3.581343 1.819326 0.000000 
50.000000 47.221340 44.473702 41.787071 39.189408 36.705790 34.357689 32.162449 30.132975 28.277623 26.600307 25.100777 23.775046 22.615938 21.613697 20.756625 20.031714 19.425242 18.923288 18.512183 18.178852 17.911065 17.697600 17.528307 17.394109 17.286923 17.199541 17.125454 17.058647 16.993369 16.923870 16.844126 16.747543 16.626648 16.472761 16.275667 16.023291 15.701401 15.293376 14.780114 14.140163 13.350250 12.386402 11.225920 9.850480 8.250466 6.430313 4.413856 2.247717 0.000000 
50.000000 47.458640 44.945652 42.488461 40.112640 37.841124 35.693550 33.685782 31.829622 30.132715 28.598637 27.227160 26.014639 24.954508 24.037844 23.253946 22.590914 22.036193 21.577046 21.200961 20.895966 20.650857 20.455340 20.300096 20.176764 20.077876 19.996731 19.927226 19.863658 19.800484 19.732064 19.652374 19.554681 19.431208 19.272746 19.068248 18.804392 18.465121 18.031208 17.479888 16.784683 15.915590 14.839948 13.524415 11.938634 10.061146 7.887752 5.441398 2.780485 0.000000 
50.000000 47.718229 45.461932 43.255731 41.122590 39.083098 37.154887 35.352202 33.685638 32.162058 30.784675 29.553282 28.464607 27.512755 26.689711 25.985867 25.390536 24.892442 24.480143 24.142398 23.868445 23.648208 23.472421 23.332681 23.221434 23.131907 23.057986 22.994061 22.934827 22.875056 22.809337 22.731783 22.635699 22.513208 22.354818 22.148936 21.881302 21.534355 21.086522 20.511484 19.777496 18.846948 17.676538 16.218679 14.425164 12.254465 9.684044 6.727833 3.455117 0.000000 
50.000000 47.999032 46.020404 44.085707 42.215077 40.426571 38.735652 37.154811 35.693338 34.357252 33.149371 32.069513 31.114809 30.280087 29.558320 28.941079 28.418993 27.982167 27.620566 27.324323 27.083993 26.890725 26.736374 26.613543 26.515566 26.436448 26.370747 26.313433 26.259697 26.204740 26.143518 26.070454 25.979101 25.861752 25.708971 25.509034 25.247255 24.905153 24.459454 23.880895 23.132857 22.169944 20.936823 19.368063 17.390404 14.930057 11.928839 8.372972 4.333367 0.000000 
50.000000 48.299396 46.617778 44.973497 43.383666 41.863631 40.426533 39.082989 37.840895 36.705366 35.678796 34.761031 33.949632 33.240204 32.626773 32.102175 31.658444 31.287168 30.979815 30.727994 30.523670 30.359312 30.227980 30.123366 30.039774 29.972064 29.915549 29.865867 29.818808 29.770121 29.715280 29.649207 29.565954 29.458302 29.317293 29.131621 28.886875 28.564555 28.140796 27.584692 26.856132 25.903082 24.658369 23.036494 20.931938 18.222636 14.786104 10.540757 5.524942 0.000000 
50.000000 48.617099 47.249637 45.912537 44.619714 43.383648 42.215025 41.122478 40.112428 39.189034 38.354244 37.607931 36.948113 36.371214 35.872378 35.445777 35.084932 34.783002 34.533045 34.328237 34.162036 34.028311 33.921409 33.836184 33.767982 33.712592 33.666159 33.625071 33.585818 33.544818 33.498214 33.441631 33.369877 33.276584 33.153741 32.991110 32.775435 32.489383 32.110091 31.607118 30.939555 30.051925 28.868434 27.285244 25.161194 22.309917 18.503441 13.513499 7.242983 0.000000 
50.000000 48.949393 47.910515 46.894703 45.912530 44.973475 44.085657 43.255635 42.488286 41.786772 41.152570 40.585585 40.084311 39.646032 39.267056 38.942958 38.668813 38.439424 38.249515 38.093899 37.967605 37.865969 37.784689 37.719847 37.667894 37.625610 37.590039 37.558397 37.527963 37.495936 37.459274 37.414492 37.357420 37.282888 37.184333 37.053268 36.878562 36.645436 36.334004 35.917134 35.357195 34.601010 33.571899 32.157018 30.187500 27.409172 23.447378 17.795836 9.948083 0.000000 
50.000000 49.293069 48.594031 47.910513 47.249630 46.617760 46.020366 45.461862 44.945530 44.473495 44.046754 43.665242 43.327944 43.033034 42.778028 42.559947 42.375478 42.221122 42.093330 41.988610 41.903615 41.835204 41.780481 41.736803 41.701775 41.673222 41.649140 41.627636 41.606851 41.584861 41.559560 41.528524 41.488826 41.436818 41.367830 41.275774 41.152587 40.987429 40.765493 40.466172 40.060130 39.504447 38.734231 37.647524 36.077087 33.736185 30.114711 24.297025 14.764895 0.000000 
50.000000 49.644550 49.293069 48.949391 48.617095 48.299386 47.999012 47.718192 47.458577 47.221234 47.006665 46.814838 46.645242 46.496959 46.368740 46.259087 46.166333 46.088721 46.024464 45.971807 45.929066 45.894662 45.867137 45.845161 45.827527 45.813139 45.800985 45.790107 45.779562 45.768368 45.755450 45.739564 45.719199 45.692467 45.656939 45.609432 45.545702 45.460001 45.344401 45.187720 44.973763 44.678249 44.263176 43.665710 42.774486 41.374138 39.001325 34.528183 24.822277 0.000000 
50.000000 50.000000 50.000000 50.000000 50.000000 50.000000 50.000000 50.000000 50.000000 50.000000 50.000000 50.000000 50.000000 50.000000 50.000000 50.000000 50.000000 50.000000 50.000000 50.000000 50.000000 50.000000 50.000000 50.000000 50.000000 50.000000 50.000000 50.000000 50.000000 50.000000 50.000000 50.000000 50.000000 50.000000 50.000000 50.000000 50.000000 50.000000 50.000000 50.000000 50.000000 50.000000 50.000000 50.000000 50.000000 50.000000 50.000000 50.000000 50.000000 50.000000 
