50.000000 50.000000 50.000000 50.000000 50.000000 50.000000 50.000000 50.000000 50.000000 50.000000 50.000000 50.000000 50.000000 50.000000 50.000000 50.000000 50.000000 50.000000 50.000000 50.000000 50.000000 50.000000 50.000000 50.000000 50.000000 50.000000 50.000000 50.000000 50.000000 50.000000 50.000000 50.000000 50.000000 50.000000 50.000000 50.000000 50.000000 50.000000 50.000000 50.000000 50.000000 50.000000 50.000000 50.000000 50.000000 50.000000 50.000000 50.000000 50.000000 50.000000 
50.000000 49.505817 49.019305 48.547774 48.097853 47.675204 47.284321 46.928409 46.609344 46.327721 46.082974 45.873540 45.697070 45.550650 45.431014 45.334748 45.258458 45.198910 45.153125 45.118440 45.092543 45.073470 45.059591 45.049575 45.042349 45.037047 45.032961 45.029486 45.026068 45.022137 45.017051 45.010010 44.999966 44.985502 44.964661 44.934734 44.891935 44.830945 44.744218 44.620887 44.444984 44.192348 43.824969 43.279865 42.445377 41.105692 38.796882 34.390371 24.752909 0.000000 
50.000000 49.019305 48.053830 47.118087 46.225228 45.386489 44.610791 43.904491 43.271313 42.712440 42.226744 41.811127 41.460928 41.170361 40.932947 40.741909 40.590515 40.472344 40.381485 40.312655 40.261265 40.223418 40.195881 40.176013 40.161687 40.151187 40.143114 40.136275 40.129579 40.121916 40.112034 40.098390 40.078964 40.051031 40.010857 39.953280 39.871135 39.754424 39.589091 39.355146 39.023699 38.552065 37.875336 36.891265 35.432031 33.210030 29.714003 24.026915 14.628933 0.000000 
50.000000 48.547774 47.118087 45.732429 44.410272 43.168258 42.019597 40.973700 40.036084 39.208499 38.489277 37.873828 37.355252 36.924979 36.573415 36.290526 36.066342 35.891356 35.756813 35.654893 35.578798 35.522763 35.481998 35.452599 35.431417 35.415922 35.404052 35.394059 35.384353 35.373334 35.359209 35.339786 35.312216 35.272682 35.215979 35.134970 35.019832 34.857006 34.627698 34.305674 33.853947 33.219680 32.326173 31.060162 29.251938 26.646064 22.866215 17.404085 9.750893 0.000000 
50.000000 48.097853 46.225228 44.410272 42.678492 41.051685 39.547153 38.177225 36.949124 35.865144 34.923099 34.116979 33.437744 32.874170 32.413690 32.043161 31.749525 31.520330 31.344109 31.210619 31.110959 31.037577 30.984205 30.945734 30.918048 30.897846 30.882447 30.869594 30.857250 30.843389 30.825773 30.801689 30.767651 30.719018 30.649526 30.550658 30.410827 30.214262 29.939486 29.557200 29.027323 28.294807 27.283830 25.890024 23.971154 21.339247 17.764210 13.015198 6.992162 0.000000 
50.000000 47.675204 45.386490 43.168259 41.051686 39.063412 37.224582 35.550265 34.049290 32.724459 31.573101 30.587871 29.757719 29.068926 28.506135 28.053282 27.694407 27.414292 27.198923 27.035782 26.913992 26.824326 26.759130 26.712164 26.678414 26.653862 26.635263 26.619903 26.605360 26.589264 26.569033 26.541584 26.503000 26.448125 26.370066 26.259560 26.104171 25.887241 25.586540 25.172510 24.606014 23.835523 22.793836 21.394823 19.531708 17.080534 13.916322 9.954459 5.229828 0.000000 
50.000000 47.284322 44.610792 42.019598 39.547154 37.224583 35.076583 33.120758 31.367420 29.819845 28.474910 27.324035 26.354312 25.549717 24.892308 24.363322 23.944115 23.616911 23.365340 23.174783 23.032534 22.927822 22.851709 22.796919 22.757610 22.729117 22.707685 22.690204 22.673936 22.656247 22.634321 22.604853 22.563706 22.505501 22.423132 22.307174 22.145150 21.920645 21.612215 21.192104 20.624777 19.865405 18.858622 17.538297 15.829767 13.657135 10.959439 7.719529 4.004457 0.000000 
50.000000 46.928410 43.904493 40.973703 38.177228 35.550268 33.120761 30.908615 28.925497 27.175108 25.653918 24.352221 23.255418 22.345384 21.601826 21.003522 20.529385 20.159309 19.874781 19.659266 19.498398 19.379997 19.293966 19.232085 19.187768 19.155769 19.131889 19.112683 19.095162 19.076508 19.053774 19.023571 18.981730 18.922907 18.840139 18.724314 18.563559 18.342529 18.041619 17.636127 17.095470 16.382647 15.454319 14.262153 12.756442 10.893405 8.647535 6.029160 3.103443 0.000000 
50.000000 46.609346 43.271318 40.036090 36.949131 34.049298 31.367429 28.925503 26.736395 24.804193 23.124999 21.688099 20.477377 19.472825 18.652041 17.991599 17.468223 17.059718 16.745648 16.507766 16.330215 16.199558 16.104655 16.036451 15.987697 15.952638 15.926694 15.906144 15.887810 15.868762 15.846012 15.816204 15.775291 15.718172 15.638295 15.527214 15.374095 15.165194 14.883326 14.507406 14.012162 13.368221 12.542887 11.502045 10.213790 8.654336 6.816418 4.719258 2.417001 0.000000 
50.000000 46.327726 42.712448 39.208511 35.865159 32.724477 29.819864 27.175126 24.804205 22.711531 20.892880 19.336647 18.025379 16.937405 16.048462 15.333178 14.766345 14.323924 13.983786 13.726167 13.533900 13.392437 13.289725 13.215971 13.163351 13.125671 13.098029 13.076482 13.057721 13.038763 13.016652 12.988155 12.949463 12.895862 12.821397 12.718505 12.577643 12.386920 12.131784 11.794827 11.355813 10.792107 10.079700 9.195120 8.118488 6.837856 5.354579 3.688758 1.882746 0.000000 
50.000000 46.082981 42.226759 38.489299 34.923128 31.573136 28.474948 25.653957 23.125035 20.892904 18.953060 17.293125 15.894480 14.734011 13.785838 13.022898 12.418302 11.946412 11.583622 11.308857 11.103810 10.952968 10.843487 10.764940 10.709007 10.669121 10.640115 10.617875 10.599004 10.580517 10.559539 10.533028 10.497483 10.448669 10.381327 10.288882 10.163175 9.994216 9.770029 9.476623 9.098203 8.617719 8.017898 7.282898 6.400669 5.365961 4.183651 2.871630 1.462103 0.000000 
50.000000 45.873554 41.811155 37.873870 34.117033 30.587936 27.324108 24.352300 21.688178 19.336718 17.293172 15.544503 14.071094 12.848595 11.849743 11.046027 10.409120 9.912016 9.529848 9.240417 9.024440 8.865584 8.750329 8.667707 8.608980 8.567270 8.537197 8.514514 8.495777 8.478031 8.458521 8.434426 8.402597 8.359314 8.300045 8.219220 8.110038 7.964316 7.772428 7.523386 7.205109 6.804988 6.310789 5.711982 5.001469 4.177606 3.246215 2.222094 1.129351 0.000000 
50.000000 45.697096 41.460979 37.355327 33.437842 29.757837 26.354447 23.255566 20.477532 18.025531 15.894613 14.071182 12.534782 11.260022 10.218472 9.380403 8.716276 8.197931 7.799440 7.497656 7.272477 7.106878 6.986772 6.900739 6.839694 6.796504 6.765616 6.742689 6.724257 6.707419 6.689558 6.668090 6.640226 6.602758 6.551862 6.482923 6.390395 6.267720 6.107322 5.900733 5.638873 5.312553 4.913217 4.433954 3.870723 3.223682 2.498398 1.706607 0.866177 0.000000 
50.000000 45.550696 41.170452 36.925113 32.874344 29.069137 25.549960 22.345654 19.473114 16.937700 14.734297 12.848842 11.260184 9.942068 8.865096 7.998527 7.311820 6.775855 6.363825 6.051796 5.818988 5.647804 5.523686 5.434843 5.371904 5.327532 5.296039 5.273016 5.254995 5.239141 5.222983 5.204168 5.180253 5.148514 5.105780 5.048297 4.971633 4.870628 4.739428 4.571616 4.360467 4.099368 3.782398 3.405071 2.965186 2.463695 1.905416 1.299408 0.658807 0.000000 
50.000000 45.431094 40.933105 36.573648 32.413995 28.506506 24.892737 21.602306 18.652560 16.049005 13.786386 11.850263 10.218916 8.865383 7.759476 6.869628 6.164476 5.614119 5.191031 4.870637 4.631602 4.455861 4.328475 4.237353 4.172892 4.127592 4.095661 4.072646 4.055087 4.040222 4.025716 4.009438 3.989261 3.962894 3.927743 3.880807 3.818600 3.737132 3.631951 3.498266 3.331161 3.125927 2.878504 2.586010 2.247325 1.863646 1.438914 0.979984 0.496440 0.000000 
50.000000 45.334885 40.742182 36.290929 32.043688 28.053923 24.364066 21.004356 17.992508 15.334142 13.023892 11.047014 9.381330 7.999309 6.870129 5.961557 5.241571 4.679639 4.247657 3.920537 3.676496 3.497096 3.367091 3.274148 3.208482 3.162466 3.130228 3.107286 3.090198 3.076270 3.063297 3.049342 3.032555 3.011025 2.982652 2.945064 2.895560 2.831102 2.748351 2.643777 2.513828 2.355185 2.165085 1.941695 1.684507 1.394693 1.075356 0.731599 0.370362 0.000000 
50.000000 45.258693 40.590979 36.067028 31.750422 27.695500 23.945385 20.530812 17.469782 14.768010 12.420040 10.410888 8.718012 7.313434 6.165824 5.242425 4.510692 3.939596 3.500573 3.168129 2.920127 2.737833 2.605760 2.511385 2.444781 2.398220 2.365775 2.342942 2.326302 2.313224 2.301616 2.289710 2.275894 2.258572 2.236054 2.206486 2.167799 2.117708 2.053742 1.973331 1.873934 1.753235 1.609365 1.441171 1.248476 1.032306 0.795036 0.540414 0.273426 0.000000 
50.000000 45.199304 40.473125 35.892510 31.521838 27.416129 23.619047 20.161711 17.062349 14.326746 11.949377 9.915070 8.201002 6.778841 5.616868 4.681915 3.941027 3.362789 2.918280 2.581688 2.330601 2.146055 2.012375 1.916892 1.849567 1.802600 1.770020 1.747311 1.731076 1.718740 1.708307 1.698151 1.686855 1.673082 1.655473 1.632587 1.602854 1.564572 1.515932 1.455083 1.380226 1.289755 1.182418 1.057494 0.914975 0.755700 0.581450 0.394944 0.199733 0.000000 
50.000000 45.153778 40.382780 35.758727 31.346609 27.201969 23.368883 19.878767 16.750021 13.988484 11.588580 9.534991 7.804678 6.369041 5.196059 4.252249 3.504344 2.920632 2.471920 2.132149 1.878699 1.692429 1.557522 1.461194 1.393327 1.346061 1.313395 1.290810 1.274925 1.263216 1.253764 1.245057 1.235837 1.224972 1.211366 1.193897 1.171380 1.142557 1.106116 1.060735 1.005150 0.938256 0.859217 0.767591 0.663440 0.547426 0.420858 0.285687 0.144423 0.000000 
50.000000 45.119510 40.314775 35.658026 31.214711 27.040766 23.180581 19.665791 16.514927 13.733871 11.317004 9.248903 7.506363 6.060583 4.879315 3.928839 3.175654 2.587823 2.135946 1.793784 1.538557 1.350992 1.215163 1.118204 1.049934 1.002453 0.969737 0.947264 0.931672 0.920474 0.911815 0.904274 0.896715 0.888167 0.877733 0.864537 0.847684 0.826247 0.799278 0.765838 0.725046 0.676144 0.618578 0.552076 0.476727 0.393036 0.301953 0.204862 0.103529 0.000000 
50.000000 45.094271 40.264690 35.583859 31.117568 26.922040 23.041896 19.508934 16.341782 13.546349 11.116990 9.038201 7.286657 5.833407 4.646037 3.690652 2.933579 2.342714 1.888509 1.544586 1.288051 1.099533 0.963027 0.865607 0.797044 0.749410 0.716667 0.694290 0.678933 0.668138 0.660099 0.653466 0.647196 0.640436 0.632443 0.622521 0.609987 0.594156 0.574344 0.549882 0.520158 0.484652 0.442997 0.395028 0.340834 0.280793 0.215588 0.146200 0.073862 0.000000 
50.000000 45.076225 40.228879 35.530830 31.048111 26.837152 22.942737 19.396783 16.217984 13.412273 10.973984 8.887553 7.129571 5.670981 4.479249 3.520355 2.760501 2.167469 1.711598 1.366417 1.108947 0.919749 0.782761 0.685012 0.616243 0.568504 0.535746 0.513447 0.498269 0.487780 0.480208 0.474255 0.468945 0.463516 0.457331 0.449826 0.440469 0.428747 0.414158 0.396224 0.374513 0.348668 0.318442 0.283735 0.244628 0.201401 0.154547 0.104761 0.052913 0.000000 
50.000000 45.063927 40.204473 35.494691 31.000776 26.779301 22.875161 19.320352 16.133617 13.320901 10.876525 8.784887 7.022519 5.560289 4.365584 3.404299 2.642551 2.048041 1.591036 1.244997 0.986892 0.797230 0.659914 0.561942 0.493034 0.445226 0.412462 0.390220 0.375172 0.364901 0.357660 0.352187 0.347555 0.343061 0.338144 0.332328 0.325186 0.316318 0.305346 0.291918 0.275721 0.256502 0.234092 0.208428 0.179579 0.147758 0.113327 0.076791 0.038777 0.000000 
50.000000 45.056310 40.189358 35.472309 30.971460 26.743472 22.833309 19.273017 16.081366 13.264313 10.816168 8.721305 6.956219 5.491736 4.295190 3.332424 2.569503 1.974078 1.516370 1.169801 0.911302 0.721353 0.583834 0.485725 0.416732 0.368882 0.336116 0.313912 0.298947 0.288815 0.281785 0.276618 0.272416 0.268515 0.264399 0.259649 0.253900 0.246825 0.238120 0.227508 0.214750 0.199654 0.182095 0.162033 0.139526 0.114745 0.087970 0.059591 0.030085 0.000000 
50.000000 45.052675 40.182145 35.461627 30.957469 26.726373 22.813335 19.250426 16.056430 13.237306 10.787362 8.690960 6.924578 5.459019 4.261594 3.298122 2.534642 1.938780 1.480737 1.133914 0.875227 0.685141 0.547526 0.449351 0.380317 0.332448 0.299681 0.277496 0.262572 0.252508 0.245581 0.240562 0.236569 0.232954 0.229226 0.224990 0.219913 0.213700 0.206084 0.196825 0.185715 0.172591 0.157351 0.139962 0.120479 0.099050 0.075918 0.051417 0.025956 0.000000 
50.000000 45.052675 40.182145 35.461627 30.957469 26.726373 22.813335 19.250426 16.056430 13.237306 10.787362 8.690960 6.924578 5.459019 4.261594 3.298122 2.534642 1.938780 1.480737 1.133914 0.875227 0.685141 0.547526 0.449351 0.380317 0.332448 0.299681 0.277496 0.262572 0.252508 0.245581 0.240562 0.236569 0.232954 0.229226 0.224990 0.219913 0.213700 0.206084 0.196825 0.185715 0.172591 0.157351 0.139962 0.120479 0.099050 0.075918 0.051417 0.025956 0.000000 
50.000000 45.056310 40.189358 35.472309 30.971460 26.743472 22.833309 19.273017 16.081366 13.264313 10.816168 8.721305 6.956219 5.491736 4.295190 3.332424 2.569503 1.974078 1.516370 1.169801 0.911302 0.721353 0.583834 0.485725 0.416732 0.368882 0.336116 0.313912 0.298947 0.288815 0.281785 0.276618 0.272416 0.268515 0.264399 0.259649 0.253900 0.246825 0.238120 0.227508 0.214750 0.199654 0.182095 0.162033 0.139526 0.114745 0.087970 0.059591 0.030085 0.000000 
50.000000 45.063927 40.204473 35.494691 31.000776 26.779301 22.875161 19.320352 16.133617 13.320901 10.876525 8.784887 7.022519 5.560289 4.365584 3.404299 2.642551 2.048041 1.591036 1.244997 0.986892 0.797230 0.659914 0.561942 0.493034 0.445226 0.412462 0.390220 0.375172 0.364901 0.357660 0.352187 0.347555 0.343061 0.338144 0.332328 0.325186 0.316318 0.305346 0.291918 0.275721 0.256502 0.234092 0.208428 0.179579 0.147758 0.113327 0.076791 0.038777 0.000000 
50.000000 45.076225 40.228879 35.530830 31.048111 26.837152 22.942737 19.396783 16.217984 13.412273 10.973984 8.887553 7.129571 5.670981 4.479249 3.520355 2.760501 2.167469 1.711598 1.366417 1.108947 0.919749 0.782761 0.685012 0.616243 0.568504 0.535746 0.513447 0.498269 0.487780 0.480208 0.474255 0.468945 0.463516 0.457331 0.449826 0.440469 0.428747 0.414158 0.396224 0.374513 0.348668 0.318442 0.283735 0.244628 0.201401 0.154547 0.104761 0.052913 0.000000 
50.000000 45.094271 40.264690 35.583859 31.117568 26.922040 23.041896 19.508934 16.341782 13.546349 11.116990 9.038201 7.286657 5.833407 4.646037 3.690652 2.933579 2.342714 1.888509 1.544586 1.288051 1.099533 0.963027 0.865607 0.797044 0.749410 0.716667 0.694290 0.678933 0.668138 0.660099 0.653466 0.647196 0.640436 0.632443 0.622521 0.609987 0.594156 0.574344 0.549882 0.520158 0.484652 0.442997 0.395028 0.340834 0.280793 0.215588 0.146200 0.073862 0.000000 
50.000000 45.119510 40.314775 35.658026 31.214711 27.040766 23.180581 19.665791 16.514927 13.733871 11.317004 9.248903 7.506363 6.060583 4.879315 3.928839 3.175654 2.587823 2.135946 1.793784 1.538557 1.350992 1.215163 1.118204 1.049934 1.002453 0.969737 0.947264 0.931672 0.920474 0.911815 0.904274 0.896715 0.888167 0.877733 0.864537 0.847684 0.826247 0.799278 0.765838 0.725046 0.676144 0.618578 0.552076 0.476727 0.393036 0.301953 0.204862 0.103529 0.000000 
50.000000 45.153778 40.382780 35.758727 31.346609 27.201969 23.368883 19.878767 16.750021 13.988484 11.588580 9.534991 7.804678 6.369041 5.196059 4.252249 3.504344 2.920632 2.471920 2.132149 1.878699 1.692429 1.557522 1.461194 1.393327 1.346061 1.313395 1.290810 1.274925 1.263216 1.253764 1.245057 1.235837 1.224972 1.211366 1.193897 1.171380 1.142557 1.106116 1.060735 1.005150 0.938256 0.859217 0.767591 0.663440 0.547426 0.420858 0.285687 0.144423 0.000000 
50.000000 45.199304 40.473125 35.892510 31.521838 27.416129 23.619047 20.161711 17.062349 14.326746 11.949377 9.915070 8.201002 6.778841 5.616868 4.681915 3.941027 3.362789 2.918280 2.581688 2.330601 2.146055 2.012375 1.916892 1.849567 1.802600 1.770020 1.747311 1.731076 1.718740 1.708307 1.698151 1.686855 1.673082 1.655473 1.632587 1.602854 1.564572 1.515932 1.455083 1.380226 1.289755 1.182418 1.057494 0.914975 0.755700 0.581450 0.394944 0.199733 0.000000 
50.000000 45.258693 40.590979 36.067028 31.750422 27.695500 23.945385 20.530812 17.469782 14.768010 12.420040 10.410888 8.718012 7.313434 6.165824 5.242425 4.510692 3.939596 3.500573 3.168129 2.920127 2.737833 2.605760 2.511385 2.444781 2.398220 2.365775 2.342942 2.326302 2.313224 2.301616 2.289710 2.275894 2.258572 2.236054 2.206486 2.167799 2.117708 2.053742 1.973331 1.873934 1.753235 1.609365 1.441171 1.248476 1.032306 0.795036 0.540414 0.273426 0.000000 
50.000000 45.334885 40.742182 36.290929 32.043688 28.053923 24.364066 21.004356 17.992508 15.334142 13.023892 11.047014 9.381330 7.999309 6.870129 5.961557 5.241571 4.679639 4.247657 3.920537 3.676496 3.497096 3.367091 3.274148 3.208482 3.162466 3.130228 3.107286 3.090198 3.076270 3.063297 3.049342 3.032555 3.011025 2.982652 2.945064 2.895560 2.831102 2.748351 2.643777 2.513828 2.355185 2.165085 1.941695 1.684507 1.394693 1.075356 0.731599 0.370362 0.000000 
50.000000 45.431094 40.933105 36.573648 32.413995 28.506506 24.892737 21.602306 18.652560 16.049005 13.786386 11.850263 10.218916 8.865383 7.759476 6.869628 6.164476 5.614119 5.191031 4.870637 4.631602 4.455861 4.328475 4.237353 4.172892 4.127592 4.095661 4.072646 4.055087 4.040222 4.025716 4.009438 3.989261 3.962894 3.927743 3.880807 3.818600 3.737132 3.631951 3.498266 3.331161 3.125927 2.878504 2.586010 2.247325 1.863646 1.438914 0.979984 0.496440 0.000000 
50.000000 45.550696 41.170452 36.925113 32.874344 29.069137 25.549960 22.345654 19.473114 16.937700 14.734297 12.848842 11.260184 9.942068 8.865096 7.998527 7.311820 6.775855 6.363825 6.051796 5.818988 5.647804 5.523686 5.434843 5.371904 5.327532 5.296039 5.273016 5.254995 5.239141 5.222983 5.204168 5.180253 5.148514 5.105780 5.048297 4.971633 4.870628 4.739428 4.571616 4.360467 4.099368 3.782398 3.405071 2.965186 2.463695 1.905416 1.299408 0.658807 0.000000 
50.000000 45.697096 41.460979 37.355327 33.437842 29.757837 26.354447 23.255566 20.477532 18.025531 15.894613 14.071182 12.534782 11.260022 10.218472 9.380403 8.716276 8.197931 7.799440 7.497656 7.272477 7.106878 6.986772 6.900739 6.839694 6.796504 6.765616 6.742689 6.724257 6.707419 6.689558 6.668090 6.640226 6.602758 6.551862 6.482923 6.390395 6.267720 6.107322 5.900733 5.638873 5.312553 4.913217 4.433954 3.870723 3.223682 2.498398 1.706607 0.866177 0.000000 
50.000000 45.873554 41.811155 37.873870 34.117033 30.587936 27.324108 24.352300 21.688178 19.336718 17.293172 15.544503 14.071094 12.848595 11.849743 11.046027 10.409120 9.912016 9.529848 9.240417 9.024440 8.865584 8.750329 8.667707 8.608980 8.567270 8.537197 8.514514 8.495777 8.478031 8.458521 8.434426 8.402597 8.359314 8.300045 8.219220 8.110038 7.964316 7.772428 7.523386 7.205109 6.804988 6.310789 5.711982 5.001469 4.177606 3.246215 2.222094 1.129351 0.000000 
50.000000 46.082981 42.226759 38.489299 34.923128 31.573136 28.474948 25.653957 23.125035 20.892904 18.953060 17.293125 15.894480 14.734011 13.785838 13.022898 12.418302 11.946412 11.583622 11.308857 11.103810 10.952968 10.843487 10.764940 10.709007 10.669121 10.640115 10.617875 10.599004 10.580517 10.559539 10.533028 10.497483 10.448669 10.381327 10.288882 10.163175 9.994216 9.770029 9.476623 9.098203 8.617719 8.017898 7.282898 6.400669 5.365961 4.183651 2.871630 1.462103 0.000000 
50.000000 46.327726 42.712448 39.208511 35.865159 32.724477 29.819864 27.175126 24.804205 22.711531 20.892880 19.336647 18.025379 16.937405 16.048462 15.333178 14.766345 14.323924 13.983786 13.726167 13.533900 13.392437 13.289725 13.215971 13.163351 13.125671 13.098029 13.076482 13.057721 13.038763 13.016652 12.988155 12.949463 12.895862 12.821397 12.718505 12.577643 12.386920 12.131784 11.794827 11.355813 10.792107 10.079700 9.195120 8.118488 6.837856 5.354579 3.688758 1.882746 0.000000 
50.000000 46.609346 43.271318 40.036090 36.949131 34.049298 31.367429 28.925503 26.736395 24.804193 23.124999 21.688099 20.477377 19.472825 18.652041 17.991599 17.468223 17.059718 16.745648 16.507766 16.330215 16.199558 16.104655 16.036451 15.987697 15.952638 15.926694 15.906144 15.887810 15.868762 15.846012 15.816204 15.775291 15.718172 15.638295 15.527214 15.374095 15.165194 14.883326 14.507406 14.012162 13.368221 12.542887 11.502045 10.213790 8.654336 6.816418 4.719258 2.417001 0.000000 
50.000000 46.928410 43.904493 40.973703 38.177228 35.550268 33.120761 30.908615 28.925497 27.175108 25.653918 24.352221 23.255418 22.345384 21.601826 21.003522 20.529385 20.159309 19.874781 19.659266 19.498398 19.379997 19.293966 19.232085 19.187768 19.155769 19.131889 19.112683 19.095162 19.076508 19.053774 19.023571 18.981730 18.922907 18.840139 18.724314 18.563559 18.342529 18.041619 17.636127 17.095470 16.382647 15.454319 14.262153 12.756442 10.893405 8.647535 6.029160 3.103443 0.000000 
50.000000 47.284322 44.610792 42.019598 39.547154 37.224583 35.076583 33.120758 31.367420 29.819845 28.474910 27.324035 26.354312 25.549717 24.892308 24.363322 23.944115 23.616911 23.365340 23.174783 23.032534 22.927822 22.851709 22.796919 22.757610 22.729117 22.707685 22.690204 22.673936 22.656247 22.634321 22.604853 22.563706 22.505501 22.423132 22.307174 22.145150 21.920645 21.612215 21.192104 20.624777 19.865405 18.858622 17.538297 15.829767 13.657135 10.959439 7.719529 4.004457 0.000000 
50.000000 47.675204 45.386490 43.168259 41.051686 39.063412 37.224582 35.550265 34.049290 32.724459 31.573101 30.587871 29.757719 29.068926 28.506135 28.053282 27.694407 27.414292 27.198923 27.035782 26.913992 26.824326 26.759130 26.712164 26.678414 26.653862 26.635263 26.619903 26.605360 26.589264 26.569033 26.541584 26.503000 26.448125 26.370066 26.259560 26.104171 25.887241 25.586540 25.172510 24.606014 23.835523 22.793836 21.394823 19.531708 17.080534 13.916322 9.954459 5.229828 0.000000 
50.000000 48.097853 46.225228 44.410272 42.678492 41.051685 39.547153 38.177225 36.949124 35.865144 34.923099 34.116979 33.437744 32.874170 32.413690 32.043161 31.749525 31.520330 31.344109 31.210619 31.110959 31.037577 30.984205 30.945734 30.918048 30.897846 30.882447 30.869594 30.857250 30.843389 30.825773 30.801689 30.767651 30.719018 30.649526 30.550658 30.410827 30.214262 29.939486 29.557200 29.027323 28.294807 27.283830 25.890024 23.971154 21.339247 17.764210 13.015198 6.992162 0.000000 
50.000000 48.547774 47.118087 45.732429 44.410272 43.168258 42.019597 40.973700 40.036084 39.208499 38.489277 37.873828 37.355252 36.924979 36.573415 36.290526 36.066342 35.891356 35.756813 35.654893 35.578798 35.522763 35.481998 35.452599 35.431417 35.415922 35.404052 35.394059 35.384353 35.373334 35.359209 35.339786 35.312216 35.272682 35.215979 35.134970 35.019832 34.857006 34.627698 34.305674 33.853947 33.219680 32.326173 31.060162 29.251938 26.646064 22.866215 17.404085 9.750893 0.000000 
50.000000 49.019305 48.053830 47.118087 46.225228 45.386489 44.610791 43.904491 43.271313 42.712440 42.226744 41.811127 41.460928 41.170361 40.932947 40.741909 40.590515 40.472344 40.381485 40.312655 40.261265 40.223418 40.195881 40.176013 40.161687 40.151187 40.143114 40.136275 40.129579 40.121916 40.112034 40.098390 40.078964 40.051031 40.010857 39.953280 39.871135 39.754424 39.589091 39.355146 39.023699 38.552065 37.875336 36.891265 35.432031 33.210030 29.714003 24.026915 14.628933 0.000000 
50.000000 49.505817 49.019305 48.547774 48.097853 47.675204 47.284321 46.928409 46.609344 46.327721 46.082974 45.873540 45.697070 45.550650 45.431014 45.334748 45.258458 45.198910 45.153125 45.118440 45.092543 45.073470 45.059591 45.049575 45.042349 45.037047 45.032961 45.029486 45.026068 45.022137 45.017051 45.010010 44.999966 44.985502 44.964661 44.934734 44.891935 44.830945 44.744218 44.620887 44.444984 44.192348 43.824969 43.279865 42.445377 41.105692 38.796882 34.390371 24.752909 0.000000 
50.000000 50.000000 50.000000 50.000000 50.000000 50.000000 50.000000 50.000000 50.000000 50.000000 50.000000 50.000000 50.000000 50.000000 50.000000 50.000000 50.000000 50.000000 50.000000 50.000000 50.000000 50.000000 50.000000 50.000000 50.000000 50.000000 50.000000 50.000000 50.000000 50.000000 50.000000 50.000000 50.000000 50.000000 50.000000 50.000000 50.000000 50.000000 50.000000 50.000000 50.000000 50.000000 50.000000 50.000000 50.000000 50.000000 50.000000 50.000000 50.000000 50.000000 
