50.000000 50.000000 50.000000 50.000000 50.000000 50.000000 50.000000 50.000000 50.000000 50.000000 50.000000 50.000000 50.000000 50.000000 50.000000 50.000000 50.000000 50.000000 50.000000 50.000000 50.000000 50.000000 50.000000 50.000000 50.000000 50.000000 50.000000 50.000000 50.000000 50.000000 50.000000 50.000000 50.000000 50.000000 50.000000 50.000000 50.000000 50.000000 50.000000 50.000000 50.000000 50.000000 50.000000 50.000000 50.000000 50.000000 50.000000 50.000000 50.000000 50.000000 
50.000000 49.774067 49.549737 49.328579 49.112095 48.901688 48.698637 48.504071 48.318954 48.144069 47.980013 47.827193 47.685830 47.555968 47.437481 47.330094 47.233394 47.146851 47.069837 47.001640 46.941483 46.888538 46.841935 46.800770 46.764108 46.730981 46.700378 46.671235 46.642409 46.612650 46.580559 46.544529 46.502671 46.452710 46.391841 46.316527 46.222207 46.102861 45.950349 45.753344 45.495580 45.152787 44.687061 44.035749 43.087755 41.628060 39.193742 34.657419 24.887186 0.000000 
50.000000 49.549749 49.102693 48.661959 48.230538 47.811229 47.406579 47.018840 46.649930 46.301412 45.974474 45.669928 45.388216 45.129424 44.893303 44.679304 44.486606 44.314155 44.160696 44.024815 43.904967 43.799503 43.706694 43.624745 43.551798 43.485933 43.425151 43.367346 43.310265 43.251448 43.188150 43.117230 43.035009 42.937073 42.818007 42.671024 42.487430 42.255849 41.961054 41.582148 41.089658 40.440683 39.570521 38.377574 36.695130 34.237139 30.494321 24.551988 14.892949 0.000000 
50.000000 49.328629 48.662022 48.004841 47.361549 46.736316 46.132941 45.554782 45.004701 44.485027 43.997532 43.543428 43.123373 42.737496 42.385430 42.066354 41.779047 41.521938 41.293163 41.090615 40.911995 40.754854 40.616623 40.494636 40.386145 40.288307 40.198173 40.112644 40.028417 39.941900 39.849103 39.745487 39.625765 39.483641 39.311452 39.099679 38.836261 38.505628 38.087274 37.553639 36.866885 35.973865 34.798173 33.227493 31.093727 28.143706 24.003985 18.169674 10.135842 0.000000 
50.000000 49.112223 48.230746 47.361734 46.511087 45.684322 44.886460 44.121943 43.394556 42.707377 42.062753 41.462285 40.906845 40.396605 39.931080 39.509189 39.129320 38.789399 38.486968 38.219248 37.983210 37.775628 37.593122 37.432193 37.289236 37.160534 37.042242 36.930336 36.820547 36.708259 36.588377 36.455147 36.301926 36.120872 35.902545 35.635358 35.304846 34.892647 34.375086 33.721165 32.889703 31.825255 30.452379 28.667916 26.331694 23.258640 19.222347 13.996339 7.485486 0.000000 
50.000000 48.901954 47.811700 46.736863 45.684742 44.662159 43.675327 42.729738 41.830073 40.980144 40.182851 39.440177 38.753202 38.122139 37.546394 37.024631 36.554862 36.134529 35.760600 35.429650 35.137949 34.881525 34.656228 34.457764 34.281720 34.123565 33.978625 33.842033 33.708656 33.572984 33.428981 33.269894 33.088008 32.874319 32.618127 32.306492 31.923537 31.449511 30.859563 30.122108 29.196701 28.031339 26.559268 24.695792 22.336582 19.361118 15.648788 11.120157 5.815940 0.000000 
50.000000 48.699122 47.407475 46.134094 44.887625 43.676152 42.507034 41.386779 40.320935 39.314016 38.369461 37.489619 36.675773 35.928179 35.246135 34.628065 34.071620 33.573781 33.130964 32.739132 32.393884 32.090545 31.824234 31.589915 31.382425 31.196479 31.026653 30.867331 30.712629 30.556282 30.391492 30.210736 30.005517 29.766057 29.480902 29.136438 28.716278 28.200494 27.564669 26.778751 25.805726 24.600223 23.107379 21.262674 18.994198 16.229921 12.913792 9.034484 4.665603 0.000000 
50.000000 48.504885 47.020381 45.556869 44.124289 42.731930 41.388253 40.100737 38.875759 37.718508 36.632938 35.621752 34.686426 33.827258 33.043446 32.333187 31.693790 31.121795 30.613102 30.163089 29.766728 29.418682 29.113390 28.845124 28.608034 28.396154 28.203391 28.023477 27.849894 27.675765 27.493709 27.295652 27.072599 26.814349 26.509153 26.143301 25.700630 25.161958 24.504431 23.700844 22.718998 21.521299 20.064947 18.303352 16.189781 13.684633 10.767709 7.455630 3.820641 0.000000 
50.000000 48.320243 46.652407 45.008158 43.398660 41.834352 40.324740 38.878228 37.501979 36.201828 34.982216 33.846184 32.795394 31.830184 30.949660 30.151806 29.433607 28.791192 28.219974 27.714786 27.270013 26.879702 26.537663 26.237537 25.972851 25.737029 25.523394 25.325123 25.135180 24.946213 24.750424 24.539392 24.303871 24.033545 23.716741 23.340105 22.888238 22.343318 21.684716 20.888697 19.928276 18.773448 17.392074 15.751864 13.824023 11.589142 9.045514 6.218943 3.170990 0.000000 
50.000000 48.146025 46.305208 44.490423 42.713997 40.987448 39.321271 37.724740 36.205765 34.770786 33.424708 32.170890 31.011169 29.945926 28.974180 28.093716 27.301219 26.592434 25.962322 25.405210 24.914937 24.484987 24.108593 23.778826 23.488650 23.230957 22.998566 22.784192 22.580390 22.379460 22.173332 21.953416 21.710422 21.434162 21.113321 20.735219 20.285567 19.748245 19.105135 18.336086 17.419095 16.330864 15.047944 13.548716 11.816472 9.843723 7.637485 5.224568 2.654873 0.000000 
50.000000 47.982885 45.980085 44.005611 42.072870 40.194398 38.381612 36.644605 34.991984 33.430756 31.966261 30.602158 29.340449 28.181555 27.124419 26.166638 25.304624 24.533766 23.848606 23.243005 22.710307 22.243478 21.835229 21.478117 21.164614 20.887145 20.638105 20.409833 20.194571 19.984383 19.771053 19.545963 19.299942 19.023109 18.704700 18.332908 17.894733 17.375883 16.760765 16.032610 15.173825 14.166682 12.994453 11.643133 10.103827 8.375723 6.469330 4.409216 2.235096 0.000000 
50.000000 47.831303 45.677997 43.555146 41.477166 39.457535 37.508530 35.641002 33.864206 32.185680 30.611166 29.144602 27.788147 26.542259 25.405811 24.376232 23.449681 22.621221 21.885012 21.234491 20.662548 20.161683 19.724141 19.342021 19.007362 18.712190 18.448547 18.208474 17.983985 17.766998 17.549257 17.322223 17.076961 16.804016 16.493293 16.133950 15.714332 15.221952 14.643576 13.965443 13.173682 12.254991 11.197653 9.992920 8.636764 7.131867 5.489542 3.731090 1.887941 0.000000 
50.000000 47.691591 45.399565 43.139957 40.928112 38.778378 36.703821 34.715996 32.824754 31.038120 29.362210 27.801220 26.357453 25.031405 23.821885 22.726170 21.740188 20.858707 20.075541 19.383744 18.775796 18.243780 17.779525 17.374729 17.021055 16.710192 16.433890 16.183962 15.952264 15.730645 15.510881 15.284595 15.043163 14.777627 14.478608 14.136252 13.740210 13.279676 12.743525 12.120564 11.399945 10.571786 9.628001 8.563373 7.376793 6.072556 4.661478 3.161518 1.597546 0.000000 
50.000000 47.563905 45.145101 42.760507 40.426321 38.157683 35.968385 33.870619 31.874786 29.989355 28.220785 26.573508 25.049959 23.650670 22.374394 21.218273 20.178025 19.248154 18.422161 17.692756 17.052057 16.491774 16.003369 15.578191 15.207581 14.882944 14.595796 14.337779 14.100646 13.876235 13.656412 13.433010 13.197760 12.942226 12.657752 12.335434 11.966135 11.540557 11.049390 10.483568 9.834644 9.095308 8.260057 7.325981 6.293632 5.167846 3.958378 2.680140 1.352853 0.000000 
50.000000 47.448261 44.914634 42.416843 39.971854 37.595527 35.302309 33.104973 31.014416 29.039510 27.187026 25.461608 23.865815 22.400211 21.063500 19.852702 18.763350 17.789713 16.925012 16.161653 15.491430 14.905728 14.395688 13.952357 13.566801 13.230192 12.933858 12.669315 12.428263 12.202567 11.984220 11.765294 11.537889 11.294089 11.025926 10.725377 10.384394 9.994985 9.549369 9.040202 8.460899 7.806061 7.071978 6.257211 5.363176 4.394668 3.360197 2.272038 1.145875 0.000000 
50.000000 47.344554 44.707956 42.108651 39.564296 37.091396 34.704986 32.418361 30.242859 28.187719 26.259987 24.464503 22.803934 21.278876 19.887990 18.628188 17.494842 16.482008 15.582667 14.788951 14.092375 13.484037 12.954803 12.495459 12.096843 11.749930 11.445907 11.176198 10.932483 10.706683 10.490938 10.277569 10.059039 9.827926 9.576897 9.298719 8.986294 8.632742 8.231537 7.776704 7.263087 6.686676 6.044993 5.337499 4.565990 3.734917 2.851557 1.925967 0.970661 0.000000 
50.000000 47.252579 44.524660 41.835326 39.202847 36.644301 34.175243 31.809431 29.558598 27.432303 25.437843 23.580227 21.862221 20.284448 18.845535 17.542300 16.369971 15.322423 14.392420 13.571863 12.852021 12.223745 11.677664 11.204347 10.794436 10.438752 10.128367 9.854648 9.609276 9.384246 9.171851 8.964656 8.755470 8.537321 8.303447 8.047306 7.762611 7.443406 7.084181 6.680037 6.226895 5.721748 5.162942 4.550465 3.886205 3.174140 2.420413 1.633245 0.822655 0.000000 
50.000000 47.172059 44.364191 41.596042 38.886414 36.252888 33.711477 31.276341 28.959560 26.770977 24.718103 22.806098 21.037817 19.413908 17.932965 16.591728 15.385300 14.307399 13.350604 12.506616 11.766493 11.120877 10.560194 10.074830 9.655269 9.292205 8.976624 8.699856 8.453600 8.229933 8.021298 7.820490 7.620632 7.415155 7.197796 6.962602 6.703967 6.416689 6.096072 5.738048 5.339343 4.897663 4.411898 3.882318 3.310741 2.700642 2.057165 1.387029 0.698294 0.000000 
50.000000 47.102666 44.225898 41.389824 38.613709 35.915566 33.311800 30.816922 28.443309 26.201047 24.097835 22.138964 20.327362 18.663701 17.146551 15.772580 14.536789 13.432761 12.452919 11.588791 10.831260 10.170790 9.597640 9.102043 8.674353 8.305165 7.985400 7.706367 7.459790 7.237830 7.033071 6.838517 6.647566 6.454002 6.251986 6.036058 5.801172 5.542735 5.256689 4.939602 4.588795 4.202477 3.779885 3.321421 2.828753 2.304870 1.754070 1.181856 0.594748 0.000000 
50.000000 47.044048 44.109079 41.215628 38.383350 35.630623 32.974186 30.428843 28.007224 25.719621 23.573890 21.575434 19.727244 18.030011 16.482285 15.080678 13.820102 12.694027 11.694748 10.813650 10.041468 9.368521 8.784929 8.280802 7.846388 7.472206 7.149128 6.868452 6.621935 6.401812 6.200797 6.012074 5.829281 5.646497 5.458234 5.259442 5.045520 4.812361 4.556399 4.274684 3.964970 3.625815 3.256674 2.857987 2.431243 1.978999 1.504848 1.013325 0.509749 0.000000 
50.000000 46.995853 44.013031 41.072405 38.193951 35.396346 32.696604 30.109770 27.648682 25.323801 23.143114 21.112113 19.233845 17.509016 15.936158 14.511838 13.230897 12.086714 11.071477 10.176457 9.392269 8.709113 8.117001 7.605941 7.166103 6.787942 6.462298 6.180464 5.934229 5.715896 5.518289 5.334743 5.159096 4.985667 4.809255 4.625132 4.429053 4.217282 3.986629 3.734501 3.458965 3.158815 2.833638 2.483865 2.110805 1.716649 1.304421 0.877900 0.441481 0.000000 
50.000000 46.957750 43.937096 40.959173 38.044212 35.211126 32.477147 29.857511 27.365219 25.010867 22.802544 20.745817 18.843771 17.097128 15.504406 14.062136 12.765103 11.606616 10.578778 9.672772 8.879117 8.187924 7.589119 7.072633 6.628574 6.247352 5.919784 5.637163 5.391304 5.174569 4.979870 4.800665 4.630949 4.465233 4.298535 4.126377 3.944783 3.750296 3.540004 3.311571 3.063284 2.794096 2.503668 2.192400 1.861445 1.512693 1.148734 0.772770 0.388506 0.000000 
50.000000 46.929449 43.880695 40.875069 37.932992 35.073554 32.314145 29.670145 27.154678 24.778436 22.549589 20.473753 18.554049 16.791205 15.183732 13.728134 12.419155 11.250049 10.212862 9.298707 8.498037 7.800895 7.197144 6.676661 6.229507 5.846061 5.517125 5.233994 4.988504 4.773062 4.580647 4.404811 4.239663 4.079855 3.920570 3.757507 3.586885 3.405445 3.210469 2.999801 2.771875 2.525745 2.261114 1.978344 1.678463 1.363141 1.034645 0.695765 0.349713 0.000000 
50.000000 46.910717 43.843364 40.819404 37.859380 34.982500 32.206260 29.546135 27.015328 24.624600 22.382168 20.293686 18.362294 16.588729 14.971495 13.507077 12.190193 11.014064 9.970693 9.051150 8.245845 7.544775 6.937763 6.414649 5.965466 5.580573 5.250761 4.967327 4.722125 4.507589 4.316745 4.143206 3.981158 3.825347 3.671059 3.514113 3.350851 3.178144 2.993394 2.794558 2.580162 2.349319 2.101752 1.837794 1.558386 1.265051 0.959846 0.645295 0.324294 0.000000 
50.000000 46.901393 43.824782 40.791695 37.822738 34.937176 32.152558 29.484406 26.945964 24.548024 22.298830 20.204053 18.266844 16.487943 14.865849 13.397042 12.076225 10.896600 9.850152 8.927930 8.120319 7.417297 6.808665 6.284246 5.834059 5.448453 5.118214 4.834640 4.589594 4.375524 4.185480 4.013105 3.852624 3.698827 3.547054 3.393181 3.233612 3.065279 2.885646 2.692722 2.485075 2.261849 2.022773 1.768164 1.498919 1.216487 0.922823 0.620318 0.311715 0.000000 
50.000000 46.901393 43.824782 40.791695 37.822738 34.937176 32.152558 29.484406 26.945964 24.548024 22.298830 20.204053 18.266844 16.487943 14.865849 13.397042 12.076225 10.896600 9.850152 8.927930 8.120319 7.417297 6.808665 6.284246 5.834059 5.448453 5.118214 4.834640 4.589594 4.375524 4.185480 4.013105 3.852624 3.698827 3.547054 3.393181 3.233612 3.065279 2.885646 2.692722 2.485075 2.261849 2.022773 1.768164 1.498919 1.216487 0.922823 0.620318 0.311715 0.000000 
50.000000 46.910717 43.843364 40.819404 37.859380 34.982500 32.206260 29.546135 27.015328 24.624600 22.382168 20.293686 18.362294 16.588729 14.971495 13.507077 12.190193 11.014064 9.970693 9.051150 8.245845 7.544775 6.937763 6.414649 5.965466 5.580573 5.250761 4.967327 4.722125 4.507589 4.316745 4.143206 3.981158 3.825347 3.671059 3.514113 3.350851 3.178144 2.993394 2.794558 2.580162 2.349319 2.101752 1.837794 1.558386 1.265051 0.959846 0.645295 0.324294 0.000000 
50.000000 46.929449 43.880695 40.875069 37.932992 35.073554 32.314145 29.670145 27.154678 24.778436 22.549589 20.473753 18.554049 16.791205 15.183732 13.728134 12.419155 11.250049 10.212862 9.298707 8.498037 7.800895 7.197144 6.676661 6.229507 5.846061 5.517125 5.233994 4.988504 4.773062 4.580647 4.404811 4.239663 4.079855 3.920570 3.757507 3.586885 3.405445 3.210469 2.999801 2.771875 2.525745 2.261114 1.978344 1.678463 1.363141 1.034645 0.695765 0.349713 0.000000 
50.000000 46.957750 43.937096 40.959173 38.044212 35.211126 32.477147 29.857511 27.365219 25.010867 22.802544 20.745817 18.843771 17.097128 15.504406 14.062136 12.765103 11.606616 10.578778 9.672772 8.879117 8.187924 7.589119 7.072633 6.628574 6.247352 5.919784 5.637163 5.391304 5.174569 4.979870 4.800665 4.630949 4.465233 4.298535 4.126377 3.944783 3.750296 3.540004 3.311571 3.063284 2.794096 2.503668 2.192400 1.861445 1.512693 1.148734 0.772770 0.388506 0.000000 
50.000000 46.995853 44.013031 41.072405 38.193951 35.396346 32.696604 30.109770 27.648682 25.323801 23.143114 21.112113 19.233845 17.509016 15.936158 14.511838 13.230897 12.086714 11.071477 10.176457 9.392269 8.709113 8.117001 7.605941 7.166103 6.787942 6.462298 6.180464 5.934229 5.715896 5.518289 5.334743 5.159096 4.985667 4.809255 4.625132 4.429053 4.217282 3.986629 3.734501 3.458965 3.158815 2.833638 2.483865 2.110805 1.716649 1.304421 0.877900 0.441481 0.000000 
50.000000 47.044048 44.109079 41.215628 38.383350 35.630623 32.974186 30.428843 28.007224 25.719621 23.573890 21.575434 19.727244 18.030011 16.482285 15.080678 13.820102 12.694027 11.694748 10.813650 10.041468 9.368521 8.784929 8.280802 7.846388 7.472206 7.149128 6.868452 6.621935 6.401812 6.200797 6.012074 5.829281 5.646497 5.458234 5.259442 5.045520 4.812361 4.556399 4.274684 3.964970 3.625815 3.256674 2.857987 2.431243 1.978999 1.504848 1.013325 0.509749 0.000000 
50.000000 47.102666 44.225898 41.389824 38.613709 35.915566 33.311800 30.816922 28.443309 26.201047 24.097835 22.138964 20.327362 18.663701 17.146551 15.772580 14.536789 13.432761 12.452919 11.588791 10.831260 10.170790 9.597640 9.102043 8.674353 8.305165 7.985400 7.706367 7.459790 7.237830 7.033071 6.838517 6.647566 6.454002 6.251986 6.036058 5.801172 5.542735 5.256689 4.939602 4.588795 4.202477 3.779885 3.321421 2.828753 2.304870 1.754070 1.181856 0.594748 0.000000 
50.000000 47.172059 44.364191 41.596042 38.886414 36.252888 33.711477 31.276341 28.959560 26.770977 24.718103 22.806098 21.037817 19.413908 17.932965 16.591728 15.385300 14.307399 13.350604 12.506616 11.766493 11.120877 10.560194 10.074830 9.655269 9.292205 8.976624 8.699856 8.453600 8.229933 8.021298 7.820490 7.620632 7.415155 7.197796 6.962602 6.703967 6.416689 6.096072 5.738048 5.339343 4.897663 4.411898 3.882318 3.310741 2.700642 2.057165 1.387029 0.698294 0.000000 
50.000000 47.252579 44.524660 41.835326 39.202847 36.644301 34.175243 31.809431 29.558598 27.432303 25.437843 23.580227 21.862221 20.284448 18.845535 17.542300 16.369971 15.322423 14.392420 13.571863 12.852021 12.223745 11.677664 11.204347 10.794436 10.438752 10.128367 9.854648 9.609276 9.384246 9.171851 8.964656 8.755470 8.537321 8.303447 8.047306 7.762611 7.443406 7.084181 6.680037 6.226895 5.721748 5.162942 4.550465 3.886205 3.174140 2.420413 1.633245 0.822655 0.000000 
50.000000 47.344554 44.707956 42.108651 39.564296 37.091396 34.704986 32.418361 30.242859 28.187719 26.259987 24.464503 22.803934 21.278876 19.887990 18.628188 17.494842 16.482008 15.582667 14.788951 14.092375 13.484037 12.954803 12.495459 12.096843 11.749930 11.445907 11.176198 10.932483 10.706683 10.490938 10.277569 10.059039 9.827926 9.576897 9.298719 8.986294 8.632742 8.231537 7.776704 7.263087 6.686676 6.044993 5.337499 4.565990 3.734917 2.851557 1.925967 0.970661 0.000000 
50.000000 47.448261 44.914634 42.416843 39.971854 37.595527 35.302309 33.104973 31.014416 29.039510 27.187026 25.461608 23.865815 22.400211 21.063500 19.852702 18.763350 17.789713 16.925012 16.161653 15.491430 14.905728 14.395688 13.952357 13.566801 13.230192 12.933858 12.669315 12.428263 12.202567 11.984220 11.765294 11.537889 11.294089 11.025926 10.725377 10.384394 9.994985 9.549369 9.040202 8.460899 7.806061 7.071978 6.257211 5.363176 4.394668 3.360197 2.272038 1.145875 0.000000 
50.000000 47.563905 45.145101 42.760507 40.426321 38.157683 35.968385 33.870619 31.874786 29.989355 28.220785 26.573508 25.049959 23.650670 22.374394 21.218273 20.178025 19.248154 18.422161 17.692756 17.052057 16.491774 16.003369 15.578191 15.207581 14.882944 14.595796 14.337779 14.100646 13.876235 13.656412 13.433010 13.197760 12.942226 12.657752 12.335434 11.966135 11.540557 11.049390 10.483568 9.834644 9.095308 8.260057 7.325981 6.293632 5.167846 3.958378 2.680140 1.352853 0.000000 
50.000000 47.691591 45.399565 43.139957 40.928112 38.778378 36.703821 34.715996 32.824754 31.038120 29.362210 27.801220 26.357453 25.031405 23.821885 22.726170 21.740188 20.858707 20.075541 19.383744 18.775796 18.243780 17.779525 17.374729 17.021055 16.710192 16.433890 16.183962 15.952264 15.730645 15.510881 15.284595 15.043163 14.777627 14.478608 14.136252 13.740210 13.279676 12.743525 12.120564 11.399945 10.571786 9.628001 8.563373 7.376793 6.072556 4.661478 3.161518 1.597546 0.000000 
50.000000 47.831303 45.677997 43.555146 41.477166 39.457535 37.508530 35.641002 33.864206 32.185680 30.611166 29.144602 27.788147 26.542259 25.405811 24.376232 23.449681 22.621221 21.885012 21.234491 20.662548 20.161683 19.724141 19.342021 19.007362 18.712190 18.448547 18.208474 17.983985 17.766998 17.549257 17.322223 17.076961 16.804016 16.493293 16.133950 15.714332 15.221952 14.643576 13.965443 13.173682 12.254991 11.197653 9.992920 8.636764 7.131867 5.489542 3.731090 1.887941 0.000000 
50.000000 47.982885 45.980085 44.005611 42.072870 40.194398 38.381612 36.644605 34.991984 33.430756 31.966261 30.602158 29.340449 28.181555 27.124419 26.166638 25.304624 24.533766 23.848606 23.243005 22.710307 22.243478 21.835229 21.478117 21.164614 20.887145 20.638105 20.409833 20.194571 19.984383 19.771053 19.545963 19.299942 19.023109 18.704700 18.332908 17.894733 17.375883 16.760765 16.032610 15.173825 14.166682 12.994453 11.643133 10.103827 8.375723 6.469330 4.409216 2.235096 0.000000 
50.000000 48.146025 46.305208 44.490423 42.713997 40.987448 39.321271 37.724740 36.205765 34.770786 33.424708 32.170890 31.011169 29.945926 28.974180 28.093716 27.301219 26.592434 25.962322 25.405210 24.914937 24.484987 24.108593 23.778826 23.488650 23.230957 22.998566 22.784192 22.580390 22.379460 22.173332 21.953416 21.710422 21.434162 21.113321 20.735219 20.285567 19.748245 19.105135 18.336086 17.419095 16.330864 15.047944 13.548716 11.816472 9.843723 7.637485 5.224568 2.654873 0.000000 
50.000000 48.320243 46.652407 45.008158 43.398660 41.834352 40.324740 38.878228 37.501979 36.201828 34.982216 33.846184 32.795394 31.830184 30.949660 30.151806 29.433607 28.791192 28.219974 27.714786 27.270013 26.879702 26.537663 26.237537 25.972851 25.737029 25.523394 25.325123 25.135180 24.946213 24.750424 24.539392 24.303871 24.033545 23.716741 23.340105 22.888238 22.343318 21.684716 20.888697 19.928276 18.773448 17.392074 15.751864 13.824023 11.589142 9.045514 6.218943 3.170990 0.000000 
50.000000 48.504885 47.020381 45.556869 44.124289 42.731930 41.388253 40.100737 38.875759 37.718508 36.632938 35.621752 34.686426 33.827258 33.043446 32.333187 31.693790 31.121795 30.613102 30.163089 29.766728 29.418682 29.113390 28.845124 28.608034 28.396154 28.203391 28.023477 27.849894 27.675765 27.493709 27.295652 27.072599 26.814349 26.509153 26.143301 25.700630 25.161958 24.504431 23.700844 22.718998 21.521299 20.064947 18.303352 16.189781 13.684633 10.767709 7.455630 3.820641 0.000000 
50.000000 48.699122 47.407475 46.134094 44.887625 43.676152 42.507034 41.386779 40.320935 39.314016 38.369461 37.489619 36.675773 35.928179 35.246135 34.628065 34.071620 33.573781 33.130964 32.739132 32.393884 32.090545 31.824234 31.589915 31.382425 31.196479 31.026653 30.867331 30.712629 30.556282 30.391492 30.210736 30.005517 29.766057 29.480902 29.136438 28.716278 28.200494 27.564669 26.778751 25.805726 24.600223 23.107379 21.262674 18.994198 16.229921 12.913792 9.034484 4.665603 0.000000 
50.000000 48.901954 47.811700 46.736863 45.684742 44.662159 43.675327 42.729738 41.830073 40.980144 40.182851 39.440177 38.753202 38.122139 37.546394 37.024631 36.554862 36.134529 35.760600 35.429650 35.137949 34.881525 34.656228 34.457764 34.281720 34.123565 33.978625 33.842033 33.708656 33.572984 33.428981 33.269894 33.088008 32.874319 32.618127 32.306492 31.923537 31.449511 30.859563 30.122108 29.196701 28.031339 26.559268 24.695792 22.336582 19.361118 15.648788 11.120157 5.815940 0.000000 
50.000000 49.112223 48.230746 47.361734 46.511087 45.684322 44.886460 44.121943 43.394556 42.707377 42.062753 41.462285 40.906845 40.396605 39.931080 39.509189 39.129320 38.789399 38.486968 38.219248 37.983210 37.775628 37.593122 37.432193 37.289236 37.160534 37.042242 36.930336 36.820547 36.708259 36.588377 36.455147 36.301926 36.120872 35.902545 35.635358 35.304846 34.892647 34.375086 33.721165 32.889703 31.825255 30.452379 28.667916 26.331694 23.258640 19.222347 13.996339 7.485486 0.000000 
50.000000 49.328629 48.662022 48.004841 47.361549 46.736316 46.132941 45.554782 45.004701 44.485027 43.997532 43.543428 43.123373 42.737496 42.385430 42.066354 41.779047 41.521938 41.293163 41.090615 40.911995 40.754854 40.616623 40.494636 40.386145 40.288307 40.198173 40.112644 40.028417 39.941900 39.849103 39.745487 39.625765 39.483641 39.311452 39.099679 38.836261 38.505628 38.087274 37.553639 36.866885 35.973865 34.798173 33.227493 31.093727 28.143706 24.003985 18.169674 10.135842 0.000000 
50.000000 49.549749 49.102693 48.661959 48.230538 47.811229 47.406579 47.018840 46.649930 46.301412 45.974474 45.669928 45.388216 45.129424 44.893303 44.679304 44.486606 44.314155 44.160696 44.024815 43.904967 43.799503 43.706694 43.624745 43.551798 43.485933 43.425151 43.367346 43.310265 43.251448 43.188150 43.117230 43.035009 42.937073 42.818007 42.671024 42.487430 42.255849 41.961054 41.582148 41.089658 40.440683 39.570521 38.377574 36.695130 34.237139 30.494321 24.551988 14.892949 0.000000 
50.000000 49.774067 49.549737 49.328579 49.112095 48.901688 48.698637 48.504071 48.318954 48.144069 47.980013 47.827193 47.685830 47.555968 47.437481 47.330094 47.233394 47.146851 47.069837 47.001640 46.941483 46.888538 46.841935 46.800770 46.764108 46.730981 46.700378 46.671235 46.642409 46.612650 46.580559 46.544529 46.502671 46.452710 46.391841 46.316527 46.222207 46.102861 45.950349 45.753344 45.495580 45.152787 44.687061 44.035749 43.087755 41.628060 39.193742 34.657419 24.887186 0.000000 
50.000000 50.000000 50.000000 50.000000 50.000000 50.000000 50.000000 50.000000 50.000000 50.000000 50.000000 50.000000 50.000000 50.000000 50.000000 50.000000 50.000000 50.000000 50.000000 50.000000 50.000000 50.000000 50.000000 50.000000 50.000000 50.000000 50.000000 50.000000 50.000000 50.000000 50.000000 50.000000 50.000000 50.000000 50.000000 50.000000 50.000000 50.000000 50.000000 50.000000 50.000000 50.000000 50.000000 50.000000 50.000000 50.000000 50.000000 50.000000 50.000000 50.000000 
