50.000000 50.000000 50.000000 50.000000 50.000000 50.000000 50.000000 50.000000 50.000000 50.000000 50.000000 50.000000 50.000000 50.000000 50.000000 50.000000 50.000000 50.000000 50.000000 50.000000 50.000000 50.000000 50.000000 50.000000 50.000000 50.000000 50.000000 50.000000 50.000000 50.000000 50.000000 50.000000 50.000000 50.000000 50.000000 50.000000 50.000000 50.000000 50.000000 50.000000 50.000000 50.000000 50.000000 50.000000 50.000000 50.000000 50.000000 50.000000 50.000000 50.000000 
50.000000 49.819944 49.640906 49.463885 49.289846 49.119704 48.954307 48.794425 48.640739 48.493829 48.354174 48.222139 48.097981 47.981846 47.873771 47.773690 47.681437 47.596753 47.519296 47.448639 47.384288 47.325677 47.272177 47.223096 47.177680 47.135106 47.094476 47.054803 47.014992 46.973811 46.929854 46.881490 46.826790 46.763428 46.688542 46.598539 46.488806 46.353280 46.183784 45.968973 45.692576 45.330339 44.844385 44.172113 43.202494 41.720592 39.263582 34.704192 24.910637 0.000000 
50.000000 49.640941 49.283911 48.930903 48.583843 48.244553 47.914726 47.595898 47.289426 46.996468 46.717976 46.454682 46.207098 45.975515 45.760008 45.560445 45.376497 45.207650 45.053219 44.912361 44.784090 44.667281 44.560686 44.462931 44.372520 44.287824 44.207064 44.128292 44.049348 43.967810 43.880920 43.785488 43.677753 43.553202 43.406308 43.230172 43.015996 42.752315 42.423834 42.009615 41.480178 40.792647 39.882383 38.647884 36.922570 34.420557 30.632758 24.644701 14.939434 0.000000 
50.000000 49.464026 48.931081 48.404140 47.886078 47.379615 46.887279 46.411362 45.953889 45.516592 45.100890 44.707877 44.338319 43.992650 43.670986 43.373129 43.098593 42.846612 42.616170 42.406013 42.214674 42.040486 41.881596 41.735970 41.601393 41.475460 41.355550 41.238800 41.122044 41.001749 40.873907 40.733903 40.576333 40.394752 40.181329 39.926380 39.617689 39.239551 38.771359 38.185494 37.444103 36.494076 35.259098 33.626995 31.429864 28.414778 24.208577 18.306692 10.204539 0.000000 
50.000000 49.290204 48.584420 47.886588 47.200514 46.529803 45.877801 45.247545 44.641716 44.062610 43.512107 42.991657 42.502274 42.044538 41.618602 41.224212 40.860725 40.527135 40.222101 39.943975 39.690827 39.460465 39.250456 39.058134 38.880602 38.714718 38.557077 38.403963 38.251293 38.094525 37.928543 37.747497 37.544586 37.311772 37.039397 36.715655 36.325873 35.851515 35.268769 34.546557 33.643678 32.504733 31.054394 29.189688 26.770695 23.612658 19.489538 14.175277 7.575202 0.000000 
50.000000 49.120435 48.245840 47.381101 46.530934 45.699805 44.891862 44.110868 43.360149 42.642548 41.960397 41.315496 40.709105 40.141943 39.614207 39.125585 38.675288 38.262080 37.884311 37.539954 37.226634 36.941663 36.682058 36.444557 36.225622 36.021435 35.827862 35.640423 35.454213 35.263816 35.063174 34.845414 34.602628 34.325571 34.003275 33.622529 33.167200 32.617320 31.947870 31.127161 30.114722 28.858599 27.292177 25.330982 22.870989 19.792060 15.974030 11.337969 5.925145 0.000000 
50.000000 48.955617 47.917136 46.890359 45.880884 44.894018 43.934685 43.007356 42.115979 41.263933 40.453989 39.688287 38.968325 38.294965 37.668443 37.088400 36.553906 36.063508 35.615263 35.206784 34.835280 34.497593 34.190226 33.909364 33.650880 33.410334 33.182946 32.963555 32.746551 32.525783 32.294427 32.044823 31.768246 31.454635 31.092220 30.667068 30.162489 29.558295 28.829870 27.947037 26.872741 25.561669 23.959112 22.000804 19.615184 16.730661 13.291702 9.287562 4.792488 0.000000 
50.000000 48.796579 47.599961 46.416828 45.253636 44.116497 43.011089 41.942562 40.915468 39.933704 39.000466 38.118221 37.288703 36.512908 35.791118 35.122928 34.507282 33.942519 33.426423 32.956272 32.528884 32.140665 31.787642 31.465492 31.169557 30.894840 30.635990 30.387264 30.142461 29.894837 29.636986 29.360676 29.056657 28.714404 28.321808 27.864790 27.326845 26.688488 25.926634 25.013929 23.918123 22.601679 21.021965 19.132668 16.887443 14.247177 11.192249 7.739929 3.963176 0.000000 
50.000000 48.644073 47.295810 45.962744 44.652148 43.370910 42.125428 40.921508 39.764280 38.658138 37.606685 36.612707 35.678162 34.804182 33.991093 33.238450 32.545081 31.909135 31.328141 30.799064 30.318364 29.882044 29.485698 29.124544 28.793447 28.486922 28.199127 27.923829 27.654353 27.383500 27.103444 26.805595 26.480422 26.117249 25.704001 25.226914 24.670200 24.015700 23.242521 22.326754 21.241351 19.956359 18.439815 16.659725 14.587712 12.204895 9.510191 6.530113 3.326995 0.000000 
50.000000 48.498761 47.006009 45.530084 44.079039 42.660503 41.281561 39.948641 38.667428 37.442789 36.278716 35.178302 34.143719 33.176230 32.276208 31.443176 30.675853 29.972214 29.329555 28.744555 28.213344 27.731560 27.294406 26.896691 26.532858 26.197001 25.882864 25.583817 25.292813 25.002327 24.704265 24.389850 24.049486 23.672591 23.247410 22.760812 22.198081 21.542721 20.776320 19.878530 18.827267 17.599279 16.171294 14.522004 12.635137 10.503764 8.135562 5.558093 2.822083 0.000000 
50.000000 48.361219 46.731703 45.120558 43.536575 41.988085 40.482822 39.027807 37.629248 36.292460 35.021809 33.820674 32.691437 31.635484 30.653237 29.744192 28.906971 28.139394 27.438540 26.800831 26.222097 25.697648 25.222339 24.790615 24.396556 24.033898 23.696042 23.376042 23.066581 22.759913 22.447805 22.121441 21.771320 21.387137 20.957656 20.470581 19.912447 19.268554 18.522982 17.658740 16.658138 15.503483 14.178220 12.668661 10.966361 9.071086 6.994036 4.760561 2.411236 0.000000 
50.000000 48.231929 46.473855 44.735605 43.026663 41.356018 39.732018 38.162241 36.653386 35.211192 33.840376 32.544589 31.326410 30.187347 29.127868 28.147448 27.244627 26.417078 25.661692 24.974656 24.351531 23.787337 23.276618 22.813506 22.391767 22.004838 21.645843 21.307598 20.982592 20.662957 20.340420 20.006237 19.651125 19.265180 18.837802 18.357627 17.812500 17.189493 16.475018 15.655066 14.715647 13.643483 12.427021 11.057829 9.532337 7.853812 6.034275 4.095831 2.070793 0.000000 
50.000000 48.111286 46.233252 44.376396 42.550852 40.766226 39.031434 37.354574 35.742809 34.202272 32.738007 31.353922 30.052782 28.836210 27.704722 26.657776 25.693837 24.810455 24.004348 23.271492 22.607214 22.006273 21.462945 20.971090 20.524210 20.115495 19.737853 19.383921 19.046068 18.716374 18.386606 18.048176 17.692095 17.308932 16.888777 16.421223 15.895392 15.300005 14.623553 13.854570 12.982072 11.996178 10.888960 9.655508 8.295165 6.812820 5.219998 3.535475 1.785012 0.000000 
50.000000 47.999595 46.010504 44.043846 42.110356 40.220209 38.382851 36.606863 34.899833 33.268264 31.717502 30.251696 28.873782 27.585494 26.387395 25.278931 24.258503 23.323550 22.470637 21.695559 20.993430 20.358787 19.785670 19.267709 18.798184 18.370087 17.976158 17.608911 17.260647 16.923455 16.589196 16.249489 15.895687 15.518863 15.109803 14.659024 14.156831 13.593426 12.959087 12.244452 11.440912 10.541143 9.539781 8.434212 7.225433 5.918866 4.524976 3.059487 1.543016 0.000000 
50.000000 47.897086 45.806066 43.738631 41.706069 39.719076 37.787587 35.920623 34.126167 32.411059 30.780926 29.240136 27.791789 26.437717 25.178531 24.013670 22.941481 21.959304 21.063573 20.249919 19.513278 18.847988 18.247892 17.706423 17.216680 16.771495 16.363482 15.985077 15.628556 15.286055 14.949568 14.610951 14.261917 13.894041 13.498776 13.067497 12.591572 12.062483 11.472012 10.812493 10.077158 9.260571 8.359144 7.371718 6.300139 5.149775 3.929835 2.653401 1.337044 0.000000 
50.000000 47.803910 45.620243 43.461209 41.338597 39.263580 37.246534 35.296885 33.422971 31.631942 29.929678 28.320753 26.808410 25.394580 24.079914 22.863850 21.744687 20.719683 19.785157 18.936599 18.168788 17.475896 16.851594 16.289153 15.781525 15.321416 14.901350 14.513715 14.150796 13.804802 13.467882 13.132139 12.789641 12.432443 12.052618 11.642308 11.193809 10.699689 10.152963 9.547311 8.877369 8.139070 7.330036 6.449987 5.501132 4.488479 3.419986 2.306500 1.161407 0.000000 
50.000000 47.720160 45.453219 43.211852 41.008300 38.854164 36.760220 34.736254 32.790927 30.931664 29.164580 27.494428 25.924587 24.457071 23.092577 21.830540 20.669221 19.605806 18.636516 17.756722 16.961066 16.243580 15.597793 15.016840 14.493553 14.020545 13.590274 13.195107 12.827357 12.479323 12.143317 11.811684 11.476833 11.131259 10.767588 10.378637 9.957493 9.497626 8.993046 8.438485 7.829634 7.163406 6.438226 5.654318 4.813961 3.921668 2.984244 2.010677 1.011841 0.000000 
50.000000 47.645874 45.305067 42.990671 40.715327 38.491015 36.328863 34.238981 32.230316 30.310539 28.485969 26.761523 25.140698 23.625590 22.216930 20.914157 19.715500 18.618085 17.618049 16.710662 15.890452 15.151331 14.486712 13.889618 13.352787 12.868758 12.429949 12.028720 11.657428 11.308468 10.974310 10.647532 10.320850 9.987155 9.639559 9.271452 8.876585 8.449165 7.983993 7.476612 6.923495 6.322247 5.671814 4.972679 4.227029 3.438847 2.613917 1.759701 0.885087 0.000000 
50.000000 47.581047 45.175781 42.797656 40.459662 38.174111 35.952440 33.805039 31.741105 29.768526 27.893799 26.121984 24.456684 22.900063 21.452888 20.114601 18.883405 17.756377 16.729582 15.798208 14.956686 14.198831 13.517957 12.907000 12.358623 11.865311 11.419456 11.013424 10.639622 10.290539 9.958795 9.637177 9.318676 8.996528 8.664257 8.315738 7.945262 7.547631 7.118264 6.653323 6.149856 5.605947 5.020868 4.395210 3.730986 3.031672 2.302175 1.548719 0.778623 0.000000 
50.000000 47.525645 45.065293 42.632704 40.241170 37.903284 35.630749 33.434194 31.323031 29.305331 27.387746 25.575458 23.872161 22.280079 20.800010 19.431399 18.172429 17.020137 15.970531 15.018727 14.159082 13.385326 12.690699 12.068065 11.510029 11.009037 10.557466 10.147696 9.772182 9.423504 9.094415 8.777887 8.467148 8.155722 7.837480 7.506691 7.158085 6.786931 6.389126 5.961295 5.500903 5.006361 4.477139 3.913846 3.318290 2.693490 2.043625 1.373924 0.690478 0.000000 
50.000000 47.479615 44.973494 42.495655 40.059637 37.678270 35.363476 33.126084 30.975683 28.920498 26.967310 25.121402 23.386545 21.765011 20.257627 18.863841 17.581821 16.408571 15.340053 14.371327 13.496687 12.709802 12.003848 11.371634 10.805723 10.298532 9.842430 9.429815 9.053187 8.705205 8.378739 8.066914 7.763156 7.461228 7.155279 6.839893 6.510144 6.161661 5.790704 5.394241 4.970031 4.516708 4.033851 3.522041 2.982886 2.419014 1.834014 1.232333 0.619115 0.000000 
50.000000 47.442894 44.900259 42.386322 39.914816 37.498762 35.150256 32.880286 30.698584 28.613497 26.631909 24.759185 22.999155 21.354134 19.824969 18.411112 17.110721 15.920772 14.837194 13.855002 12.968444 12.171139 11.456214 10.816440 10.244346 9.732330 9.272758 8.858045 8.480730 8.133540 7.809437 7.501673 7.203828 6.909854 6.614118 6.311443 5.997167 5.667189 5.318033 4.946914 4.551798 4.131461 3.685542 3.214573 2.719987 2.204094 1.670025 1.121631 0.563342 0.000000 
50.000000 47.415418 44.845465 42.304517 39.806460 37.364453 34.990723 32.696380 30.491259 28.383801 26.380966 24.488180 22.709319 21.046729 19.501274 18.072408 16.758280 15.555851 14.461021 13.468775 12.573325 11.768255 11.046658 10.401276 9.824614 9.309059 8.846975 8.430793 8.053084 7.706623 7.384446 7.079898 6.786675 6.498870 6.211005 5.918083 5.615625 5.299724 4.967091 4.615108 4.241880 3.846272 3.427952 2.987401 2.525913 2.045560 1.549137 1.040062 0.522259 0.000000 
50.000000 47.397135 44.809002 42.250081 39.734355 37.275077 34.884563 32.574000 30.353296 28.230952 26.213979 24.307844 22.516454 20.842176 19.285882 17.847033 16.523769 15.313041 14.210731 13.211805 12.310450 11.500228 10.774211 10.125120 9.545447 9.027571 8.563857 8.146745 7.768829 7.422919 7.102098 6.799774 6.509722 6.226122 5.943604 5.657283 5.362802 5.056376 4.734834 4.395664 4.037052 3.657920 3.257944 2.837567 2.397986 1.941115 1.469527 0.986364 0.495218 0.000000 
50.000000 47.388004 44.790791 42.222894 39.698344 37.230441 34.831544 32.512881 30.284394 28.154616 26.130582 24.217781 22.420134 20.740019 19.178314 17.734479 16.406654 15.191783 14.085740 13.083480 12.179181 11.366390 10.638171 9.987234 9.406066 8.887041 8.422525 8.004964 7.626962 7.281346 6.961225 6.660037 6.371596 6.090127 5.810311 5.527320 5.236856 4.935194 4.619219 4.286470 3.935174 3.564274 3.173452 2.763130 2.334454 1.889261 1.430014 0.959716 0.481801 0.000000 
50.000000 47.388004 44.790791 42.222894 39.698344 37.230441 34.831544 32.512881 30.284394 28.154616 26.130582 24.217781 22.420134 20.740019 19.178314 17.734479 16.406654 15.191783 14.085740 13.083480 12.179181 11.366390 10.638171 9.987234 9.406066 8.887041 8.422525 8.004964 7.626962 7.281346 6.961225 6.660037 6.371596 6.090127 5.810311 5.527320 5.236856 4.935194 4.619219 4.286470 3.935174 3.564274 3.173452 2.763130 2.334454 1.889261 1.430014 0.959716 0.481801 0.000000 
50.000000 47.397135 44.809002 42.250081 39.734355 37.275077 34.884563 32.574000 30.353296 28.230952 26.213979 24.307844 22.516454 20.842176 19.285882 17.847033 16.523769 15.313041 14.210731 13.211805 12.310450 11.500228 10.774211 10.125120 9.545447 9.027571 8.563857 8.146745 7.768829 7.422919 7.102098 6.799774 6.509722 6.226122 5.943604 5.657283 5.362802 5.056376 4.734834 4.395664 4.037052 3.657920 3.257944 2.837567 2.397986 1.941115 1.469527 0.986364 0.495218 0.000000 
50.000000 47.415418 44.845465 42.304517 39.806460 37.364453 34.990723 32.696380 30.491259 28.383801 26.380966 24.488180 22.709319 21.046729 19.501274 18.072408 16.758280 15.555851 14.461021 13.468775 12.573325 11.768255 11.046658 10.401276 9.824614 9.309059 8.846975 8.430793 8.053084 7.706623 7.384446 7.079898 6.786675 6.498870 6.211005 5.918083 5.615625 5.299724 4.967091 4.615108 4.241880 3.846272 3.427952 2.987401 2.525913 2.045560 1.549137 1.040062 0.522259 0.000000 
50.000000 47.442894 44.900259 42.386322 39.914816 37.498762 35.150256 32.880286 30.698584 28.613497 26.631909 24.759185 22.999155 21.354134 19.824969 18.411112 17.110721 15.920772 14.837194 13.855002 12.968444 12.171139 11.456214 10.816440 10.244346 9.732330 9.272758 8.858045 8.480730 8.133540 7.809437 7.501673 7.203828 6.909854 6.614118 6.311443 5.997167 5.667189 5.318033 4.946914 4.551798 4.131461 3.685542 3.214573 2.719987 2.204094 1.670025 1.121631 0.563342 0.000000 
50.000000 47.479615 44.973494 42.495655 40.059637 37.678270 35.363476 33.126084 30.975683 28.920498 26.967310 25.121402 23.386545 21.765011 20.257627 18.863841 17.581821 16.408571 15.340053 14.371327 13.496687 12.709802 12.003848 11.371634 10.805723 10.298532 9.842430 9.429815 9.053187 8.705205 8.378739 8.066914 7.763156 7.461228 7.155279 6.839893 6.510144 6.161661 5.790704 5.394241 4.970031 4.516708 4.033851 3.522041 2.982886 2.419014 1.834014 1.232333 0.619115 0.000000 
50.000000 47.525645 45.065293 42.632704 40.241170 37.903284 35.630749 33.434194 31.323031 29.305331 27.387746 25.575458 23.872161 22.280079 20.800010 19.431399 18.172429 17.020137 15.970531 15.018727 14.159082 13.385326 12.690699 12.068065 11.510029 11.009037 10.557466 10.147696 9.772182 9.423504 9.094415 8.777887 8.467148 8.155722 7.837480 7.506691 7.158085 6.786931 6.389126 5.961295 5.500903 5.006361 4.477139 3.913846 3.318290 2.693490 2.043625 1.373924 0.690478 0.000000 
50.000000 47.581047 45.175781 42.797656 40.459662 38.174111 35.952440 33.805039 31.741105 29.768526 27.893799 26.121984 24.456684 22.900063 21.452888 20.114601 18.883405 17.756377 16.729582 15.798208 14.956686 14.198831 13.517957 12.907000 12.358623 11.865311 11.419456 11.013424 10.639622 10.290539 9.958795 9.637177 9.318676 8.996528 8.664257 8.315738 7.945262 7.547631 7.118264 6.653323 6.149856 5.605947 5.020868 4.395210 3.730986 3.031672 2.302175 1.548719 0.778623 0.000000 
50.000000 47.645874 45.305067 42.990671 40.715327 38.491015 36.328863 34.238981 32.230316 30.310539 28.485969 26.761523 25.140698 23.625590 22.216930 20.914157 19.715500 18.618085 17.618049 16.710662 15.890452 15.151331 14.486712 13.889618 13.352787 12.868758 12.429949 12.028720 11.657428 11.308468 10.974310 10.647532 10.320850 9.987155 9.639559 9.271452 8.876585 8.449165 7.983993 7.476612 6.923495 6.322247 5.671814 4.972679 4.227029 3.438847 2.613917 1.759701 0.885087 0.000000 
50.000000 47.720160 45.453219 43.211852 41.008300 38.854164 36.760220 34.736254 32.790927 30.931664 29.164580 27.494428 25.924587 24.457071 23.092577 21.830540 20.669221 19.605806 18.636516 17.756722 16.961066 16.243580 15.597793 15.016840 14.493553 14.020545 13.590274 13.195107 12.827357 12.479323 12.143317 11.811684 11.476833 11.131259 10.767588 10.378637 9.957493 9.497626 8.993046 8.438485 7.829634 7.163406 6.438226 5.654318 4.813961 3.921668 2.984244 2.010677 1.011841 0.000000 
50.000000 47.803910 45.620243 43.461209 41.338597 39.263580 37.246534 35.296885 33.422971 31.631942 29.929678 28.320753 26.808410 25.394580 24.079914 22.863850 21.744687 20.719683 19.785157 18.936599 18.168788 17.475896 16.851594 16.289153 15.781525 15.321416 14.901350 14.513715 14.150796 13.804802 13.467882 13.132139 12.789641 12.432443 12.052618 11.642308 11.193809 10.699689 10.152963 9.547311 8.877369 8.139070 7.330036 6.449987 5.501132 4.488479 3.419986 2.306500 1.161407 0.000000 
50.000000 47.897086 45.806066 43.738631 41.706069 39.719076 37.787587 35.920623 34.126167 32.411059 30.780926 29.240136 27.791789 26.437717 25.178531 24.013670 22.941481 21.959304 21.063573 20.249919 19.513278 18.847988 18.247892 17.706423 17.216680 16.771495 16.363482 15.985077 15.628556 15.286055 14.949568 14.610951 14.261917 13.894041 13.498776 13.067497 12.591572 12.062483 11.472012 10.812493 10.077158 9.260571 8.359144 7.371718 6.300139 5.149775 3.929835 2.653401 1.337044 0.000000 
50.000000 47.999595 46.010504 44.043846 42.110356 40.220209 38.382851 36.606863 34.899833 33.268264 31.717502 30.251696 28.873782 27.585494 26.387395 25.278931 24.258503 23.323550 22.470637 21.695559 20.993430 20.358787 19.785670 19.267709 18.798184 18.370087 17.976158 17.608911 17.260647 16.923455 16.589196 16.249489 15.895687 15.518863 15.109803 14.659024 14.156831 13.593426 12.959087 12.244452 11.440912 10.541143 9.539781 8.434212 7.225433 5.918866 4.524976 3.059487 1.543016 0.000000 
50.000000 48.111286 46.233252 44.376396 42.550852 40.766226 39.031434 37.354574 35.742809 34.202272 32.738007 31.353922 30.052782 28.836210 27.704722 26.657776 25.693837 24.810455 24.004348 23.271492 22.607214 22.006273 21.462945 20.971090 20.524210 20.115495 19.737853 19.383921 19.046068 18.716374 18.386606 18.048176 17.692095 17.308932 16.888777 16.421223 15.895392 15.300005 14.623553 13.854570 12.982072 11.996178 10.888960 9.655508 8.295165 6.812820 5.219998 3.535475 1.785012 0.000000 
50.000000 48.231929 46.473855 44.735605 43.026663 41.356018 39.732018 38.162241 36.653386 35.211192 33.840376 32.544589 31.326410 30.187347 29.127868 28.147448 27.244627 26.417078 25.661692 24.974656 24.351531 23.787337 23.276618 22.813506 22.391767 22.004838 21.645843 21.307598 20.982592 20.662957 20.340420 20.006237 19.651125 19.265180 18.837802 18.357627 17.812500 17.189493 16.475018 15.655066 14.715647 13.643483 12.427021 11.057829 9.532337 7.853812 6.034275 4.095831 2.070793 0.000000 
50.000000 48.361219 46.731703 45.120558 43.536575 41.988085 40.482822 39.027807 37.629248 36.292460 35.021809 33.820674 32.691437 31.635484 30.653237 29.744192 28.906971 28.139394 27.438540 26.800831 26.222097 25.697648 25.222339 24.790615 24.396556 24.033898 23.696042 23.376042 23.066581 22.759913 22.447805 22.121441 21.771320 21.387137 20.957656 20.470581 19.912447 19.268554 18.522982 17.658740 16.658138 15.503483 14.178220 12.668661 10.966361 9.071086 6.994036 4.760561 2.411236 0.000000 
50.000000 48.498761 47.006009 45.530084 44.079039 42.660503 41.281561 39.948641 38.667428 37.442789 36.278716 35.178302 34.143719 33.176230 32.276208 31.443176 30.675853 29.972214 29.329555 28.744555 28.213344 27.731560 27.294406 26.896691 26.532858 26.197001 25.882864 25.583817 25.292813 25.002327 24.704265 24.389850 24.049486 23.672591 23.247410 22.760812 22.198081 21.542721 20.776320 19.878530 18.827267 17.599279 16.171294 14.522004 12.635137 10.503764 8.135562 5.558093 2.822083 0.000000 
50.000000 48.644073 47.295810 45.962744 44.652148 43.370910 42.125428 40.921508 39.764280 38.658138 37.606685 36.612707 35.678162 34.804182 33.991093 33.238450 32.545081 31.909135 31.328141 30.799064 30.318364 29.882044 29.485698 29.124544 28.793447 28.486922 28.199127 27.923829 27.654353 27.383500 27.103444 26.805595 26.480422 26.117249 25.704001 25.226914 24.670200 24.015700 23.242521 22.326754 21.241351 19.956359 18.439815 16.659725 14.587712 12.204895 9.510191 6.530113 3.326995 0.000000 
50.000000 48.796579 47.599961 46.416828 45.253636 44.116497 43.011089 41.942562 40.915468 39.933704 39.000466 38.118221 37.288703 36.512908 35.791118 35.122928 34.507282 33.942519 33.426423 32.956272 32.528884 32.140665 31.787642 31.465492 31.169557 30.894840 30.635990 30.387264 30.142461 29.894837 29.636986 29.360676 29.056657 28.714404 28.321808 27.864790 27.326845 26.688488 25.926634 25.013929 23.918123 22.601679 21.021965 19.132668 16.887443 14.247177 11.192249 7.739929 3.963176 0.000000 
50.000000 48.955617 47.917136 46.890359 45.880884 44.894018 43.934685 43.007356 42.115979 41.263933 40.453989 39.688287 38.968325 38.294965 37.668443 37.088400 36.553906 36.063508 35.615263 35.206784 34.835280 34.497593 34.190226 33.909364 33.650880 33.410334 33.182946 32.963555 32.746551 32.525783 32.294427 32.044823 31.768246 31.454635 31.092220 30.667068 30.162489 29.558295 28.829870 27.947037 26.872741 25.561669 23.959112 22.000804 19.615184 16.730661 13.291702 9.287562 4.792488 0.000000 
50.000000 49.120435 48.245840 47.381101 46.530934 45.699805 44.891862 44.110868 43.360149 42.642548 41.960397 41.315496 40.709105 40.141943 39.614207 39.125585 38.675288 38.262080 37.884311 37.539954 37.226634 36.941663 36.682058 36.444557 36.225622 36.021435 35.827862 35.640423 35.454213 35.263816 35.063174 34.845414 34.602628 34.325571 34.003275 33.622529 33.167200 32.617320 31.947870 31.127161 30.114722 28.858599 27.292177 25.330982 22.870989 19.792060 15.974030 11.337969 5.925145 0.000000 
50.000000 49.290204 48.584420 47.886588 47.200514 46.529803 45.877801 45.247545 44.641716 44.062610 43.512107 42.991657 42.502274 42.044538 41.618602 41.224212 40.860725 40.527135 40.222101 39.943975 39.690827 39.460465 39.250456 39.058134 38.880602 38.714718 38.557077 38.403963 38.251293 38.094525 37.928543 37.747497 37.544586 37.311772 37.039397 36.715655 36.325873 35.851515 35.268769 34.546557 33.643678 32.504733 31.054394 29.189688 26.770695 23.612658 19.489538 14.175277 7.575202 0.000000 
50.000000 49.464026 48.931081 48.404140 47.886078 47.379615 46.887279 46.411362 45.953889 45.516592 45.100890 44.707877 44.338319 43.992650 43.670986 43.373129 43.098593 42.846612 42.616170 42.406013 42.214674 42.040486 41.881596 41.735970 41.601393 41.475460 41.355550 41.238800 41.122044 41.001749 40.873907 40.733903 40.576333 40.394752 40.181329 39.926380 39.617689 39.239551 38.771359 38.185494 37.444103 36.494076 35.259098 33.626995 31.429864 28.414778 24.208577 18.306692 10.204539 0.000000 
50.000000 49.640941 49.283911 48.930903 48.583843 48.244553 47.914726 47.595898 47.289426 46.996468 46.717976 46.454682 46.207098 45.975515 45.760008 45.560445 45.376497 45.207650 45.053219 44.912361 44.784090 44.667281 44.560686 44.462931 44.372520 44.287824 44.207064 44.128292 44.049348 43.967810 43.880920 43.785488 43.677753 43.553202 43.406308 43.230172 43.015996 42.752315 42.423834 42.009615 41.480178 40.792647 39.882383 38.647884 36.922570 34.420557 30.632758 24.644701 14.939434 0.000000 
50.000000 49.819944 49.640906 49.463885 49.289846 49.119704 48.954307 48.794425 48.640739 48.493829 48.354174 48.222139 48.097981 47.981846 47.873771 47.773690 47.681437 47.596753 47.519296 47.448639 47.384288 47.325677 47.272177 47.223096 47.177680 47.135106 47.094476 47.054803 47.014992 46.973811 46.929854 46.881490 46.826790 46.763428 46.688542 46.598539 46.488806 46.353280 46.183784 45.968973 45.692576 45.330339 44.844385 44.172113 43.202494 41.720592 39.263582 34.704192 24.910637 0.000000 
50.000000 50.000000 50.000000 50.000000 50.000000 50.000000 50.000000 50.000000 50.000000 50.000000 50.000000 50.000000 50.000000 50.000000 50.000000 50.000000 50.000000 50.000000 50.000000 50.000000 50.000000 50.000000 50.000000 50.000000 50.000000 50.000000 50.000000 50.000000 50.000000 50.000000 50.000000 50.000000 50.000000 50.000000 50.000000 50.000000 50.000000 50.000000 50.000000 50.000000 50.000000 50.000000 50.000000 50.000000 50.000000 50.000000 50.000000 50.000000 50.000000 50.000000 
