50.000000 50.000000 50.000000 50.000000 50.000000 50.000000 50.000000 50.000000 50.000000 50.000000 50.000000 50.000000 50.000000 50.000000 50.000000 50.000000 50.000000 50.000000 50.000000 50.000000 50.000000 50.000000 50.000000 50.000000 50.000000 50.000000 50.000000 50.000000 50.000000 50.000000 50.000000 50.000000 50.000000 50.000000 50.000000 50.000000 50.000000 50.000000 50.000000 50.000000 50.000000 50.000000 50.000000 50.000000 50.000000 50.000000 50.000000 50.000000 50.000000 50.000000 
50.000000 49.759552 49.520919 49.285877 49.056119 48.833222 48.618612 48.413537 48.219050 48.035991 47.864980 47.706418 47.560494 47.427191 47.306308 47.197474 47.100174 47.013769 46.937519 46.870609 46.812160 46.761254 46.716944 46.678261 46.644219 46.613813 46.586008 46.559729 46.533835 46.507085 46.478097 46.445288 46.406799 46.360382 46.303263 46.231934 46.141860 46.027045 45.879363 45.687499 45.435190 45.098164 44.638505 43.993544 43.052157 41.599294 39.171996 34.642839 24.879871 0.000000 
50.000000 49.520928 49.045473 48.577173 48.119401 47.675298 47.247706 46.839113 46.451616 46.086887 45.746164 45.430245 45.139506 44.873915 44.633070 44.416234 44.222381 44.050238 43.898335 43.765043 43.648619 43.547236 43.459009 43.382013 43.314291 43.253847 43.198636 43.146531 43.095280 43.042442 42.985306 42.920780 42.845239 42.754329 42.642696 42.503608 42.328424 42.105813 41.820580 41.451851 40.970158 40.332597 39.474442 38.294061 36.624691 34.180220 30.451294 24.523139 14.878475 0.000000 
50.000000 49.285912 48.577217 47.879186 47.196848 46.534885 45.897532 45.288500 44.710912 44.167262 43.659395 43.188503 42.755143 42.359271 42.000287 41.677095 41.388165 41.131605 40.905223 40.706598 40.533135 40.382119 40.250749 40.136168 40.035475 39.945719 39.863881 39.786830 39.711263 39.633619 39.549957 39.455810 39.345972 39.214236 39.053027 38.852911 38.601906 38.284506 37.880254 37.361624 36.690788 35.814591 34.656596 33.104434 30.989935 28.059836 23.940584 18.127166 10.114514 0.000000 
50.000000 49.056210 48.119548 47.196979 46.295153 45.420255 44.577885 43.772946 43.009566 42.291043 41.619815 40.997457 40.424708 39.901509 39.427069 38.999943 38.618111 38.279074 37.979944 37.717526 37.488401 37.288990 37.115610 36.964508 36.831878 36.713861 36.606518 36.505784 36.407388 36.306754 36.198855 36.078028 35.937736 35.770255 35.566261 35.314280 34.999947 34.604987 34.105790 33.471400 32.660654 31.618096 30.268243 28.507868 26.196706 23.149565 19.139893 13.941056 7.457750 0.000000 
50.000000 48.833411 47.675632 46.535275 45.420556 44.339124 43.297898 42.302941 41.359355 40.471217 39.641540 38.872275 38.164333 37.517645 36.931236 36.403321 35.931409 35.512418 35.142784 34.818570 34.535563 34.289361 34.075434 33.889177 33.725932 33.580988 33.449557 33.326721 33.207345 33.085966 32.956631 32.812700 32.646588 32.449433 32.210678 31.917523 31.554213 31.101105 30.533427 29.819648 28.919345 27.780501 26.336316 24.502012 22.173148 19.229059 15.548962 11.053228 5.782361 0.000000 
50.000000 48.618958 47.248347 45.898359 44.578724 43.298494 42.065863 40.888008 39.770969 38.719573 37.737389 36.826726 35.988666 35.223128 34.528964 33.904062 33.345482 32.849582 32.412154 32.028552 31.693810 31.402740 31.150018 30.930236 30.737943 30.567643 30.413776 30.270664 30.132421 29.992836 29.845209 29.682147 29.495307 29.275077 29.010171 28.687138 28.289736 27.798161 27.188095 26.429546 25.485528 24.310657 22.850017 21.038996 18.805553 16.077495 12.798572 8.957234 4.626846 0.000000 
50.000000 48.414123 46.840224 45.290008 43.774646 42.304536 40.889086 39.536536 38.253826 37.046498 35.918651 34.872940 33.910608 33.031567 32.234500 31.516991 30.875670 30.306366 29.804261 29.364039 28.980023 28.646289 28.356767 28.105309 27.885731 27.691825 27.517343 27.355944 27.201109 27.046020 26.883406 26.705341 26.503004 26.266384 25.983921 25.642090 25.224895 24.713295 24.084548 23.311520 22.362045 21.198518 19.778081 18.054043 15.979528 13.514751 10.639297 7.369537 3.777447 0.000000 
50.000000 48.219987 46.453417 44.713430 43.012565 41.362492 39.773771 38.255653 36.815926 35.460814 34.194919 33.021220 31.941119 30.954518 30.059947 29.254699 28.535002 27.896187 27.332865 26.839091 26.408524 26.034557 25.710429 25.429311 25.184355 24.968718 24.775546 24.597934 24.428842 24.260985 24.086684 23.897683 23.684929 23.438314 23.146376 22.795966 22.371871 21.856425 21.229127 20.466320 19.541060 18.423331 17.080936 15.481476 13.596003 11.404912 8.906259 6.125583 3.124151 0.000000 
50.000000 48.037424 46.089672 44.171228 42.295921 40.476615 38.724956 37.051143 35.463765 33.969684 32.573977 31.279931 30.089094 29.001364 28.015125 27.127402 26.334048 25.629928 25.009122 24.465103 23.990915 23.579320 23.222927 22.914287 22.645956 22.410529 22.200633 22.008889 21.827848 21.649879 21.467044 21.270928 21.052453 20.801655 20.507451 20.157382 19.737363 19.231445 18.621649 17.887915 17.008283 15.959449 14.717906 13.261922 11.574630 9.648332 7.489799 5.125556 2.605200 0.000000 
50.000000 47.867106 45.750321 43.665390 41.627339 39.650151 37.746482 35.927418 34.202294 32.578569 31.061761 29.655448 28.361313 27.179254 26.107519 25.142886 24.280858 23.515876 22.841526 22.250746 21.736015 21.289521 20.903301 20.569348 20.279691 20.026435 19.801763 19.597914 19.407123 19.221525 19.033046 18.833255 18.613204 18.363255 18.072892 17.730544 17.323428 16.837442 16.257139 15.565850 14.746036 13.779965 12.650850 11.344574 9.852078 8.172339 6.315607 4.306160 2.183394 0.000000 
50.000000 47.709493 45.436286 43.197287 41.008634 38.885343 36.841006 34.887528 33.034937 31.291243 29.662376 28.152179 26.762466 25.493131 24.342301 23.306527 22.380995 21.559751 20.835933 20.201992 19.649892 19.171302 18.757744 18.400716 18.091784 17.822629 17.585067 17.371030 17.172521 16.981535 16.789959 16.589455 16.371324 16.126364 15.844743 15.515871 15.128322 14.669810 14.127258 13.487017 12.735272 11.858726 10.845606 9.687051 8.378869 6.923528 5.332080 3.625530 1.834984 0.000000 
50.000000 47.564852 45.148096 42.767709 40.440848 38.183479 36.010051 33.933224 31.963659 30.109873 28.378175 26.772652 25.295239 23.945827 22.722435 21.621406 20.637638 19.764820 18.995685 18.322239 17.735987 17.228130 16.789732 16.411856 16.085664 15.802477 15.553807 15.331349 15.126945 14.932521 14.740006 14.541227 14.327808 14.091056 13.821866 13.510647 13.147292 12.721207 12.221434 11.636897 10.956817 10.171317 9.272263 8.254328 7.116241 5.862082 4.502410 3.054885 1.544051 0.000000 
50.000000 47.433265 44.885916 42.376903 39.924308 37.544962 35.254097 33.065055 30.989075 29.035139 27.209896 25.517659 23.960471 22.538226 21.248842 20.088477 19.051768 18.132086 17.321795 16.612508 15.995317 15.461007 15.000240 14.603697 14.262191 13.966744 13.708619 13.479331 13.270618 13.074396 12.882685 12.687533 12.480923 12.254695 12.000476 11.709636 11.373291 10.982360 10.527712 10.000407 9.392072 8.695411 7.904876 7.017455 6.033540 4.957758 3.799609 2.573712 1.299461 0.000000 
50.000000 47.314654 44.649591 42.024635 39.458707 36.969413 34.572691 32.282503 30.110605 28.066398 26.156839 24.386447 22.757362 21.269479 19.920630 18.706808 17.622415 16.660539 15.813218 15.071712 14.426750 13.868752 13.388025 12.974923 12.619961 12.313908 12.047832 11.813112 11.601430 11.404730 11.215161 11.025014 10.826649 10.612433 10.374688 10.105674 9.797603 9.442712 9.033403 8.562466 8.023399 7.410822 6.720988 5.952363 5.106211 4.187121 3.203357 2.166907 1.093136 0.000000 
50.000000 47.208804 44.438690 41.710266 39.043196 36.455785 33.964596 31.584143 29.326650 27.201886 25.217088 23.376955 21.683717 20.137271 18.735372 17.473866 16.346952 15.347465 14.467156 13.696976 13.027334 12.448332 11.949973 11.522324 11.155653 10.840522 10.567839 10.328891 10.115335 9.919169 9.732692 9.548446 9.359161 9.157703 8.937035 8.690214 8.410408 8.090972 7.725571 7.308374 6.834310 6.299399 5.701133 5.038884 4.314305 3.531652 2.697963 1.823015 0.919017 0.000000 
50.000000 47.115389 44.252566 41.432829 38.676501 36.002499 33.427942 30.967831 28.634799 26.438946 24.387752 22.486076 20.736229 19.138111 17.689410 16.385843 15.221432 14.188789 13.279417 12.483999 11.792665 11.195244 10.681475 10.241187 9.864436 9.541616 9.263513 9.021348 8.806776 8.611870 8.429083 8.251202 8.071306 7.882716 7.678972 7.453824 7.201260 6.915562 6.591420 6.224082 5.809564 5.344895 4.828399 4.259985 3.641405 2.976453 2.271043 1.533129 0.772435 0.000000 
50.000000 47.034004 44.090412 41.191120 38.357029 35.607588 32.960400 30.430890 28.032049 25.774263 23.665227 21.709940 19.910781 18.267654 16.778190 15.437997 14.240940 13.179443 12.244794 11.427443 10.717285 10.103913 9.576844 9.125706 8.740382 8.411126 8.128633 7.884081 7.669139 7.475959 7.297147 7.125722 6.955076 6.778938 6.591350 6.386656 6.159527 5.905007 5.618603 5.296400 4.935226 4.532830 4.088089 3.601202 3.073862 2.509370 1.912652 1.290174 0.649710 0.000000 
50.000000 46.964193 43.951318 40.983788 38.082993 35.268842 32.559353 29.970315 27.515026 25.204118 23.045469 21.044199 19.202747 17.521020 15.996601 14.625004 13.399963 12.313742 11.357444 10.521325 9.795078 9.168101 8.629725 8.169408 7.776894 7.442327 7.156330 6.910054 6.695194 6.503982 6.329163 6.163967 6.002064 5.837537 5.664852 5.478854 5.274773 5.048268 4.795487 4.513158 4.198710 3.850400 3.467462 3.050233 2.600269 2.120395 1.614703 1.088454 0.547898 0.000000 
50.000000 46.905482 43.834340 40.809420 37.852526 34.983954 32.222071 29.582970 27.080209 24.724626 22.524254 20.484315 18.607298 16.893115 15.339306 13.941309 12.692749 11.585753 10.611275 9.759406 9.019675 8.381315 7.833505 7.365567 6.967131 6.628254 6.339508 6.092026 5.877533 5.688335 5.517306 5.357856 5.203895 5.049803 4.890400 4.720938 4.537102 4.335035 4.111382 3.863357 3.588828 3.286408 2.955554 2.596654 2.211091 1.801269 1.370586 0.923349 0.464619 0.000000 
50.000000 46.857403 43.738546 40.666629 37.663797 34.750659 31.945869 29.265772 26.724137 24.331971 22.097434 20.025830 18.119693 16.378934 14.801065 13.381457 12.113646 10.989653 10.000305 9.135564 8.384823 7.737185 7.181704 6.707597 6.304401 5.962108 5.671250 5.422954 5.208972 5.021678 4.854054 4.699663 4.552613 4.407526 4.259510 4.104141 3.937459 3.755982 3.556736 3.337295 3.095842 2.831236 2.543069 2.231728 1.898427 1.545210 1.174921 0.791119 0.397955 0.000000 
50.000000 46.819524 43.663074 40.554130 37.515105 34.566856 31.728263 29.015867 26.443605 24.022618 21.761164 19.664616 17.735537 15.973845 14.377022 12.940393 11.657424 10.520048 9.518999 8.644134 7.884740 7.229820 6.668334 6.189412 5.782526 5.437616 5.145187 4.896364 4.682923 4.497295 4.332550 4.182373 4.041030 3.903333 3.764612 3.620693 3.467886 3.302992 3.123313 2.926687 2.711520 2.476833 2.222300 1.948283 1.655844 1.346741 1.023386 0.688775 0.346378 0.000000 
50.000000 46.791470 43.607177 40.470810 37.404978 34.430725 31.567095 28.830779 26.235833 23.793500 21.512112 19.397089 17.451021 15.673825 14.062968 12.613736 11.319544 10.172263 9.162554 8.280200 7.514411 6.854115 6.288203 5.805744 5.396160 5.049356 4.755817 4.506670 4.293711 4.109413 3.946914 3.799991 3.663026 3.530971 3.399319 3.264077 3.121750 2.969337 2.804338 2.624771 2.429192 2.216729 1.987100 1.740636 1.478279 1.201572 0.912615 0.613996 0.308703 0.000000 
50.000000 46.772940 43.570258 40.415779 37.332243 34.340815 31.460650 28.708534 26.098606 23.642175 21.347622 19.220397 17.263109 15.475675 13.855549 12.397995 11.096392 9.942572 8.927148 8.039852 7.269847 6.606008 6.037182 5.552401 5.141051 4.793017 4.498773 4.249444 4.036841 3.853468 3.692507 3.547796 3.413793 3.285544 3.158648 3.029228 2.893916 2.749839 2.594621 2.426393 2.243806 2.046048 1.832861 1.604550 1.361975 1.106535 0.840127 0.565077 0.284061 0.000000 
50.000000 46.763729 43.551905 40.388422 37.296084 34.296118 31.407732 28.647762 26.030387 23.566948 21.265849 19.132559 17.169693 15.377169 13.752436 12.290745 10.985459 9.828389 8.810125 7.920374 7.148274 6.482677 5.912406 5.426474 5.014252 4.665613 4.371025 4.121615 3.909201 3.726302 3.566122 3.422529 3.290020 3.163687 3.039180 2.912682 2.780885 2.640979 2.490649 2.328080 2.151966 1.961525 1.756510 1.537209 1.304443 1.059538 0.804289 0.540896 0.271882 0.000000 
50.000000 46.763729 43.551905 40.388422 37.296084 34.296118 31.407732 28.647762 26.030387 23.566948 21.265849 19.132559 17.169693 15.377169 13.752436 12.290745 10.985459 9.828389 8.810125 7.920374 7.148274 6.482677 5.912406 5.426474 5.014252 4.665613 4.371025 4.121615 3.909201 3.726302 3.566122 3.422529 3.290020 3.163687 3.039180 2.912682 2.780885 2.640979 2.490649 2.328080 2.151966 1.961525 1.756510 1.537209 1.304443 1.059538 0.804289 0.540896 0.271882 0.000000 
50.000000 46.772940 43.570258 40.415779 37.332243 34.340815 31.460650 28.708534 26.098606 23.642175 21.347622 19.220397 17.263109 15.475675 13.855549 12.397995 11.096392 9.942572 8.927148 8.039852 7.269847 6.606008 6.037182 5.552401 5.141051 4.793017 4.498773 4.249444 4.036841 3.853468 3.692507 3.547796 3.413793 3.285544 3.158648 3.029228 2.893916 2.749839 2.594621 2.426393 2.243806 2.046048 1.832861 1.604550 1.361975 1.106535 0.840127 0.565077 0.284061 0.000000 
50.000000 46.791470 43.607177 40.470810 37.404978 34.430725 31.567095 28.830779 26.235833 23.793500 21.512112 19.397089 17.451021 15.673825 14.062968 12.613736 11.319544 10.172263 9.162554 8.280200 7.514411 6.854115 6.288203 5.805744 5.396160 5.049356 4.755817 4.506670 4.293711 4.109413 3.946914 3.799991 3.663026 3.530971 3.399319 3.264077 3.121750 2.969337 2.804338 2.624771 2.429192 2.216729 1.987100 1.740636 1.478279 1.201572 0.912615 0.613996 0.308703 0.000000 
50.000000 46.819524 43.663074 40.554130 37.515105 34.566856 31.728263 29.015867 26.443605 24.022618 21.761164 19.664616 17.735537 15.973845 14.377022 12.940393 11.657424 10.520048 9.518999 8.644134 7.884740 7.229820 6.668334 6.189412 5.782526 5.437616 5.145187 4.896364 4.682923 4.497295 4.332550 4.182373 4.041030 3.903333 3.764612 3.620693 3.467886 3.302992 3.123313 2.926687 2.711520 2.476833 2.222300 1.948283 1.655844 1.346741 1.023386 0.688775 0.346378 0.000000 
50.000000 46.857403 43.738546 40.666629 37.663797 34.750659 31.945869 29.265772 26.724137 24.331971 22.097434 20.025830 18.119693 16.378934 14.801065 13.381457 12.113646 10.989653 10.000305 9.135564 8.384823 7.737185 7.181704 6.707597 6.304401 5.962108 5.671250 5.422954 5.208972 5.021678 4.854054 4.699663 4.552613 4.407526 4.259510 4.104141 3.937459 3.755982 3.556736 3.337295 3.095842 2.831236 2.543069 2.231728 1.898427 1.545210 1.174921 0.791119 0.397955 0.000000 
50.000000 46.905482 43.834340 40.809420 37.852526 34.983954 32.222071 29.582970 27.080209 24.724626 22.524254 20.484315 18.607298 16.893115 15.339306 13.941309 12.692749 11.585753 10.611275 9.759406 9.019675 8.381315 7.833505 7.365567 6.967131 6.628254 6.339508 6.092026 5.877533 5.688335 5.517306 5.357856 5.203895 5.049803 4.890400 4.720938 4.537102 4.335035 4.111382 3.863357 3.588828 3.286408 2.955554 2.596654 2.211091 1.801269 1.370586 0.923349 0.464619 0.000000 
50.000000 46.964193 43.951318 40.983788 38.082993 35.268842 32.559353 29.970315 27.515026 25.204118 23.045469 21.044199 19.202747 17.521020 15.996601 14.625004 13.399963 12.313742 11.357444 10.521325 9.795078 9.168101 8.629725 8.169408 7.776894 7.442327 7.156330 6.910054 6.695194 6.503982 6.329163 6.163967 6.002064 5.837537 5.664852 5.478854 5.274773 5.048268 4.795487 4.513158 4.198710 3.850400 3.467462 3.050233 2.600269 2.120395 1.614703 1.088454 0.547898 0.000000 
50.000000 47.034004 44.090412 41.191120 38.357029 35.607588 32.960400 30.430890 28.032049 25.774263 23.665227 21.709940 19.910781 18.267654 16.778190 15.437997 14.240940 13.179443 12.244794 11.427443 10.717285 10.103913 9.576844 9.125706 8.740382 8.411126 8.128633 7.884081 7.669139 7.475959 7.297147 7.125722 6.955076 6.778938 6.591350 6.386656 6.159527 5.905007 5.618603 5.296400 4.935226 4.532830 4.088089 3.601202 3.073862 2.509370 1.912652 1.290174 0.649710 0.000000 
50.000000 47.115389 44.252566 41.432829 38.676501 36.002499 33.427942 30.967831 28.634799 26.438946 24.387752 22.486076 20.736229 19.138111 17.689410 16.385843 15.221432 14.188789 13.279417 12.483999 11.792665 11.195244 10.681475 10.241187 9.864436 9.541616 9.263513 9.021348 8.806776 8.611870 8.429083 8.251202 8.071306 7.882716 7.678972 7.453824 7.201260 6.915562 6.591420 6.224082 5.809564 5.344895 4.828399 4.259985 3.641405 2.976453 2.271043 1.533129 0.772435 0.000000 
50.000000 47.208804 44.438690 41.710266 39.043196 36.455785 33.964596 31.584143 29.326650 27.201886 25.217088 23.376955 21.683717 20.137271 18.735372 17.473866 16.346952 15.347465 14.467156 13.696976 13.027334 12.448332 11.949973 11.522324 11.155653 10.840522 10.567839 10.328891 10.115335 9.919169 9.732692 9.548446 9.359161 9.157703 8.937035 8.690214 8.410408 8.090972 7.725571 7.308374 6.834310 6.299399 5.701133 5.038884 4.314305 3.531652 2.697963 1.823015 0.919017 0.000000 
50.000000 47.314654 44.649591 42.024635 39.458707 36.969413 34.572691 32.282503 30.110605 28.066398 26.156839 24.386447 22.757362 21.269479 19.920630 18.706808 17.622415 16.660539 15.813218 15.071712 14.426750 13.868752 13.388025 12.974923 12.619961 12.313908 12.047832 11.813112 11.601430 11.404730 11.215161 11.025014 10.826649 10.612433 10.374688 10.105674 9.797603 9.442712 9.033403 8.562466 8.023399 7.410822 6.720988 5.952363 5.106211 4.187121 3.203357 2.166907 1.093136 0.000000 
50.000000 47.433265 44.885916 42.376903 39.924308 37.544962 35.254097 33.065055 30.989075 29.035139 27.209896 25.517659 23.960471 22.538226 21.248842 20.088477 19.051768 18.132086 17.321795 16.612508 15.995317 15.461007 15.000240 14.603697 14.262191 13.966744 13.708619 13.479331 13.270618 13.074396 12.882685 12.687533 12.480923 12.254695 12.000476 11.709636 11.373291 10.982360 10.527712 10.000407 9.392072 8.695411 7.904876 7.017455 6.033540 4.957758 3.799609 2.573712 1.299461 0.000000 
50.000000 47.564852 45.148096 42.767709 40.440848 38.183479 36.010051 33.933224 31.963659 30.109873 28.378175 26.772652 25.295239 23.945827 22.722435 21.621406 20.637638 19.764820 18.995685 18.322239 17.735987 17.228130 16.789732 16.411856 16.085664 15.802477 15.553807 15.331349 15.126945 14.932521 14.740006 14.541227 14.327808 14.091056 13.821866 13.510647 13.147292 12.721207 12.221434 11.636897 10.956817 10.171317 9.272263 8.254328 7.116241 5.862082 4.502410 3.054885 1.544051 0.000000 
50.000000 47.709493 45.436286 43.197287 41.008634 38.885343 36.841006 34.887528 33.034937 31.291243 29.662376 28.152179 26.762466 25.493131 24.342301 23.306527 22.380995 21.559751 20.835933 20.201992 19.649892 19.171302 18.757744 18.400716 18.091784 17.822629 17.585067 17.371030 17.172521 16.981535 16.789959 16.589455 16.371324 16.126364 15.844743 15.515871 15.128322 14.669810 14.127258 13.487017 12.735272 11.858726 10.845606 9.687051 8.378869 6.923528 5.332080 3.625530 1.834984 0.000000 
50.000000 47.867106 45.750321 43.665390 41.627339 39.650151 37.746482 35.927418 34.202294 32.578569 31.061761 29.655448 28.361313 27.179254 26.107519 25.142886 24.280858 23.515876 22.841526 22.250746 21.736015 21.289521 20.903301 20.569348 20.279691 20.026435 19.801763 19.597914 19.407123 19.221525 19.033046 18.833255 18.613204 18.363255 18.072892 17.730544 17.323428 16.837442 16.257139 15.565850 14.746036 13.779965 12.650850 11.344574 9.852078 8.172339 6.315607 4.306160 2.183394 0.000000 
50.000000 48.037424 46.089672 44.171228 42.295921 40.476615 38.724956 37.051143 35.463765 33.969684 32.573977 31.279931 30.089094 29.001364 28.015125 27.127402 26.334048 25.629928 25.009122 24.465103 23.990915 23.579320 23.222927 22.914287 22.645956 22.410529 22.200633 22.008889 21.827848 21.649879 21.467044 21.270928 21.052453 20.801655 20.507451 20.157382 19.737363 19.231445 18.621649 17.887915 17.008283 15.959449 14.717906 13.261922 11.574630 9.648332 7.489799 5.125556 2.605200 0.000000 
50.000000 48.219987 46.453417 44.713430 43.012565 41.362492 39.773771 38.255653 36.815926 35.460814 34.194919 33.021220 31.941119 30.954518 30.059947 29.254699 28.535002 27.896187 27.332865 26.839091 26.408524 26.034557 25.710429 25.429311 25.184355 24.968718 24.775546 24.597934 24.428842 24.260985 24.086684 23.897683 23.684929 23.438314 23.146376 22.795966 22.371871 21.856425 21.229127 20.466320 19.541060 18.423331 17.080936 15.481476 13.596003 11.404912 8.906259 6.125583 3.124151 0.000000 
50.000000 48.414123 46.840224 45.290008 43.774646 42.304536 40.889086 39.536536 38.253826 37.046498 35.918651 34.872940 33.910608 33.031567 32.234500 31.516991 30.875670 30.306366 29.804261 29.364039 28.980023 28.646289 28.356767 28.105309 27.885731 27.691825 27.517343 27.355944 27.201109 27.046020 26.883406 26.705341 26.503004 26.266384 25.983921 25.642090 25.224895 24.713295 24.084548 23.311520 22.362045 21.198518 19.778081 18.054043 15.979528 13.514751 10.639297 7.369537 3.777447 0.000000 
50.000000 48.618958 47.248347 45.898359 44.578724 43.298494 42.065863 40.888008 39.770969 38.719573 37.737389 36.826726 35.988666 35.223128 34.528964 33.904062 33.345482 32.849582 32.412154 32.028552 31.693810 31.402740 31.150018 30.930236 30.737943 30.567643 30.413776 30.270664 30.132421 29.992836 29.845209 29.682147 29.495307 29.275077 29.010171 28.687138 28.289736 27.798161 27.188095 26.429546 25.485528 24.310657 22.850017 21.038996 18.805553 16.077495 12.798572 8.957234 4.626846 0.000000 
50.000000 48.833411 47.675632 46.535275 45.420556 44.339124 43.297898 42.302941 41.359355 40.471217 39.641540 38.872275 38.164333 37.517645 36.931236 36.403321 35.931409 35.512418 35.142784 34.818570 34.535563 34.289361 34.075434 33.889177 33.725932 33.580988 33.449557 33.326721 33.207345 33.085966 32.956631 32.812700 32.646588 32.449433 32.210678 31.917523 31.554213 31.101105 30.533427 29.819648 28.919345 27.780501 26.336316 24.502012 22.173148 19.229059 15.548962 11.053228 5.782361 0.000000 
50.000000 49.056210 48.119548 47.196979 46.295153 45.420255 44.577885 43.772946 43.009566 42.291043 41.619815 40.997457 40.424708 39.901509 39.427069 38.999943 38.618111 38.279074 37.979944 37.717526 37.488401 37.288990 37.115610 36.964508 36.831878 36.713861 36.606518 36.505784 36.407388 36.306754 36.198855 36.078028 35.937736 35.770255 35.566261 35.314280 34.999947 34.604987 34.105790 33.471400 32.660654 31.618096 30.268243 28.507868 26.196706 23.149565 19.139893 13.941056 7.457750 0.000000 
50.000000 49.285912 48.577217 47.879186 47.196848 46.534885 45.897532 45.288500 44.710912 44.167262 43.659395 43.188503 42.755143 42.359271 42.000287 41.677095 41.388165 41.131605 40.905223 40.706598 40.533135 40.382119 40.250749 40.136168 40.035475 39.945719 39.863881 39.786830 39.711263 39.633619 39.549957 39.455810 39.345972 39.214236 39.053027 38.852911 38.601906 38.284506 37.880254 37.361624 36.690788 35.814591 34.656596 33.104434 30.989935 28.059836 23.940584 18.127166 10.114514 0.000000 
50.000000 49.520928 49.045473 48.577173 48.119401 47.675298 47.247706 46.839113 46.451616 46.086887 45.746164 45.430245 45.139506 44.873915 44.633070 44.416234 44.222381 44.050238 43.898335 43.765043 43.648619 43.547236 43.459009 43.382013 43.314291 43.253847 43.198636 43.146531 43.095280 43.042442 42.985306 42.920780 42.845239 42.754329 42.642696 42.503608 42.328424 42.105813 41.820580 41.451851 40.970158 40.332597 39.474442 38.294061 36.624691 34.180220 30.451294 24.523139 14.878475 0.000000 
50.000000 49.759552 49.520919 49.285877 49.056119 48.833222 48.618612 48.413537 48.219050 48.035991 47.864980 47.706418 47.560494 47.427191 47.306308 47.197474 47.100174 47.013769 46.937519 46.870609 46.812160 46.761254 46.716944 46.678261 46.644219 46.613813 46.586008 46.559729 46.533835 46.507085 46.478097 46.445288 46.406799 46.360382 46.303263 46.231934 46.141860 46.027045 45.879363 45.687499 45.435190 45.098164 44.638505 43.993544 43.052157 41.599294 39.171996 34.642839 24.879871 0.000000 
50.000000 50.000000 50.000000 50.000000 50.000000 50.000000 50.000000 50.000000 50.000000 50.000000 50.000000 50.000000 50.000000 50.000000 50.000000 50.000000 50.000000 50.000000 50.000000 50.000000 50.000000 50.000000 50.000000 50.000000 50.000000 50.000000 50.000000 50.000000 50.000000 50.000000 50.000000 50.000000 50.000000 50.000000 50.000000 50.000000 50.000000 50.000000 50.000000 50.000000 50.000000 50.000000 50.000000 50.000000 50.000000 50.000000 50.000000 50.000000 50.000000 50.000000 
