50.000000 50.000000 50.000000 50.000000 50.000000 50.000000 50.000000 50.000000 50.000000 50.000000 50.000000 50.000000 50.000000 50.000000 50.000000 50.000000 50.000000 50.000000 50.000000 50.000000 50.000000 50.000000 50.000000 50.000000 50.000000 50.000000 50.000000 50.000000 50.000000 50.000000 50.000000 50.000000 50.000000 50.000000 50.000000 50.000000 50.000000 50.000000 50.000000 50.000000 50.000000 50.000000 50.000000 50.000000 50.000000 50.000000 50.000000 50.000000 50.000000 50.000000 
50.000000 49.730658 49.463594 49.201030 48.945073 48.697665 48.460544 48.235201 48.022857 47.824451 47.640629 47.471748 47.317894 47.178898 47.054364 46.943701 46.846153 46.760839 46.686777 46.622925 46.568199 46.521501 46.481731 46.447801 46.418639 46.393180 46.370365 46.349116 46.328310 46.306749 46.283103 46.255856 46.223217 46.183014 46.132547 46.068374 45.986024 45.879551 45.740869 45.558689 45.316758 44.990799 44.542871 43.910267 42.981808 41.542376 39.128926 34.613941 24.865366 0.000000 
50.000000 49.463598 48.931735 48.408832 47.899086 47.406369 46.934136 46.485359 46.062473 45.667343 45.301256 44.964927 44.658524 44.381712 44.133703 43.913318 43.719056 43.549158 43.401674 43.274527 43.165561 43.072592 42.993433 42.925922 42.867927 42.817340 42.772061 42.729957 42.688818 42.646283 42.599748 42.546247 42.482299 42.403695 42.305227 42.180299 42.020394 41.814280 41.546844 41.197260 40.736082 40.120395 39.285429 38.129473 36.485656 34.067728 30.366171 24.466026 14.849808 0.000000 
50.000000 49.201047 48.408853 47.630006 46.870757 46.136870 45.433495 44.765057 44.135182 43.546650 43.001377 42.500428 42.044055 41.631757 41.262363 40.934117 40.644784 40.391746 40.172102 39.982759 39.820514 39.682116 39.564317 39.463909 39.377730 39.302662 39.235601 39.173413 39.112854 39.050479 38.982508 38.904662 38.811945 38.698367 38.556569 38.377318 38.148813 37.855700 37.477640 36.987181 36.346528 35.502507 34.378619 32.862382 30.785464 27.894402 23.815402 18.043175 10.072356 0.000000 
50.000000 48.945117 47.899158 46.870822 45.868361 44.899388 43.970700 43.088141 42.256498 41.479443 40.759505 40.098090 39.495532 38.951172 38.463461 38.030086 37.648096 37.314037 37.024085 36.774162 36.560044 36.377450 36.222109 36.089801 35.976380 35.877765 35.789908 35.708735 35.630056 35.549446 35.462084 35.362558 35.244606 35.100788 34.922060 34.697214 34.412123 34.048710 33.583519 32.985695 32.214116 31.213306 29.907701 28.193926 25.931512 22.935003 18.977536 13.832124 7.403073 0.000000 
50.000000 48.697759 47.406535 46.137065 44.899539 43.703354 42.556900 41.467392 40.440741 39.481479 38.592728 37.776226 37.032385 36.360392 35.758339 35.223370 34.751847 34.339511 33.981647 33.673229 33.409055 33.183858 32.992384 32.829457 32.689996 32.569020 32.461604 32.362820 32.267629 32.170752 32.066493 31.948514 31.809566 31.641135 31.433007 31.172707 30.844769 30.429794 29.903201 29.233580 28.380563 27.292110 25.901324 24.123252 21.853206 18.970206 15.353093 10.921811 5.716399 0.000000 
50.000000 48.460718 46.934459 45.433914 43.971127 42.557206 41.202070 39.914247 38.700723 37.566855 36.516336 35.551219 34.671994 33.877701 33.166086 32.533778 31.976481 31.489167 31.066271 30.701865 30.389817 30.123922 29.898001 29.705976 29.541897 29.399950 29.274413 29.159593 29.049719 28.938793 28.820413 28.687540 28.532225 28.345259 28.115760 27.830654 27.474038 27.026395 26.463627 25.755890 24.866261 23.749336 22.350087 20.603706 18.437868 15.780020 12.573481 8.806212 4.551044 0.000000 
50.000000 48.235500 46.485927 44.765832 43.089020 41.468224 39.914814 38.438567 37.047491 35.747728 34.543512 33.437198 32.429348 31.518863 30.703165 29.978392 29.339626 28.781112 28.296481 27.878954 27.521522 27.217100 26.958646 26.739243 26.552140 26.390763 26.248682 26.119536 25.996932 25.874296 25.744690 25.600593 25.433624 25.234230 24.991307 24.691756 24.319966 23.857221 23.281028 22.564424 21.675318 20.576085 19.223750 17.571403 15.571858 13.184933 10.389737 7.202100 3.693406 0.000000 
50.000000 48.023344 46.063410 44.136498 42.258074 40.442402 38.702219 37.048477 35.490150 34.034116 32.685122 31.445804 30.316796 29.296870 28.383139 27.571285 26.855803 26.230259 25.687530 25.220041 24.819966 24.479403 24.190509 23.945595 23.737186 23.558025 23.401056 23.259350 23.126006 22.994004 22.856036 22.704287 22.530192 22.324150 22.075198 21.770659 21.395744 20.933147 20.362645 19.660770 18.800667 17.752304 16.483360 14.961206 13.156564 11.049401 8.637263 5.945108 3.033566 0.000000 
50.000000 47.825211 45.668821 43.548762 41.482053 39.484386 37.569777 35.750274 34.035752 32.433780 30.949579 29.586055 28.343905 27.221781 26.216513 25.323355 24.536259 23.848156 23.251227 22.737160 22.297372 21.923209 21.606096 21.337643 21.109720 20.914470 20.744293 20.591787 20.449645 20.310528 20.166895 20.010809 19.833718 19.626206 19.377731 19.076344 18.708419 18.258396 17.708602 17.039182 16.228281 15.252582 14.088454 12.713929 11.111792 9.273903 7.206495 4.935485 2.509799 0.000000 
50.000000 47.641779 45.303509 43.004636 40.763612 38.597454 36.521361 34.548397 32.689271 30.952191 29.342821 27.864312 26.517422 25.300695 24.210696 23.242287 22.388920 21.642942 20.995894 20.438783 19.962339 19.557221 19.214188 18.924223 18.678611 18.468969 18.287238 18.125625 17.976517 17.832357 17.685492 17.528001 17.351496 17.146920 16.904332 16.612705 16.259747 15.831769 15.313652 14.688953 13.940247 13.049799 12.000701 10.778596 9.374074 7.785653 6.023037 4.109875 2.084876 0.000000 
50.000000 47.473449 44.968274 42.505308 40.104321 37.783545 35.559264 33.445476 31.453653 29.592592 27.868360 26.284338 24.841340 23.537808 22.370070 21.332627 20.418474 19.619427 18.926440 18.329908 17.819933 17.386553 17.019932 16.710491 16.449004 16.226634 16.034933 15.865798 15.711390 15.564023 15.416031 15.259606 15.086637 14.888535 14.656069 14.379222 14.047082 13.647801 13.168650 12.596220 11.916825 11.117173 10.185375 9.112336 7.893512 6.530911 5.035031 3.426245 1.734961 0.000000 
50.000000 47.320362 44.663396 42.051196 39.504731 37.043340 34.684290 32.442430 30.329929 28.356116 26.527428 24.847453 23.317055 21.934590 20.696166 19.595960 18.626553 17.779281 17.044570 16.412259 15.871889 15.412943 15.025054 14.698150 14.422557 14.189051 13.988863 13.813647 13.655407 13.506400 13.359015 13.205632 13.038485 12.849515 12.630243 12.371673 12.064232 11.697784 11.261733 10.745262 10.137730 9.429279 8.611669 7.679343 6.630686 5.469323 4.205264 2.855539 1.443999 0.000000 
50.000000 47.182423 44.388684 41.642016 38.964469 36.376374 33.895892 31.538634 29.317396 27.241989 25.319184 23.552754 21.943613 20.490033 19.187931 18.031190 17.012023 16.121332 15.349074 14.684593 14.116927 13.635070 13.228186 12.885772 12.597769 12.354624 12.147309 11.967289 11.806469 11.657101 11.511679 11.362819 11.203131 11.025108 10.821020 10.582848 10.302258 9.970646 9.579256 9.119419 8.582914 7.962476 7.252461 6.449641 5.554074 4.569945 3.506217 2.376889 1.200677 0.000000 
50.000000 47.059329 44.143538 41.276876 38.482354 35.781194 33.192349 30.732114 28.413844 26.247780 24.240991 22.397416 20.718011 19.200980 17.842065 16.634891 15.571342 14.641939 13.836219 13.143090 12.551149 12.048959 11.625274 11.269219 10.970406 10.719010 10.505787 10.322068 10.159697 10.010962 9.868495 9.725166 9.573974 9.407951 9.220078 9.003236 8.750203 8.453701 8.106523 7.701740 7.233014 6.695009 6.083899 5.397945 4.638094 3.808511 2.916939 1.974769 0.996705 0.000000 
50.000000 46.950612 43.927024 40.954381 38.056546 35.255526 32.570975 30.019790 27.615822 25.369691 23.288729 21.377022 19.635566 18.062502 16.653420 15.401718 14.298991 13.335425 12.500191 11.781814 11.168505 10.648453 10.210061 9.842131 9.534000 9.275613 9.057561 8.871071 8.707965 8.560588 8.421727 8.284511 8.142317 7.988685 7.817246 7.621688 7.395754 7.133293 6.828371 6.475448 6.069631 5.606996 5.084969 4.502738 3.861657 3.165578 2.421042 1.637255 0.825788 0.000000 
50.000000 46.855671 43.737946 40.672752 37.684696 34.796471 32.028341 29.397733 26.918928 24.602878 22.457144 20.485942 18.690303 17.068313 15.615430 14.324856 13.187933 12.194558 11.333583 10.593203 9.961296 9.425729 8.974603 8.596450 8.280373 8.016131 7.794184 7.605687 7.442458 7.296920 7.162014 7.031122 6.897973 6.756570 6.601123 6.426023 6.225835 5.995346 5.729652 5.424304 5.075505 4.680354 4.237127 3.745564 3.207141 2.625273 2.005405 1.354943 0.683010 0.000000 
50.000000 46.773819 43.574934 40.429949 37.364111 34.400703 31.560518 28.861436 26.318112 23.941783 21.740209 19.717718 17.875369 16.211204 14.720567 13.396490 12.230101 11.211046 10.327908 9.568595 8.920706 8.371831 7.909818 7.522971 7.200200 6.931113 6.706068 6.516171 6.353254 6.209817 6.078958 5.954289 5.829858 5.700078 5.559663 5.403602 5.227148 5.025852 4.795636 4.532895 4.234654 3.898747 3.524017 3.110514 2.659679 2.174456 1.659332 1.120258 0.564438 0.000000 
50.000000 46.704321 43.436526 40.223793 37.091912 34.064668 31.163304 28.406084 25.807980 23.380471 21.131487 19.065450 17.183445 15.483474 13.960787 12.608273 11.416878 10.376036 9.474101 8.698745 8.037325 7.477206 7.006021 6.611887 6.283556 6.010516 5.783044 5.592216 5.429886 5.288633 5.161694 5.042893 4.926558 4.807452 4.680719 4.541845 4.386649 4.211298 4.012360 3.786880 3.532494 3.247555 2.931279 2.583877 2.206669 1.802153 1.374008 0.927013 0.466881 0.000000 
50.000000 46.646435 43.321245 40.052083 36.865195 33.784782 30.832461 28.026818 25.383086 22.912951 20.624479 18.522174 16.607142 14.877351 13.327975 11.951783 10.739568 9.680592 8.763019 7.974323 7.301666 6.732222 6.253453 5.853322 5.520454 5.244241 5.014900 4.823490 4.661889 4.522749 4.399434 4.285948 4.176857 4.067221 3.952538 3.828702 3.691984 3.539039 3.366936 3.173212 2.955950 2.713870 2.446427 2.153897 1.837453 1.499194 1.142134 0.770127 0.387728 0.000000 
50.000000 46.599451 43.227673 39.912710 36.681173 33.557604 30.563923 27.718976 25.038211 22.533477 20.212955 18.081213 16.139375 14.385383 12.814348 11.418940 10.189834 9.116149 8.185895 7.386388 6.704632 6.127650 5.642766 5.237818 4.901334 4.622632 4.391884 4.200138 4.039297 3.902079 3.781956 3.673080 3.570216 3.468664 3.364207 3.253063 3.131859 2.997626 2.847814 2.680325 2.493567 2.286515 2.058771 1.810627 1.543105 1.257969 0.957702 0.645437 0.324850 0.000000 
50.000000 46.562720 43.154523 39.803754 36.537312 33.380006 30.353991 27.478318 24.768602 22.236820 19.891243 17.736490 15.773697 14.000788 12.412822 11.002396 9.760089 8.674911 7.734752 6.926805 6.237952 5.655098 5.165458 4.756780 4.417514 4.136922 3.905147 3.713228 3.553092 3.417512 3.300046 3.194967 3.097193 3.002215 2.906035 2.805120 2.696366 2.577086 2.445011 2.298309 2.135618 1.956081 1.759395 1.545839 1.316302 1.072279 0.815844 0.549589 0.276534 0.000000 
50.000000 46.535689 43.100689 39.723570 36.431442 33.249307 30.199497 27.301212 24.570191 22.018504 19.654490 17.482802 15.504589 13.717759 12.117335 10.695860 9.443841 8.350209 7.402765 6.588614 5.894546 5.307382 4.814259 4.402857 4.061569 3.779621 3.547130 3.355137 3.195585 3.061290 2.945872 2.843698 2.749799 2.659804 2.569876 2.476662 2.377252 2.269158 2.150309 2.019056 1.874191 1.714972 1.541147 1.352976 1.151241 0.937236 0.712739 0.479956 0.241443 0.000000 
50.000000 46.517921 43.065303 39.670863 36.361850 33.163395 30.097944 27.184796 24.439770 21.875000 19.498865 17.316047 15.327698 13.531718 11.923106 10.494368 9.235967 8.136779 7.184550 6.366324 5.668832 5.078841 4.583436 4.170252 3.827649 3.544825 3.311885 3.119868 2.960731 2.827317 2.713291 2.613079 2.521787 2.435136 2.349394 2.261323 2.168138 2.067480 1.957403 1.836374 1.703279 1.557445 1.398647 1.227128 1.043595 0.849211 0.645560 0.434600 0.218590 0.000000 
50.000000 46.509113 43.047764 39.644738 36.327356 33.120812 30.047608 27.127092 24.375124 21.803869 19.421728 17.233392 15.240019 13.439504 11.826834 10.394496 9.132931 8.030990 7.076390 6.256145 5.556958 4.965568 4.469033 4.054970 3.711718 3.428465 3.195308 3.003287 2.844365 2.711399 2.598077 2.498853 2.408871 2.323898 2.240252 2.154754 2.064680 1.967733 1.862028 1.746085 1.618840 1.479647 1.328298 1.165022 0.990490 0.805798 0.612436 0.412241 0.207326 0.000000 
50.000000 46.509113 43.047764 39.644738 36.327356 33.120812 30.047608 27.127092 24.375124 21.803869 19.421728 17.233392 15.240019 13.439504 11.826834 10.394496 9.132931 8.030990 7.076390 6.256145 5.556958 4.965568 4.469033 4.054970 3.711718 3.428465 3.195308 3.003287 2.844365 2.711399 2.598077 2.498853 2.408871 2.323898 2.240252 2.154754 2.064680 1.967733 1.862028 1.746085 1.618840 1.479647 1.328298 1.165022 0.990490 0.805798 0.612436 0.412241 0.207326 0.000000 
50.000000 46.517921 43.065303 39.670863 36.361850 33.163395 30.097944 27.184796 24.439770 21.875000 19.498865 17.316047 15.327698 13.531718 11.923106 10.494368 9.235967 8.136779 7.184550 6.366324 5.668832 5.078841 4.583436 4.170252 3.827649 3.544825 3.311885 3.119868 2.960731 2.827317 2.713291 2.613079 2.521787 2.435136 2.349394 2.261323 2.168138 2.067480 1.957403 1.836374 1.703279 1.557445 1.398647 1.227128 1.043595 0.849211 0.645560 0.434600 0.218590 0.000000 
50.000000 46.535689 43.100689 39.723570 36.431442 33.249307 30.199497 27.301212 24.570191 22.018504 19.654490 17.482802 15.504589 13.717759 12.117335 10.695860 9.443841 8.350209 7.402765 6.588614 5.894546 5.307382 4.814259 4.402857 4.061569 3.779621 3.547130 3.355137 3.195585 3.061290 2.945872 2.843698 2.749799 2.659804 2.569876 2.476662 2.377252 2.269158 2.150309 2.019056 1.874191 1.714972 1.541147 1.352976 1.151241 0.937236 0.712739 0.479956 0.241443 0.000000 
50.000000 46.562720 43.154523 39.803754 36.537312 33.380006 30.353991 27.478318 24.768602 22.236820 19.891243 17.736490 15.773697 14.000788 12.412822 11.002396 9.760089 8.674911 7.734752 6.926805 6.237952 5.655098 5.165458 4.756780 4.417514 4.136922 3.905147 3.713228 3.553092 3.417512 3.300046 3.194967 3.097193 3.002215 2.906035 2.805120 2.696366 2.577086 2.445011 2.298309 2.135618 1.956081 1.759395 1.545839 1.316302 1.072279 0.815844 0.549589 0.276534 0.000000 
50.000000 46.599451 43.227673 39.912710 36.681173 33.557604 30.563923 27.718976 25.038211 22.533477 20.212955 18.081213 16.139375 14.385383 12.814348 11.418940 10.189834 9.116149 8.185895 7.386388 6.704632 6.127650 5.642766 5.237818 4.901334 4.622632 4.391884 4.200138 4.039297 3.902079 3.781956 3.673080 3.570216 3.468664 3.364207 3.253063 3.131859 2.997626 2.847814 2.680325 2.493567 2.286515 2.058771 1.810627 1.543105 1.257969 0.957702 0.645437 0.324850 0.000000 
50.000000 46.646435 43.321245 40.052083 36.865195 33.784782 30.832461 28.026818 25.383086 22.912951 20.624479 18.522174 16.607142 14.877351 13.327975 11.951783 10.739568 9.680592 8.763019 7.974323 7.301666 6.732222 6.253453 5.853322 5.520454 5.244241 5.014900 4.823490 4.661889 4.522749 4.399434 4.285948 4.176857 4.067221 3.952538 3.828702 3.691984 3.539039 3.366936 3.173212 2.955950 2.713870 2.446427 2.153897 1.837453 1.499194 1.142134 0.770127 0.387728 0.000000 
50.000000 46.704321 43.436526 40.223793 37.091912 34.064668 31.163304 28.406084 25.807980 23.380471 21.131487 19.065450 17.183445 15.483474 13.960787 12.608273 11.416878 10.376036 9.474101 8.698745 8.037325 7.477206 7.006021 6.611887 6.283556 6.010516 5.783044 5.592216 5.429886 5.288633 5.161694 5.042893 4.926558 4.807452 4.680719 4.541845 4.386649 4.211298 4.012360 3.786880 3.532494 3.247555 2.931279 2.583877 2.206669 1.802153 1.374008 0.927013 0.466881 0.000000 
50.000000 46.773819 43.574934 40.429949 37.364111 34.400703 31.560518 28.861436 26.318112 23.941783 21.740209 19.717718 17.875369 16.211204 14.720567 13.396490 12.230101 11.211046 10.327908 9.568595 8.920706 8.371831 7.909818 7.522971 7.200200 6.931113 6.706068 6.516171 6.353254 6.209817 6.078958 5.954289 5.829858 5.700078 5.559663 5.403602 5.227148 5.025852 4.795636 4.532895 4.234654 3.898747 3.524017 3.110514 2.659679 2.174456 1.659332 1.120258 0.564438 0.000000 
50.000000 46.855671 43.737946 40.672752 37.684696 34.796471 32.028341 29.397733 26.918928 24.602878 22.457144 20.485942 18.690303 17.068313 15.615430 14.324856 13.187933 12.194558 11.333583 10.593203 9.961296 9.425729 8.974603 8.596450 8.280373 8.016131 7.794184 7.605687 7.442458 7.296920 7.162014 7.031122 6.897973 6.756570 6.601123 6.426023 6.225835 5.995346 5.729652 5.424304 5.075505 4.680354 4.237127 3.745564 3.207141 2.625273 2.005405 1.354943 0.683010 0.000000 
50.000000 46.950612 43.927024 40.954381 38.056546 35.255526 32.570975 30.019790 27.615822 25.369691 23.288729 21.377022 19.635566 18.062502 16.653420 15.401718 14.298991 13.335425 12.500191 11.781814 11.168505 10.648453 10.210061 9.842131 9.534000 9.275613 9.057561 8.871071 8.707965 8.560588 8.421727 8.284511 8.142317 7.988685 7.817246 7.621688 7.395754 7.133293 6.828371 6.475448 6.069631 5.606996 5.084969 4.502738 3.861657 3.165578 2.421042 1.637255 0.825788 0.000000 
50.000000 47.059329 44.143538 41.276876 38.482354 35.781194 33.192349 30.732114 28.413844 26.247780 24.240991 22.397416 20.718011 19.200980 17.842065 16.634891 15.571342 14.641939 13.836219 13.143090 12.551149 12.048959 11.625274 11.269219 10.970406 10.719010 10.505787 10.322068 10.159697 10.010962 9.868495 9.725166 9.573974 9.407951 9.220078 9.003236 8.750203 8.453701 8.106523 7.701740 7.233014 6.695009 6.083899 5.397945 4.638094 3.808511 2.916939 1.974769 0.996705 0.000000 
50.000000 47.182423 44.388684 41.642016 38.964469 36.376374 33.895892 31.538634 29.317396 27.241989 25.319184 23.552754 21.943613 20.490033 19.187931 18.031190 17.012023 16.121332 15.349074 14.684593 14.116927 13.635070 13.228186 12.885772 12.597769 12.354624 12.147309 11.967289 11.806469 11.657101 11.511679 11.362819 11.203131 11.025108 10.821020 10.582848 10.302258 9.970646 9.579256 9.119419 8.582914 7.962476 7.252461 6.449641 5.554074 4.569945 3.506217 2.376889 1.200677 0.000000 
50.000000 47.320362 44.663396 42.051196 39.504731 37.043340 34.684290 32.442430 30.329929 28.356116 26.527428 24.847453 23.317055 21.934590 20.696166 19.595960 18.626553 17.779281 17.044570 16.412259 15.871889 15.412943 15.025054 14.698150 14.422557 14.189051 13.988863 13.813647 13.655407 13.506400 13.359015 13.205632 13.038485 12.849515 12.630243 12.371673 12.064232 11.697784 11.261733 10.745262 10.137730 9.429279 8.611669 7.679343 6.630686 5.469323 4.205264 2.855539 1.443999 0.000000 
50.000000 47.473449 44.968274 42.505308 40.104321 37.783545 35.559264 33.445476 31.453653 29.592592 27.868360 26.284338 24.841340 23.537808 22.370070 21.332627 20.418474 19.619427 18.926440 18.329908 17.819933 17.386553 17.019932 16.710491 16.449004 16.226634 16.034933 15.865798 15.711390 15.564023 15.416031 15.259606 15.086637 14.888535 14.656069 14.379222 14.047082 13.647801 13.168650 12.596220 11.916825 11.117173 10.185375 9.112336 7.893512 6.530911 5.035031 3.426245 1.734961 0.000000 
50.000000 47.641779 45.303509 43.004636 40.763612 38.597454 36.521361 34.548397 32.689271 30.952191 29.342821 27.864312 26.517422 25.300695 24.210696 23.242287 22.388920 21.642942 20.995894 20.438783 19.962339 19.557221 19.214188 18.924223 18.678611 18.468969 18.287238 18.125625 17.976517 17.832357 17.685492 17.528001 17.351496 17.146920 16.904332 16.612705 16.259747 15.831769 15.313652 14.688953 13.940247 13.049799 12.000701 10.778596 9.374074 7.785653 6.023037 4.109875 2.084876 0.000000 
50.000000 47.825211 45.668821 43.548762 41.482053 39.484386 37.569777 35.750274 34.035752 32.433780 30.949579 29.586055 28.343905 27.221781 26.216513 25.323355 24.536259 23.848156 23.251227 22.737160 22.297372 21.923209 21.606096 21.337643 21.109720 20.914470 20.744293 20.591787 20.449645 20.310528 20.166895 20.010809 19.833718 19.626206 19.377731 19.076344 18.708419 18.258396 17.708602 17.039182 16.228281 15.252582 14.088454 12.713929 11.111792 9.273903 7.206495 4.935485 2.509799 0.000000 
50.000000 48.023344 46.063410 44.136498 42.258074 40.442402 38.702219 37.048477 35.490150 34.034116 32.685122 31.445804 30.316796 29.296870 28.383139 27.571285 26.855803 26.230259 25.687530 25.220041 24.819966 24.479403 24.190509 23.945595 23.737186 23.558025 23.401056 23.259350 23.126006 22.994004 22.856036 22.704287 22.530192 22.324150 22.075198 21.770659 21.395744 20.933147 20.362645 19.660770 18.800667 17.752304 16.483360 14.961206 13.156564 11.049401 8.637263 5.945108 3.033566 0.000000 
50.000000 48.235500 46.485927 44.765832 43.089020 41.468224 39.914814 38.438567 37.047491 35.747728 34.543512 33.437198 32.429348 31.518863 30.703165 29.978392 29.339626 28.781112 28.296481 27.878954 27.521522 27.217100 26.958646 26.739243 26.552140 26.390763 26.248682 26.119536 25.996932 25.874296 25.744690 25.600593 25.433624 25.234230 24.991307 24.691756 24.319966 23.857221 23.281028 22.564424 21.675318 20.576085 19.223750 17.571403 15.571858 13.184933 10.389737 7.202100 3.693406 0.000000 
50.000000 48.460718 46.934459 45.433914 43.971127 42.557206 41.202070 39.914247 38.700723 37.566855 36.516336 35.551219 34.671994 33.877701 33.166086 32.533778 31.976481 31.489167 31.066271 30.701865 30.389817 30.123922 29.898001 29.705976 29.541897 29.399950 29.274413 29.159593 29.049719 28.938793 28.820413 28.687540 28.532225 28.345259 28.115760 27.830654 27.474038 27.026395 26.463627 25.755890 24.866261 23.749336 22.350087 20.603706 18.437868 15.780020 12.573481 8.806212 4.551044 0.000000 
50.000000 48.697759 47.406535 46.137065 44.899539 43.703354 42.556900 41.467392 40.440741 39.481479 38.592728 37.776226 37.032385 36.360392 35.758339 35.223370 34.751847 34.339511 33.981647 33.673229 33.409055 33.183858 32.992384 32.829457 32.689996 32.569020 32.461604 32.362820 32.267629 32.170752 32.066493 31.948514 31.809566 31.641135 31.433007 31.172707 30.844769 30.429794 29.903201 29.233580 28.380563 27.292110 25.901324 24.123252 21.853206 18.970206 15.353093 10.921811 5.716399 0.000000 
50.000000 48.945117 47.899158 46.870822 45.868361 44.899388 43.970700 43.088141 42.256498 41.479443 40.759505 40.098090 39.495532 38.951172 38.463461 38.030086 37.648096 37.314037 37.024085 36.774162 36.560044 36.377450 36.222109 36.089801 35.976380 35.877765 35.789908 35.708735 35.630056 35.549446 35.462084 35.362558 35.244606 35.100788 34.922060 34.697214 34.412123 34.048710 33.583519 32.985695 32.214116 31.213306 29.907701 28.193926 25.931512 22.935003 18.977536 13.832124 7.403073 0.000000 
50.000000 49.201047 48.408853 47.630006 46.870757 46.136870 45.433495 44.765057 44.135182 43.546650 43.001377 42.500428 42.044055 41.631757 41.262363 40.934117 40.644784 40.391746 40.172102 39.982759 39.820514 39.682116 39.564317 39.463909 39.377730 39.302662 39.235601 39.173413 39.112854 39.050479 38.982508 38.904662 38.811945 38.698367 38.556569 38.377318 38.148813 37.855700 37.477640 36.987181 36.346528 35.502507 34.378619 32.862382 30.785464 27.894402 23.815402 18.043175 10.072356 0.000000 
50.000000 49.463598 48.931735 48.408832 47.899086 47.406369 46.934136 46.485359 46.062473 45.667343 45.301256 44.964927 44.658524 44.381712 44.133703 43.913318 43.719056 43.549158 43.401674 43.274527 43.165561 43.072592 42.993433 42.925922 42.867927 42.817340 42.772061 42.729957 42.688818 42.646283 42.599748 42.546247 42.482299 42.403695 42.305227 42.180299 42.020394 41.814280 41.546844 41.197260 40.736082 40.120395 39.285429 38.129473 36.485656 34.067728 30.366171 24.466026 14.849808 0.000000 
50.000000 49.730658 49.463594 49.201030 48.945073 48.697665 48.460544 48.235201 48.022857 47.824451 47.640629 47.471748 47.317894 47.178898 47.054364 46.943701 46.846153 46.760839 46.686777 46.622925 46.568199 46.521501 46.481731 46.447801 46.418639 46.393180 46.370365 46.349116 46.328310 46.306749 46.283103 46.255856 46.223217 46.183014 46.132547 46.068374 45.986024 45.879551 45.740869 45.558689 45.316758 44.990799 44.542871 43.910267 42.981808 41.542376 39.128926 34.613941 24.865366 0.000000 
50.000000 50.000000 50.000000 50.000000 50.000000 50.000000 50.000000 50.000000 50.000000 50.000000 50.000000 50.000000 50.000000 50.000000 50.000000 50.000000 50.000000 50.000000 50.000000 50.000000 50.000000 50.000000 50.000000 50.000000 50.000000 50.000000 50.000000 50.000000 50.000000 50.000000 50.000000 50.000000 50.000000 50.000000 50.000000 50.000000 50.000000 50.000000 50.000000 50.000000 50.000000 50.000000 50.000000 50.000000 50.000000 50.000000 50.000000 50.000000 50.000000 50.000000 
