50.000000 50.000000 50.000000 50.000000 50.000000 50.000000 50.000000 50.000000 50.000000 50.000000 50.000000 50.000000 50.000000 50.000000 50.000000 50.000000 50.000000 50.000000 50.000000 50.000000 50.000000 50.000000 50.000000 50.000000 50.000000 50.000000 50.000000 50.000000 50.000000 50.000000 50.000000 50.000000 50.000000 50.000000 50.000000 50.000000 50.000000 50.000000 50.000000 50.000000 50.000000 50.000000 50.000000 50.000000 50.000000 50.000000 50.000000 50.000000 50.000000 50.000000 
50.000000 49.792101 49.585560 49.381706 49.181818 48.987096 48.798643 48.617444 48.444349 48.280068 48.125156 47.980016 47.844895 47.719891 47.604959 47.499920 47.404473 47.318211 47.240628 47.171135 47.109074 47.053724 47.004313 46.960020 46.919978 46.883272 46.848929 46.815906 46.783073 46.749175 46.712802 46.672328 46.625840 46.571032 46.505070 46.424388 46.324397 46.199057 46.040208 45.836513 45.571703 45.221514 44.748052 44.088686 43.132349 41.664058 39.220932 34.675639 24.896324 0.000000 
50.000000 49.585579 49.173863 48.767505 48.369052 47.980898 47.605239 47.244040 46.898998 46.571524 46.262728 45.973411 45.704068 45.454892 45.225796 45.016422 44.826175 44.654239 44.499610 44.361116 44.237447 44.127170 44.028749 43.940555 43.860866 43.787868 43.719636 43.654109 43.589055 43.522010 43.450204 43.370458 43.279043 43.171489 43.042320 42.884692 42.689857 42.446394 42.139042 41.746881 41.240432 40.576804 39.691319 38.482419 36.783450 34.308434 30.548173 24.588072 14.911048 0.000000 
50.000000 49.381783 48.767601 48.161413 47.567016 46.987984 46.427593 45.888772 45.374054 44.885545 44.424900 43.993316 43.591529 43.219833 42.878093 42.565782 42.282012 42.025568 41.794956 41.588435 41.404053 41.239684 41.093046 40.961722 40.843163 40.734687 40.633453 40.536433 40.440351 40.341612 40.236189 40.119485 39.986142 39.829777 39.642639 39.415123 39.135089 38.786898 38.349993 37.796783 37.089419 36.174764 34.976452 33.382225 31.224070 28.248921 24.083457 18.222926 10.162550 0.000000 
50.000000 49.182013 48.369367 47.567296 46.780829 46.014691 45.273219 44.560287 43.879249 43.232891 42.623404 42.052371 41.520770 41.028987 40.576851 40.163665 39.788256 39.449026 39.144001 38.870885 38.627111 38.409877 38.216184 38.042858 37.886562 37.743788 37.610836 37.483775 37.358374 37.230009 37.093541 36.943140 36.772065 36.572365 36.334481 36.046714 35.694494 35.259370 34.717597 34.038135 33.179789 32.087129 30.684759 28.869598 26.501582 23.395774 19.325927 14.065745 7.520296 0.000000 
50.000000 48.987498 47.981607 46.988806 46.015320 45.066998 44.149208 43.266747 42.423767 41.623716 40.869309 40.162505 39.504517 38.895827 38.336225 37.824852 37.360263 36.940487 36.563092 36.225249 35.923795 35.655287 35.416041 35.202169 35.009587 34.834019 34.670975 34.515701 34.363112 34.207689 34.043343 33.863228 33.659508 33.423045 33.142993 32.806274 32.396882 31.894956 31.275558 30.507052 29.548972 28.349332 26.841433 24.940673 22.542853 19.527616 15.774545 11.204422 5.858202 0.000000 
50.000000 48.799370 47.606580 46.429313 45.274950 44.150427 43.062112 42.015693 41.016092 40.067402 39.172842 38.334738 37.554531 36.832795 36.169286 35.562993 35.012211 34.514610 34.067322 33.667011 33.309951 32.992088 32.709095 32.456414 32.229271 32.022687 31.831453 31.650086 31.472762 31.293206 31.104557 30.899184 30.668450 30.402416 30.089460 29.715804 29.264907 28.716712 28.046702 27.224759 26.213842 24.968601 23.434234 21.546326 19.233118 16.422768 13.059446 9.132079 4.714551 0.000000 
50.000000 48.618653 47.246326 45.891859 44.563745 43.269965 42.017843 40.813927 39.663881 38.572414 37.543232 36.579014 35.681420 34.851118 34.087831 33.390404 32.756886 32.184611 31.670297 31.210129 30.799850 30.434838 30.110165 29.820653 29.560900 29.325287 29.107971 28.902838 28.703438 28.502886 28.293729 28.067770 27.815855 27.527602 27.191069 26.792358 26.315133 25.740061 25.044172 24.200185 23.175870 21.933651 20.430793 18.620823 16.457175 13.900454 10.930712 7.564848 3.875417 0.000000 
50.000000 48.446246 46.902637 45.379120 43.885245 42.429991 41.021598 39.667431 38.373863 37.146191 35.988588 34.904070 33.894509 32.960660 32.102220 31.317901 30.605520 29.962096 29.383959 28.866847 28.406009 27.996293 27.632221 27.308048 27.017802 26.755301 26.514146 26.287688 26.068969 25.850631 25.624794 25.382904 25.115538 24.812178 24.460938 24.048252 23.558530 22.973779 22.273241 21.433092 20.426310 19.222905 17.790807 16.097851 14.115418 11.824327 9.223135 6.337954 3.230676 0.000000 
50.000000 48.282915 46.577043 44.893374 43.242465 41.634240 40.077805 38.581301 37.151771 35.795074 34.515821 33.317351 32.201738 31.169823 30.221279 29.354696 28.567674 27.856942 27.218467 26.647574 26.139057 25.687277 25.286253 24.929730 24.611228 24.324069 24.061382 23.816074 23.580788 23.347817 23.109007 22.855621 22.578177 22.266267 21.908344 21.491497 21.001224 20.421220 19.733222 18.916980 17.950445 16.810331 15.473259 13.917739 12.127250 10.094538 7.826905 5.351480 2.718522 0.000000 
50.000000 48.129289 46.270794 44.436490 42.637880 40.885774 39.190096 37.559715 36.002308 34.524259 33.130597 31.824963 30.609620 29.485495 28.452242 27.508335 26.651180 25.877234 25.182133 24.560822 24.007676 23.516617 23.081208 22.694739 22.350282 22.040733 21.758821 21.497098 21.247902 21.003291 20.754963 20.494141 20.211449 19.896770 19.539090 19.126354 18.645330 18.081528 17.419194 16.641449 15.730647 14.669067 13.440048 12.029718 10.429371 8.638441 6.667731 4.542142 2.301759 0.000000 
50.000000 47.985858 45.984869 44.009928 42.073418 40.186982 38.361304 36.605935 34.929142 33.337804 31.837336 30.431664 29.123233 27.913047 26.800745 25.784699 24.862136 24.029265 23.281419 22.613198 22.018599 21.491145 21.023994 20.610031 20.241940 19.912252 19.613369 19.337562 19.076949 18.823448 18.568707 18.304024 18.020248 17.707673 17.355937 16.953937 16.489768 15.950729 15.323415 14.593944 13.748381 12.773427 11.657427 10.391766 8.972606 7.402878 5.694196 3.868201 1.956702 0.000000 
50.000000 47.852978 45.719978 43.614745 41.550482 39.539598 37.593486 35.722328 33.934938 32.238652 30.639246 29.140911 27.746259 26.456371 25.270874 24.188048 23.204956 22.317584 21.520993 20.809468 20.176668 19.615759 19.119540 18.680544 18.291118 17.943488 17.629789 17.342077 17.072324 16.812378 16.553921 16.288404 16.006977 15.700418 15.359071 14.972802 14.531002 14.022638 13.436398 12.760958 11.985401 11.099834 10.096235 8.969511 7.718744 6.348477 4.869828 3.301101 1.667544 0.000000 
50.000000 47.730880 45.476579 43.251626 41.069975 38.944743 36.887970 34.910420 33.021412 31.228700 29.538394 27.954928 26.481072 25.117975 23.865256 22.721116 21.682469 20.745103 19.903832 19.152661 18.484947 17.893542 17.370927 16.909330 16.500814 16.137347 15.810853 15.513231 15.236360 14.972080 14.712161 14.448260 14.171872 13.874288 13.546561 13.179498 12.763688 12.289592 11.747706 11.128820 10.424406 9.627141 8.731573 7.734915 6.637901 5.445616 4.168112 2.820645 1.423312 0.000000 
50.000000 47.619677 45.254901 42.920912 40.632349 38.402973 36.245417 34.170973 32.189419 30.308892 28.535808 26.874822 25.328846 23.899098 22.585190 21.385250 20.296065 19.313243 18.431379 17.644232 16.944890 16.325929 15.779557 15.297737 14.872290 14.494976 14.157554 13.851809 13.569573 13.302719 13.043143 12.782735 12.513355 12.226804 11.914814 11.569061 11.181214 10.743029 10.246519 9.684186 9.049357 8.336608 7.542274 6.665030 5.706470 4.671626 3.569305 2.412117 1.216119 0.000000 
50.000000 47.519384 45.054970 42.622642 40.237657 37.914356 35.665905 33.504076 31.439059 29.479340 27.631606 25.900716 24.289713 22.799874 21.430809 20.180583 19.045870 18.022119 17.103734 16.284256 15.556540 14.912920 14.345369 13.845624 13.405306 13.016005 12.669350 12.357052 12.070929 11.802913 11.545047 11.289469 11.028395 10.754113 10.458984 10.135464 9.776161 9.373935 8.922043 8.414349 7.845596 7.211742 6.510345 5.740969 4.905582 4.008864 3.058377 2.064507 1.040131 0.000000 
50.000000 47.429929 44.876646 42.356607 39.885620 37.478546 35.149026 32.909257 30.769802 28.739453 26.825145 25.031917 23.362928 21.819512 20.401276 19.106233 17.930957 16.870759 15.919878 15.071663 14.318768 13.653321 13.067090 12.551626 12.098381 11.698810 11.344444 11.026946 10.738144 10.470048 10.214854 9.964942 9.712869 9.451371 9.173370 8.872006 8.540691 8.173200 7.763797 7.307413 6.799860 6.238089 5.620471 4.947090 4.219993 3.443378 2.623662 1.769385 0.890920 0.000000 
50.000000 47.351177 44.719656 42.122400 39.575701 37.094876 34.693987 32.385606 30.180621 28.088098 26.115186 24.267086 22.547061 20.956493 19.494991 18.160521 16.949572 15.857338 14.877913 14.004483 13.229529 12.545004 11.942504 11.413422 10.949074 10.540806 10.180079 9.858527 9.568002 9.300600 9.048670 8.804818 8.561914 8.313093 8.051769 7.771666 7.466870 7.131904 6.761836 6.352421 5.900266 5.403026 4.859608 4.270366 3.637268 2.963995 2.255956 1.520177 0.765056 0.000000 
50.000000 47.282942 44.583633 41.919473 39.307175 36.762450 34.299725 31.931897 29.670137 27.523746 25.500064 23.604428 21.840192 20.208783 18.709810 17.341203 16.099376 14.979425 13.975320 13.080111 12.286131 11.585185 10.968729 10.428025 9.954277 9.538748 9.172844 8.848189 8.556668 8.290460 8.042058 7.804276 7.570260 7.333491 7.087804 6.827413 6.546956 6.241560 5.906923 5.539429 5.136273 4.695602 4.216663 3.699929 3.147208 2.561687 1.947912 1.311681 0.659842 0.000000 
50.000000 47.225014 44.468155 41.747195 39.079206 36.480234 33.965013 31.546718 29.236760 27.044640 24.977859 23.041873 21.240111 19.574040 18.043270 16.645699 15.377682 14.234231 13.209214 12.295566 11.485500 10.770700 10.142503 9.592066 9.110505 8.689018 8.318974 7.991993 7.699996 7.435243 7.190355 6.958328 6.732545 6.506781 6.275220 6.032478 5.773639 5.494306 5.190665 4.859575 4.498657 4.106400 3.682256 3.226732 2.741443 2.229132 1.693631 1.139755 0.573139 0.000000 
50.000000 47.177169 44.372779 41.604908 38.890922 36.247146 33.688568 31.228592 28.878828 26.648943 24.546569 22.577260 20.744510 19.049819 17.492797 16.071317 14.781687 13.618849 12.576589 11.647751 10.824448 10.098265 9.460448 8.902070 8.414178 7.987918 7.614635 7.285952 6.993825 6.730584 6.488962 6.262109 6.043602 5.827459 5.608147 5.380601 5.140256 4.883082 4.605639 4.305134 3.979497 3.627444 3.248553 2.843310 2.413144 1.960418 1.488387 1.001098 0.503249 0.000000 
50.000000 47.139195 44.297078 41.491974 38.741480 36.062143 33.469154 30.976096 28.594738 26.334880 24.204257 22.208502 20.351161 18.633758 17.055907 15.615459 14.308686 13.130477 12.074551 11.133682 10.299904 9.564729 8.919328 8.354711 7.861873 7.431924 7.056191 6.726301 6.434243 6.172406 5.933613 5.711138 5.498714 5.290548 5.081327 4.866233 4.640967 4.401776 4.145490 3.869574 3.572168 3.252143 2.909144 2.543619 2.156830 1.750836 1.328442 0.893111 0.448839 0.000000 
50.000000 47.110899 44.240672 41.407824 38.630128 35.924293 33.305663 30.787956 28.383058 26.100866 23.949196 21.933738 20.058076 18.323753 16.730385 15.275810 13.956270 12.766616 11.700520 10.750700 9.909137 9.167286 8.516265 7.947037 7.450561 7.017921 6.640432 6.309729 6.017822 5.757150 5.520603 5.301547 5.093833 4.891807 4.690316 4.484722 4.270917 4.045344 3.805025 3.547599 3.271350 2.975247 2.658969 2.322922 1.968237 1.596743 1.210917 0.813800 0.408890 0.000000 
50.000000 47.092127 44.203251 41.351997 38.556254 35.832840 33.197200 30.663140 28.242624 25.945617 23.779984 21.751455 19.863639 18.118093 16.514432 15.050487 13.722481 12.525238 11.452400 10.496650 9.649932 8.903663 8.248928 7.676660 7.177793 6.743395 6.364776 6.033573 5.741816 5.481972 5.246981 5.030268 4.825762 4.627901 4.431637 4.232449 4.026352 3.809914 3.580280 3.335197 3.073038 2.792828 2.494264 2.177717 1.844226 1.495470 1.133710 0.761715 0.382659 0.000000 
50.000000 47.082769 44.184597 41.324167 38.519428 35.787251 33.143131 30.600919 28.172619 25.868226 23.695632 21.660588 19.766714 18.015573 16.406783 14.938167 13.605942 12.404917 11.328720 10.370016 9.520731 8.772263 8.115681 7.541904 7.041852 6.606586 6.227413 5.895973 5.604305 5.344892 5.110695 4.895172 4.692291 4.496533 4.302904 4.106940 3.904716 3.692862 3.468581 3.229673 2.974553 2.702272 2.412533 2.105689 1.782734 1.445268 1.095447 0.735906 0.369663 0.000000 
50.000000 47.082769 44.184597 41.324167 38.519428 35.787251 33.143131 30.600919 28.172619 25.868226 23.695632 21.660588 19.766714 18.015573 16.406783 14.938167 13.605942 12.404917 11.328720 10.370016 9.520731 8.772263 8.115681 7.541904 7.041852 6.606586 6.227413 5.895973 5.604305 5.344892 5.110695 4.895172 4.692291 4.496533 4.302904 4.106940 3.904716 3.692862 3.468581 3.229673 2.974553 2.702272 2.412533 2.105689 1.782734 1.445268 1.095447 0.735906 0.369663 0.000000 
50.000000 47.092127 44.203251 41.351997 38.556254 35.832840 33.197200 30.663140 28.242624 25.945617 23.779984 21.751455 19.863639 18.118093 16.514432 15.050487 13.722481 12.525238 11.452400 10.496650 9.649932 8.903663 8.248928 7.676660 7.177793 6.743395 6.364776 6.033573 5.741816 5.481972 5.246981 5.030268 4.825762 4.627901 4.431637 4.232449 4.026352 3.809914 3.580280 3.335197 3.073038 2.792828 2.494264 2.177717 1.844226 1.495470 1.133710 0.761715 0.382659 0.000000 
50.000000 47.110899 44.240672 41.407824 38.630128 35.924293 33.305663 30.787956 28.383058 26.100866 23.949196 21.933738 20.058076 18.323753 16.730385 15.275810 13.956270 12.766616 11.700520 10.750700 9.909137 9.167286 8.516265 7.947037 7.450561 7.017921 6.640432 6.309729 6.017822 5.757150 5.520603 5.301547 5.093833 4.891807 4.690316 4.484722 4.270917 4.045344 3.805025 3.547599 3.271350 2.975247 2.658969 2.322922 1.968237 1.596743 1.210917 0.813800 0.408890 0.000000 
50.000000 47.139195 44.297078 41.491974 38.741480 36.062143 33.469154 30.976096 28.594738 26.334880 24.204257 22.208502 20.351161 18.633758 17.055907 15.615459 14.308686 13.130477 12.074551 11.133682 10.299904 9.564729 8.919328 8.354711 7.861873 7.431924 7.056191 6.726301 6.434243 6.172406 5.933613 5.711138 5.498714 5.290548 5.081327 4.866233 4.640967 4.401776 4.145490 3.869574 3.572168 3.252143 2.909144 2.543619 2.156830 1.750836 1.328442 0.893111 0.448839 0.000000 
50.000000 47.177169 44.372779 41.604908 38.890922 36.247146 33.688568 31.228592 28.878828 26.648943 24.546569 22.577260 20.744510 19.049819 17.492797 16.071317 14.781687 13.618849 12.576589 11.647751 10.824448 10.098265 9.460448 8.902070 8.414178 7.987918 7.614635 7.285952 6.993825 6.730584 6.488962 6.262109 6.043602 5.827459 5.608147 5.380601 5.140256 4.883082 4.605639 4.305134 3.979497 3.627444 3.248553 2.843310 2.413144 1.960418 1.488387 1.001098 0.503249 0.000000 
50.000000 47.225014 44.468155 41.747195 39.079206 36.480234 33.965013 31.546718 29.236760 27.044640 24.977859 23.041873 21.240111 19.574040 18.043270 16.645699 15.377682 14.234231 13.209214 12.295566 11.485500 10.770700 10.142503 9.592066 9.110505 8.689018 8.318974 7.991993 7.699996 7.435243 7.190355 6.958328 6.732545 6.506781 6.275220 6.032478 5.773639 5.494306 5.190665 4.859575 4.498657 4.106400 3.682256 3.226732 2.741443 2.229132 1.693631 1.139755 0.573139 0.000000 
50.000000 47.282942 44.583633 41.919473 39.307175 36.762450 34.299725 31.931897 29.670137 27.523746 25.500064 23.604428 21.840192 20.208783 18.709810 17.341203 16.099376 14.979425 13.975320 13.080111 12.286131 11.585185 10.968729 10.428025 9.954277 9.538748 9.172844 8.848189 8.556668 8.290460 8.042058 7.804276 7.570260 7.333491 7.087804 6.827413 6.546956 6.241560 5.906923 5.539429 5.136273 4.695602 4.216663 3.699929 3.147208 2.561687 1.947912 1.311681 0.659842 0.000000 
50.000000 47.351177 44.719656 42.122400 39.575701 37.094876 34.693987 32.385606 30.180621 28.088098 26.115186 24.267086 22.547061 20.956493 19.494991 18.160521 16.949572 15.857338 14.877913 14.004483 13.229529 12.545004 11.942504 11.413422 10.949074 10.540806 10.180079 9.858527 9.568002 9.300600 9.048670 8.804818 8.561914 8.313093 8.051769 7.771666 7.466870 7.131904 6.761836 6.352421 5.900266 5.403026 4.859608 4.270366 3.637268 2.963995 2.255956 1.520177 0.765056 0.000000 
50.000000 47.429929 44.876646 42.356607 39.885620 37.478546 35.149026 32.909257 30.769802 28.739453 26.825145 25.031917 23.362928 21.819512 20.401276 19.106233 17.930957 16.870759 15.919878 15.071663 14.318768 13.653321 13.067090 12.551626 12.098381 11.698810 11.344444 11.026946 10.738144 10.470048 10.214854 9.964942 9.712869 9.451371 9.173370 8.872006 8.540691 8.173200 7.763797 7.307413 6.799860 6.238089 5.620471 4.947090 4.219993 3.443378 2.623662 1.769385 0.890920 0.000000 
50.000000 47.519384 45.054970 42.622642 40.237657 37.914356 35.665905 33.504076 31.439059 29.479340 27.631606 25.900716 24.289713 22.799874 21.430809 20.180583 19.045870 18.022119 17.103734 16.284256 15.556540 14.912920 14.345369 13.845624 13.405306 13.016005 12.669350 12.357052 12.070929 11.802913 11.545047 11.289469 11.028395 10.754113 10.458984 10.135464 9.776161 9.373935 8.922043 8.414349 7.845596 7.211742 6.510345 5.740969 4.905582 4.008864 3.058377 2.064507 1.040131 0.000000 
50.000000 47.619677 45.254901 42.920912 40.632349 38.402973 36.245417 34.170973 32.189419 30.308892 28.535808 26.874822 25.328846 23.899098 22.585190 21.385250 20.296065 19.313243 18.431379 17.644232 16.944890 16.325929 15.779557 15.297737 14.872290 14.494976 14.157554 13.851809 13.569573 13.302719 13.043143 12.782735 12.513355 12.226804 11.914814 11.569061 11.181214 10.743029 10.246519 9.684186 9.049357 8.336608 7.542274 6.665030 5.706470 4.671626 3.569305 2.412117 1.216119 0.000000 
50.000000 47.730880 45.476579 43.251626 41.069975 38.944743 36.887970 34.910420 33.021412 31.228700 29.538394 27.954928 26.481072 25.117975 23.865256 22.721116 21.682469 20.745103 19.903832 19.152661 18.484947 17.893542 17.370927 16.909330 16.500814 16.137347 15.810853 15.513231 15.236360 14.972080 14.712161 14.448260 14.171872 13.874288 13.546561 13.179498 12.763688 12.289592 11.747706 11.128820 10.424406 9.627141 8.731573 7.734915 6.637901 5.445616 4.168112 2.820645 1.423312 0.000000 
50.000000 47.852978 45.719978 43.614745 41.550482 39.539598 37.593486 35.722328 33.934938 32.238652 30.639246 29.140911 27.746259 26.456371 25.270874 24.188048 23.204956 22.317584 21.520993 20.809468 20.176668 19.615759 19.119540 18.680544 18.291118 17.943488 17.629789 17.342077 17.072324 16.812378 16.553921 16.288404 16.006977 15.700418 15.359071 14.972802 14.531002 14.022638 13.436398 12.760958 11.985401 11.099834 10.096235 8.969511 7.718744 6.348477 4.869828 3.301101 1.667544 0.000000 
50.000000 47.985858 45.984869 44.009928 42.073418 40.186982 38.361304 36.605935 34.929142 33.337804 31.837336 30.431664 29.123233 27.913047 26.800745 25.784699 24.862136 24.029265 23.281419 22.613198 22.018599 21.491145 21.023994 20.610031 20.241940 19.912252 19.613369 19.337562 19.076949 18.823448 18.568707 18.304024 18.020248 17.707673 17.355937 16.953937 16.489768 15.950729 15.323415 14.593944 13.748381 12.773427 11.657427 10.391766 8.972606 7.402878 5.694196 3.868201 1.956702 0.000000 
50.000000 48.129289 46.270794 44.436490 42.637880 40.885774 39.190096 37.559715 36.002308 34.524259 33.130597 31.824963 30.609620 29.485495 28.452242 27.508335 26.651180 25.877234 25.182133 24.560822 24.007676 23.516617 23.081208 22.694739 22.350282 22.040733 21.758821 21.497098 21.247902 21.003291 20.754963 20.494141 20.211449 19.896770 19.539090 19.126354 18.645330 18.081528 17.419194 16.641449 15.730647 14.669067 13.440048 12.029718 10.429371 8.638441 6.667731 4.542142 2.301759 0.000000 
50.000000 48.282915 46.577043 44.893374 43.242465 41.634240 40.077805 38.581301 37.151771 35.795074 34.515821 33.317351 32.201738 31.169823 30.221279 29.354696 28.567674 27.856942 27.218467 26.647574 26.139057 25.687277 25.286253 24.929730 24.611228 24.324069 24.061382 23.816074 23.580788 23.347817 23.109007 22.855621 22.578177 22.266267 21.908344 21.491497 21.001224 20.421220 19.733222 18.916980 17.950445 16.810331 15.473259 13.917739 12.127250 10.094538 7.826905 5.351480 2.718522 0.000000 
50.000000 48.446246 46.902637 45.379120 43.885245 42.429991 41.021598 39.667431 38.373863 37.146191 35.988588 34.904070 33.894509 32.960660 32.102220 31.317901 30.605520 29.962096 29.383959 28.866847 28.406009 27.996293 27.632221 27.308048 27.017802 26.755301 26.514146 26.287688 26.068969 25.850631 25.624794 25.382904 25.115538 24.812178 24.460938 24.048252 23.558530 22.973779 22.273241 21.433092 20.426310 19.222905 17.790807 16.097851 14.115418 11.824327 9.223135 6.337954 3.230676 0.000000 
50.000000 48.618653 47.246326 45.891859 44.563745 43.269965 42.017843 40.813927 39.663881 38.572414 37.543232 36.579014 35.681420 34.851118 34.087831 33.390404 32.756886 32.184611 31.670297 31.210129 30.799850 30.434838 30.110165 29.820653 29.560900 29.325287 29.107971 28.902838 28.703438 28.502886 28.293729 28.067770 27.815855 27.527602 27.191069 26.792358 26.315133 25.740061 25.044172 24.200185 23.175870 21.933651 20.430793 18.620823 16.457175 13.900454 10.930712 7.564848 3.875417 0.000000 
50.000000 48.799370 47.606580 46.429313 45.274950 44.150427 43.062112 42.015693 41.016092 40.067402 39.172842 38.334738 37.554531 36.832795 36.169286 35.562993 35.012211 34.514610 34.067322 33.667011 33.309951 32.992088 32.709095 32.456414 32.229271 32.022687 31.831453 31.650086 31.472762 31.293206 31.104557 30.899184 30.668450 30.402416 30.089460 29.715804 29.264907 28.716712 28.046702 27.224759 26.213842 24.968601 23.434234 21.546326 19.233118 16.422768 13.059446 9.132079 4.714551 0.000000 
50.000000 48.987498 47.981607 46.988806 46.015320 45.066998 44.149208 43.266747 42.423767 41.623716 40.869309 40.162505 39.504517 38.895827 38.336225 37.824852 37.360263 36.940487 36.563092 36.225249 35.923795 35.655287 35.416041 35.202169 35.009587 34.834019 34.670975 34.515701 34.363112 34.207689 34.043343 33.863228 33.659508 33.423045 33.142993 32.806274 32.396882 31.894956 31.275558 30.507052 29.548972 28.349332 26.841433 24.940673 22.542853 19.527616 15.774545 11.204422 5.858202 0.000000 
50.000000 49.182013 48.369367 47.567296 46.780829 46.014691 45.273219 44.560287 43.879249 43.232891 42.623404 42.052371 41.520770 41.028987 40.576851 40.163665 39.788256 39.449026 39.144001 38.870885 38.627111 38.409877 38.216184 38.042858 37.886562 37.743788 37.610836 37.483775 37.358374 37.230009 37.093541 36.943140 36.772065 36.572365 36.334481 36.046714 35.694494 35.259370 34.717597 34.038135 33.179789 32.087129 30.684759 28.869598 26.501582 23.395774 19.325927 14.065745 7.520296 0.000000 
50.000000 49.381783 48.767601 48.161413 47.567016 46.987984 46.427593 45.888772 45.374054 44.885545 44.424900 43.993316 43.591529 43.219833 42.878093 42.565782 42.282012 42.025568 41.794956 41.588435 41.404053 41.239684 41.093046 40.961722 40.843163 40.734687 40.633453 40.536433 40.440351 40.341612 40.236189 40.119485 39.986142 39.829777 39.642639 39.415123 39.135089 38.786898 38.349993 37.796783 37.089419 36.174764 34.976452 33.382225 31.224070 28.248921 24.083457 18.222926 10.162550 0.000000 
50.000000 49.585579 49.173863 48.767505 48.369052 47.980898 47.605239 47.244040 46.898998 46.571524 46.262728 45.973411 45.704068 45.454892 45.225796 45.016422 44.826175 44.654239 44.499610 44.361116 44.237447 44.127170 44.028749 43.940555 43.860866 43.787868 43.719636 43.654109 43.589055 43.522010 43.450204 43.370458 43.279043 43.171489 43.042320 42.884692 42.689857 42.446394 42.139042 41.746881 41.240432 40.576804 39.691319 38.482419 36.783450 34.308434 30.548173 24.588072 14.911048 0.000000 
50.000000 49.792101 49.585560 49.381706 49.181818 48.987096 48.798643 48.617444 48.444349 48.280068 48.125156 47.980016 47.844895 47.719891 47.604959 47.499920 47.404473 47.318211 47.240628 47.171135 47.109074 47.053724 47.004313 46.960020 46.919978 46.883272 46.848929 46.815906 46.783073 46.749175 46.712802 46.672328 46.625840 46.571032 46.505070 46.424388 46.324397 46.199057 46.040208 45.836513 45.571703 45.221514 44.748052 44.088686 43.132349 41.664058 39.220932 34.675639 24.896324 0.000000 
50.000000 50.000000 50.000000 50.000000 50.000000 50.000000 50.000000 50.000000 50.000000 50.000000 50.000000 50.000000 50.000000 50.000000 50.000000 50.000000 50.000000 50.000000 50.000000 50.000000 50.000000 50.000000 50.000000 50.000000 50.000000 50.000000 50.000000 50.000000 50.000000 50.000000 50.000000 50.000000 50.000000 50.000000 50.000000 50.000000 50.000000 50.000000 50.000000 50.000000 50.000000 50.000000 50.000000 50.000000 50.000000 50.000000 50.000000 50.000000 50.000000 50.000000 
