50.000000 50.000000 50.000000 50.000000 50.000000 50.000000 50.000000 50.000000 50.000000 50.000000 50.000000 50.000000 50.000000 50.000000 50.000000 50.000000 50.000000 50.000000 50.000000 50.000000 50.000000 50.000000 50.000000 50.000000 50.000000 50.000000 50.000000 50.000000 50.000000 50.000000 50.000000 50.000000 50.000000 50.000000 50.000000 50.000000 50.000000 50.000000 50.000000 50.000000 50.000000 50.000000 50.000000 50.000000 50.000000 50.000000 50.000000 50.000000 50.000000 50.000000 
50.000000 49.393369 48.798294 48.225671 47.685140 47.184601 46.729894 46.324650 45.970319 45.666349 45.410488 45.199161 45.027879 44.891639 44.785283 44.703788 44.642491 44.597228 44.564413 44.541050 44.524713 44.513484 44.505890 44.500821 44.497452 44.495177 44.493545 44.492195 44.490813 44.489071 44.486572 44.482786 44.476958 44.467995 44.454305 44.433573 44.402437 44.356017 44.287196 44.185512 44.035340 43.812775 43.479942 42.973850 42.182661 40.890212 38.632045 34.278894 24.696684 0.000000 
50.000000 48.798294 47.619480 46.485144 45.414378 44.422836 43.522085 42.719319 42.017409 41.415261 40.908414 40.489787 40.150488 39.880606 39.669920 39.508484 39.387058 39.297396 39.232392 39.186113 39.153750 39.131508 39.116467 39.106427 39.099758 39.095263 39.092045 39.089399 39.086708 39.083333 39.078512 39.071221 39.060015 39.042806 39.016567 38.976907 38.917489 38.829165 38.698721 38.506951 38.225637 37.812588 37.203163 36.295095 34.920218 32.790240 29.392874 23.809740 14.519400 0.000000 
50.000000 48.225671 46.485144 44.810288 43.229295 41.765277 40.435314 39.250026 38.213653 37.324580 36.576221 35.958120 35.457146 35.058666 34.747590 34.509231 34.329947 34.197563 34.101586 34.033256 33.985474 33.952637 33.930433 33.915616 33.905784 33.899168 33.894455 33.890615 33.886751 33.881952 33.875136 33.864864 33.849119 33.824998 33.788314 33.733042 33.650544 33.528485 33.349278 33.087816 32.708076 32.157933 31.361066 30.204183 28.517082 26.043336 22.405144 17.092269 9.593626 0.000000 
50.000000 47.685140 45.414378 43.229295 41.166672 39.256658 37.521539 35.975171 34.623083 33.463170 32.486837 31.680444 31.026860 30.506994 30.101157 29.790190 29.556293 29.383584 29.258371 29.169229 29.106895 29.064059 29.035100 29.015783 29.002977 28.994386 28.988304 28.983408 28.978558 28.972615 28.964243 28.951692 28.932521 28.903247 28.858884 28.792313 28.693434 28.548012 28.336085 28.029769 27.590187 26.963187 26.073423 24.816488 23.049530 20.583336 17.185960 12.624138 6.794928 0.000000 
50.000000 47.184601 44.422836 41.765277 39.256658 36.933649 34.823354 32.942624 31.298185 29.887475 28.700041 27.719293 26.924396 26.292129 25.798547 25.420347 25.135883 24.925834 24.773552 24.665141 24.589333 24.537244 24.502034 24.478560 24.463019 24.452627 24.445329 24.439541 24.433921 24.427154 24.417728 24.403690 24.382344 24.349881 24.300891 24.227730 24.119683 23.961868 23.733809 23.407578 22.945433 22.296878 21.395259 20.154405 18.466825 16.207128 13.248195 9.502618 5.001939 0.000000 
50.000000 46.729894 43.522085 40.435314 37.521539 34.823354 32.372239 30.187768 28.277752 26.639216 25.260017 24.120885 23.197620 22.463250 21.889963 21.450691 21.120293 20.876328 20.699458 20.573544 20.485501 20.425009 20.384128 20.356889 20.338882 20.326888 20.318540 20.312033 20.305868 20.298607 20.288636 20.273908 20.251636 20.217923 20.167290 20.092079 19.981697 19.821664 19.592450 19.268075 18.814526 18.188097 17.334022 16.186120 14.668949 12.705051 10.231131 7.226991 3.756044 0.000000 
50.000000 46.324650 42.719319 39.250027 35.975171 32.942624 30.187769 27.732603 25.585906 23.744332 22.194235 20.913955 19.876291 19.050931 18.406615 17.912920 17.541588 17.267400 17.068621 16.927112 16.828168 16.760191 16.714264 16.683680 16.663496 16.650106 16.640878 16.633826 16.627331 16.619883 16.609836 16.595147 16.573077 16.539844 16.490192 16.416858 16.309933 16.156095 15.937731 15.631991 15.209874 14.635550 13.866302 12.853747 11.547366 9.901749 7.888961 5.516156 2.844708 0.000000 
50.000000 45.970319 42.017409 38.213654 34.623083 31.298185 28.277753 25.585906 23.232268 21.213172 19.513654 18.109965 16.972283 16.067371 15.360954 14.819678 14.412561 14.111950 13.894017 13.738875 13.630403 13.555888 13.505555 13.472058 13.449988 13.435411 13.425468 13.418028 13.411392 13.404022 13.394295 13.380247 13.359302 13.327944 13.281351 13.212940 13.113855 12.972380 12.773333 12.497487 12.121154 11.616136 10.950358 10.089657 9.001309 7.659897 6.055721 4.204821 2.157544 0.000000 
50.000000 45.666349 41.415261 37.324581 33.463171 29.887476 26.639217 23.744333 21.213173 19.041791 17.214097 15.704546 14.481067 13.507914 12.748230 12.166140 11.728327 11.405052 11.170692 11.003858 10.887215 10.807095 10.752989 10.717004 10.693334 10.677767 10.667260 10.659571 10.652949 10.645863 10.636754 10.623798 10.604649 10.576164 10.534082 10.472661 10.384285 10.259037 10.084309 9.844495 9.520899 9.092023 8.534462 7.824694 6.942045 5.872985 4.616507 3.189625 1.631009 0.000000 
50.000000 45.410488 40.908415 36.576223 32.486840 28.700044 25.260021 22.194239 19.513658 17.214099 15.278520 13.679868 12.384177 11.353590 10.549073 9.932634 9.468987 9.126640 8.878455 8.701782 8.578265 8.493431 8.436155 8.398085 8.373084 8.356711 8.345773 8.337946 8.331453 8.324794 8.316503 8.304925 8.287991 8.262975 8.226237 8.172937 8.096735 7.989511 7.841118 7.639267 7.369614 7.016177 6.562253 5.991950 5.292469 4.457073 3.488409 2.401466 1.224977 0.000000 
50.000000 45.199162 40.489790 35.958124 31.680449 27.719299 24.120892 20.913962 18.109973 15.704553 13.679873 12.007634 10.652305 9.574287 8.732746 8.087940 7.602960 7.244863 6.985261 6.800465 6.671274 6.582550 6.522660 6.482877 6.456790 6.439773 6.428517 6.420637 6.414350 6.408200 6.400829 6.390766 6.376230 6.354924 6.323826 6.278974 6.215247 6.126180 6.003833 5.838776 5.620258 5.336651 4.976241 4.528451 3.985497 3.344369 2.608849 1.791072 0.911968 0.000000 
50.000000 45.027882 40.150494 35.457154 31.026870 26.924408 23.197634 19.876307 16.972300 14.481083 12.384192 10.652316 9.248656 8.132199 7.260653 6.592860 6.090592 5.719732 5.450881 5.259503 5.125715 5.033841 4.971838 4.930672 4.903716 4.886196 4.874712 4.866840 4.860799 4.855188 4.848760 4.840225 4.828079 4.810434 4.784845 4.748153 4.696331 4.624361 4.526179 4.394712 4.222070 3.999940 3.720230 3.375985 2.962553 2.478869 1.928677 1.321334 0.671868 0.000000 
50.000000 44.891645 39.880617 35.058682 30.507014 26.292154 22.463279 19.050963 16.067405 13.507950 11.353625 9.574318 8.132220 6.985192 6.089784 5.403710 4.887695 4.506685 4.230479 4.033868 3.896425 3.802049 3.738368 3.696108 3.668471 3.650565 3.638925 3.631097 3.625316 3.620233 3.614706 3.607616 3.597712 3.583470 3.562961 3.533723 3.492663 3.435977 3.359136 3.256942 3.123709 2.953589 2.741064 2.481612 2.172496 1.813601 1.408154 0.963139 0.489213 0.000000 
50.000000 44.785293 39.669941 34.747621 30.101197 25.798596 21.890019 18.406678 15.361022 12.748301 10.549146 8.732816 7.260714 6.089825 5.175793 4.475451 3.948706 3.559776 3.277829 3.077135 2.936841 2.840513 2.775525 2.732416 2.704253 2.686059 2.674315 2.666553 2.661022 2.656427 2.651719 2.645928 2.638025 2.626801 2.610761 2.588029 2.556280 2.512692 2.453947 2.376299 2.275720 2.148154 1.989885 1.797998 1.570915 1.308925 1.014610 0.693055 0.351731 0.000000 
50.000000 44.703808 39.508524 34.509290 29.790267 25.420441 21.450800 17.913041 14.819810 12.166279 9.932778 8.088085 6.592998 5.403830 4.475530 3.764258 3.229294 2.834297 2.547954 2.344132 2.201655 2.103833 2.037846 1.994090 1.965530 1.947123 1.935314 1.927625 1.922323 1.918156 1.914159 1.909489 1.903301 1.894646 1.882385 1.865117 1.841127 1.808362 1.764439 1.706703 1.632346 1.538594 1.422972 1.283619 1.119644 0.931460 0.721035 0.491998 0.249524 0.000000 
50.000000 44.642529 39.387134 34.330059 29.556439 25.136060 21.120498 17.541817 14.412810 11.728592 9.469265 7.603244 6.090874 4.887961 3.948934 3.229444 2.688301 2.288742 1.999094 1.792921 1.648803 1.549859 1.483123 1.438882 1.410027 1.391467 1.379620 1.372003 1.366898 1.363094 1.359692 1.355952 1.351182 1.344638 1.335465 1.322631 1.304895 1.280792 1.248639 1.206585 1.152702 1.085119 1.002204 0.902780 0.786357 0.653338 0.505174 0.344404 0.174573 0.000000 
50.000000 44.597300 39.297538 34.197771 29.383855 24.926163 20.876708 17.267826 14.112414 11.405548 9.127160 7.245399 5.720275 4.507219 3.560275 2.834721 2.289018 1.886095 1.594007 1.386100 1.240772 1.141001 1.073712 1.029116 1.000047 0.981378 0.969510 0.961958 0.957017 0.953508 0.950587 0.947597 0.943959 0.939096 0.932366 0.923022 0.910180 0.892809 0.869741 0.839708 0.801404 0.753581 0.695177 0.625453 0.544149 0.451606 0.348861 0.237664 0.120413 0.000000 
50.000000 44.564544 39.232651 34.101967 29.258868 24.774155 20.700155 17.069401 13.894868 11.171601 8.879411 6.986252 5.451892 4.231491 3.278816 2.548872 1.999867 1.594507 1.300654 1.091491 0.945288 0.844918 0.777231 0.732378 0.703155 0.684411 0.672533 0.665036 0.660227 0.656952 0.654408 0.652000 0.649242 0.645676 0.640825 0.634150 0.625029 0.612749 0.596512 0.575460 0.548721 0.515475 0.475035 0.426944 0.371067 0.307673 0.237485 0.161689 0.081888 0.000000 
50.000000 44.541286 39.186580 34.033944 29.170124 24.666225 20.574799 16.928516 13.740407 11.005497 8.703508 6.802257 5.261340 4.035726 3.078982 2.345921 1.794573 1.387483 1.092377 0.882323 0.735499 0.634704 0.566734 0.521700 0.492371 0.473575 0.461694 0.454241 0.449534 0.446437 0.444179 0.442213 0.440117 0.437525 0.434077 0.429386 0.423020 0.414490 0.403257 0.388749 0.370391 0.347649 0.320086 0.287419 0.249582 0.206776 0.159496 0.108535 0.054950 0.000000 
50.000000 44.525132 39.154578 33.986694 29.108483 24.591258 20.487727 16.830658 13.633120 10.890123 8.581327 6.674457 5.128987 3.899752 2.940182 2.204956 1.651981 1.243690 0.947715 0.737042 0.589786 0.488697 0.420531 0.375372 0.345968 0.327138 0.315257 0.307839 0.303208 0.300243 0.298197 0.296554 0.294942 0.293059 0.290628 0.287371 0.282986 0.277142 0.269477 0.259613 0.247175 0.231819 0.213267 0.191347 0.166029 0.137456 0.105963 0.072073 0.036480 0.000000 
50.000000 44.514216 39.132955 33.954769 29.066832 24.540603 20.428894 16.764538 13.560629 10.812168 8.498774 6.588108 5.039561 3.807880 2.846401 2.109713 1.555639 1.146537 0.849974 0.638883 0.491336 0.390048 0.321750 0.276507 0.247054 0.228202 0.216322 0.208930 0.204353 0.201482 0.199585 0.198172 0.196902 0.195516 0.193799 0.191543 0.188537 0.184553 0.179351 0.172682 0.164299 0.153983 0.141555 0.126913 0.110043 0.091048 0.070150 0.047695 0.024135 0.000000 
50.000000 44.507149 39.118956 33.934099 29.039867 24.507808 20.390805 16.721730 13.513697 10.761698 8.445328 6.532203 4.981665 3.748401 2.785687 2.048052 1.493267 1.083639 0.786696 0.575335 0.427599 0.326183 0.257800 0.212502 0.183018 0.164151 0.152273 0.144899 0.140359 0.137552 0.135756 0.134497 0.133455 0.132403 0.131161 0.129571 0.127478 0.124725 0.121146 0.116573 0.110845 0.103815 0.095372 0.085448 0.074043 0.061226 0.047150 0.032046 0.016212 0.000000 
50.000000 44.502951 39.110640 33.921821 29.023849 24.488328 20.368179 16.696303 13.485820 10.731720 8.413582 6.498997 4.947276 3.713071 2.749623 2.011427 1.456219 1.046280 0.749111 0.537589 0.389742 0.288249 0.219815 0.174485 0.144982 0.126108 0.114231 0.106868 0.102351 0.099584 0.097849 0.096684 0.095782 0.094932 0.093979 0.092792 0.091252 0.089240 0.086637 0.083323 0.079184 0.074118 0.068048 0.060931 0.052768 0.043612 0.033571 0.022809 0.011537 0.000000 
50.000000 44.501002 39.106780 33.916121 29.016413 24.479284 20.357676 16.684498 13.472878 10.717802 8.398844 6.483581 4.931311 3.696670 2.732881 1.994424 1.439020 1.028936 0.731662 0.520066 0.372166 0.270638 0.202181 0.156836 0.127324 0.108447 0.096571 0.089212 0.084707 0.081958 0.080253 0.079132 0.078296 0.077542 0.076724 0.075727 0.074446 0.072782 0.070636 0.067910 0.064512 0.060361 0.055395 0.049582 0.042923 0.035463 0.027291 0.018538 0.009375 0.000000 
50.000000 44.501002 39.106780 33.916121 29.016413 24.479284 20.357676 16.684498 13.472878 10.717802 8.398844 6.483581 4.931311 3.696670 2.732881 1.994424 1.439020 1.028936 0.731662 0.520066 0.372166 0.270638 0.202181 0.156836 0.127324 0.108447 0.096571 0.089212 0.084707 0.081958 0.080253 0.079132 0.078296 0.077542 0.076724 0.075727 0.074446 0.072782 0.070636 0.067910 0.064512 0.060361 0.055395 0.049582 0.042923 0.035463 0.027291 0.018538 0.009375 0.000000 
50.000000 44.502951 39.110640 33.921821 29.023849 24.488328 20.368179 16.696303 13.485820 10.731720 8.413582 6.498997 4.947276 3.713071 2.749623 2.011427 1.456219 1.046280 0.749111 0.537589 0.389742 0.288249 0.219815 0.174485 0.144982 0.126108 0.114231 0.106868 0.102351 0.099584 0.097849 0.096684 0.095782 0.094932 0.093979 0.092792 0.091252 0.089240 0.086637 0.083323 0.079184 0.074118 0.068048 0.060931 0.052768 0.043612 0.033571 0.022809 0.011537 0.000000 
50.000000 44.507149 39.118956 33.934099 29.039867 24.507808 20.390805 16.721730 13.513697 10.761698 8.445328 6.532203 4.981665 3.748401 2.785687 2.048052 1.493267 1.083639 0.786696 0.575335 0.427599 0.326183 0.257800 0.212502 0.183018 0.164151 0.152273 0.144899 0.140359 0.137552 0.135756 0.134497 0.133455 0.132403 0.131161 0.129571 0.127478 0.124725 0.121146 0.116573 0.110845 0.103815 0.095372 0.085448 0.074043 0.061226 0.047150 0.032046 0.016212 0.000000 
50.000000 44.514216 39.132955 33.954769 29.066832 24.540603 20.428894 16.764538 13.560629 10.812168 8.498774 6.588108 5.039561 3.807880 2.846401 2.109713 1.555639 1.146537 0.849974 0.638883 0.491336 0.390048 0.321750 0.276507 0.247054 0.228202 0.216322 0.208930 0.204353 0.201482 0.199585 0.198172 0.196902 0.195516 0.193799 0.191543 0.188537 0.184553 0.179351 0.172682 0.164299 0.153983 0.141555 0.126913 0.110043 0.091048 0.070150 0.047695 0.024135 0.000000 
50.000000 44.525132 39.154578 33.986694 29.108483 24.591258 20.487727 16.830658 13.633120 10.890123 8.581327 6.674457 5.128987 3.899752 2.940182 2.204956 1.651981 1.243690 0.947715 0.737042 0.589786 0.488697 0.420531 0.375372 0.345968 0.327138 0.315257 0.307839 0.303208 0.300243 0.298197 0.296554 0.294942 0.293059 0.290628 0.287371 0.282986 0.277142 0.269477 0.259613 0.247175 0.231819 0.213267 0.191347 0.166029 0.137456 0.105963 0.072073 0.036480 0.000000 
50.000000 44.541286 39.186580 34.033944 29.170124 24.666225 20.574799 16.928516 13.740407 11.005497 8.703508 6.802257 5.261340 4.035726 3.078982 2.345921 1.794573 1.387483 1.092377 0.882323 0.735499 0.634704 0.566734 0.521700 0.492371 0.473575 0.461694 0.454241 0.449534 0.446437 0.444179 0.442213 0.440117 0.437525 0.434077 0.429386 0.423020 0.414490 0.403257 0.388749 0.370391 0.347649 0.320086 0.287419 0.249582 0.206776 0.159496 0.108535 0.054950 0.000000 
50.000000 44.564544 39.232651 34.101967 29.258868 24.774155 20.700155 17.069401 13.894868 11.171601 8.879411 6.986252 5.451892 4.231491 3.278816 2.548872 1.999867 1.594507 1.300654 1.091491 0.945288 0.844918 0.777231 0.732378 0.703155 0.684411 0.672533 0.665036 0.660227 0.656952 0.654408 0.652000 0.649242 0.645676 0.640825 0.634150 0.625029 0.612749 0.596512 0.575460 0.548721 0.515475 0.475035 0.426944 0.371067 0.307673 0.237485 0.161689 0.081888 0.000000 
50.000000 44.597300 39.297538 34.197771 29.383855 24.926163 20.876708 17.267826 14.112414 11.405548 9.127160 7.245399 5.720275 4.507219 3.560275 2.834721 2.289018 1.886095 1.594007 1.386100 1.240772 1.141001 1.073712 1.029116 1.000047 0.981378 0.969510 0.961958 0.957017 0.953508 0.950587 0.947597 0.943959 0.939096 0.932366 0.923022 0.910180 0.892809 0.869741 0.839708 0.801404 0.753581 0.695177 0.625453 0.544149 0.451606 0.348861 0.237664 0.120413 0.000000 
50.000000 44.642529 39.387134 34.330059 29.556439 25.136060 21.120498 17.541817 14.412810 11.728592 9.469265 7.603244 6.090874 4.887961 3.948934 3.229444 2.688301 2.288742 1.999094 1.792921 1.648803 1.549859 1.483123 1.438882 1.410027 1.391467 1.379620 1.372003 1.366898 1.363094 1.359692 1.355952 1.351182 1.344638 1.335465 1.322631 1.304895 1.280792 1.248639 1.206585 1.152702 1.085119 1.002204 0.902780 0.786357 0.653338 0.505174 0.344404 0.174573 0.000000 
50.000000 44.703808 39.508524 34.509290 29.790267 25.420441 21.450800 17.913041 14.819810 12.166279 9.932778 8.088085 6.592998 5.403830 4.475530 3.764258 3.229294 2.834297 2.547954 2.344132 2.201655 2.103833 2.037846 1.994090 1.965530 1.947123 1.935314 1.927625 1.922323 1.918156 1.914159 1.909489 1.903301 1.894646 1.882385 1.865117 1.841127 1.808362 1.764439 1.706703 1.632346 1.538594 1.422972 1.283619 1.119644 0.931460 0.721035 0.491998 0.249524 0.000000 
50.000000 44.785293 39.669941 34.747621 30.101197 25.798596 21.890019 18.406678 15.361022 12.748301 10.549146 8.732816 7.260714 6.089825 5.175793 4.475451 3.948706 3.559776 3.277829 3.077135 2.936841 2.840513 2.775525 2.732416 2.704253 2.686059 2.674315 2.666553 2.661022 2.656427 2.651719 2.645928 2.638025 2.626801 2.610761 2.588029 2.556280 2.512692 2.453947 2.376299 2.275720 2.148154 1.989885 1.797998 1.570915 1.308925 1.014610 0.693055 0.351731 0.000000 
50.000000 44.891645 39.880617 35.058682 30.507014 26.292154 22.463279 19.050963 16.067405 13.507950 11.353625 9.574318 8.132220 6.985192 6.089784 5.403710 4.887695 4.506685 4.230479 4.033868 3.896425 3.802049 3.738368 3.696108 3.668471 3.650565 3.638925 3.631097 3.625316 3.620233 3.614706 3.607616 3.597712 3.583470 3.562961 3.533723 3.492663 3.435977 3.359136 3.256942 3.123709 2.953589 2.741064 2.481612 2.172496 1.813601 1.408154 0.963139 0.489213 0.000000 
50.000000 45.027882 40.150494 35.457154 31.026870 26.924408 23.197634 19.876307 16.972300 14.481083 12.384192 10.652316 9.248656 8.132199 7.260653 6.592860 6.090592 5.719732 5.450881 5.259503 5.125715 5.033841 4.971838 4.930672 4.903716 4.886196 4.874712 4.866840 4.860799 4.855188 4.848760 4.840225 4.828079 4.810434 4.784845 4.748153 4.696331 4.624361 4.526179 4.394712 4.222070 3.999940 3.720230 3.375985 2.962553 2.478869 1.928677 1.321334 0.671868 0.000000 
50.000000 45.199162 40.489790 35.958124 31.680449 27.719299 24.120892 20.913962 18.109973 15.704553 13.679873 12.007634 10.652305 9.574287 8.732746 8.087940 7.602960 7.244863 6.985261 6.800465 6.671274 6.582550 6.522660 6.482877 6.456790 6.439773 6.428517 6.420637 6.414350 6.408200 6.400829 6.390766 6.376230 6.354924 6.323826 6.278974 6.215247 6.126180 6.003833 5.838776 5.620258 5.336651 4.976241 4.528451 3.985497 3.344369 2.608849 1.791072 0.911968 0.000000 
50.000000 45.410488 40.908415 36.576223 32.486840 28.700044 25.260021 22.194239 19.513658 17.214099 15.278520 13.679868 12.384177 11.353590 10.549073 9.932634 9.468987 9.126640 8.878455 8.701782 8.578265 8.493431 8.436155 8.398085 8.373084 8.356711 8.345773 8.337946 8.331453 8.324794 8.316503 8.304925 8.287991 8.262975 8.226237 8.172937 8.096735 7.989511 7.841118 7.639267 7.369614 7.016177 6.562253 5.991950 5.292469 4.457073 3.488409 2.401466 1.224977 0.000000 
50.000000 45.666349 41.415261 37.324581 33.463171 29.887476 26.639217 23.744333 21.213173 19.041791 17.214097 15.704546 14.481067 13.507914 12.748230 12.166140 11.728327 11.405052 11.170692 11.003858 10.887215 10.807095 10.752989 10.717004 10.693334 10.677767 10.667260 10.659571 10.652949 10.645863 10.636754 10.623798 10.604649 10.576164 10.534082 10.472661 10.384285 10.259037 10.084309 9.844495 9.520899 9.092023 8.534462 7.824694 6.942045 5.872985 4.616507 3.189625 1.631009 0.000000 
50.000000 45.970319 42.017409 38.213654 34.623083 31.298185 28.277753 25.585906 23.232268 21.213172 19.513654 18.109965 16.972283 16.067371 15.360954 14.819678 14.412561 14.111950 13.894017 13.738875 13.630403 13.555888 13.505555 13.472058 13.449988 13.435411 13.425468 13.418028 13.411392 13.404022 13.394295 13.380247 13.359302 13.327944 13.281351 13.212940 13.113855 12.972380 12.773333 12.497487 12.121154 11.616136 10.950358 10.089657 9.001309 7.659897 6.055721 4.204821 2.157544 0.000000 
50.000000 46.324650 42.719319 39.250027 35.975171 32.942624 30.187769 27.732603 25.585906 23.744332 22.194235 20.913955 19.876291 19.050931 18.406615 17.912920 17.541588 17.267400 17.068621 16.927112 16.828168 16.760191 16.714264 16.683680 16.663496 16.650106 16.640878 16.633826 16.627331 16.619883 16.609836 16.595147 16.573077 16.539844 16.490192 16.416858 16.309933 16.156095 15.937731 15.631991 15.209874 14.635550 13.866302 12.853747 11.547366 9.901749 7.888961 5.516156 2.844708 0.000000 
50.000000 46.729894 43.522085 40.435314 37.521539 34.823354 32.372239 30.187768 28.277752 26.639216 25.260017 24.120885 23.197620 22.463250 21.889963 21.450691 21.120293 20.876328 20.699458 20.573544 20.485501 20.425009 20.384128 20.356889 20.338882 20.326888 20.318540 20.312033 20.305868 20.298607 20.288636 20.273908 20.251636 20.217923 20.167290 20.092079 19.981697 19.821664 19.592450 19.268075 18.814526 18.188097 17.334022 16.186120 14.668949 12.705051 10.231131 7.226991 3.756044 0.000000 
50.000000 47.184601 44.422836 41.765277 39.256658 36.933649 34.823354 32.942624 31.298185 29.887475 28.700041 27.719293 26.924396 26.292129 25.798547 25.420347 25.135883 24.925834 24.773552 24.665141 24.589333 24.537244 24.502034 24.478560 24.463019 24.452627 24.445329 24.439541 24.433921 24.427154 24.417728 24.403690 24.382344 24.349881 24.300891 24.227730 24.119683 23.961868 23.733809 23.407578 22.945433 22.296878 21.395259 20.154405 18.466825 16.207128 13.248195 9.502618 5.001939 0.000000 
50.000000 47.685140 45.414378 43.229295 41.166672 39.256658 37.521539 35.975171 34.623083 33.463170 32.486837 31.680444 31.026860 30.506994 30.101157 29.790190 29.556293 29.383584 29.258371 29.169229 29.106895 29.064059 29.035100 29.015783 29.002977 28.994386 28.988304 28.983408 28.978558 28.972615 28.964243 28.951692 28.932521 28.903247 28.858884 28.792313 28.693434 28.548012 28.336085 28.029769 27.590187 26.963187 26.073423 24.816488 23.049530 20.583336 17.185960 12.624138 6.794928 0.000000 
50.000000 48.225671 46.485144 44.810288 43.229295 41.765277 40.435314 39.250026 38.213653 37.324580 36.576221 35.958120 35.457146 35.058666 34.747590 34.509231 34.329947 34.197563 34.101586 34.033256 33.985474 33.952637 33.930433 33.915616 33.905784 33.899168 33.894455 33.890615 33.886751 33.881952 33.875136 33.864864 33.849119 33.824998 33.788314 33.733042 33.650544 33.528485 33.349278 33.087816 32.708076 32.157933 31.361066 30.204183 28.517082 26.043336 22.405144 17.092269 9.593626 0.000000 
50.000000 48.798294 47.619480 46.485144 45.414378 44.422836 43.522085 42.719319 42.017409 41.415261 40.908414 40.489787 40.150488 39.880606 39.669920 39.508484 39.387058 39.297396 39.232392 39.186113 39.153750 39.131508 39.116467 39.106427 39.099758 39.095263 39.092045 39.089399 39.086708 39.083333 39.078512 39.071221 39.060015 39.042806 39.016567 38.976907 38.917489 38.829165 38.698721 38.506951 38.225637 37.812588 37.203163 36.295095 34.920218 32.790240 29.392874 23.809740 14.519400 0.000000 
50.000000 49.393369 48.798294 48.225671 47.685140 47.184601 46.729894 46.324650 45.970319 45.666349 45.410488 45.199161 45.027879 44.891639 44.785283 44.703788 44.642491 44.597228 44.564413 44.541050 44.524713 44.513484 44.505890 44.500821 44.497452 44.495177 44.493545 44.492195 44.490813 44.489071 44.486572 44.482786 44.476958 44.467995 44.454305 44.433573 44.402437 44.356017 44.287196 44.185512 44.035340 43.812775 43.479942 42.973850 42.182661 40.890212 38.632045 34.278894 24.696684 0.000000 
50.000000 50.000000 50.000000 50.000000 50.000000 50.000000 50.000000 50.000000 50.000000 50.000000 50.000000 50.000000 50.000000 50.000000 50.000000 50.000000 50.000000 50.000000 50.000000 50.000000 50.000000 50.000000 50.000000 50.000000 50.000000 50.000000 50.000000 50.000000 50.000000 50.000000 50.000000 50.000000 50.000000 50.000000 50.000000 50.000000 50.000000 50.000000 50.000000 50.000000 50.000000 50.000000 50.000000 50.000000 50.000000 50.000000 50.000000 50.000000 50.000000 50.000000 
