50.000000 50.000000 50.000000 50.000000 50.000000 50.000000 50.000000 50.000000 50.000000 50.000000 50.000000 50.000000 50.000000 50.000000 50.000000 50.000000 50.000000 50.000000 50.000000 50.000000 50.000000 50.000000 50.000000 50.000000 50.000000 50.000000 50.000000 50.000000 50.000000 50.000000 50.000000 50.000000 50.000000 50.000000 50.000000 50.000000 50.000000 50.000000 50.000000 50.000000 50.000000 50.000000 50.000000 50.000000 50.000000 50.000000 50.000000 50.000000 50.000000 50.000000 
50.000000 49.836804 49.674444 49.513739 49.355487 49.200443 49.049315 48.902749 48.761324 48.625540 48.495818 48.372489 48.255798 48.145900 48.042859 47.946653 47.857176 47.774236 47.697567 47.626826 47.561602 47.501410 47.445704 47.393865 47.345208 47.298970 47.254307 47.210273 47.165807 47.119706 47.070581 47.016812 46.956476 46.887248 46.806267 46.709934 46.593632 46.451294 46.274743 46.052632 45.768694 45.398683 44.904735 44.224263 43.246257 41.755807 39.290114 34.721939 24.919528 0.000000 
50.000000 49.674493 49.350651 49.030113 48.714466 48.405219 48.103783 47.811447 47.529365 47.258537 46.999799 46.753815 46.521073 46.301882 46.096373 45.904500 45.726052 45.560651 45.407767 45.266718 45.136685 45.016710 44.905703 44.802440 44.705562 44.613559 44.524758 44.437296 44.349082 44.257746 44.160567 44.054378 43.935430 43.799213 43.640197 43.451475 43.224240 42.947021 42.604517 42.175793 41.631373 40.928399 40.002252 38.751464 37.009492 34.490500 30.685457 24.679950 14.957094 0.000000 
50.000000 49.513938 49.030363 48.551722 48.080385 47.618605 47.168490 46.731965 46.310753 45.906348 45.519999 45.152699 44.805178 44.477897 44.171054 43.884585 43.618174 43.371263 43.143062 42.932563 42.738546 42.559593 42.394088 42.240220 42.095977 41.959135 41.827229 41.697523 41.566956 41.432071 41.288915 41.132909 40.958665 40.759743 40.528307 40.254662 39.926579 39.528342 39.039337 38.431946 37.668327 36.695389 35.436853 33.780589 31.558754 28.518489 24.286717 18.358957 10.230724 0.000000 
50.000000 49.355990 48.715276 48.081099 47.456600 46.844766 46.248388 45.670020 45.111943 44.576138 44.064263 43.577633 43.117218 42.683632 42.277138 41.897658 41.544777 41.217762 40.915577 40.636894 40.380112 40.143368 39.924545 39.721270 39.530917 39.350584 39.177069 39.006828 38.835914 38.659889 38.473709 38.271569 38.046693 37.791048 37.494968 37.146634 36.731357 36.230582 35.620491 34.870005 33.937935 32.768910 31.287646 29.391228 26.939814 23.748736 19.592062 14.243852 7.609557 0.000000 
50.000000 49.201465 48.407017 47.620676 46.846335 46.087701 45.348235 44.631103 43.939136 43.274791 42.640125 42.036773 41.465939 40.928388 40.424453 39.954041 39.516647 39.111372 38.736943 38.391731 38.073773 37.780783 37.510170 37.259038 37.024185 36.802085 36.588863 36.380248 36.171505 35.957346 35.731801 35.488058 35.218234 34.913094 34.561659 34.150702 33.664067 33.081768 32.378770 31.523388 30.475162 29.182173 27.577857 25.577811 23.078103 19.958705 16.099581 11.421944 5.967215 0.000000 
50.000000 49.051137 48.107129 47.172757 46.252647 45.351203 44.472538 43.620417 42.798206 42.008825 41.254722 40.537843 39.859622 39.220974 38.622302 38.063503 37.543989 37.062707 36.618159 36.208435 35.831229 35.483864 35.163307 34.866177 34.588746 34.326924 34.076233 33.831765 33.588111 33.339270 33.078527 32.798288 32.489865 32.143204 31.746524 31.285871 30.744529 30.102285 29.334508 28.411018 27.294777 25.940509 24.293561 22.289753 19.857628 16.925726 13.438660 9.385853 4.841730 0.000000 
50.000000 48.905727 47.817055 46.739496 45.678387 44.638808 43.625505 42.642820 41.694637 40.784328 39.914717 39.088054 38.305997 37.569611 36.879366 36.235158 35.636321 35.081659 34.569470 34.097579 33.663364 33.263785 32.895405 32.554402 32.236573 31.937330 31.651668 31.374134 31.098761 30.818979 30.527504 30.216185 29.875810 29.495865 29.064227 28.566794 27.987028 27.305416 26.498853 25.539980 24.396565 23.031110 21.401046 19.460154 17.162206 14.468235 11.358784 7.851311 4.018976 0.000000 
50.000000 48.765900 47.538118 46.322871 45.126179 43.953773 42.811006 41.702779 40.633473 39.606894 38.626233 37.694032 36.812168 35.981849 35.203618 34.477372 33.802376 33.177306 32.600269 32.068848 31.580133 31.130753 30.716906 30.334372 29.978532 29.644359 29.326403 29.018759 28.715011 28.408161 28.090521 27.753589 27.387880 26.982729 26.526046 26.004038 25.400882 24.698383 23.875627 22.908697 21.770559 20.431303 18.859033 17.021856 14.891523 12.449309 9.694314 6.653255 3.388685 0.000000 
50.000000 48.632257 47.271517 45.924672 44.598396 43.299041 42.032542 40.804333 39.619273 38.481586 37.394810 36.361770 35.384555 34.464515 33.602264 32.797703 32.050041 31.357835 30.719022 30.130965 29.590493 29.093936 28.637166 28.215614 27.824296 27.457812 27.110341 26.775614 26.446875 26.116819 25.777506 25.420258 25.035528 24.612747 24.140143 23.604553 22.991218 22.283606 21.463275 20.509868 19.401311 18.114396 16.625923 14.914688 12.964556 10.768763 8.335184 5.691596 2.888963 0.000000 
50.000000 48.505333 47.018319 45.546493 44.097149 42.677230 41.293225 39.951076 38.656094 37.412901 36.225369 35.096593 34.028865 33.023671 32.081698 31.202857 30.386307 29.630501 28.933224 28.291641 27.702347 27.161408 26.664406 26.206470 25.782303 25.386193 25.012016 24.653224 24.302814 23.953282 23.596564 23.223950 22.825996 22.392411 21.911938 21.372245 20.759821 20.059924 19.256597 18.332837 17.270964 16.053324 14.663437 13.087723 11.317878 9.353844 7.207024 4.902997 2.482589 0.000000 
50.000000 48.385592 46.779454 45.189722 43.624279 42.090625 40.595772 39.146140 37.747472 36.404762 35.122203 33.903142 32.750068 31.664597 30.647490 29.698669 28.817255 28.001608 27.249378 26.557557 25.922531 25.340134 24.805697 24.314089 23.859747 23.436705 23.038602 22.658680 22.289769 21.924262 21.554069 21.170562 20.764519 20.326048 19.844529 19.308559 18.705931 18.023668 17.248142 16.365326 15.361236 14.222632 12.938035 11.499122 9.902467 8.151521 6.258512 4.245784 2.145909 0.000000 
50.000000 48.273435 46.555716 44.855546 43.181358 41.541175 39.942499 38.392200 36.896425 35.460519 34.088973 32.785378 31.552403 30.391795 29.304383 28.290107 27.348056 26.476510 25.673003 24.934371 24.256820 23.635983 23.066974 22.544441 22.062603 21.615289 21.195954 20.797693 20.413241 20.034956 19.654801 19.264311 18.854564 18.416142 17.939114 17.413028 16.826949 16.169544 15.429260 14.594605 13.654597 12.599392 11.421132 10.115016 8.680537 7.122762 5.453435 3.691574 1.863206 0.000000 
50.000000 48.169193 46.347767 44.544955 42.769697 41.030507 39.335341 37.691488 36.105470 34.582962 33.128732 31.746597 30.439402 29.209010 28.056322 26.981298 25.983001 25.059645 24.208660 23.426751 22.709967 22.053767 21.453082 20.902373 20.395684 19.926680 19.488683 19.074693 18.677397 18.289180 17.902111 17.507942 17.098094 16.663655 16.195387 15.683760 15.119018 14.491300 13.790836 13.008232 12.134876 11.163477 10.088739 8.908155 7.622868 6.238483 4.765684 3.220441 1.623639 0.000000 
50.000000 48.073136 46.156146 44.258751 42.390362 40.559942 38.775867 37.045813 35.376648 33.774352 32.243951 30.789471 29.413919 28.119272 26.906496 25.775573 24.725548 23.754581 22.860012 22.038434 21.285761 20.597304 19.967840 19.391679 18.862721 18.374507 17.920263 17.492935 17.085208 16.689527 16.298107 15.902944 15.495821 15.068330 14.611900 14.117852 13.577490 12.982230 12.323794 11.594482 10.787518 9.897491 8.920879 7.856626 6.706724 5.476722 4.176047 2.818027 1.419504 0.000000 
50.000000 47.985475 45.981276 43.997566 42.044188 40.130515 38.265307 36.456594 34.711560 33.036465 31.436569 29.916094 28.478192 27.124949 25.857393 24.675530 23.578391 22.564090 21.629896 20.772302 19.987110 19.269507 18.614143 18.015201 17.466470 16.961400 16.493152 16.054647 15.638597 15.237537 14.843845 14.449770 14.047457 13.628977 13.186375 12.711739 12.197294 11.635536 11.019417 10.342574 9.599630 8.786539 7.900981 6.942778 5.914279 4.820671 3.670130 2.473747 1.245178 0.000000 
50.000000 47.906370 45.823474 43.761875 41.731806 39.743008 37.804591 35.924902 34.111414 32.370637 30.708046 29.128038 27.633902 26.227819 24.910878 23.683109 22.543535 21.490232 20.520407 19.630473 18.816138 18.072484 17.394056 16.774940 16.208835 15.689123 15.208929 14.761172 14.338609 13.933877 13.539527 13.148058 12.751955 12.343731 11.915986 11.461475 10.973212 10.444589 9.869546 9.242769 8.559927 7.817949 7.015314 6.152341 5.231446 4.257318 3.236973 2.179644 1.096471 0.000000 
50.000000 47.835937 45.682969 43.552020 41.453667 39.397982 37.394384 35.451504 33.577073 31.777823 30.059424 28.426427 26.882245 25.429147 24.068275 22.799685 21.622393 20.534448 19.533005 18.614411 17.774294 17.007653 16.308947 15.672183 15.090994 14.558715 14.068449 13.613131 13.185574 12.778523 12.384697 11.996831 11.607722 11.210280 10.797585 10.362968 9.900099 9.403103 8.866705 8.286396 7.658622 6.980998 6.252516 5.473751 4.647021 3.776481 2.868123 1.929647 0.970205 0.000000 
50.000000 47.774251 45.559916 43.368230 41.210074 39.095811 37.035130 35.036912 33.109112 31.258662 29.491396 27.812007 26.224014 24.729765 23.330452 22.026153 20.815883 19.697667 18.668620 17.725033 16.862471 16.075865 15.359605 14.707637 14.113544 13.570629 13.071988 12.610580 12.179278 11.770935 11.378424 10.994697 10.612826 10.226066 9.827911 9.412169 8.973050 8.505269 8.004165 7.465839 6.887308 6.266659 5.603206 4.897627 4.152059 3.370144 2.556995 1.719066 0.863939 0.000000 
50.000000 47.721359 45.454405 43.210641 41.001210 38.836721 36.727097 34.681434 32.707879 30.813532 29.004376 27.285219 25.659677 24.130164 22.697916 21.363032 20.124527 18.980409 17.927759 16.962827 16.081124 15.277526 14.546373 13.881560 13.276636 12.724883 12.219398 11.753168 11.319127 10.910225 10.519477 10.140020 9.765169 9.388467 9.003753 8.605227 8.187534 7.745851 7.275991 6.774514 6.238847 5.667400 5.059680 4.416374 3.739412 3.031974 2.298437 1.544258 0.775785 0.000000 
50.000000 47.677285 45.366484 43.079324 40.827165 38.620825 36.470419 34.385222 32.373543 30.442623 28.598565 26.846280 25.189459 23.630575 22.170902 20.810556 19.548554 18.382890 17.310621 16.327962 15.430384 14.612721 13.869270 13.193893 12.580111 12.021195 11.510249 11.040285 10.604296 10.195315 9.806482 9.431090 9.062652 8.694951 8.322103 7.938621 7.539492 7.120249 6.677063 6.206833 5.707276 5.177018 4.615671 4.023890 3.403400 2.756983 2.088424 1.402392 0.704282 0.000000 
50.000000 47.642035 45.296166 42.974300 40.687969 38.448157 36.265136 34.148323 32.106155 30.145988 28.274021 26.495246 24.813417 23.231052 21.749458 20.368763 19.087989 17.905120 16.817194 15.820397 14.910173 14.081323 13.328113 12.644379 12.023624 11.459114 10.943958 10.471196 10.033868 9.625080 9.238067 8.866254 8.503309 8.143204 7.780270 7.409262 7.025424 6.624557 6.203095 5.758178 5.287726 4.790505 4.266181 3.715355 3.139572 2.541295 1.923844 1.291289 0.648306 0.000000 
50.000000 47.615608 45.243448 42.895561 40.583611 38.318705 36.111232 33.970716 31.905691 29.923599 28.030711 26.232079 24.531505 22.931543 21.433520 20.037580 18.742745 17.546992 16.447346 15.439975 14.520300 13.683099 12.922617 12.232673 11.606757 11.038130 10.519912 10.045163 9.606960 9.198464 8.812985 8.444044 8.085427 7.731244 7.375985 7.014579 6.642455 6.255605 5.850644 5.424880 4.976366 4.503956 4.007340 3.487066 2.944535 2.381971 1.802350 1.209311 0.607017 0.000000 
50.000000 47.597995 45.208314 42.843087 40.514063 38.232434 36.008665 33.852353 31.772097 29.775393 27.868564 26.056700 24.343636 22.731950 21.222983 19.816887 18.512687 17.308355 16.200908 15.186501 14.260542 13.417794 12.652488 11.958431 11.329107 10.757775 10.237561 9.761540 9.322815 8.914584 8.530207 8.163270 7.807637 7.457507 7.107476 6.752586 6.388385 6.010985 5.617120 5.204198 4.770356 4.314497 3.836320 3.336333 2.815837 2.276894 1.722259 1.155287 0.579812 0.000000 
50.000000 47.589191 45.190751 42.816856 40.479298 38.189309 35.957395 33.793187 31.705316 29.701309 27.787512 25.969034 24.249727 22.632180 21.117744 19.706573 18.397693 17.189076 16.077731 15.059811 14.130715 13.285199 12.517489 11.821383 11.190365 10.617693 10.096494 9.619854 9.180886 8.772808 8.389007 8.023098 7.668985 7.320914 6.973530 6.621931 6.261725 5.889081 5.500791 5.094311 4.667818 4.220237 3.751269 3.261400 2.751880 2.224692 1.682480 1.128461 0.566305 0.000000 
50.000000 47.589191 45.190751 42.816856 40.479298 38.189309 35.957395 33.793187 31.705316 29.701309 27.787512 25.969034 24.249727 22.632180 21.117744 19.706573 18.397693 17.189076 16.077731 15.059811 14.130715 13.285199 12.517489 11.821383 11.190365 10.617693 10.096494 9.619854 9.180886 8.772808 8.389007 8.023098 7.668985 7.320914 6.973530 6.621931 6.261725 5.889081 5.500791 5.094311 4.667818 4.220237 3.751269 3.261400 2.751880 2.224692 1.682480 1.128461 0.566305 0.000000 
50.000000 47.597995 45.208314 42.843087 40.514063 38.232434 36.008665 33.852353 31.772097 29.775393 27.868564 26.056700 24.343636 22.731950 21.222983 19.816887 18.512687 17.308355 16.200908 15.186501 14.260542 13.417794 12.652488 11.958431 11.329107 10.757775 10.237561 9.761540 9.322815 8.914584 8.530207 8.163270 7.807637 7.457507 7.107476 6.752586 6.388385 6.010985 5.617120 5.204198 4.770356 4.314497 3.836320 3.336333 2.815837 2.276894 1.722259 1.155287 0.579812 0.000000 
50.000000 47.615608 45.243448 42.895561 40.583611 38.318705 36.111232 33.970716 31.905691 29.923599 28.030711 26.232079 24.531505 22.931543 21.433520 20.037580 18.742745 17.546992 16.447346 15.439975 14.520300 13.683099 12.922617 12.232673 11.606757 11.038130 10.519912 10.045163 9.606960 9.198464 8.812985 8.444044 8.085427 7.731244 7.375985 7.014579 6.642455 6.255605 5.850644 5.424880 4.976366 4.503956 4.007340 3.487066 2.944535 2.381971 1.802350 1.209311 0.607017 0.000000 
50.000000 47.642035 45.296166 42.974300 40.687969 38.448157 36.265136 34.148323 32.106155 30.145988 28.274021 26.495246 24.813417 23.231052 21.749458 20.368763 19.087989 17.905120 16.817194 15.820397 14.910173 14.081323 13.328113 12.644379 12.023624 11.459114 10.943958 10.471196 10.033868 9.625080 9.238067 8.866254 8.503309 8.143204 7.780270 7.409262 7.025424 6.624557 6.203095 5.758178 5.287726 4.790505 4.266181 3.715355 3.139572 2.541295 1.923844 1.291289 0.648306 0.000000 
50.000000 47.677285 45.366484 43.079324 40.827165 38.620825 36.470419 34.385222 32.373543 30.442623 28.598565 26.846280 25.189459 23.630575 22.170902 20.810556 19.548554 18.382890 17.310621 16.327962 15.430384 14.612721 13.869270 13.193893 12.580111 12.021195 11.510249 11.040285 10.604296 10.195315 9.806482 9.431090 9.062652 8.694951 8.322103 7.938621 7.539492 7.120249 6.677063 6.206833 5.707276 5.177018 4.615671 4.023890 3.403400 2.756983 2.088424 1.402392 0.704282 0.000000 
50.000000 47.721359 45.454405 43.210641 41.001210 38.836721 36.727097 34.681434 32.707879 30.813532 29.004376 27.285219 25.659677 24.130164 22.697916 21.363032 20.124527 18.980409 17.927759 16.962827 16.081124 15.277526 14.546373 13.881560 13.276636 12.724883 12.219398 11.753168 11.319127 10.910225 10.519477 10.140020 9.765169 9.388467 9.003753 8.605227 8.187534 7.745851 7.275991 6.774514 6.238847 5.667400 5.059680 4.416374 3.739412 3.031974 2.298437 1.544258 0.775785 0.000000 
50.000000 47.774251 45.559916 43.368230 41.210074 39.095811 37.035130 35.036912 33.109112 31.258662 29.491396 27.812007 26.224014 24.729765 23.330452 22.026153 20.815883 19.697667 18.668620 17.725033 16.862471 16.075865 15.359605 14.707637 14.113544 13.570629 13.071988 12.610580 12.179278 11.770935 11.378424 10.994697 10.612826 10.226066 9.827911 9.412169 8.973050 8.505269 8.004165 7.465839 6.887308 6.266659 5.603206 4.897627 4.152059 3.370144 2.556995 1.719066 0.863939 0.000000 
50.000000 47.835937 45.682969 43.552020 41.453667 39.397982 37.394384 35.451504 33.577073 31.777823 30.059424 28.426427 26.882245 25.429147 24.068275 22.799685 21.622393 20.534448 19.533005 18.614411 17.774294 17.007653 16.308947 15.672183 15.090994 14.558715 14.068449 13.613131 13.185574 12.778523 12.384697 11.996831 11.607722 11.210280 10.797585 10.362968 9.900099 9.403103 8.866705 8.286396 7.658622 6.980998 6.252516 5.473751 4.647021 3.776481 2.868123 1.929647 0.970205 0.000000 
50.000000 47.906370 45.823474 43.761875 41.731806 39.743008 37.804591 35.924902 34.111414 32.370637 30.708046 29.128038 27.633902 26.227819 24.910878 23.683109 22.543535 21.490232 20.520407 19.630473 18.816138 18.072484 17.394056 16.774940 16.208835 15.689123 15.208929 14.761172 14.338609 13.933877 13.539527 13.148058 12.751955 12.343731 11.915986 11.461475 10.973212 10.444589 9.869546 9.242769 8.559927 7.817949 7.015314 6.152341 5.231446 4.257318 3.236973 2.179644 1.096471 0.000000 
50.000000 47.985475 45.981276 43.997566 42.044188 40.130515 38.265307 36.456594 34.711560 33.036465 31.436569 29.916094 28.478192 27.124949 25.857393 24.675530 23.578391 22.564090 21.629896 20.772302 19.987110 19.269507 18.614143 18.015201 17.466470 16.961400 16.493152 16.054647 15.638597 15.237537 14.843845 14.449770 14.047457 13.628977 13.186375 12.711739 12.197294 11.635536 11.019417 10.342574 9.599630 8.786539 7.900981 6.942778 5.914279 4.820671 3.670130 2.473747 1.245178 0.000000 
50.000000 48.073136 46.156146 44.258751 42.390362 40.559942 38.775867 37.045813 35.376648 33.774352 32.243951 30.789471 29.413919 28.119272 26.906496 25.775573 24.725548 23.754581 22.860012 22.038434 21.285761 20.597304 19.967840 19.391679 18.862721 18.374507 17.920263 17.492935 17.085208 16.689527 16.298107 15.902944 15.495821 15.068330 14.611900 14.117852 13.577490 12.982230 12.323794 11.594482 10.787518 9.897491 8.920879 7.856626 6.706724 5.476722 4.176047 2.818027 1.419504 0.000000 
50.000000 48.169193 46.347767 44.544955 42.769697 41.030507 39.335341 37.691488 36.105470 34.582962 33.128732 31.746597 30.439402 29.209010 28.056322 26.981298 25.983001 25.059645 24.208660 23.426751 22.709967 22.053767 21.453082 20.902373 20.395684 19.926680 19.488683 19.074693 18.677397 18.289180 17.902111 17.507942 17.098094 16.663655 16.195387 15.683760 15.119018 14.491300 13.790836 13.008232 12.134876 11.163477 10.088739 8.908155 7.622868 6.238483 4.765684 3.220441 1.623639 0.000000 
50.000000 48.273435 46.555716 44.855546 43.181358 41.541175 39.942499 38.392200 36.896425 35.460519 34.088973 32.785378 31.552403 30.391795 29.304383 28.290107 27.348056 26.476510 25.673003 24.934371 24.256820 23.635983 23.066974 22.544441 22.062603 21.615289 21.195954 20.797693 20.413241 20.034956 19.654801 19.264311 18.854564 18.416142 17.939114 17.413028 16.826949 16.169544 15.429260 14.594605 13.654597 12.599392 11.421132 10.115016 8.680537 7.122762 5.453435 3.691574 1.863206 0.000000 
50.000000 48.385592 46.779454 45.189722 43.624279 42.090625 40.595772 39.146140 37.747472 36.404762 35.122203 33.903142 32.750068 31.664597 30.647490 29.698669 28.817255 28.001608 27.249378 26.557557 25.922531 25.340134 24.805697 24.314089 23.859747 23.436705 23.038602 22.658680 22.289769 21.924262 21.554069 21.170562 20.764519 20.326048 19.844529 19.308559 18.705931 18.023668 17.248142 16.365326 15.361236 14.222632 12.938035 11.499122 9.902467 8.151521 6.258512 4.245784 2.145909 0.000000 
50.000000 48.505333 47.018319 45.546493 44.097149 42.677230 41.293225 39.951076 38.656094 37.412901 36.225369 35.096593 34.028865 33.023671 32.081698 31.202857 30.386307 29.630501 28.933224 28.291641 27.702347 27.161408 26.664406 26.206470 25.782303 25.386193 25.012016 24.653224 24.302814 23.953282 23.596564 23.223950 22.825996 22.392411 21.911938 21.372245 20.759821 20.059924 19.256597 18.332837 17.270964 16.053324 14.663437 13.087723 11.317878 9.353844 7.207024 4.902997 2.482589 0.000000 
50.000000 48.632257 47.271517 45.924672 44.598396 43.299041 42.032542 40.804333 39.619273 38.481586 37.394810 36.361770 35.384555 34.464515 33.602264 32.797703 32.050041 31.357835 30.719022 30.130965 29.590493 29.093936 28.637166 28.215614 27.824296 27.457812 27.110341 26.775614 26.446875 26.116819 25.777506 25.420258 25.035528 24.612747 24.140143 23.604553 22.991218 22.283606 21.463275 20.509868 19.401311 18.114396 16.625923 14.914688 12.964556 10.768763 8.335184 5.691596 2.888963 0.000000 
50.000000 48.765900 47.538118 46.322871 45.126179 43.953773 42.811006 41.702779 40.633473 39.606894 38.626233 37.694032 36.812168 35.981849 35.203618 34.477372 33.802376 33.177306 32.600269 32.068848 31.580133 31.130753 30.716906 30.334372 29.978532 29.644359 29.326403 29.018759 28.715011 28.408161 28.090521 27.753589 27.387880 26.982729 26.526046 26.004038 25.400882 24.698383 23.875627 22.908697 21.770559 20.431303 18.859033 17.021856 14.891523 12.449309 9.694314 6.653255 3.388685 0.000000 
50.000000 48.905727 47.817055 46.739496 45.678387 44.638808 43.625505 42.642820 41.694637 40.784328 39.914717 39.088054 38.305997 37.569611 36.879366 36.235158 35.636321 35.081659 34.569470 34.097579 33.663364 33.263785 32.895405 32.554402 32.236573 31.937330 31.651668 31.374134 31.098761 30.818979 30.527504 30.216185 29.875810 29.495865 29.064227 28.566794 27.987028 27.305416 26.498853 25.539980 24.396565 23.031110 21.401046 19.460154 17.162206 14.468235 11.358784 7.851311 4.018976 0.000000 
50.000000 49.051137 48.107129 47.172757 46.252647 45.351203 44.472538 43.620417 42.798206 42.008825 41.254722 40.537843 39.859622 39.220974 38.622302 38.063503 37.543989 37.062707 36.618159 36.208435 35.831229 35.483864 35.163307 34.866177 34.588746 34.326924 34.076233 33.831765 33.588111 33.339270 33.078527 32.798288 32.489865 32.143204 31.746524 31.285871 30.744529 30.102285 29.334508 28.411018 27.294777 25.940509 24.293561 22.289753 19.857628 16.925726 13.438660 9.385853 4.841730 0.000000 
50.000000 49.201465 48.407017 47.620676 46.846335 46.087701 45.348235 44.631103 43.939136 43.274791 42.640125 42.036773 41.465939 40.928388 40.424453 39.954041 39.516647 39.111372 38.736943 38.391731 38.073773 37.780783 37.510170 37.259038 37.024185 36.802085 36.588863 36.380248 36.171505 35.957346 35.731801 35.488058 35.218234 34.913094 34.561659 34.150702 33.664067 33.081768 32.378770 31.523388 30.475162 29.182173 27.577857 25.577811 23.078103 19.958705 16.099581 11.421944 5.967215 0.000000 
50.000000 49.355990 48.715276 48.081099 47.456600 46.844766 46.248388 45.670020 45.111943 44.576138 44.064263 43.577633 43.117218 42.683632 42.277138 41.897658 41.544777 41.217762 40.915577 40.636894 40.380112 40.143368 39.924545 39.721270 39.530917 39.350584 39.177069 39.006828 38.835914 38.659889 38.473709 38.271569 38.046693 37.791048 37.494968 37.146634 36.731357 36.230582 35.620491 34.870005 33.937935 32.768910 31.287646 29.391228 26.939814 23.748736 19.592062 14.243852 7.609557 0.000000 
50.000000 49.513938 49.030363 48.551722 48.080385 47.618605 47.168490 46.731965 46.310753 45.906348 45.519999 45.152699 44.805178 44.477897 44.171054 43.884585 43.618174 43.371263 43.143062 42.932563 42.738546 42.559593 42.394088 42.240220 42.095977 41.959135 41.827229 41.697523 41.566956 41.432071 41.288915 41.132909 40.958665 40.759743 40.528307 40.254662 39.926579 39.528342 39.039337 38.431946 37.668327 36.695389 35.436853 33.780589 31.558754 28.518489 24.286717 18.358957 10.230724 0.000000 
50.000000 49.674493 49.350651 49.030113 48.714466 48.405219 48.103783 47.811447 47.529365 47.258537 46.999799 46.753815 46.521073 46.301882 46.096373 45.904500 45.726052 45.560651 45.407767 45.266718 45.136685 45.016710 44.905703 44.802440 44.705562 44.613559 44.524758 44.437296 44.349082 44.257746 44.160567 44.054378 43.935430 43.799213 43.640197 43.451475 43.224240 42.947021 42.604517 42.175793 41.631373 40.928399 40.002252 38.751464 37.009492 34.490500 30.685457 24.679950 14.957094 0.000000 
50.000000 49.836804 49.674444 49.513739 49.355487 49.200443 49.049315 48.902749 48.761324 48.625540 48.495818 48.372489 48.255798 48.145900 48.042859 47.946653 47.857176 47.774236 47.697567 47.626826 47.561602 47.501410 47.445704 47.393865 47.345208 47.298970 47.254307 47.210273 47.165807 47.119706 47.070581 47.016812 46.956476 46.887248 46.806267 46.709934 46.593632 46.451294 46.274743 46.052632 45.768694 45.398683 44.904735 44.224263 43.246257 41.755807 39.290114 34.721939 24.919528 0.000000 
50.000000 50.000000 50.000000 50.000000 50.000000 50.000000 50.000000 50.000000 50.000000 50.000000 50.000000 50.000000 50.000000 50.000000 50.000000 50.000000 50.000000 50.000000 50.000000 50.000000 50.000000 50.000000 50.000000 50.000000 50.000000 50.000000 50.000000 50.000000 50.000000 50.000000 50.000000 50.000000 50.000000 50.000000 50.000000 50.000000 50.000000 50.000000 50.000000 50.000000 50.000000 50.000000 50.000000 50.000000 50.000000 50.000000 50.000000 50.000000 50.000000 50.000000 
