50.000000 50.000000 50.000000 50.000000 50.000000 50.000000 50.000000 50.000000 50.000000 50.000000 50.000000 50.000000 50.000000 50.000000 50.000000 50.000000 50.000000 50.000000 50.000000 50.000000 50.000000 50.000000 50.000000 50.000000 50.000000 50.000000 50.000000 50.000000 50.000000 50.000000 50.000000 50.000000 50.000000 50.000000 50.000000 50.000000 50.000000 50.000000 50.000000 50.000000 50.000000 50.000000 50.000000 50.000000 50.000000 50.000000 50.000000 50.000000 50.000000 50.000000 
50.000000 49.830332 49.661567 49.494593 49.330269 49.169410 49.012777 48.861063 48.714885 48.574776 48.441177 48.314436 48.194802 48.082429 47.977374 47.879598 47.788974 47.705288 47.628246 47.557475 47.492531 47.432903 47.378012 47.327211 47.279790 47.234962 47.191861 47.149526 47.106882 47.062712 47.015621 46.963982 46.905870 46.838957 46.760380 46.666543 46.552827 46.413167 46.239384 46.020133 45.739144 45.372166 44.881333 44.204051 43.229303 41.742169 39.279842 34.715070 24.916087 0.000000 
50.000000 49.661611 49.325022 48.992005 48.664273 48.343453 48.031061 47.728481 47.436943 47.157509 46.891060 46.638289 46.399696 46.175587 45.966073 45.771083 45.590362 45.423485 45.269865 45.128764 44.999300 44.880454 44.771076 44.669887 44.575475 44.486283 44.400598 44.316522 44.231935 44.144446 44.051318 43.949369 43.834847 43.703234 43.549002 43.365242 43.143150 42.871255 42.534255 42.111215 41.572655 40.875711 39.955754 38.711305 36.975806 34.463404 30.665047 24.666301 14.950257 0.000000 
50.000000 49.494768 48.992225 48.495015 48.005696 47.526698 47.060284 46.608521 46.173245 45.756043 45.358232 44.980846 44.624633 44.290049 43.977266 43.686176 43.416402 43.167315 42.938041 42.727484 42.534335 42.357081 42.194019 42.043254 41.902697 41.770053 41.642796 41.518139 41.392978 41.263823 41.126697 40.977002 40.809341 40.617266 40.392942 40.126672 39.806230 39.415900 38.935070 38.336119 37.581198 36.617211 35.367861 33.721005 31.508775 28.478288 24.256437 18.338708 10.220581 0.000000 
50.000000 49.330712 48.664986 48.006326 47.358119 46.723586 46.105726 45.507275 44.930668 44.378007 43.851037 43.351133 42.879283 42.436097 42.021805 41.636266 41.278987 40.949140 40.645578 40.366857 40.111255 39.876789 39.661221 39.462071 39.276607 39.101835 38.934473 38.770909 38.607138 38.438678 38.260455 38.066639 37.850438 37.603815 37.317099 36.978473 36.573248 36.082874 35.483531 34.744139 33.823501 32.666236 31.197042 29.312981 26.874183 23.695947 19.552301 14.217263 7.596238 0.000000 
50.000000 49.170311 48.345039 47.528526 46.724974 45.938373 45.172444 44.430578 43.715797 43.030706 42.377471 41.757796 41.172913 40.623579 40.110083 39.632259 39.189503 38.780796 38.404730 38.059531 37.743085 37.452959 37.186413 36.940414 36.711632 36.496427 36.290824 36.090466 35.890550 35.685731 35.470001 35.236517 34.977381 34.683346 34.343430 33.944409 33.470129 32.900606 32.210807 31.369043 30.334847 29.056285 27.466773 25.481882 22.997644 19.893991 16.050839 11.389350 5.950888 0.000000 
50.000000 49.014387 48.034020 47.064060 46.109498 45.175076 44.265213 43.383942 42.534850 41.721036 40.945076 40.208997 39.514265 38.861785 38.251908 37.684444 37.158686 36.673439 36.227045 35.817421 35.442083 35.098176 34.782493 34.491490 34.221286 33.967656 33.726003 33.491317 33.258107 33.020308 32.771155 32.503021 32.207197 31.873616 31.490496 31.043883 30.517065 29.889834 29.137557 28.230054 27.130278 25.792934 24.163351 22.177313 19.763326 16.849880 13.381535 9.347654 4.822595 0.000000 
50.000000 48.863700 47.733449 46.615198 45.514701 44.437427 43.388471 42.372484 41.393603 40.455406 39.560862 38.712314 37.911458 37.159344 36.456383 35.802369 35.196501 34.637417 34.123230 33.651565 33.219598 32.824081 32.461377 32.127476 31.818000 31.528202 31.252943 30.986652 30.723265 30.456140 30.177936 29.880463 29.554485 29.189473 28.773304 28.291874 27.728651 27.064127 26.275199 25.334505 24.209805 22.863581 21.253241 19.332529 17.055174 14.382154 11.293953 7.807960 3.997261 0.000000 
50.000000 48.718948 47.444717 46.184016 44.943334 43.728836 42.546271 41.400880 40.297334 39.239666 38.231231 37.274672 36.371909 35.524133 34.731821 33.994751 33.312037 32.682167 32.103041 31.572017 31.085953 30.641248 30.233871 29.859392 29.512993 29.189471 28.883221 28.588207 28.297906 28.005234 27.702442 27.380982 27.031342 26.642843 26.203391 25.699194 25.114437 24.430929 23.627758 22.681007 21.563632 20.245704 18.695300 16.880489 14.772974 12.353972 9.622515 6.605245 3.364637 0.000000 
50.000000 48.580757 47.169071 45.772377 44.397864 43.052366 41.742250 40.473330 39.250779 38.079071 36.961927 35.902281 34.902269 33.963220 33.085673 32.269399 31.513438 30.816139 30.175208 29.587761 29.050367 28.559102 28.109586 27.697016 27.316188 26.961507 26.626979 26.306191 25.992269 25.677811 25.354809 25.014536 24.647415 24.242860 23.789097 23.272962 22.679707 21.992804 21.193815 20.262383 19.176425 17.912714 16.448021 14.761100 12.835768 10.665198 8.257191 5.639447 2.862841 0.000000 
50.000000 48.449675 46.907608 45.381919 43.880464 42.410709 40.979612 39.593526 38.258105 36.978242 35.758004 34.600606 33.508388 32.482814 31.524487 30.633175 29.807852 29.046744 28.347383 27.706661 27.120894 26.585868 26.096891 25.648834 25.236160 24.852945 24.492878 24.149251 23.814930 23.482310 23.143249 22.788986 22.410042 21.996109 21.535926 21.017164 20.426320 19.748660 18.968233 18.068036 17.030379 15.837592 14.473163 12.923471 11.180159 9.243104 7.123632 4.847240 2.454661 0.000000 
50.000000 48.326179 46.661273 45.014054 43.393004 41.806185 40.261112 38.764647 37.322900 35.941154 34.623810 33.374346 32.195297 31.088257 30.053892 29.091973 28.201417 27.380340 26.626118 25.935448 25.304416 24.728552 24.202891 23.722024 23.280132 22.871016 22.488112 22.124492 21.772846 21.425455 21.074145 20.710233 20.324460 19.906916 19.446976 18.933241 18.353514 17.694826 16.943557 16.085682 15.107208 13.994878 12.737184 11.325758 9.757121 8.034656 6.170513 4.186949 2.116441 0.000000 
50.000000 48.210664 46.430861 44.669968 42.937055 41.240742 39.589066 37.989364 36.448173 34.971146 33.562995 32.227443 30.967214 29.784024 28.678603 27.650726 26.699263 25.822236 25.016882 24.279725 23.606648 22.992958 22.433455 21.922487 21.454001 21.021577 20.618454 20.237544 19.871431 19.512354 19.152187 18.782407 18.394050 17.977680 17.523360 17.020645 16.458609 15.825931 15.111065 14.302524 13.389320 12.361590 11.211447 9.934049 8.528830 7.000792 5.361598 3.630175 1.832454 0.000000 
50.000000 48.103457 46.217019 44.350628 42.513897 40.715967 38.965359 37.269853 35.636380 34.070939 32.578530 31.163110 29.827575 28.573759 27.402453 26.313442 25.305557 24.376737 23.524098 22.744014 22.032189 21.383739 20.793261 20.254901 19.762410 19.309193 18.888340 18.492657 18.114674 17.746646 17.380552 17.008077 16.620602 16.209194 15.764611 15.277328 14.737600 14.135581 13.461510 12.705999 11.860430 10.917497 9.871874 8.721013 7.466002 6.112376 4.670737 3.156966 1.591848 0.000000 
50.000000 48.004812 46.020257 44.056794 42.124540 40.233112 38.391477 36.607825 34.889451 33.242671 31.672753 30.183868 28.779075 27.460317 26.228446 25.083258 24.023553 23.047199 22.151208 21.331822 20.584593 19.904473 19.285886 18.722809 18.208836 17.737232 17.300984 16.892829 16.505287 16.130670 15.761094 15.388486 15.004588 14.600968 14.169053 13.700169 13.185633 12.616875 11.985633 11.284209 10.505827 9.645061 8.698362 7.664631 6.545807 5.347368 4.078662 2.752926 1.386899 0.000000 
50.000000 47.914922 45.840957 43.789038 41.769740 39.793115 37.868537 36.004567 34.208836 32.487949 30.847417 29.291610 27.823735 26.445839 25.158829 23.962517 22.855675 21.836114 20.900757 20.045732 19.266463 18.557759 17.913902 17.328730 16.795710 16.308002 15.858517 15.439962 15.044873 14.665645 14.294555 13.923780 13.545419 13.151521 12.734127 12.285333 11.797377 11.262773 10.674486 10.026163 9.312425 8.529213 7.674183 6.747115 5.750305 4.688872 3.570911 2.407422 1.211961 0.000000 
50.000000 47.833923 45.679392 43.547767 41.450035 39.396641 37.397328 35.460990 33.595560 31.807906 30.103760 28.487670 26.962979 25.531828 24.195178 22.952855 21.803613 20.745213 19.774503 18.887516 18.079565 17.345342 16.679010 16.074293 15.524557 15.022887 14.562144 14.135023 13.734102 13.351871 12.980776 12.613239 12.241701 11.858651 11.456684 11.028565 10.567321 10.066365 9.519653 8.921880 8.268717 7.557082 6.785429 5.954042 5.065281 4.123769 3.136444 2.112447 1.062818 0.000000 
50.000000 47.761902 45.535737 43.333241 41.165771 39.044121 36.978359 34.977681 33.050285 31.203274 29.442577 27.772903 26.197717 24.719244 23.338493 22.055308 20.868430 19.775575 18.773531 17.858251 17.024956 16.268240 15.582168 14.960375 14.396148 13.882513 13.412304 12.978224 12.572898 12.188923 11.818906 11.455504 11.091468 10.719683 10.333227 9.925437 9.490002 9.021067 8.513374 7.962428 7.364677 6.717727 6.020550 5.273682 4.479391 3.641767 2.766723 1.861871 0.936263 0.000000 
50.000000 47.698909 45.410088 43.145606 40.917140 38.735791 36.611912 34.554961 32.573372 30.674452 28.864304 27.147776 25.528441 24.008601 22.589308 21.270423 20.050674 18.927748 17.898379 16.958454 16.103120 15.326888 14.623748 13.987258 13.410650 12.886908 12.408851 11.969197 11.560630 11.175847 10.807608 10.448784 10.092401 9.731687 9.360132 8.971557 8.560187 8.120760 7.648633 7.139924 6.591653 6.001902 5.369965 4.696484 3.983547 3.234732 2.455076 1.650946 0.829826 0.000000 
50.000000 47.644962 45.302482 42.984914 40.704212 38.471737 36.298088 34.192948 32.164952 30.221583 28.369091 26.612448 24.955319 23.400069 21.947793 20.598364 19.350505 18.201875 17.149167 16.188215 15.314103 14.521280 13.803671 13.154780 12.567792 12.035665 11.551211 11.107172 10.696287 10.311346 9.945250 9.591053 9.242020 8.891669 8.533836 8.162732 7.773020 7.359900 6.919207 6.447518 5.942266 5.401856 4.825776 4.214683 3.570457 2.896217 2.196265 1.475972 0.741590 0.000000 
50.000000 47.600055 45.212910 42.851154 40.526971 38.251940 36.036864 33.891613 31.824990 29.844625 27.956893 26.166866 24.478286 22.893575 21.413861 20.039030 18.767800 17.597810 16.525720 15.547322 14.657651 13.851106 13.121562 12.462480 11.867013 11.328100 10.838554 10.391141 9.978650 9.593956 9.230077 8.880226 8.537863 8.196748 7.850991 7.495119 7.124136 6.733601 6.319708 5.879372 5.410321 4.911177 4.381536 3.822020 3.234310 2.621127 1.986183 1.334062 0.670066 0.000000 
50.000000 47.564173 45.141338 42.744274 40.385347 38.076312 35.828135 33.650835 31.553350 29.543427 27.627540 25.810841 24.097138 22.488896 20.987269 19.592155 18.302270 17.115237 16.027691 15.035390 14.133334 13.315883 12.576875 11.909739 11.307603 10.763397 10.269935 9.820008 9.406447 9.022197 8.660373 8.314315 7.977639 7.644292 7.308603 6.965337 6.609758 6.237695 5.845603 5.430643 4.990745 4.524673 4.032077 3.513530 2.970532 2.405488 1.821644 1.222989 0.614106 0.000000 
50.000000 47.537291 45.087718 42.664202 40.279246 37.944737 35.671761 33.470453 31.349848 29.317781 27.380804 25.544128 23.811607 22.185741 20.667704 19.257404 17.953554 16.753767 15.654660 14.651967 13.740661 12.915074 12.169018 11.495900 10.888833 10.340736 9.844432 9.392727 8.978489 8.594717 8.234597 7.891565 7.559355 7.232052 6.904142 6.570567 6.226777 5.868788 5.493243 5.097468 4.679529 4.238278 3.773391 3.285389 2.775630 2.246277 1.700240 1.141073 0.572847 0.000000 
50.000000 47.519386 45.052002 42.610868 40.208575 37.857098 35.567605 33.350305 31.214301 29.167486 27.216462 25.366481 23.621428 21.983825 20.454862 19.034451 17.721305 16.513030 15.406231 14.396627 13.479174 12.648185 11.897455 11.220378 10.610055 10.059404 9.561250 9.108412 8.693783 8.310396 7.951490 7.610562 7.281423 6.958251 6.635635 6.308629 5.972804 5.624300 5.259873 4.876956 4.473694 4.048993 3.602539 3.134810 2.647067 2.141314 1.620236 1.087109 0.545673 0.000000 
50.000000 47.510438 45.034155 42.584216 40.173260 37.813303 35.515557 33.290265 31.146566 29.092382 27.134339 25.277709 23.526395 21.882928 20.348505 18.923043 17.605254 16.392739 15.282099 14.269045 13.348524 12.514840 11.761782 11.082733 10.470793 9.918877 9.419811 8.966422 8.551615 8.168442 7.810165 7.470315 7.142740 6.821663 6.501725 6.178036 5.846226 5.502492 5.143651 4.767181 4.371269 3.954842 3.517591 3.059971 2.583192 2.089181 1.580510 1.060318 0.532184 0.000000 
50.000000 47.510438 45.034155 42.584216 40.173260 37.813303 35.515557 33.290265 31.146566 29.092382 27.134339 25.277709 23.526395 21.882928 20.348505 18.923043 17.605254 16.392739 15.282099 14.269045 13.348524 12.514840 11.761782 11.082733 10.470793 9.918877 9.419811 8.966422 8.551615 8.168442 7.810165 7.470315 7.142740 6.821663 6.501725 6.178036 5.846226 5.502492 5.143651 4.767181 4.371269 3.954842 3.517591 3.059971 2.583192 2.089181 1.580510 1.060318 0.532184 0.000000 
50.000000 47.519386 45.052002 42.610868 40.208575 37.857098 35.567605 33.350305 31.214301 29.167486 27.216462 25.366481 23.621428 21.983825 20.454862 19.034451 17.721305 16.513030 15.406231 14.396627 13.479174 12.648185 11.897455 11.220378 10.610055 10.059404 9.561250 9.108412 8.693783 8.310396 7.951490 7.610562 7.281423 6.958251 6.635635 6.308629 5.972804 5.624300 5.259873 4.876956 4.473694 4.048993 3.602539 3.134810 2.647067 2.141314 1.620236 1.087109 0.545673 0.000000 
50.000000 47.537291 45.087718 42.664202 40.279246 37.944737 35.671761 33.470453 31.349848 29.317781 27.380804 25.544128 23.811607 22.185741 20.667704 19.257404 17.953554 16.753767 15.654660 14.651967 13.740661 12.915074 12.169018 11.495900 10.888833 10.340736 9.844432 9.392727 8.978489 8.594717 8.234597 7.891565 7.559355 7.232052 6.904142 6.570567 6.226777 5.868788 5.493243 5.097468 4.679529 4.238278 3.773391 3.285389 2.775630 2.246277 1.700240 1.141073 0.572847 0.000000 
50.000000 47.564173 45.141338 42.744274 40.385347 38.076312 35.828135 33.650835 31.553350 29.543427 27.627540 25.810841 24.097138 22.488896 20.987269 19.592155 18.302270 17.115237 16.027691 15.035390 14.133334 13.315883 12.576875 11.909739 11.307603 10.763397 10.269935 9.820008 9.406447 9.022197 8.660373 8.314315 7.977639 7.644292 7.308603 6.965337 6.609758 6.237695 5.845603 5.430643 4.990745 4.524673 4.032077 3.513530 2.970532 2.405488 1.821644 1.222989 0.614106 0.000000 
50.000000 47.600055 45.212910 42.851154 40.526971 38.251940 36.036864 33.891613 31.824990 29.844625 27.956893 26.166866 24.478286 22.893575 21.413861 20.039030 18.767800 17.597810 16.525720 15.547322 14.657651 13.851106 13.121562 12.462480 11.867013 11.328100 10.838554 10.391141 9.978650 9.593956 9.230077 8.880226 8.537863 8.196748 7.850991 7.495119 7.124136 6.733601 6.319708 5.879372 5.410321 4.911177 4.381536 3.822020 3.234310 2.621127 1.986183 1.334062 0.670066 0.000000 
50.000000 47.644962 45.302482 42.984914 40.704212 38.471737 36.298088 34.192948 32.164952 30.221583 28.369091 26.612448 24.955319 23.400069 21.947793 20.598364 19.350505 18.201875 17.149167 16.188215 15.314103 14.521280 13.803671 13.154780 12.567792 12.035665 11.551211 11.107172 10.696287 10.311346 9.945250 9.591053 9.242020 8.891669 8.533836 8.162732 7.773020 7.359900 6.919207 6.447518 5.942266 5.401856 4.825776 4.214683 3.570457 2.896217 2.196265 1.475972 0.741590 0.000000 
50.000000 47.698909 45.410088 43.145606 40.917140 38.735791 36.611912 34.554961 32.573372 30.674452 28.864304 27.147776 25.528441 24.008601 22.589308 21.270423 20.050674 18.927748 17.898379 16.958454 16.103120 15.326888 14.623748 13.987258 13.410650 12.886908 12.408851 11.969197 11.560630 11.175847 10.807608 10.448784 10.092401 9.731687 9.360132 8.971557 8.560187 8.120760 7.648633 7.139924 6.591653 6.001902 5.369965 4.696484 3.983547 3.234732 2.455076 1.650946 0.829826 0.000000 
50.000000 47.761902 45.535737 43.333241 41.165771 39.044121 36.978359 34.977681 33.050285 31.203274 29.442577 27.772903 26.197717 24.719244 23.338493 22.055308 20.868430 19.775575 18.773531 17.858251 17.024956 16.268240 15.582168 14.960375 14.396148 13.882513 13.412304 12.978224 12.572898 12.188923 11.818906 11.455504 11.091468 10.719683 10.333227 9.925437 9.490002 9.021067 8.513374 7.962428 7.364677 6.717727 6.020550 5.273682 4.479391 3.641767 2.766723 1.861871 0.936263 0.000000 
50.000000 47.833923 45.679392 43.547767 41.450035 39.396641 37.397328 35.460990 33.595560 31.807906 30.103760 28.487670 26.962979 25.531828 24.195178 22.952855 21.803613 20.745213 19.774503 18.887516 18.079565 17.345342 16.679010 16.074293 15.524557 15.022887 14.562144 14.135023 13.734102 13.351871 12.980776 12.613239 12.241701 11.858651 11.456684 11.028565 10.567321 10.066365 9.519653 8.921880 8.268717 7.557082 6.785429 5.954042 5.065281 4.123769 3.136444 2.112447 1.062818 0.000000 
50.000000 47.914922 45.840957 43.789038 41.769740 39.793115 37.868537 36.004567 34.208836 32.487949 30.847417 29.291610 27.823735 26.445839 25.158829 23.962517 22.855675 21.836114 20.900757 20.045732 19.266463 18.557759 17.913902 17.328730 16.795710 16.308002 15.858517 15.439962 15.044873 14.665645 14.294555 13.923780 13.545419 13.151521 12.734127 12.285333 11.797377 11.262773 10.674486 10.026163 9.312425 8.529213 7.674183 6.747115 5.750305 4.688872 3.570911 2.407422 1.211961 0.000000 
50.000000 48.004812 46.020257 44.056794 42.124540 40.233112 38.391477 36.607825 34.889451 33.242671 31.672753 30.183868 28.779075 27.460317 26.228446 25.083258 24.023553 23.047199 22.151208 21.331822 20.584593 19.904473 19.285886 18.722809 18.208836 17.737232 17.300984 16.892829 16.505287 16.130670 15.761094 15.388486 15.004588 14.600968 14.169053 13.700169 13.185633 12.616875 11.985633 11.284209 10.505827 9.645061 8.698362 7.664631 6.545807 5.347368 4.078662 2.752926 1.386899 0.000000 
50.000000 48.103457 46.217019 44.350628 42.513897 40.715967 38.965359 37.269853 35.636380 34.070939 32.578530 31.163110 29.827575 28.573759 27.402453 26.313442 25.305557 24.376737 23.524098 22.744014 22.032189 21.383739 20.793261 20.254901 19.762410 19.309193 18.888340 18.492657 18.114674 17.746646 17.380552 17.008077 16.620602 16.209194 15.764611 15.277328 14.737600 14.135581 13.461510 12.705999 11.860430 10.917497 9.871874 8.721013 7.466002 6.112376 4.670737 3.156966 1.591848 0.000000 
50.000000 48.210664 46.430861 44.669968 42.937055 41.240742 39.589066 37.989364 36.448173 34.971146 33.562995 32.227443 30.967214 29.784024 28.678603 27.650726 26.699263 25.822236 25.016882 24.279725 23.606648 22.992958 22.433455 21.922487 21.454001 21.021577 20.618454 20.237544 19.871431 19.512354 19.152187 18.782407 18.394050 17.977680 17.523360 17.020645 16.458609 15.825931 15.111065 14.302524 13.389320 12.361590 11.211447 9.934049 8.528830 7.000792 5.361598 3.630175 1.832454 0.000000 
50.000000 48.326179 46.661273 45.014054 43.393004 41.806185 40.261112 38.764647 37.322900 35.941154 34.623810 33.374346 32.195297 31.088257 30.053892 29.091973 28.201417 27.380340 26.626118 25.935448 25.304416 24.728552 24.202891 23.722024 23.280132 22.871016 22.488112 22.124492 21.772846 21.425455 21.074145 20.710233 20.324460 19.906916 19.446976 18.933241 18.353514 17.694826 16.943557 16.085682 15.107208 13.994878 12.737184 11.325758 9.757121 8.034656 6.170513 4.186949 2.116441 0.000000 
50.000000 48.449675 46.907608 45.381919 43.880464 42.410709 40.979612 39.593526 38.258105 36.978242 35.758004 34.600606 33.508388 32.482814 31.524487 30.633175 29.807852 29.046744 28.347383 27.706661 27.120894 26.585868 26.096891 25.648834 25.236160 24.852945 24.492878 24.149251 23.814930 23.482310 23.143249 22.788986 22.410042 21.996109 21.535926 21.017164 20.426320 19.748660 18.968233 18.068036 17.030379 15.837592 14.473163 12.923471 11.180159 9.243104 7.123632 4.847240 2.454661 0.000000 
50.000000 48.580757 47.169071 45.772377 44.397864 43.052366 41.742250 40.473330 39.250779 38.079071 36.961927 35.902281 34.902269 33.963220 33.085673 32.269399 31.513438 30.816139 30.175208 29.587761 29.050367 28.559102 28.109586 27.697016 27.316188 26.961507 26.626979 26.306191 25.992269 25.677811 25.354809 25.014536 24.647415 24.242860 23.789097 23.272962 22.679707 21.992804 21.193815 20.262383 19.176425 17.912714 16.448021 14.761100 12.835768 10.665198 8.257191 5.639447 2.862841 0.000000 
50.000000 48.718948 47.444717 46.184016 44.943334 43.728836 42.546271 41.400880 40.297334 39.239666 38.231231 37.274672 36.371909 35.524133 34.731821 33.994751 33.312037 32.682167 32.103041 31.572017 31.085953 30.641248 30.233871 29.859392 29.512993 29.189471 28.883221 28.588207 28.297906 28.005234 27.702442 27.380982 27.031342 26.642843 26.203391 25.699194 25.114437 24.430929 23.627758 22.681007 21.563632 20.245704 18.695300 16.880489 14.772974 12.353972 9.622515 6.605245 3.364637 0.000000 
50.000000 48.863700 47.733449 46.615198 45.514701 44.437427 43.388471 42.372484 41.393603 40.455406 39.560862 38.712314 37.911458 37.159344 36.456383 35.802369 35.196501 34.637417 34.123230 33.651565 33.219598 32.824081 32.461377 32.127476 31.818000 31.528202 31.252943 30.986652 30.723265 30.456140 30.177936 29.880463 29.554485 29.189473 28.773304 28.291874 27.728651 27.064127 26.275199 25.334505 24.209805 22.863581 21.253241 19.332529 17.055174 14.382154 11.293953 7.807960 3.997261 0.000000 
50.000000 49.014387 48.034020 47.064060 46.109498 45.175076 44.265213 43.383942 42.534850 41.721036 40.945076 40.208997 39.514265 38.861785 38.251908 37.684444 37.158686 36.673439 36.227045 35.817421 35.442083 35.098176 34.782493 34.491490 34.221286 33.967656 33.726003 33.491317 33.258107 33.020308 32.771155 32.503021 32.207197 31.873616 31.490496 31.043883 30.517065 29.889834 29.137557 28.230054 27.130278 25.792934 24.163351 22.177313 19.763326 16.849880 13.381535 9.347654 4.822595 0.000000 
50.000000 49.170311 48.345039 47.528526 46.724974 45.938373 45.172444 44.430578 43.715797 43.030706 42.377471 41.757796 41.172913 40.623579 40.110083 39.632259 39.189503 38.780796 38.404730 38.059531 37.743085 37.452959 37.186413 36.940414 36.711632 36.496427 36.290824 36.090466 35.890550 35.685731 35.470001 35.236517 34.977381 34.683346 34.343430 33.944409 33.470129 32.900606 32.210807 31.369043 30.334847 29.056285 27.466773 25.481882 22.997644 19.893991 16.050839 11.389350 5.950888 0.000000 
50.000000 49.330712 48.664986 48.006326 47.358119 46.723586 46.105726 45.507275 44.930668 44.378007 43.851037 43.351133 42.879283 42.436097 42.021805 41.636266 41.278987 40.949140 40.645578 40.366857 40.111255 39.876789 39.661221 39.462071 39.276607 39.101835 38.934473 38.770909 38.607138 38.438678 38.260455 38.066639 37.850438 37.603815 37.317099 36.978473 36.573248 36.082874 35.483531 34.744139 33.823501 32.666236 31.197042 29.312981 26.874183 23.695947 19.552301 14.217263 7.596238 0.000000 
50.000000 49.494768 48.992225 48.495015 48.005696 47.526698 47.060284 46.608521 46.173245 45.756043 45.358232 44.980846 44.624633 44.290049 43.977266 43.686176 43.416402 43.167315 42.938041 42.727484 42.534335 42.357081 42.194019 42.043254 41.902697 41.770053 41.642796 41.518139 41.392978 41.263823 41.126697 40.977002 40.809341 40.617266 40.392942 40.126672 39.806230 39.415900 38.935070 38.336119 37.581198 36.617211 35.367861 33.721005 31.508775 28.478288 24.256437 18.338708 10.220581 0.000000 
50.000000 49.661611 49.325022 48.992005 48.664273 48.343453 48.031061 47.728481 47.436943 47.157509 46.891060 46.638289 46.399696 46.175587 45.966073 45.771083 45.590362 45.423485 45.269865 45.128764 44.999300 44.880454 44.771076 44.669887 44.575475 44.486283 44.400598 44.316522 44.231935 44.144446 44.051318 43.949369 43.834847 43.703234 43.549002 43.365242 43.143150 42.871255 42.534255 42.111215 41.572655 40.875711 39.955754 38.711305 36.975806 34.463404 30.665047 24.666301 14.950257 0.000000 
50.000000 49.830332 49.661567 49.494593 49.330269 49.169410 49.012777 48.861063 48.714885 48.574776 48.441177 48.314436 48.194802 48.082429 47.977374 47.879598 47.788974 47.705288 47.628246 47.557475 47.492531 47.432903 47.378012 47.327211 47.279790 47.234962 47.191861 47.149526 47.106882 47.062712 47.015621 46.963982 46.905870 46.838957 46.760380 46.666543 46.552827 46.413167 46.239384 46.020133 45.739144 45.372166 44.881333 44.204051 43.229303 41.742169 39.279842 34.715070 24.916087 0.000000 
50.000000 50.000000 50.000000 50.000000 50.000000 50.000000 50.000000 50.000000 50.000000 50.000000 50.000000 50.000000 50.000000 50.000000 50.000000 50.000000 50.000000 50.000000 50.000000 50.000000 50.000000 50.000000 50.000000 50.000000 50.000000 50.000000 50.000000 50.000000 50.000000 50.000000 50.000000 50.000000 50.000000 50.000000 50.000000 50.000000 50.000000 50.000000 50.000000 50.000000 50.000000 50.000000 50.000000 50.000000 50.000000 50.000000 50.000000 50.000000 50.000000 50.000000 
