50.000000 50.000000 50.000000 50.000000 50.000000 50.000000 50.000000 50.000000 50.000000 50.000000 50.000000 50.000000 50.000000 50.000000 50.000000 50.000000 50.000000 50.000000 50.000000 50.000000 50.000000 50.000000 50.000000 50.000000 50.000000 50.000000 50.000000 50.000000 50.000000 50.000000 50.000000 50.000000 50.000000 50.000000 50.000000 50.000000 50.000000 50.000000 50.000000 50.000000 50.000000 50.000000 50.000000 50.000000 50.000000 50.000000 50.000000 50.000000 50.000000 50.000000 
50.000000 49.767272 49.536244 49.308582 49.085875 48.869606 48.661123 48.461610 48.272073 48.093322 47.925965 47.770410 47.626861 47.495338 47.375680 47.267568 47.170544 47.084028 47.007341 46.939721 46.880347 46.828348 46.782817 46.742820 46.707397 46.675562 46.646293 46.618520 46.591098 46.562783 46.532181 46.497697 46.457454 46.409191 46.350114 46.276701 46.184401 46.067208 45.916985 45.722411 45.467223 45.127149 44.664279 44.015954 43.071063 41.614575 39.183550 34.650586 24.883758 0.000000 
50.000000 49.536255 49.075900 48.622249 48.178473 47.747526 47.332092 46.934534 46.556855 46.200668 45.867188 45.557222 45.271184 45.009107 44.770676 44.555255 44.361930 44.189548 44.036755 43.902037 43.783759 43.680187 43.589520 43.509901 43.439425 43.376136 43.318011 43.262931 43.208644 43.152696 43.092356 43.024506 42.945488 42.850917 42.735404 42.592187 42.412597 42.185277 41.895015 41.520924 41.033533 40.389940 39.525433 38.338396 36.662095 34.210451 30.474150 24.538465 14.886166 0.000000 
50.000000 49.308625 48.622303 47.945977 47.284372 46.641895 46.022545 45.429847 44.866784 44.335764 43.838598 43.376489 42.950055 42.559346 42.203892 41.882749 41.594554 41.337589 41.109841 40.909057 40.732802 40.578501 40.443478 40.324976 40.220173 40.126176 40.039997 39.958523 39.878447 39.796188 39.707778 39.608708 39.493728 39.356580 39.189642 38.983432 38.725926 38.401582 37.989915 37.463382 36.784149 35.899065 34.731709 33.169742 31.045032 28.104367 23.974253 18.149742 10.125842 0.000000 
50.000000 49.085984 48.178650 47.284530 46.409872 45.560501 44.741707 43.958146 43.213765 42.511748 41.854487 41.243576 40.679830 40.163320 39.693423 39.268894 38.887935 38.548280 38.247270 37.981936 37.749069 37.545277 37.367039 37.210734 37.072662 36.949037 36.835967 36.729405 36.625079 36.518386 36.404260 36.276988 36.129972 35.955424 35.743954 35.484028 35.161225 34.757223 34.248375 33.603703 32.782034 31.727918 30.365893 28.592769 26.268331 23.207453 19.183660 13.970404 7.472476 0.000000 
50.000000 48.869833 47.747927 46.642362 45.560861 44.510627 43.498202 42.529343 41.608932 40.740904 39.928219 39.172850 38.475804 37.837172 37.256186 36.731309 36.260325 35.840436 35.468364 35.140449 34.852738 34.601056 34.381076 34.188358 34.018370 33.866493 33.727997 33.597987 33.471325 33.342517 33.205563 33.053761 32.879450 32.673690 32.425846 32.123041 31.749453 31.285380 30.706005 29.979770 29.066239 27.913401 26.454481 24.604747 22.259817 19.299105 15.601920 11.088738 5.800178 0.000000 
50.000000 48.661538 47.332859 46.023533 44.742707 43.498911 42.299894 41.152474 40.062432 39.034431 38.071977 37.177407 36.351917 35.595616 34.907600 34.286053 33.728356 33.231204 32.790729 32.402610 32.062185 31.764540 31.504586 31.277110 31.076811 30.898303 30.736091 30.584528 30.437722 30.289429 30.132892 29.960644 29.764258 29.534027 29.258575 28.924359 28.515059 28.010804 27.387219 26.614282 25.654990 24.463966 22.986323 21.157497 18.905520 16.158286 12.859653 8.998191 4.647396 0.000000 
50.000000 48.462309 46.935858 45.431641 43.960166 42.531235 41.153748 39.835542 38.583256 37.402250 36.296551 35.268849 34.320519 33.451688 32.661325 31.947348 31.306758 30.735768 30.229950 29.784362 29.393672 29.052270 28.754357 28.494004 28.265202 28.061868 27.877830 27.706781 27.542196 27.377221 27.204520 27.016084 26.802994 26.555135 26.260842 25.906487 25.475986 24.950218 24.306381 23.517302 22.550797 21.369266 19.929884 18.186011 16.090851 13.604718 10.707314 7.415144 3.800330 0.000000 
50.000000 48.273184 46.558991 44.869766 43.217312 41.612635 40.065732 38.585402 37.179103 35.852856 34.611185 33.457111 32.392184 31.416550 30.529055 29.727372 29.008140 28.367124 27.799368 27.299345 26.861102 26.478381 26.144725 25.853550 25.598204 25.371982 25.168116 24.979740 24.799810 24.620998 24.435556 24.235135 24.010574 23.751650 23.446785 23.082716 22.644131 22.113276 21.469582 20.689349 19.745609 18.608355 17.245419 15.624460 13.716614 11.502382 8.979946 6.174991 3.148941 0.000000 
50.000000 48.095014 46.203954 44.340440 42.517491 40.747250 39.040745 37.407685 35.856299 34.393229 33.023469 31.750355 30.575598 29.499367 28.520394 27.636122 26.842855 26.135938 25.509923 24.958744 24.475870 24.054448 23.687418 23.367601 23.087770 22.840669 22.619021 22.415491 22.222624 22.032747 21.837845 21.629402 21.398224 21.134222 20.826185 20.461534 20.026072 19.503756 18.876532 18.124291 17.225048 16.155504 14.892181 13.413409 11.702406 9.751589 7.567859 5.177895 2.631460 0.000000 
50.000000 47.928462 45.872068 43.845628 41.863301 39.938292 38.082594 36.306765 34.619756 33.028790 31.539300 30.154916 28.877506 27.707256 26.642798 25.681358 24.818935 24.050482 23.370100 22.771226 22.246799 21.789422 21.391488 21.045288 20.743079 20.477131 20.239733 20.023170 19.819672 19.621329 19.419986 19.207105 18.973613 18.709739 18.404830 18.047185 17.623905 17.120782 16.522291 15.811708 14.971465 13.983831 12.832052 11.502072 9.984918 8.279681 6.396753 4.360567 2.210691 0.000000 
50.000000 47.774000 45.564273 43.386736 41.256600 39.188059 37.193999 35.285768 33.472983 31.763409 30.162888 28.675322 27.302724 26.045300 24.901589 23.868620 22.942110 22.116655 21.385945 20.742960 20.180158 19.689652 19.263344 18.893049 18.570578 18.287790 18.036612 17.809027 17.597035 17.392583 17.187474 16.973257 16.741101 16.481664 16.184970 15.840291 15.436077 14.959931 14.398692 13.738650 12.965960 12.067322 11.030992 9.848170 8.514755 7.033327 5.415080 3.681179 1.862904 0.000000 
50.000000 47.631920 45.281152 42.964628 40.698533 38.497966 36.376638 34.346619 32.418144 30.599476 28.896830 27.314364 25.854221 24.516630 23.300043 22.201315 21.215903 20.338081 19.561163 18.877717 18.279772 17.758996 17.306856 16.914750 16.574099 16.276414 16.013324 15.776578 15.558018 15.349520 15.142924 14.929942 14.702061 14.450438 14.165822 13.838476 13.458162 13.014171 12.495454 11.890872 11.189609 10.381784 9.459290 8.416858 7.253306 5.972828 4.586122 3.111010 1.572209 0.000000 
50.000000 47.502345 45.022949 42.579672 40.189585 37.868614 35.631219 33.490134 31.456155 29.537999 27.742223 26.073218 24.533249 23.122564 21.839540 20.680873 19.641787 18.716267 17.897288 17.177052 16.547199 15.999005 15.523554 15.111878 14.755064 14.444330 14.171064 13.926840 13.703396 13.492596 13.286373 13.076651 12.855274 12.613929 12.344089 12.036973 11.683561 11.274653 10.801023 10.253662 9.624155 8.905203 8.091278 7.179424 6.170120 5.068105 3.883017 2.629630 1.327516 0.000000 
50.000000 47.385248 44.789612 42.231789 39.729650 37.299870 34.957587 32.716134 30.586814 28.578754 26.698824 24.951622 23.339525 21.862801 20.519761 19.306957 18.219408 17.250837 16.393922 15.640535 14.981975 14.409173 13.912877 13.483804 13.112754 12.790703 12.508847 12.258630 12.031734 11.820051 11.615640 11.410668 11.197350 10.967898 10.714474 10.429185 10.104101 9.731335 9.303191 8.812387 8.252375 7.617766 6.904832 6.112091 5.240888 4.295923 3.285592 2.222037 1.120794 0.000000 
50.000000 47.280473 44.580830 41.920515 39.318118 36.790980 34.354849 32.023592 29.808966 27.720468 25.765244 23.948082 22.271459 20.735660 19.338939 18.077723 16.946846 15.939804 15.049009 14.266047 13.581914 12.987243 12.472489 12.028099 11.644634 11.312867 11.023846 10.768921 10.539751 10.328284 10.126727 9.927497 9.723175 9.506468 9.270179 9.007205 8.710572 8.373507 7.989571 7.552857 7.058248 6.501748 5.880865 5.195019 4.445939 3.637987 2.778328 1.876890 0.946044 0.000000 
50.000000 47.187763 44.396087 41.645082 38.953970 36.340684 33.821512 31.410792 29.120686 26.961014 24.939171 23.060110 21.326400 19.738341 18.294137 16.990105 15.820921 14.779879 13.859162 13.050103 12.343440 11.729544 11.198623 10.740892 10.346712 10.006695 9.711769 9.453222 9.222713 9.012266 8.814238 8.621293 8.426358 8.222594 8.003376 7.762295 7.493190 7.190215 6.847952 6.461571 6.027036 5.541357 5.002871 4.411528 3.769153 3.079640 2.349025 1.585403 0.798659 0.000000 
50.000000 47.106780 44.234713 41.404490 38.635885 35.947350 33.355641 30.875512 28.519475 26.297636 24.217604 22.284480 20.500911 18.867213 17.381547 16.040135 14.837516 13.766810 12.820002 11.988210 11.261947 10.631364 10.086456 9.617247 9.213932 8.866990 8.567259 8.305989 8.074853 7.865956 7.671807 7.485300 7.299676 7.108502 6.905652 6.685310 6.441997 6.170625 5.866590 5.525897 5.145318 4.722581 4.256568 3.747517 3.197189 2.608976 1.987922 1.340628 0.675021 0.000000 
50.000000 47.037138 44.095940 41.197591 38.362347 35.609102 32.955015 30.415198 28.002465 25.727167 23.597099 21.617488 19.791049 18.118113 16.596802 15.223261 13.991911 12.895724 11.926517 11.075224 10.332172 9.687323 9.130496 8.651556 8.240562 7.887887 7.584303 7.321034 7.089781 6.882728 6.692526 6.512277 6.335501 6.156116 5.968422 5.767099 5.547228 5.304333 5.034449 4.734222 4.401021 4.033077 3.629627 3.191044 2.718941 2.216232 1.687119 1.136993 0.572247 0.000000 
50.000000 46.978429 43.978951 41.023173 38.131751 35.323954 32.617283 30.027148 27.566621 25.246258 23.074012 21.055215 19.192641 17.486632 15.935283 14.534669 13.279114 12.161469 11.173408 10.305714 9.548557 8.891746 8.324956 7.837918 7.420585 7.063246 6.756623 6.491928 6.260890 6.055770 5.869347 5.694904 5.526199 5.357448 5.183303 4.998852 4.799627 4.581635 4.341409 4.076076 3.783443 3.462092 3.111481 2.732025 2.325164 1.893383 1.440185 0.969997 0.488019 0.000000 
50.000000 46.930248 43.882941 40.880031 37.942505 35.089938 32.340112 29.708684 27.208934 24.851589 22.644729 20.593776 18.701550 16.968404 15.392408 13.969585 12.694178 11.558938 10.555425 9.674299 8.905604 8.239023 7.664115 7.170508 6.748068 6.387022 6.078056 5.812374 5.581736 5.378469 5.195464 5.026154 4.864496 4.704949 4.542452 4.372414 4.190725 3.993764 3.778442 3.542245 3.283294 3.000412 2.693191 2.362039 2.008222 1.633862 1.241899 0.836009 0.420472 0.000000 
50.000000 46.892216 43.807156 40.767043 37.793125 34.905220 32.121330 29.457308 26.926597 24.540061 22.305881 20.229546 18.313918 16.559355 14.963910 13.523562 12.232492 11.083375 10.067679 9.175970 8.398190 7.723929 7.142653 6.643913 6.217506 5.853614 5.542896 5.276556 5.046379 4.844751 4.664649 4.499630 4.343808 4.191833 4.038863 3.880561 3.713083 3.533091 3.337773 3.124874 2.892737 2.640347 2.367371 2.074192 1.761918 1.432381 1.088085 0.732135 0.368127 0.000000 
50.000000 46.864005 43.750939 40.683230 37.682317 34.768199 31.959041 29.270841 26.717165 24.308976 22.054530 19.959370 18.026383 16.255935 14.646065 13.192722 11.890039 10.730634 9.705910 8.806361 8.021857 7.341917 6.755942 6.253423 5.824112 5.458156 5.146197 4.879439 4.649691 4.449379 4.271550 4.109853 3.958517 3.812333 3.666623 3.517229 3.360501 3.193301 3.013012 2.817558 2.605433 2.375724 2.128141 1.863032 1.581385 1.284809 0.975495 0.656136 0.329840 0.000000 
50.000000 46.845350 43.713767 40.627811 37.609048 34.677597 31.851732 29.147544 26.578684 24.156177 21.888332 19.780724 17.836260 16.055310 14.435903 12.973968 11.663609 10.497404 9.466715 8.561987 7.773044 7.089358 6.500287 5.995284 5.564071 5.196773 4.884021 4.617021 4.387597 4.188204 4.011935 3.852499 3.704204 3.561932 3.421112 3.277702 3.128179 2.969531 2.799267 2.615423 2.416584 2.201898 1.971097 1.724502 1.463015 1.188101 0.901742 0.606368 0.304772 0.000000 
50.000000 46.836070 43.695275 40.600241 37.572598 34.632524 31.798347 29.086207 26.509792 24.080163 21.805652 19.691852 17.741678 15.955503 14.331352 12.865144 11.550966 10.381380 9.347724 8.440422 7.649273 6.963726 6.373118 5.866884 5.434730 5.066772 4.753634 4.486524 4.257272 4.058352 3.882875 3.724584 3.577824 3.437522 3.299161 3.158756 3.012846 2.858481 2.693230 2.515183 2.322968 2.115763 1.893308 1.655908 1.404424 1.140246 0.865255 0.581751 0.292374 0.000000 
50.000000 46.836070 43.695275 40.600241 37.572598 34.632524 31.798347 29.086207 26.509792 24.080163 21.805652 19.691852 17.741678 15.955503 14.331352 12.865144 11.550966 10.381380 9.347724 8.440422 7.649273 6.963726 6.373118 5.866884 5.434730 5.066772 4.753634 4.486524 4.257272 4.058352 3.882875 3.724584 3.577824 3.437522 3.299161 3.158756 3.012846 2.858481 2.693230 2.515183 2.322968 2.115763 1.893308 1.655908 1.404424 1.140246 0.865255 0.581751 0.292374 0.000000 
50.000000 46.845350 43.713767 40.627811 37.609048 34.677597 31.851732 29.147544 26.578684 24.156177 21.888332 19.780724 17.836260 16.055310 14.435903 12.973968 11.663609 10.497404 9.466715 8.561987 7.773044 7.089358 6.500287 5.995284 5.564071 5.196773 4.884021 4.617021 4.387597 4.188204 4.011935 3.852499 3.704204 3.561932 3.421112 3.277702 3.128179 2.969531 2.799267 2.615423 2.416584 2.201898 1.971097 1.724502 1.463015 1.188101 0.901742 0.606368 0.304772 0.000000 
50.000000 46.864005 43.750939 40.683230 37.682317 34.768199 31.959041 29.270841 26.717165 24.308976 22.054530 19.959370 18.026383 16.255935 14.646065 13.192722 11.890039 10.730634 9.705910 8.806361 8.021857 7.341917 6.755942 6.253423 5.824112 5.458156 5.146197 4.879439 4.649691 4.449379 4.271550 4.109853 3.958517 3.812333 3.666623 3.517229 3.360501 3.193301 3.013012 2.817558 2.605433 2.375724 2.128141 1.863032 1.581385 1.284809 0.975495 0.656136 0.329840 0.000000 
50.000000 46.892216 43.807156 40.767043 37.793125 34.905220 32.121330 29.457308 26.926597 24.540061 22.305881 20.229546 18.313918 16.559355 14.963910 13.523562 12.232492 11.083375 10.067679 9.175970 8.398190 7.723929 7.142653 6.643913 6.217506 5.853614 5.542896 5.276556 5.046379 4.844751 4.664649 4.499630 4.343808 4.191833 4.038863 3.880561 3.713083 3.533091 3.337773 3.124874 2.892737 2.640347 2.367371 2.074192 1.761918 1.432381 1.088085 0.732135 0.368127 0.000000 
50.000000 46.930248 43.882941 40.880031 37.942505 35.089938 32.340112 29.708684 27.208934 24.851589 22.644729 20.593776 18.701550 16.968404 15.392408 13.969585 12.694178 11.558938 10.555425 9.674299 8.905604 8.239023 7.664115 7.170508 6.748068 6.387022 6.078056 5.812374 5.581736 5.378469 5.195464 5.026154 4.864496 4.704949 4.542452 4.372414 4.190725 3.993764 3.778442 3.542245 3.283294 3.000412 2.693191 2.362039 2.008222 1.633862 1.241899 0.836009 0.420472 0.000000 
50.000000 46.978429 43.978951 41.023173 38.131751 35.323954 32.617283 30.027148 27.566621 25.246258 23.074012 21.055215 19.192641 17.486632 15.935283 14.534669 13.279114 12.161469 11.173408 10.305714 9.548557 8.891746 8.324956 7.837918 7.420585 7.063246 6.756623 6.491928 6.260890 6.055770 5.869347 5.694904 5.526199 5.357448 5.183303 4.998852 4.799627 4.581635 4.341409 4.076076 3.783443 3.462092 3.111481 2.732025 2.325164 1.893383 1.440185 0.969997 0.488019 0.000000 
50.000000 47.037138 44.095940 41.197591 38.362347 35.609102 32.955015 30.415198 28.002465 25.727167 23.597099 21.617488 19.791049 18.118113 16.596802 15.223261 13.991911 12.895724 11.926517 11.075224 10.332172 9.687323 9.130496 8.651556 8.240562 7.887887 7.584303 7.321034 7.089781 6.882728 6.692526 6.512277 6.335501 6.156116 5.968422 5.767099 5.547228 5.304333 5.034449 4.734222 4.401021 4.033077 3.629627 3.191044 2.718941 2.216232 1.687119 1.136993 0.572247 0.000000 
50.000000 47.106780 44.234713 41.404490 38.635885 35.947350 33.355641 30.875512 28.519475 26.297636 24.217604 22.284480 20.500911 18.867213 17.381547 16.040135 14.837516 13.766810 12.820002 11.988210 11.261947 10.631364 10.086456 9.617247 9.213932 8.866990 8.567259 8.305989 8.074853 7.865956 7.671807 7.485300 7.299676 7.108502 6.905652 6.685310 6.441997 6.170625 5.866590 5.525897 5.145318 4.722581 4.256568 3.747517 3.197189 2.608976 1.987922 1.340628 0.675021 0.000000 
50.000000 47.187763 44.396087 41.645082 38.953970 36.340684 33.821512 31.410792 29.120686 26.961014 24.939171 23.060110 21.326400 19.738341 18.294137 16.990105 15.820921 14.779879 13.859162 13.050103 12.343440 11.729544 11.198623 10.740892 10.346712 10.006695 9.711769 9.453222 9.222713 9.012266 8.814238 8.621293 8.426358 8.222594 8.003376 7.762295 7.493190 7.190215 6.847952 6.461571 6.027036 5.541357 5.002871 4.411528 3.769153 3.079640 2.349025 1.585403 0.798659 0.000000 
50.000000 47.280473 44.580830 41.920515 39.318118 36.790980 34.354849 32.023592 29.808966 27.720468 25.765244 23.948082 22.271459 20.735660 19.338939 18.077723 16.946846 15.939804 15.049009 14.266047 13.581914 12.987243 12.472489 12.028099 11.644634 11.312867 11.023846 10.768921 10.539751 10.328284 10.126727 9.927497 9.723175 9.506468 9.270179 9.007205 8.710572 8.373507 7.989571 7.552857 7.058248 6.501748 5.880865 5.195019 4.445939 3.637987 2.778328 1.876890 0.946044 0.000000 
50.000000 47.385248 44.789612 42.231789 39.729650 37.299870 34.957587 32.716134 30.586814 28.578754 26.698824 24.951622 23.339525 21.862801 20.519761 19.306957 18.219408 17.250837 16.393922 15.640535 14.981975 14.409173 13.912877 13.483804 13.112754 12.790703 12.508847 12.258630 12.031734 11.820051 11.615640 11.410668 11.197350 10.967898 10.714474 10.429185 10.104101 9.731335 9.303191 8.812387 8.252375 7.617766 6.904832 6.112091 5.240888 4.295923 3.285592 2.222037 1.120794 0.000000 
50.000000 47.502345 45.022949 42.579672 40.189585 37.868614 35.631219 33.490134 31.456155 29.537999 27.742223 26.073218 24.533249 23.122564 21.839540 20.680873 19.641787 18.716267 17.897288 17.177052 16.547199 15.999005 15.523554 15.111878 14.755064 14.444330 14.171064 13.926840 13.703396 13.492596 13.286373 13.076651 12.855274 12.613929 12.344089 12.036973 11.683561 11.274653 10.801023 10.253662 9.624155 8.905203 8.091278 7.179424 6.170120 5.068105 3.883017 2.629630 1.327516 0.000000 
50.000000 47.631920 45.281152 42.964628 40.698533 38.497966 36.376638 34.346619 32.418144 30.599476 28.896830 27.314364 25.854221 24.516630 23.300043 22.201315 21.215903 20.338081 19.561163 18.877717 18.279772 17.758996 17.306856 16.914750 16.574099 16.276414 16.013324 15.776578 15.558018 15.349520 15.142924 14.929942 14.702061 14.450438 14.165822 13.838476 13.458162 13.014171 12.495454 11.890872 11.189609 10.381784 9.459290 8.416858 7.253306 5.972828 4.586122 3.111010 1.572209 0.000000 
50.000000 47.774000 45.564273 43.386736 41.256600 39.188059 37.193999 35.285768 33.472983 31.763409 30.162888 28.675322 27.302724 26.045300 24.901589 23.868620 22.942110 22.116655 21.385945 20.742960 20.180158 19.689652 19.263344 18.893049 18.570578 18.287790 18.036612 17.809027 17.597035 17.392583 17.187474 16.973257 16.741101 16.481664 16.184970 15.840291 15.436077 14.959931 14.398692 13.738650 12.965960 12.067322 11.030992 9.848170 8.514755 7.033327 5.415080 3.681179 1.862904 0.000000 
50.000000 47.928462 45.872068 43.845628 41.863301 39.938292 38.082594 36.306765 34.619756 33.028790 31.539300 30.154916 28.877506 27.707256 26.642798 25.681358 24.818935 24.050482 23.370100 22.771226 22.246799 21.789422 21.391488 21.045288 20.743079 20.477131 20.239733 20.023170 19.819672 19.621329 19.419986 19.207105 18.973613 18.709739 18.404830 18.047185 17.623905 17.120782 16.522291 15.811708 14.971465 13.983831 12.832052 11.502072 9.984918 8.279681 6.396753 4.360567 2.210691 0.000000 
50.000000 48.095014 46.203954 44.340440 42.517491 40.747250 39.040745 37.407685 35.856299 34.393229 33.023469 31.750355 30.575598 29.499367 28.520394 27.636122 26.842855 26.135938 25.509923 24.958744 24.475870 24.054448 23.687418 23.367601 23.087770 22.840669 22.619021 22.415491 22.222624 22.032747 21.837845 21.629402 21.398224 21.134222 20.826185 20.461534 20.026072 19.503756 18.876532 18.124291 17.225048 16.155504 14.892181 13.413409 11.702406 9.751589 7.567859 5.177895 2.631460 0.000000 
50.000000 48.273184 46.558991 44.869766 43.217312 41.612635 40.065732 38.585402 37.179103 35.852856 34.611185 33.457111 32.392184 31.416550 30.529055 29.727372 29.008140 28.367124 27.799368 27.299345 26.861102 26.478381 26.144725 25.853550 25.598204 25.371982 25.168116 24.979740 24.799810 24.620998 24.435556 24.235135 24.010574 23.751650 23.446785 23.082716 22.644131 22.113276 21.469582 20.689349 19.745609 18.608355 17.245419 15.624460 13.716614 11.502382 8.979946 6.174991 3.148941 0.000000 
50.000000 48.462309 46.935858 45.431641 43.960166 42.531235 41.153748 39.835542 38.583256 37.402250 36.296551 35.268849 34.320519 33.451688 32.661325 31.947348 31.306758 30.735768 30.229950 29.784362 29.393672 29.052270 28.754357 28.494004 28.265202 28.061868 27.877830 27.706781 27.542196 27.377221 27.204520 27.016084 26.802994 26.555135 26.260842 25.906487 25.475986 24.950218 24.306381 23.517302 22.550797 21.369266 19.929884 18.186011 16.090851 13.604718 10.707314 7.415144 3.800330 0.000000 
50.000000 48.661538 47.332859 46.023533 44.742707 43.498911 42.299894 41.152474 40.062432 39.034431 38.071977 37.177407 36.351917 35.595616 34.907600 34.286053 33.728356 33.231204 32.790729 32.402610 32.062185 31.764540 31.504586 31.277110 31.076811 30.898303 30.736091 30.584528 30.437722 30.289429 30.132892 29.960644 29.764258 29.534027 29.258575 28.924359 28.515059 28.010804 27.387219 26.614282 25.654990 24.463966 22.986323 21.157497 18.905520 16.158286 12.859653 8.998191 4.647396 0.000000 
50.000000 48.869833 47.747927 46.642362 45.560861 44.510627 43.498202 42.529343 41.608932 40.740904 39.928219 39.172850 38.475804 37.837172 37.256186 36.731309 36.260325 35.840436 35.468364 35.140449 34.852738 34.601056 34.381076 34.188358 34.018370 33.866493 33.727997 33.597987 33.471325 33.342517 33.205563 33.053761 32.879450 32.673690 32.425846 32.123041 31.749453 31.285380 30.706005 29.979770 29.066239 27.913401 26.454481 24.604747 22.259817 19.299105 15.601920 11.088738 5.800178 0.000000 
50.000000 49.085984 48.178650 47.284530 46.409872 45.560501 44.741707 43.958146 43.213765 42.511748 41.854487 41.243576 40.679830 40.163320 39.693423 39.268894 38.887935 38.548280 38.247270 37.981936 37.749069 37.545277 37.367039 37.210734 37.072662 36.949037 36.835967 36.729405 36.625079 36.518386 36.404260 36.276988 36.129972 35.955424 35.743954 35.484028 35.161225 34.757223 34.248375 33.603703 32.782034 31.727918 30.365893 28.592769 26.268331 23.207453 19.183660 13.970404 7.472476 0.000000 
50.000000 49.308625 48.622303 47.945977 47.284372 46.641895 46.022545 45.429847 44.866784 44.335764 43.838598 43.376489 42.950055 42.559346 42.203892 41.882749 41.594554 41.337589 41.109841 40.909057 40.732802 40.578501 40.443478 40.324976 40.220173 40.126176 40.039997 39.958523 39.878447 39.796188 39.707778 39.608708 39.493728 39.356580 39.189642 38.983432 38.725926 38.401582 37.989915 37.463382 36.784149 35.899065 34.731709 33.169742 31.045032 28.104367 23.974253 18.149742 10.125842 0.000000 
50.000000 49.536255 49.075900 48.622249 48.178473 47.747526 47.332092 46.934534 46.556855 46.200668 45.867188 45.557222 45.271184 45.009107 44.770676 44.555255 44.361930 44.189548 44.036755 43.902037 43.783759 43.680187 43.589520 43.509901 43.439425 43.376136 43.318011 43.262931 43.208644 43.152696 43.092356 43.024506 42.945488 42.850917 42.735404 42.592187 42.412597 42.185277 41.895015 41.520924 41.033533 40.389940 39.525433 38.338396 36.662095 34.210451 30.474150 24.538465 14.886166 0.000000 
50.000000 49.767272 49.536244 49.308582 49.085875 48.869606 48.661123 48.461610 48.272073 48.093322 47.925965 47.770410 47.626861 47.495338 47.375680 47.267568 47.170544 47.084028 47.007341 46.939721 46.880347 46.828348 46.782817 46.742820 46.707397 46.675562 46.646293 46.618520 46.591098 46.562783 46.532181 46.497697 46.457454 46.409191 46.350114 46.276701 46.184401 46.067208 45.916985 45.722411 45.467223 45.127149 44.664279 44.015954 43.071063 41.614575 39.183550 34.650586 24.883758 0.000000 
50.000000 50.000000 50.000000 50.000000 50.000000 50.000000 50.000000 50.000000 50.000000 50.000000 50.000000 50.000000 50.000000 50.000000 50.000000 50.000000 50.000000 50.000000 50.000000 50.000000 50.000000 50.000000 50.000000 50.000000 50.000000 50.000000 50.000000 50.000000 50.000000 50.000000 50.000000 50.000000 50.000000 50.000000 50.000000 50.000000 50.000000 50.000000 50.000000 50.000000 50.000000 50.000000 50.000000 50.000000 50.000000 50.000000 50.000000 50.000000 50.000000 50.000000 
