50.000000 50.000000 50.000000 50.000000 50.000000 50.000000 50.000000 50.000000 50.000000 50.000000 50.000000 50.000000 50.000000 50.000000 50.000000 50.000000 50.000000 50.000000 50.000000 50.000000 50.000000 50.000000 50.000000 50.000000 50.000000 50.000000 50.000000 50.000000 50.000000 50.000000 50.000000 50.000000 50.000000 50.000000 50.000000 50.000000 50.000000 50.000000 50.000000 50.000000 50.000000 50.000000 50.000000 50.000000 50.000000 50.000000 50.000000 50.000000 50.000000 50.000000 
50.000000 49.530318 49.067564 48.618360 48.188737 47.783895 47.408021 47.064173 46.754242 46.478979 46.238086 46.030351 45.853824 45.705997 45.584002 45.484780 45.405242 45.342398 45.293450 45.255857 45.227379 45.206081 45.190327 45.178758 45.170257 45.163903 45.158928 45.154665 45.150492 45.145777 45.139808 45.131716 45.120378 45.104296 45.081434 45.048995 45.003106 44.938364 44.847141 44.718502 44.536421 44.276704 43.901327 43.347328 42.503092 41.152889 38.832899 34.414686 24.765159 0.000000 
50.000000 49.067564 48.148882 47.257100 46.404192 45.600481 44.854277 44.171653 43.556363 43.009899 42.531666 42.119263 41.768812 41.475341 41.233150 41.036170 40.878270 40.753510 40.656336 40.581707 40.525174 40.482895 40.451627 40.428671 40.411811 40.399223 40.389388 40.380989 40.372807 40.363602 40.351990 40.336286 40.314325 40.283230 40.239103 40.176615 40.088431 39.964385 39.790265 39.545944 39.202423 38.716947 38.024586 37.023127 35.544842 33.302281 29.784403 24.074441 14.652878 0.000000 
50.000000 48.618360 47.257100 45.935700 44.671901 43.481000 42.375311 41.363832 40.452126 39.642402 38.933782 38.322703 37.803424 37.368574 37.009709 36.717835 36.483868 36.299007 36.155022 36.044446 35.960684 35.898048 35.851731 35.817743 35.792800 35.774212 35.759740 35.747452 35.735569 35.722302 35.705662 35.683254 35.652019 35.607914 35.545501 35.457400 35.333542 35.160127 34.918133 34.581128 34.111969 33.457719 32.541644 31.250530 29.414802 26.779246 22.967851 17.472698 9.785461 0.000000 
50.000000 48.188737 46.404192 44.671901 43.015123 41.453912 40.004409 38.678412 37.483212 36.421706 35.492742 34.691651 34.010905 33.440841 32.970390 32.587762 32.281047 32.038707 31.849956 31.705004 31.595208 31.513113 31.452423 31.407911 31.375284 31.351029 31.332234 31.316400 31.301247 31.284504 31.263680 31.235805 31.197120 31.142703 31.065988 30.958154 30.807300 30.597350 30.306540 29.905322 29.353414 28.595642 27.556145 26.130612 24.176982 21.507564 17.892658 13.101912 7.035849 0.000000 
50.000000 47.783896 45.600482 43.481001 41.453912 39.543751 37.770267 36.147895 34.685556 33.386794 32.250199 31.270058 30.437162 29.739686 29.164088 28.695943 28.320679 28.024180 27.793249 27.615911 27.481591 27.381174 27.306962 27.252569 27.212757 27.183250 27.160516 27.141551 27.123640 27.104116 27.080097 27.048193 27.004167 26.942527 26.856032 26.735058 26.566803 26.334252 26.014840 25.578718 24.986515 24.186555 23.111588 21.675555 19.771880 17.276936 14.066203 10.055642 5.280805 0.000000 
50.000000 47.408022 44.854279 42.375314 40.004412 37.770269 35.695988 33.798450 32.088088 30.569048 29.239682 28.093306 27.119149 26.303382 25.630164 25.082625 24.643719 24.296941 24.026854 23.819453 23.662376 23.544964 23.458223 23.394694 23.348274 23.313987 23.287750 23.266112 23.245998 23.224434 23.198264 23.163836 23.116655 23.050967 22.959278 22.831763 22.655540 22.413799 22.084726 21.640240 21.044553 20.252668 19.209171 17.848004 16.094728 13.873808 11.124789 7.831156 4.060696 0.000000 
50.000000 47.064175 44.171657 41.363838 38.678418 36.147902 33.798455 31.649198 29.711949 27.991404 26.485694 25.187251 24.083873 23.159896 22.397380 21.777215 21.280096 20.887327 20.581424 20.346531 20.168646 20.035704 19.937528 19.865685 19.813284 19.774728 19.745444 19.721604 19.699845 19.676972 19.649667 19.614166 19.565909 19.499155 19.406525 19.278480 19.102718 18.863476 18.540757 18.109517 17.538900 16.791732 15.824620 14.589312 13.036333 11.122287 8.822203 6.147077 3.162850 0.000000 
50.000000 46.754246 43.556371 40.452137 37.483226 34.685571 32.088103 29.711959 27.570207 25.668036 24.003382 22.567875 21.348026 20.326519 19.483516 18.797893 18.248306 17.814087 17.475909 17.216242 17.019614 16.872692 16.764235 16.684940 16.627215 16.584913 16.553039 16.527456 16.504577 16.481069 16.453549 16.418263 16.370760 16.305523 16.215572 16.092022 15.923601 15.696132 15.392034 14.989870 14.464091 13.785147 12.920285 11.835474 10.499045 8.887605 6.994433 4.839434 2.477547 0.000000 
50.000000 46.478986 43.009913 39.642423 36.421733 33.386825 30.569081 27.991434 25.668057 23.604582 21.798766 20.241531 18.918244 17.810119 16.895638 16.151882 15.555701 15.084674 14.717836 14.436176 14.222911 14.063590 13.946029 13.860156 13.797765 13.752234 13.718211 13.691306 13.667775 13.644213 13.617249 13.583244 13.537976 13.476310 13.391863 13.276633 13.120638 12.911562 12.634456 12.271563 11.802376 11.204082 10.452616 9.524589 8.400355 7.068354 5.530480 3.807507 1.942573 0.000000 
50.000000 46.238099 42.531693 38.933821 35.492792 32.250258 29.239747 26.485761 24.003442 21.798807 19.869460 18.205702 16.791897 15.607974 14.630943 13.836319 13.199366 12.696131 12.304218 12.003317 11.775505 11.605348 11.479844 11.388252 11.321838 11.273570 11.237804 11.209951 11.186160 11.163008 11.137200 11.105279 11.063335 11.006718 10.929746 10.825419 10.685152 10.498543 10.253231 9.934892 9.527466 9.013733 8.376366 7.599602 6.671615 5.587529 4.352736 2.985778 1.519612 0.000000 
50.000000 46.030375 42.119310 38.322773 34.691742 31.270167 28.093429 25.187382 22.568006 20.241647 18.205779 16.450166 14.958308 13.709026 12.678061 11.839574 11.167466 10.636462 10.222931 9.905446 9.665098 9.485612 9.353281 9.256793 9.186960 9.136414 9.099267 9.070780 9.047037 9.024638 9.000404 8.971103 8.933185 8.882527 8.814191 8.722203 8.599357 8.437079 8.225384 7.952966 7.607497 7.176208 6.646813 6.008857 5.255451 4.385301 3.404714 2.329095 1.183259 0.000000 
50.000000 45.853866 41.768896 37.803547 34.011065 30.437355 27.119371 24.084115 21.348279 18.918491 16.792112 14.958450 13.400271 12.095455 11.018663 10.142908 9.440931 8.886335 8.454439 8.122867 7.871877 7.684476 7.546364 7.445744 7.373053 7.320641 7.282426 7.253558 7.230088 7.208666 7.186254 7.159863 7.126317 7.082025 7.022781 6.943590 6.838530 6.700683 6.522139 6.294138 6.007374 5.652509 5.220942 4.705826 4.103314 3.413885 2.643548 1.804596 0.915545 0.000000 
50.000000 45.706070 41.475485 37.368787 33.441120 29.740024 26.303772 23.160329 20.326980 17.810590 15.608426 13.709415 12.095707 10.744394 9.629233 8.722276 7.995292 7.420945 6.973676 6.630314 6.370420 6.176403 6.033467 5.929413 5.854369 5.800453 5.761433 5.732377 5.709328 5.689002 5.668509 5.645108 5.615984 5.578052 5.527786 5.461084 5.373171 5.258559 5.111093 4.924093 4.690629 4.403954 4.058105 3.648655 3.173577 2.634107 2.035463 1.387202 0.703038 0.000000 
50.000000 45.584127 41.233397 37.010074 32.970867 29.164668 25.630836 22.398131 19.484328 16.896487 14.631796 12.678868 11.019347 9.629672 8.482857 7.550158 6.802544 6.211903 5.751954 5.398870 5.131635 4.932169 4.785266 4.678401 4.601446 4.546339 4.506727 4.477623 4.455077 4.435878 4.417282 4.396783 4.371900 4.340009 4.298191 4.243127 4.171024 4.077600 3.958136 3.807606 3.620913 3.393232 3.120465 2.799779 2.430208 2.013200 1.553044 1.057032 0.535257 0.000000 
50.000000 45.484990 41.036587 36.718451 32.588567 28.696923 25.083763 21.778491 18.799283 16.153356 13.837835 11.841077 10.144313 8.723454 7.550906 6.597282 5.832899 5.229015 4.758759 4.397775 4.124578 3.920690 3.770574 3.661440 3.582959 3.526922 3.486886 3.457829 3.435814 3.417705 3.400895 3.383090 3.362108 3.335726 3.301552 3.256928 3.198882 3.124119 3.029066 2.909990 2.763181 2.585219 2.373307 2.125657 1.841889 1.523393 1.173571 0.797903 0.403767 0.000000 
50.000000 45.405592 40.878963 36.484893 32.282386 28.322311 24.645618 21.282230 18.250641 15.558195 13.201967 11.170107 9.443518 7.997685 6.804530 5.834149 5.056339 4.441850 3.963343 3.596034 3.318067 3.110643 2.957962 2.847025 2.767342 2.710591 2.670262 2.641307 2.619812 2.602709 2.587515 2.572119 2.554598 2.533070 2.505581 2.470024 2.424093 2.365279 2.290909 2.198239 2.084596 1.947573 1.785275 1.596585 1.381435 1.141033 0.878009 0.596429 0.301647 0.000000 
50.000000 45.342973 40.754649 36.300692 32.040909 28.026864 24.300065 20.890843 17.817943 15.088810 12.700478 10.640936 8.890825 7.425298 6.215893 5.232298 4.443898 3.821047 3.336035 2.963741 2.682014 2.471806 2.317110 2.204762 2.124146 2.066856 2.026329 1.997505 1.976491 1.960281 1.946498 1.933188 1.918641 1.901260 1.879448 1.851539 1.815758 1.770212 1.712920 1.641883 1.555190 1.451160 1.328516 1.186570 1.025400 0.846001 0.650362 0.441465 0.223170 0.000000 
50.000000 45.294381 40.658183 36.157754 31.853528 27.797603 24.031924 20.587135 17.482180 14.724579 12.311336 10.230315 8.461954 6.981145 5.759131 4.765283 3.968668 3.339330 2.849271 2.473110 2.188469 1.976105 1.819850 1.706415 1.625087 1.567395 1.526741 1.498055 1.477466 1.462021 1.449432 1.437872 1.425809 1.411869 1.394744 1.373114 1.345616 1.310830 1.267298 1.213574 1.148300 1.070311 0.978748 0.873193 0.753784 0.621304 0.477237 0.323748 0.163598 0.000000 
50.000000 45.257350 40.584667 36.048823 31.710725 27.622885 23.827575 20.355683 17.226299 14.447004 12.014777 9.917387 8.135118 6.642665 5.411043 4.409382 3.606507 2.972226 2.478322 2.099216 1.812356 1.598351 1.440913 1.326654 1.244793 1.186807 1.146074 1.117518 1.097290 1.082479 1.070869 1.060736 1.050685 1.039522 1.026158 1.009544 0.988629 0.962348 0.929632 0.889438 0.840807 0.782930 0.715235 0.637470 0.549782 0.452776 0.347542 0.235639 0.119035 0.000000 
50.000000 45.229741 40.529856 35.967607 31.604256 27.492621 23.675220 20.183120 17.035523 14.240055 11.793675 9.684082 7.891444 6.390310 5.151525 4.144040 3.336498 2.698533 2.201763 1.820462 1.531949 1.316722 1.158404 1.043536 0.961283 0.903087 0.862307 0.833867 0.813933 0.799628 0.788794 0.779786 0.771315 0.762323 0.751889 0.739163 0.723329 0.703584 0.679138 0.649240 0.613210 0.570488 0.520690 0.463667 0.399555 0.328811 0.252233 0.170938 0.086326 0.000000 
50.000000 45.209770 40.490209 35.908861 31.527245 27.398398 23.565018 20.058302 16.897532 14.090365 11.633749 9.515329 7.715192 6.207778 4.963812 3.952116 3.141199 2.500569 2.001726 1.618839 1.329131 1.113022 0.954069 0.838762 0.756229 0.697887 0.657082 0.628736 0.609030 0.595114 0.584870 0.576714 0.569436 0.562077 0.553838 0.544017 0.531964 0.517061 0.498721 0.476393 0.449590 0.417920 0.381123 0.339111 0.292002 0.240140 0.184110 0.124719 0.062968 0.000000 
50.000000 45.196019 40.462911 35.868412 31.474219 27.333522 23.489140 19.972360 16.802519 13.987297 11.523633 9.399136 7.593836 6.082099 4.834567 3.819970 3.006729 2.364265 1.863996 1.480016 1.189486 0.972770 0.813382 0.697775 0.615051 0.556611 0.515793 0.487519 0.467979 0.454343 0.444522 0.436975 0.430546 0.424346 0.417662 0.409891 0.400499 0.388995 0.374925 0.357876 0.337486 0.313473 0.285656 0.253981 0.218549 0.179626 0.137646 0.093209 0.047048 0.000000 
50.000000 45.187433 40.445866 35.843155 31.441109 27.293012 23.441760 19.918696 16.743192 13.922941 11.454876 9.326584 7.518060 6.003624 4.753864 3.737457 2.922766 2.279156 1.777997 1.393335 1.102291 0.885197 0.725537 0.609743 0.526902 0.468403 0.427578 0.399352 0.379920 0.366464 0.356916 0.349759 0.343873 0.338414 0.332720 0.326253 0.318549 0.309196 0.297824 0.284100 0.267741 0.248530 0.226332 0.201113 0.172958 0.142083 0.108833 0.073675 0.037181 0.000000 
50.000000 45.183314 40.437687 35.831037 31.425223 27.273575 23.419027 19.892949 16.714727 13.892063 11.421886 9.291774 7.481703 5.965972 4.715144 3.697868 2.882481 2.238322 1.736735 1.351746 1.060457 0.843181 0.683390 0.567507 0.484610 0.426082 0.385256 0.357054 0.337675 0.324307 0.314892 0.307925 0.302304 0.297205 0.291992 0.286157 0.279271 0.270959 0.260890 0.248770 0.234353 0.217452 0.197953 0.175831 0.151164 0.124142 0.095067 0.064344 0.032468 0.000000 
50.000000 45.183314 40.437687 35.831037 31.425223 27.273575 23.419027 19.892949 16.714727 13.892063 11.421886 9.291774 7.481703 5.965972 4.715144 3.697868 2.882481 2.238322 1.736735 1.351746 1.060457 0.843181 0.683390 0.567507 0.484610 0.426082 0.385256 0.357054 0.337675 0.324307 0.314892 0.307925 0.302304 0.297205 0.291992 0.286157 0.279271 0.270959 0.260890 0.248770 0.234353 0.217452 0.197953 0.175831 0.151164 0.124142 0.095067 0.064344 0.032468 0.000000 
50.000000 45.187433 40.445866 35.843155 31.441109 27.293012 23.441760 19.918696 16.743192 13.922941 11.454876 9.326584 7.518060 6.003624 4.753864 3.737457 2.922766 2.279156 1.777997 1.393335 1.102291 0.885197 0.725537 0.609743 0.526902 0.468403 0.427578 0.399352 0.379920 0.366464 0.356916 0.349759 0.343873 0.338414 0.332720 0.326253 0.318549 0.309196 0.297824 0.284100 0.267741 0.248530 0.226332 0.201113 0.172958 0.142083 0.108833 0.073675 0.037181 0.000000 
50.000000 45.196019 40.462911 35.868412 31.474219 27.333522 23.489140 19.972360 16.802519 13.987297 11.523633 9.399136 7.593836 6.082099 4.834567 3.819970 3.006729 2.364265 1.863996 1.480016 1.189486 0.972770 0.813382 0.697775 0.615051 0.556611 0.515793 0.487519 0.467979 0.454343 0.444522 0.436975 0.430546 0.424346 0.417662 0.409891 0.400499 0.388995 0.374925 0.357876 0.337486 0.313473 0.285656 0.253981 0.218549 0.179626 0.137646 0.093209 0.047048 0.000000 
50.000000 45.209770 40.490209 35.908861 31.527245 27.398398 23.565018 20.058302 16.897532 14.090365 11.633749 9.515329 7.715192 6.207778 4.963812 3.952116 3.141199 2.500569 2.001726 1.618839 1.329131 1.113022 0.954069 0.838762 0.756229 0.697887 0.657082 0.628736 0.609030 0.595114 0.584870 0.576714 0.569436 0.562077 0.553838 0.544017 0.531964 0.517061 0.498721 0.476393 0.449590 0.417920 0.381123 0.339111 0.292002 0.240140 0.184110 0.124719 0.062968 0.000000 
50.000000 45.229741 40.529856 35.967607 31.604256 27.492621 23.675220 20.183120 17.035523 14.240055 11.793675 9.684082 7.891444 6.390310 5.151525 4.144040 3.336498 2.698533 2.201763 1.820462 1.531949 1.316722 1.158404 1.043536 0.961283 0.903087 0.862307 0.833867 0.813933 0.799628 0.788794 0.779786 0.771315 0.762323 0.751889 0.739163 0.723329 0.703584 0.679138 0.649240 0.613210 0.570488 0.520690 0.463667 0.399555 0.328811 0.252233 0.170938 0.086326 0.000000 
50.000000 45.257350 40.584667 36.048823 31.710725 27.622885 23.827575 20.355683 17.226299 14.447004 12.014777 9.917387 8.135118 6.642665 5.411043 4.409382 3.606507 2.972226 2.478322 2.099216 1.812356 1.598351 1.440913 1.326654 1.244793 1.186807 1.146074 1.117518 1.097290 1.082479 1.070869 1.060736 1.050685 1.039522 1.026158 1.009544 0.988629 0.962348 0.929632 0.889438 0.840807 0.782930 0.715235 0.637470 0.549782 0.452776 0.347542 0.235639 0.119035 0.000000 
50.000000 45.294381 40.658183 36.157754 31.853528 27.797603 24.031924 20.587135 17.482180 14.724579 12.311336 10.230315 8.461954 6.981145 5.759131 4.765283 3.968668 3.339330 2.849271 2.473110 2.188469 1.976105 1.819850 1.706415 1.625087 1.567395 1.526741 1.498055 1.477466 1.462021 1.449432 1.437872 1.425809 1.411869 1.394744 1.373114 1.345616 1.310830 1.267298 1.213574 1.148300 1.070311 0.978748 0.873193 0.753784 0.621304 0.477237 0.323748 0.163598 0.000000 
50.000000 45.342973 40.754649 36.300692 32.040909 28.026864 24.300065 20.890843 17.817943 15.088810 12.700478 10.640936 8.890825 7.425298 6.215893 5.232298 4.443898 3.821047 3.336035 2.963741 2.682014 2.471806 2.317110 2.204762 2.124146 2.066856 2.026329 1.997505 1.976491 1.960281 1.946498 1.933188 1.918641 1.901260 1.879448 1.851539 1.815758 1.770212 1.712920 1.641883 1.555190 1.451160 1.328516 1.186570 1.025400 0.846001 0.650362 0.441465 0.223170 0.000000 
50.000000 45.405592 40.878963 36.484893 32.282386 28.322311 24.645618 21.282230 18.250641 15.558195 13.201967 11.170107 9.443518 7.997685 6.804530 5.834149 5.056339 4.441850 3.963343 3.596034 3.318067 3.110643 2.957962 2.847025 2.767342 2.710591 2.670262 2.641307 2.619812 2.602709 2.587515 2.572119 2.554598 2.533070 2.505581 2.470024 2.424093 2.365279 2.290909 2.198239 2.084596 1.947573 1.785275 1.596585 1.381435 1.141033 0.878009 0.596429 0.301647 0.000000 
50.000000 45.484990 41.036587 36.718451 32.588567 28.696923 25.083763 21.778491 18.799283 16.153356 13.837835 11.841077 10.144313 8.723454 7.550906 6.597282 5.832899 5.229015 4.758759 4.397775 4.124578 3.920690 3.770574 3.661440 3.582959 3.526922 3.486886 3.457829 3.435814 3.417705 3.400895 3.383090 3.362108 3.335726 3.301552 3.256928 3.198882 3.124119 3.029066 2.909990 2.763181 2.585219 2.373307 2.125657 1.841889 1.523393 1.173571 0.797903 0.403767 0.000000 
50.000000 45.584127 41.233397 37.010074 32.970867 29.164668 25.630836 22.398131 19.484328 16.896487 14.631796 12.678868 11.019347 9.629672 8.482857 7.550158 6.802544 6.211903 5.751954 5.398870 5.131635 4.932169 4.785266 4.678401 4.601446 4.546339 4.506727 4.477623 4.455077 4.435878 4.417282 4.396783 4.371900 4.340009 4.298191 4.243127 4.171024 4.077600 3.958136 3.807606 3.620913 3.393232 3.120465 2.799779 2.430208 2.013200 1.553044 1.057032 0.535257 0.000000 
50.000000 45.706070 41.475485 37.368787 33.441120 29.740024 26.303772 23.160329 20.326980 17.810590 15.608426 13.709415 12.095707 10.744394 9.629233 8.722276 7.995292 7.420945 6.973676 6.630314 6.370420 6.176403 6.033467 5.929413 5.854369 5.800453 5.761433 5.732377 5.709328 5.689002 5.668509 5.645108 5.615984 5.578052 5.527786 5.461084 5.373171 5.258559 5.111093 4.924093 4.690629 4.403954 4.058105 3.648655 3.173577 2.634107 2.035463 1.387202 0.703038 0.000000 
50.000000 45.853866 41.768896 37.803547 34.011065 30.437355 27.119371 24.084115 21.348279 18.918491 16.792112 14.958450 13.400271 12.095455 11.018663 10.142908 9.440931 8.886335 8.454439 8.122867 7.871877 7.684476 7.546364 7.445744 7.373053 7.320641 7.282426 7.253558 7.230088 7.208666 7.186254 7.159863 7.126317 7.082025 7.022781 6.943590 6.838530 6.700683 6.522139 6.294138 6.007374 5.652509 5.220942 4.705826 4.103314 3.413885 2.643548 1.804596 0.915545 0.000000 
50.000000 46.030375 42.119310 38.322773 34.691742 31.270167 28.093429 25.187382 22.568006 20.241647 18.205779 16.450166 14.958308 13.709026 12.678061 11.839574 11.167466 10.636462 10.222931 9.905446 9.665098 9.485612 9.353281 9.256793 9.186960 9.136414 9.099267 9.070780 9.047037 9.024638 9.000404 8.971103 8.933185 8.882527 8.814191 8.722203 8.599357 8.437079 8.225384 7.952966 7.607497 7.176208 6.646813 6.008857 5.255451 4.385301 3.404714 2.329095 1.183259 0.000000 
50.000000 46.238099 42.531693 38.933821 35.492792 32.250258 29.239747 26.485761 24.003442 21.798807 19.869460 18.205702 16.791897 15.607974 14.630943 13.836319 13.199366 12.696131 12.304218 12.003317 11.775505 11.605348 11.479844 11.388252 11.321838 11.273570 11.237804 11.209951 11.186160 11.163008 11.137200 11.105279 11.063335 11.006718 10.929746 10.825419 10.685152 10.498543 10.253231 9.934892 9.527466 9.013733 8.376366 7.599602 6.671615 5.587529 4.352736 2.985778 1.519612 0.000000 
50.000000 46.478986 43.009913 39.642423 36.421733 33.386825 30.569081 27.991434 25.668057 23.604582 21.798766 20.241531 18.918244 17.810119 16.895638 16.151882 15.555701 15.084674 14.717836 14.436176 14.222911 14.063590 13.946029 13.860156 13.797765 13.752234 13.718211 13.691306 13.667775 13.644213 13.617249 13.583244 13.537976 13.476310 13.391863 13.276633 13.120638 12.911562 12.634456 12.271563 11.802376 11.204082 10.452616 9.524589 8.400355 7.068354 5.530480 3.807507 1.942573 0.000000 
50.000000 46.754246 43.556371 40.452137 37.483226 34.685571 32.088103 29.711959 27.570207 25.668036 24.003382 22.567875 21.348026 20.326519 19.483516 18.797893 18.248306 17.814087 17.475909 17.216242 17.019614 16.872692 16.764235 16.684940 16.627215 16.584913 16.553039 16.527456 16.504577 16.481069 16.453549 16.418263 16.370760 16.305523 16.215572 16.092022 15.923601 15.696132 15.392034 14.989870 14.464091 13.785147 12.920285 11.835474 10.499045 8.887605 6.994433 4.839434 2.477547 0.000000 
50.000000 47.064175 44.171657 41.363838 38.678418 36.147902 33.798455 31.649198 29.711949 27.991404 26.485694 25.187251 24.083873 23.159896 22.397380 21.777215 21.280096 20.887327 20.581424 20.346531 20.168646 20.035704 19.937528 19.865685 19.813284 19.774728 19.745444 19.721604 19.699845 19.676972 19.649667 19.614166 19.565909 19.499155 19.406525 19.278480 19.102718 18.863476 18.540757 18.109517 17.538900 16.791732 15.824620 14.589312 13.036333 11.122287 8.822203 6.147077 3.162850 0.000000 
50.000000 47.408022 44.854279 42.375314 40.004412 37.770269 35.695988 33.798450 32.088088 30.569048 29.239682 28.093306 27.119149 26.303382 25.630164 25.082625 24.643719 24.296941 24.026854 23.819453 23.662376 23.544964 23.458223 23.394694 23.348274 23.313987 23.287750 23.266112 23.245998 23.224434 23.198264 23.163836 23.116655 23.050967 22.959278 22.831763 22.655540 22.413799 22.084726 21.640240 21.044553 20.252668 19.209171 17.848004 16.094728 13.873808 11.124789 7.831156 4.060696 0.000000 
50.000000 47.783896 45.600482 43.481001 41.453912 39.543751 37.770267 36.147895 34.685556 33.386794 32.250199 31.270058 30.437162 29.739686 29.164088 28.695943 28.320679 28.024180 27.793249 27.615911 27.481591 27.381174 27.306962 27.252569 27.212757 27.183250 27.160516 27.141551 27.123640 27.104116 27.080097 27.048193 27.004167 26.942527 26.856032 26.735058 26.566803 26.334252 26.014840 25.578718 24.986515 24.186555 23.111588 21.675555 19.771880 17.276936 14.066203 10.055642 5.280805 0.000000 
50.000000 48.188737 46.404192 44.671901 43.015123 41.453912 40.004409 38.678412 37.483212 36.421706 35.492742 34.691651 34.010905 33.440841 32.970390 32.587762 32.281047 32.038707 31.849956 31.705004 31.595208 31.513113 31.452423 31.407911 31.375284 31.351029 31.332234 31.316400 31.301247 31.284504 31.263680 31.235805 31.197120 31.142703 31.065988 30.958154 30.807300 30.597350 30.306540 29.905322 29.353414 28.595642 27.556145 26.130612 24.176982 21.507564 17.892658 13.101912 7.035849 0.000000 
50.000000 48.618360 47.257100 45.935700 44.671901 43.481000 42.375311 41.363832 40.452126 39.642402 38.933782 38.322703 37.803424 37.368574 37.009709 36.717835 36.483868 36.299007 36.155022 36.044446 35.960684 35.898048 35.851731 35.817743 35.792800 35.774212 35.759740 35.747452 35.735569 35.722302 35.705662 35.683254 35.652019 35.607914 35.545501 35.457400 35.333542 35.160127 34.918133 34.581128 34.111969 33.457719 32.541644 31.250530 29.414802 26.779246 22.967851 17.472698 9.785461 0.000000 
50.000000 49.067564 48.148882 47.257100 46.404192 45.600481 44.854277 44.171653 43.556363 43.009899 42.531666 42.119263 41.768812 41.475341 41.233150 41.036170 40.878270 40.753510 40.656336 40.581707 40.525174 40.482895 40.451627 40.428671 40.411811 40.399223 40.389388 40.380989 40.372807 40.363602 40.351990 40.336286 40.314325 40.283230 40.239103 40.176615 40.088431 39.964385 39.790265 39.545944 39.202423 38.716947 38.024586 37.023127 35.544842 33.302281 29.784403 24.074441 14.652878 0.000000 
50.000000 49.530318 49.067564 48.618360 48.188737 47.783895 47.408021 47.064173 46.754242 46.478979 46.238086 46.030351 45.853824 45.705997 45.584002 45.484780 45.405242 45.342398 45.293450 45.255857 45.227379 45.206081 45.190327 45.178758 45.170257 45.163903 45.158928 45.154665 45.150492 45.145777 45.139808 45.131716 45.120378 45.104296 45.081434 45.048995 45.003106 44.938364 44.847141 44.718502 44.536421 44.276704 43.901327 43.347328 42.503092 41.152889 38.832899 34.414686 24.765159 0.000000 
50.000000 50.000000 50.000000 50.000000 50.000000 50.000000 50.000000 50.000000 50.000000 50.000000 50.000000 50.000000 50.000000 50.000000 50.000000 50.000000 50.000000 50.000000 50.000000 50.000000 50.000000 50.000000 50.000000 50.000000 50.000000 50.000000 50.000000 50.000000 50.000000 50.000000 50.000000 50.000000 50.000000 50.000000 50.000000 50.000000 50.000000 50.000000 50.000000 50.000000 50.000000 50.000000 50.000000 50.000000 50.000000 50.000000 50.000000 50.000000 50.000000 50.000000 
