50.000000 50.000000 50.000000 50.000000 50.000000 50.000000 50.000000 50.000000 50.000000 50.000000 50.000000 50.000000 50.000000 50.000000 50.000000 50.000000 50.000000 50.000000 50.000000 50.000000 50.000000 50.000000 50.000000 50.000000 50.000000 50.000000 50.000000 50.000000 50.000000 50.000000 50.000000 50.000000 50.000000 50.000000 50.000000 50.000000 50.000000 50.000000 50.000000 50.000000 50.000000 50.000000 50.000000 50.000000 50.000000 50.000000 50.000000 50.000000 50.000000 50.000000 
50.000000 49.802749 49.606720 49.413111 49.223076 49.037702 48.857991 48.684846 48.519051 48.361268 48.212025 48.071713 47.940590 47.818775 47.706260 47.602917 47.508501 47.422666 47.344974 47.274903 47.211860 47.155185 47.104163 47.058022 47.015937 46.977028 46.940347 46.904872 46.869481 46.832926 46.793794 46.750455 46.700983 46.643064 46.573849 46.489759 46.386194 46.257102 46.094315 45.886493 45.617364 45.262667 44.784516 44.120292 43.158943 41.685504 39.237119 34.686480 24.901759 0.000000 
50.000000 49.606744 49.215923 48.829928 48.451058 48.081481 47.723195 47.377998 47.047457 46.732889 46.435347 46.155614 45.894200 45.651345 45.427035 45.221012 45.032792 44.861685 44.706818 44.567154 44.441512 44.328582 44.226941 44.135056 44.051293 43.973903 43.901014 43.830604 43.760460 43.688129 43.610837 43.525396 43.428055 43.314322 43.178696 43.014304 42.812377 42.561470 42.246308 41.845961 41.330947 40.658382 39.763601 38.545071 36.836166 34.350946 30.580259 24.609561 14.921822 0.000000 
50.000000 49.413208 48.830051 48.254093 47.688768 47.137309 46.602700 46.087621 45.594411 45.125036 44.681070 44.263678 43.873623 43.511267 43.176587 42.869200 42.588386 42.333121 42.102104 41.893794 41.706434 41.538078 41.386614 41.249770 41.125125 41.010096 40.901922 40.797629 40.693976 40.587378 40.473806 40.348648 40.206514 40.040990 39.844284 39.606752 39.316218 38.957012 38.508553 37.943236 37.223206 36.295338 35.083285 33.474821 31.301979 28.311749 24.130877 18.254684 10.178472 0.000000 
50.000000 49.223324 48.451458 47.689122 46.940859 46.210951 45.503346 44.821592 44.168786 43.547531 42.959908 42.407465 41.891209 41.411623 40.968679 40.561874 40.190257 39.852479 39.546825 39.271264 39.023482 38.800921 38.600802 38.420146 38.255782 38.104337 37.962214 37.825554 37.690170 37.551458 37.404272 37.242761 37.060146 36.848431 36.598006 36.297121 35.931156 35.481619 34.924735 34.229443 33.354543 32.244616 30.824292 28.990532 26.603332 23.477827 19.387855 14.107218 7.541090 0.000000 
50.000000 49.038210 48.082377 47.138346 46.211742 45.307870 44.431617 43.587379 42.778991 42.009677 41.282017 40.597928 39.958659 39.364811 38.816355 38.312669 37.852586 37.434441 37.056123 36.715128 36.408612 36.133427 35.886165 35.663177 35.460586 35.274283 35.099904 34.932786 34.767899 34.599746 34.422232 34.228485 34.010623 33.759451 33.464062 33.111314 32.685140 32.165627 31.527800 30.739997 29.761744 28.541068 27.011302 25.087894 22.666715 19.627498 15.849928 11.254906 5.883513 0.000000 
50.000000 48.858907 47.724882 46.604860 45.505516 44.433141 43.393538 42.391920 41.432840 40.520123 39.656832 38.845243 38.086844 37.382349 36.731728 36.134253 35.588546 35.092644 34.644056 34.239833 33.876623 33.550727 33.258140 32.994591 32.755548 32.536230 32.331579 32.136222 31.944395 31.749854 31.545732 31.324363 31.077060 30.793816 30.462937 30.070568 29.600098 29.031408 28.339933 27.495527 26.461140 25.191433 23.631638 21.717402 19.377044 16.538825 13.147035 9.190736 4.743959 0.000000 
50.000000 48.686362 47.380862 46.091483 44.825909 43.591385 42.394589 41.241528 40.137441 39.086734 38.092937 37.158670 36.285653 35.474711 34.725818 34.038143 33.410113 32.839480 32.323399 31.858499 31.440952 31.066543 30.730716 30.428621 30.155135 29.904867 29.672148 29.450988 29.235011 29.017365 28.790589 28.546452 28.275740 27.967993 27.611186 27.191335 26.692022 26.093843 25.373776 24.504500 23.453776 22.184038 20.652592 18.813028 16.618868 14.030833 11.029107 7.630740 3.908452 0.000000 
50.000000 48.521417 47.051993 45.600715 44.176234 42.786704 41.439643 40.141812 38.899110 37.716501 36.597957 35.546434 34.563871 33.651203 32.808410 32.034567 31.327917 30.685950 30.105485 29.582760 29.113505 28.693027 28.316263 27.977837 27.672093 27.393102 27.134662 26.890264 26.653035 26.415651 26.170229 25.908174 25.619996 25.295093 24.921485 24.485509 23.971484 23.361336 22.634247 21.766350 20.730607 19.497041 18.033621 16.308250 14.292408 11.967032 9.330829 6.410071 3.266832 0.000000 
50.000000 48.364798 46.739726 45.134724 43.559359 42.022649 40.532911 39.097623 37.723312 36.415468 35.178489 34.015648 32.929094 31.919871 30.987965 30.132365 29.351147 28.641554 28.000098 27.422653 26.904544 26.440637 26.025412 25.653020 25.317327 25.011938 24.730199 24.465171 24.209590 23.955793 23.695618 23.420285 23.120242 22.784986 22.402867 21.960869 21.444389 20.837033 20.120469 19.274400 18.276756 17.104261 15.733578 14.143288 12.316969 10.247500 7.942333 5.428775 2.757273 0.000000 
50.000000 48.217116 46.445278 44.695323 42.977684 41.302195 39.677925 38.113028 36.614624 35.188702 33.840059 32.572271 31.387686 30.287452 29.271564 28.338936 27.487486 26.714236 26.015412 25.386556 24.822624 24.318083 23.866999 23.463103 23.099845 22.770427 22.467816 22.184731 21.913613 21.646568 21.375287 21.090948 20.784099 20.444521 20.061090 19.621635 19.112816 18.520045 17.827491 17.018221 16.074568 14.978816 13.714345 12.267353 10.629241 8.799577 6.789322 4.623561 2.342577 0.000000 
50.000000 48.078862 46.169626 44.283973 42.433143 40.627736 38.877525 37.191299 35.576730 34.040277 32.587113 31.221096 29.944764 28.759363 27.664901 26.660223 25.743108 24.910371 24.157982 23.481181 22.874588 22.332314 21.848057 21.415176 21.026760 20.675672 20.354566 20.055897 19.771895 19.494527 19.215439 18.925880 18.616617 18.277838 17.899063 17.469064 16.975821 16.406527 15.747692 14.985376 14.105616 13.095115 11.942258 10.638500 9.180111 7.570157 5.820416 3.952717 1.999071 0.000000 
50.000000 47.950410 45.913519 43.901789 41.927213 40.001102 38.133882 36.334933 34.612443 32.973305 31.423043 29.965780 28.604231 27.339736 26.172315 25.100756 24.122708 23.234806 22.432784 21.711611 21.065609 20.488570 19.973865 19.514532 19.103350 18.732898 18.395581 18.083651 17.789198 17.504127 17.220117 16.928569 16.620547 16.286719 15.917301 15.502030 15.030172 14.490582 13.871857 13.162608 12.351883 11.429791 10.388344 9.222519 7.931504 6.519979 4.999228 3.387742 1.710978 0.000000 
50.000000 47.832025 45.677483 43.549558 41.460936 39.423581 37.448526 35.545692 33.723745 31.989979 30.350243 28.808903 27.368839 26.031479 24.796860 23.663716 22.629586 21.690937 20.843298 20.081395 19.399282 18.790472 18.248051 17.764778 17.333173 16.945575 16.594196 16.271141 15.968416 15.677920 15.391423 15.100530 14.796648 14.470953 14.114365 13.717552 13.270975 12.764975 12.189948 11.536616 10.796411 9.962005 9.027978 7.991609 6.853738 5.619583 4.299363 2.908521 1.467364 0.000000 
50.000000 47.723870 45.461845 43.227766 41.034955 38.895972 36.822402 34.824666 32.911863 31.091655 29.370188 27.752052 26.240279 24.836381 23.540410 22.351055 21.265755 20.280834 19.391635 18.592668 17.877756 17.240165 16.672735 16.167987 15.718219 15.315581 14.952133 14.619877 14.310781 14.016780 13.729770 13.441591 13.144011 12.828711 12.487286 12.111269 11.692191 11.221684 10.691656 10.094532 9.423595 8.673410 7.840342 6.923127 5.923461 4.846508 3.701236 2.500444 1.260396 0.000000 
50.000000 47.626020 45.266753 42.936634 40.649560 38.418634 36.255939 34.172346 32.177348 30.278941 28.483540 26.795939 25.219311 23.755239 22.403796 21.163631 20.032098 19.005391 18.078693 17.246326 16.501908 15.838494 15.248710 14.724877 14.259110 13.843407 13.469711 13.129957 12.816108 12.520161 12.234163 11.950197 11.660389 11.356902 11.031955 10.677857 10.287073 9.852332 9.366779 8.824198 8.219282 7.547973 6.807851 5.998540 5.122103 4.183350 3.190000 2.152623 1.084301 0.000000 
50.000000 47.538473 45.092201 42.676155 40.304744 37.991556 35.749121 33.588714 31.520180 29.551815 27.690274 25.940534 24.305894 22.788008 21.386963 20.101377 18.928531 17.864506 16.904345 16.042208 15.271536 14.585201 13.975651 13.435037 12.955324 12.528387 12.146085 11.800314 11.483050 11.186375 10.902488 10.623717 10.342525 10.051520 9.743481 9.411394 9.048523 8.648507 8.205495 7.714331 7.170770 6.571743 5.915640 5.202596 4.434750 3.616424 2.754189 1.856763 0.934719 0.000000 
50.000000 47.461164 44.938064 42.446141 40.000257 37.614428 35.301582 33.073346 30.939881 28.909744 26.989806 25.185207 23.499354 21.933967 20.489146 19.163486 17.954201 16.857280 15.867643 14.979312 14.185578 13.479157 12.852346 12.297156 11.805430 11.368948 10.979506 10.628981 10.309379 10.012871 9.731809 9.458750 9.186467 8.907965 8.616511 8.305674 7.969385 7.602027 7.198550 6.754613 6.266764 5.732632 5.151136 4.522679 3.849312 3.134837 2.384811 1.606430 0.808290 0.000000 
50.000000 47.393986 44.804125 42.246267 39.735670 37.286720 34.912690 32.625517 30.435632 28.351823 26.381146 24.528884 22.798541 21.191892 19.709054 18.348597 17.107685 15.982223 14.967033 14.056017 13.242339 12.518587 11.876932 11.309269 10.807345 10.362864 9.967580 9.613364 9.292259 8.996523 8.718656 8.451421 8.187866 7.921341 7.645531 7.354491 7.042702 6.705147 6.337399 5.935745 5.497314 5.020223 4.503723 3.948334 3.355940 2.729842 2.074730 1.396567 0.702389 0.000000 
50.000000 47.336800 44.690108 42.076123 39.510438 37.007758 34.581645 32.244303 30.006392 27.876898 25.863035 23.970205 22.202000 20.560238 19.045052 17.654996 16.387188 15.237468 14.200570 13.270302 12.439722 11.701311 11.047139 10.469006 9.958583 9.507518 9.107535 8.750506 8.428516 8.133907 7.859307 7.597661 7.342255 7.086731 6.825121 6.551879 6.261930 5.950726 5.614330 5.249495 4.853774 4.425619 3.964485 3.470916 2.946602 2.394392 1.818255 1.223168 0.614946 0.000000 
50.000000 47.289454 44.595710 41.935256 39.323963 36.776797 34.307565 31.928687 29.651017 27.483701 25.434086 23.507675 21.708128 20.037306 18.495350 17.080803 15.790747 14.620968 13.566132 12.619968 11.775448 11.024969 10.360519 9.773825 9.256497 8.800141 8.396462 8.037340 7.714898 7.421551 7.150039 6.893463 6.645302 6.399440 6.150190 5.892324 5.621114 5.332380 5.022548 4.688723 4.328758 3.941331 3.526017 3.083336 2.614784 2.122829 1.610854 1.083063 0.544329 0.000000 
50.000000 47.251796 44.520629 41.823215 39.175647 36.593100 34.089572 31.677660 29.368367 27.170971 25.092922 23.139805 21.315335 19.621404 18.058164 16.624149 15.316411 14.130696 13.061615 12.102835 11.247264 10.487233 9.814665 9.221232 8.698500 8.238043 7.831554 7.470922 7.148304 6.856176 6.587372 6.335114 6.093038 5.855216 5.616181 5.370948 5.115055 4.844594 4.556264 4.247419 3.916122 3.561202 3.182297 2.779884 2.355290 1.910671 1.448959 0.973768 0.489262 0.000000 
50.000000 47.223689 44.464589 41.739590 39.064946 36.455991 33.926866 31.490297 29.157403 26.937556 24.838286 22.865238 21.022168 19.310993 17.731872 16.283332 14.962405 13.764805 12.685105 11.716927 10.853130 10.085996 9.407402 8.808982 8.282267 7.818813 7.410302 7.048634 6.725992 6.434901 6.168262 5.919392 5.682043 5.450427 5.219234 4.983661 4.739432 4.482835 4.210759 3.920729 3.610950 3.280347 2.928588 2.556106 2.164092 1.754469 1.329838 0.893386 0.448775 0.000000 
50.000000 47.205019 44.427365 41.684041 38.991412 36.364915 33.818788 31.365841 29.017269 26.782510 24.669145 22.682858 20.827435 19.104806 17.515139 16.056953 14.727269 13.521780 12.435033 11.460620 10.591369 9.819530 9.136951 8.535238 8.005903 7.540487 7.130669 6.768356 6.445750 6.155407 5.890276 5.643735 5.409614 5.182215 4.956334 4.727284 4.490910 4.243627 3.982441 3.704986 3.409555 3.095126 2.761382 2.408720 2.038238 1.651705 1.251502 0.840543 0.422164 0.000000 
50.000000 47.195705 44.408794 41.656328 38.954728 36.319480 33.764870 31.303752 28.947360 26.705161 24.584765 22.591874 20.730288 19.001946 17.407018 15.944021 14.609970 13.400546 12.310286 11.332765 10.460796 9.686613 9.002051 8.398701 7.868066 7.401681 6.991223 6.628601 6.306028 6.016076 5.751718 5.506363 5.273877 5.048611 4.825411 4.599646 4.367223 4.124616 3.868890 3.597732 3.309473 3.003118 2.678356 2.335564 1.975791 1.600730 1.212654 0.814342 0.408971 0.000000 
50.000000 47.195705 44.408794 41.656328 38.954728 36.319480 33.764870 31.303752 28.947360 26.705161 24.584765 22.591874 20.730288 19.001946 17.407018 15.944021 14.609970 13.400546 12.310286 11.332765 10.460796 9.686613 9.002051 8.398701 7.868066 7.401681 6.991223 6.628601 6.306028 6.016076 5.751718 5.506363 5.273877 5.048611 4.825411 4.599646 4.367223 4.124616 3.868890 3.597732 3.309473 3.003118 2.678356 2.335564 1.975791 1.600730 1.212654 0.814342 0.408971 0.000000 
50.000000 47.205019 44.427365 41.684041 38.991412 36.364915 33.818788 31.365841 29.017269 26.782510 24.669145 22.682858 20.827435 19.104806 17.515139 16.056953 14.727269 13.521780 12.435033 11.460620 10.591369 9.819530 9.136951 8.535238 8.005903 7.540487 7.130669 6.768356 6.445750 6.155407 5.890276 5.643735 5.409614 5.182215 4.956334 4.727284 4.490910 4.243627 3.982441 3.704986 3.409555 3.095126 2.761382 2.408720 2.038238 1.651705 1.251502 0.840543 0.422164 0.000000 
50.000000 47.223689 44.464589 41.739590 39.064946 36.455991 33.926866 31.490297 29.157403 26.937556 24.838286 22.865238 21.022168 19.310993 17.731872 16.283332 14.962405 13.764805 12.685105 11.716927 10.853130 10.085996 9.407402 8.808982 8.282267 7.818813 7.410302 7.048634 6.725992 6.434901 6.168262 5.919392 5.682043 5.450427 5.219234 4.983661 4.739432 4.482835 4.210759 3.920729 3.610950 3.280347 2.928588 2.556106 2.164092 1.754469 1.329838 0.893386 0.448775 0.000000 
50.000000 47.251796 44.520629 41.823215 39.175647 36.593100 34.089572 31.677660 29.368367 27.170971 25.092922 23.139805 21.315335 19.621404 18.058164 16.624149 15.316411 14.130696 13.061615 12.102835 11.247264 10.487233 9.814665 9.221232 8.698500 8.238043 7.831554 7.470922 7.148304 6.856176 6.587372 6.335114 6.093038 5.855216 5.616181 5.370948 5.115055 4.844594 4.556264 4.247419 3.916122 3.561202 3.182297 2.779884 2.355290 1.910671 1.448959 0.973768 0.489262 0.000000 
50.000000 47.289454 44.595710 41.935256 39.323963 36.776797 34.307565 31.928687 29.651017 27.483701 25.434086 23.507675 21.708128 20.037306 18.495350 17.080803 15.790747 14.620968 13.566132 12.619968 11.775448 11.024969 10.360519 9.773825 9.256497 8.800141 8.396462 8.037340 7.714898 7.421551 7.150039 6.893463 6.645302 6.399440 6.150190 5.892324 5.621114 5.332380 5.022548 4.688723 4.328758 3.941331 3.526017 3.083336 2.614784 2.122829 1.610854 1.083063 0.544329 0.000000 
50.000000 47.336800 44.690108 42.076123 39.510438 37.007758 34.581645 32.244303 30.006392 27.876898 25.863035 23.970205 22.202000 20.560238 19.045052 17.654996 16.387188 15.237468 14.200570 13.270302 12.439722 11.701311 11.047139 10.469006 9.958583 9.507518 9.107535 8.750506 8.428516 8.133907 7.859307 7.597661 7.342255 7.086731 6.825121 6.551879 6.261930 5.950726 5.614330 5.249495 4.853774 4.425619 3.964485 3.470916 2.946602 2.394392 1.818255 1.223168 0.614946 0.000000 
50.000000 47.393986 44.804125 42.246267 39.735670 37.286720 34.912690 32.625517 30.435632 28.351823 26.381146 24.528884 22.798541 21.191892 19.709054 18.348597 17.107685 15.982223 14.967033 14.056017 13.242339 12.518587 11.876932 11.309269 10.807345 10.362864 9.967580 9.613364 9.292259 8.996523 8.718656 8.451421 8.187866 7.921341 7.645531 7.354491 7.042702 6.705147 6.337399 5.935745 5.497314 5.020223 4.503723 3.948334 3.355940 2.729842 2.074730 1.396567 0.702389 0.000000 
50.000000 47.461164 44.938064 42.446141 40.000257 37.614428 35.301582 33.073346 30.939881 28.909744 26.989806 25.185207 23.499354 21.933967 20.489146 19.163486 17.954201 16.857280 15.867643 14.979312 14.185578 13.479157 12.852346 12.297156 11.805430 11.368948 10.979506 10.628981 10.309379 10.012871 9.731809 9.458750 9.186467 8.907965 8.616511 8.305674 7.969385 7.602027 7.198550 6.754613 6.266764 5.732632 5.151136 4.522679 3.849312 3.134837 2.384811 1.606430 0.808290 0.000000 
50.000000 47.538473 45.092201 42.676155 40.304744 37.991556 35.749121 33.588714 31.520180 29.551815 27.690274 25.940534 24.305894 22.788008 21.386963 20.101377 18.928531 17.864506 16.904345 16.042208 15.271536 14.585201 13.975651 13.435037 12.955324 12.528387 12.146085 11.800314 11.483050 11.186375 10.902488 10.623717 10.342525 10.051520 9.743481 9.411394 9.048523 8.648507 8.205495 7.714331 7.170770 6.571743 5.915640 5.202596 4.434750 3.616424 2.754189 1.856763 0.934719 0.000000 
50.000000 47.626020 45.266753 42.936634 40.649560 38.418634 36.255939 34.172346 32.177348 30.278941 28.483540 26.795939 25.219311 23.755239 22.403796 21.163631 20.032098 19.005391 18.078693 17.246326 16.501908 15.838494 15.248710 14.724877 14.259110 13.843407 13.469711 13.129957 12.816108 12.520161 12.234163 11.950197 11.660389 11.356902 11.031955 10.677857 10.287073 9.852332 9.366779 8.824198 8.219282 7.547973 6.807851 5.998540 5.122103 4.183350 3.190000 2.152623 1.084301 0.000000 
50.000000 47.723870 45.461845 43.227766 41.034955 38.895972 36.822402 34.824666 32.911863 31.091655 29.370188 27.752052 26.240279 24.836381 23.540410 22.351055 21.265755 20.280834 19.391635 18.592668 17.877756 17.240165 16.672735 16.167987 15.718219 15.315581 14.952133 14.619877 14.310781 14.016780 13.729770 13.441591 13.144011 12.828711 12.487286 12.111269 11.692191 11.221684 10.691656 10.094532 9.423595 8.673410 7.840342 6.923127 5.923461 4.846508 3.701236 2.500444 1.260396 0.000000 
50.000000 47.832025 45.677483 43.549558 41.460936 39.423581 37.448526 35.545692 33.723745 31.989979 30.350243 28.808903 27.368839 26.031479 24.796860 23.663716 22.629586 21.690937 20.843298 20.081395 19.399282 18.790472 18.248051 17.764778 17.333173 16.945575 16.594196 16.271141 15.968416 15.677920 15.391423 15.100530 14.796648 14.470953 14.114365 13.717552 13.270975 12.764975 12.189948 11.536616 10.796411 9.962005 9.027978 7.991609 6.853738 5.619583 4.299363 2.908521 1.467364 0.000000 
50.000000 47.950410 45.913519 43.901789 41.927213 40.001102 38.133882 36.334933 34.612443 32.973305 31.423043 29.965780 28.604231 27.339736 26.172315 25.100756 24.122708 23.234806 22.432784 21.711611 21.065609 20.488570 19.973865 19.514532 19.103350 18.732898 18.395581 18.083651 17.789198 17.504127 17.220117 16.928569 16.620547 16.286719 15.917301 15.502030 15.030172 14.490582 13.871857 13.162608 12.351883 11.429791 10.388344 9.222519 7.931504 6.519979 4.999228 3.387742 1.710978 0.000000 
50.000000 48.078862 46.169626 44.283973 42.433143 40.627736 38.877525 37.191299 35.576730 34.040277 32.587113 31.221096 29.944764 28.759363 27.664901 26.660223 25.743108 24.910371 24.157982 23.481181 22.874588 22.332314 21.848057 21.415176 21.026760 20.675672 20.354566 20.055897 19.771895 19.494527 19.215439 18.925880 18.616617 18.277838 17.899063 17.469064 16.975821 16.406527 15.747692 14.985376 14.105616 13.095115 11.942258 10.638500 9.180111 7.570157 5.820416 3.952717 1.999071 0.000000 
50.000000 48.217116 46.445278 44.695323 42.977684 41.302195 39.677925 38.113028 36.614624 35.188702 33.840059 32.572271 31.387686 30.287452 29.271564 28.338936 27.487486 26.714236 26.015412 25.386556 24.822624 24.318083 23.866999 23.463103 23.099845 22.770427 22.467816 22.184731 21.913613 21.646568 21.375287 21.090948 20.784099 20.444521 20.061090 19.621635 19.112816 18.520045 17.827491 17.018221 16.074568 14.978816 13.714345 12.267353 10.629241 8.799577 6.789322 4.623561 2.342577 0.000000 
50.000000 48.364798 46.739726 45.134724 43.559359 42.022649 40.532911 39.097623 37.723312 36.415468 35.178489 34.015648 32.929094 31.919871 30.987965 30.132365 29.351147 28.641554 28.000098 27.422653 26.904544 26.440637 26.025412 25.653020 25.317327 25.011938 24.730199 24.465171 24.209590 23.955793 23.695618 23.420285 23.120242 22.784986 22.402867 21.960869 21.444389 20.837033 20.120469 19.274400 18.276756 17.104261 15.733578 14.143288 12.316969 10.247500 7.942333 5.428775 2.757273 0.000000 
50.000000 48.521417 47.051993 45.600715 44.176234 42.786704 41.439643 40.141812 38.899110 37.716501 36.597957 35.546434 34.563871 33.651203 32.808410 32.034567 31.327917 30.685950 30.105485 29.582760 29.113505 28.693027 28.316263 27.977837 27.672093 27.393102 27.134662 26.890264 26.653035 26.415651 26.170229 25.908174 25.619996 25.295093 24.921485 24.485509 23.971484 23.361336 22.634247 21.766350 20.730607 19.497041 18.033621 16.308250 14.292408 11.967032 9.330829 6.410071 3.266832 0.000000 
50.000000 48.686362 47.380862 46.091483 44.825909 43.591385 42.394589 41.241528 40.137441 39.086734 38.092937 37.158670 36.285653 35.474711 34.725818 34.038143 33.410113 32.839480 32.323399 31.858499 31.440952 31.066543 30.730716 30.428621 30.155135 29.904867 29.672148 29.450988 29.235011 29.017365 28.790589 28.546452 28.275740 27.967993 27.611186 27.191335 26.692022 26.093843 25.373776 24.504500 23.453776 22.184038 20.652592 18.813028 16.618868 14.030833 11.029107 7.630740 3.908452 0.000000 
50.000000 48.858907 47.724882 46.604860 45.505516 44.433141 43.393538 42.391920 41.432840 40.520123 39.656832 38.845243 38.086844 37.382349 36.731728 36.134253 35.588546 35.092644 34.644056 34.239833 33.876623 33.550727 33.258140 32.994591 32.755548 32.536230 32.331579 32.136222 31.944395 31.749854 31.545732 31.324363 31.077060 30.793816 30.462937 30.070568 29.600098 29.031408 28.339933 27.495527 26.461140 25.191433 23.631638 21.717402 19.377044 16.538825 13.147035 9.190736 4.743959 0.000000 
50.000000 49.038210 48.082377 47.138346 46.211742 45.307870 44.431617 43.587379 42.778991 42.009677 41.282017 40.597928 39.958659 39.364811 38.816355 38.312669 37.852586 37.434441 37.056123 36.715128 36.408612 36.133427 35.886165 35.663177 35.460586 35.274283 35.099904 34.932786 34.767899 34.599746 34.422232 34.228485 34.010623 33.759451 33.464062 33.111314 32.685140 32.165627 31.527800 30.739997 29.761744 28.541068 27.011302 25.087894 22.666715 19.627498 15.849928 11.254906 5.883513 0.000000 
50.000000 49.223324 48.451458 47.689122 46.940859 46.210951 45.503346 44.821592 44.168786 43.547531 42.959908 42.407465 41.891209 41.411623 40.968679 40.561874 40.190257 39.852479 39.546825 39.271264 39.023482 38.800921 38.600802 38.420146 38.255782 38.104337 37.962214 37.825554 37.690170 37.551458 37.404272 37.242761 37.060146 36.848431 36.598006 36.297121 35.931156 35.481619 34.924735 34.229443 33.354543 32.244616 30.824292 28.990532 26.603332 23.477827 19.387855 14.107218 7.541090 0.000000 
50.000000 49.413208 48.830051 48.254093 47.688768 47.137309 46.602700 46.087621 45.594411 45.125036 44.681070 44.263678 43.873623 43.511267 43.176587 42.869200 42.588386 42.333121 42.102104 41.893794 41.706434 41.538078 41.386614 41.249770 41.125125 41.010096 40.901922 40.797629 40.693976 40.587378 40.473806 40.348648 40.206514 40.040990 39.844284 39.606752 39.316218 38.957012 38.508553 37.943236 37.223206 36.295338 35.083285 33.474821 31.301979 28.311749 24.130877 18.254684 10.178472 0.000000 
50.000000 49.606744 49.215923 48.829928 48.451058 48.081481 47.723195 47.377998 47.047457 46.732889 46.435347 46.155614 45.894200 45.651345 45.427035 45.221012 45.032792 44.861685 44.706818 44.567154 44.441512 44.328582 44.226941 44.135056 44.051293 43.973903 43.901014 43.830604 43.760460 43.688129 43.610837 43.525396 43.428055 43.314322 43.178696 43.014304 42.812377 42.561470 42.246308 41.845961 41.330947 40.658382 39.763601 38.545071 36.836166 34.350946 30.580259 24.609561 14.921822 0.000000 
50.000000 49.802749 49.606720 49.413111 49.223076 49.037702 48.857991 48.684846 48.519051 48.361268 48.212025 48.071713 47.940590 47.818775 47.706260 47.602917 47.508501 47.422666 47.344974 47.274903 47.211860 47.155185 47.104163 47.058022 47.015937 46.977028 46.940347 46.904872 46.869481 46.832926 46.793794 46.750455 46.700983 46.643064 46.573849 46.489759 46.386194 46.257102 46.094315 45.886493 45.617364 45.262667 44.784516 44.120292 43.158943 41.685504 39.237119 34.686480 24.901759 0.000000 
50.000000 50.000000 50.000000 50.000000 50.000000 50.000000 50.000000 50.000000 50.000000 50.000000 50.000000 50.000000 50.000000 50.000000 50.000000 50.000000 50.000000 50.000000 50.000000 50.000000 50.000000 50.000000 50.000000 50.000000 50.000000 50.000000 50.000000 50.000000 50.000000 50.000000 50.000000 50.000000 50.000000 50.000000 50.000000 50.000000 50.000000 50.000000 50.000000 50.000000 50.000000 50.000000 50.000000 50.000000 50.000000 50.000000 50.000000 50.000000 50.000000 50.000000 
