50.000000 50.000000 50.000000 50.000000 50.000000 50.000000 50.000000 50.000000 50.000000 50.000000 50.000000 50.000000 50.000000 50.000000 50.000000 50.000000 50.000000 50.000000 50.000000 50.000000 50.000000 50.000000 50.000000 50.000000 50.000000 50.000000 50.000000 50.000000 50.000000 50.000000 50.000000 50.000000 50.000000 50.000000 50.000000 50.000000 50.000000 50.000000 50.000000 50.000000 50.000000 50.000000 50.000000 50.000000 50.000000 50.000000 50.000000 50.000000 50.000000 50.000000 
50.000000 49.765345 49.532419 49.302913 49.078444 48.860518 48.650500 48.449594 48.258814 48.078979 47.910701 47.754385 47.610233 47.478255 47.358280 47.249979 47.152877 47.066381 46.989796 46.922349 46.863202 46.811474 46.766248 46.726580 46.691504 46.660030 46.631132 46.603738 46.576704 46.548787 46.518596 46.484538 46.444741 46.396946 46.338366 46.265480 46.173743 46.057149 45.907566 45.713675 45.459210 45.119901 44.657836 44.010352 43.066339 41.610757 39.180663 34.648651 24.882787 0.000000 
50.000000 49.532429 49.068303 48.610994 48.163719 47.729482 47.311004 46.910681 46.530536 46.172200 45.836893 45.525421 45.238188 44.975213 44.736158 44.520365 44.326890 44.154552 44.001968 43.867597 43.749774 43.646745 43.556687 43.477726 43.407943 43.345372 43.287984 43.233659 43.180143 43.124986 43.065462 42.998457 42.920323 42.826682 42.712152 42.569981 42.391505 42.165374 41.876378 41.503636 41.017677 40.375598 39.512683 38.327313 36.652746 34.202896 30.468439 24.534636 14.884244 0.000000 
50.000000 49.302954 48.611045 47.929297 47.262510 46.615158 45.991300 45.394506 44.827795 44.293597 43.793731 43.329400 42.901205 42.509175 42.152809 41.831125 41.542719 41.285832 41.058406 40.858146 40.682578 40.529092 40.394980 40.277461 40.173692 40.080766 39.995686 39.915334 39.836404 39.755319 39.668117 39.570300 39.456627 39.320854 39.155369 38.950703 38.694840 38.372249 37.962451 37.437907 36.760784 35.877930 34.712922 33.153411 31.031258 28.093236 23.965838 18.144100 10.123012 0.000000 
50.000000 49.078549 48.163889 47.262661 46.381210 45.525451 44.700752 43.911829 43.162676 42.456504 41.795718 41.181908 40.615873 40.097650 39.626577 39.201361 38.820148 38.480616 38.180050 37.915425 37.683478 37.480773 37.303747 37.148747 37.012044 36.889836 36.778216 36.673132 36.570313 36.465162 36.352621 36.226990 36.081684 35.908932 35.699359 35.441445 35.120785 34.719066 34.212651 33.570568 32.751645 31.700431 30.341460 28.571531 26.250418 23.192978 19.172718 13.963067 7.468795 0.000000 
50.000000 48.860735 47.729866 46.615604 45.525796 44.467753 43.448112 42.472705 41.546469 40.673377 39.856402 39.097512 38.397693 37.756996 37.174604 36.648921 36.177661 35.757957 35.386462 35.059447 34.772894 34.522571 34.304102 34.113003 33.944713 33.794587 33.657880 33.529691 33.404881 33.277964 33.142951 32.993152 32.820928 32.617356 32.371819 32.071460 31.700473 31.239170 30.662746 29.939648 29.029444 27.880122 26.424901 24.579036 22.238131 19.281581 15.588673 11.079857 5.795722 0.000000 
50.000000 48.650897 47.311738 45.992245 44.701709 43.448791 42.241348 41.086289 39.989459 38.955563 37.988124 37.089474 36.260782 35.502111 34.812498 34.190055 33.632085 33.135200 32.695448 32.308428 31.969403 31.673390 31.415240 31.189693 30.991410 30.814974 30.654877 30.505458 30.360830 30.214755 30.060487 29.890580 29.696625 29.468937 29.196164 28.864785 28.458498 27.957448 27.337275 26.567965 25.612517 24.425554 22.952181 21.127822 18.880492 16.138063 12.844365 8.987941 4.642253 0.000000 
50.000000 48.450263 46.911948 45.396224 43.913765 42.474518 41.087511 39.760680 38.500740 37.313098 36.201800 35.169528 34.217627 33.346172 32.554063 31.839137 31.198303 30.627682 30.122748 29.678466 29.289420 28.949922 28.654103 28.395981 28.169502 27.968549 27.786932 27.618334 27.456229 27.293772 27.123642 26.937850 26.727500 26.482501 26.191215 25.840039 25.412910 24.890727 24.250701 23.465671 22.503455 21.326454 19.891833 18.152940 16.062960 13.582182 10.690278 7.403722 3.794600 0.000000 
50.000000 48.259879 46.532583 44.830655 43.166078 41.550023 39.992627 38.502802 37.088089 35.754560 34.506759 33.347701 32.278899 31.300441 30.411098 29.608448 28.889031 28.248505 27.681807 27.183308 26.746957 26.366410 26.035132 25.746480 25.493750 25.270202 25.069047 24.883405 24.706233 24.530213 24.347612 24.150104 23.928553 23.672764 23.371188 23.010589 22.575679 22.048726 21.409177 20.633343 19.694262 18.561925 17.204155 15.588599 13.686370 11.477945 8.961475 6.162607 3.142727 0.000000 
50.000000 48.080603 46.175354 44.298086 42.462018 40.679473 38.961632 37.318325 35.757873 34.286974 32.910642 31.632205 30.453336 29.374138 28.393260 27.508040 26.714675 26.008391 25.383623 24.834191 24.353460 23.934478 23.570104 23.253091 22.976156 22.732005 22.513336 22.312801 22.122945 21.936105 21.744282 21.538985 21.311048 21.050412 20.745898 20.384955 19.953413 19.435254 18.812441 18.064876 17.170582 16.106258 14.848418 13.375379 11.670336 9.725677 7.548273 5.164764 2.624872 0.000000 
50.000000 47.913100 45.841583 43.800489 41.804191 39.866090 37.998340 36.211634 34.515016 32.915771 31.419356 30.029389 28.747695 27.574390 26.508014 25.545684 24.683275 23.915617 23.236683 22.639786 22.117752 21.663079 21.268071 20.924943 20.625897 20.363157 20.128985 19.915654 19.715392 19.520301 19.322243 19.112705 18.882646 18.622325 18.321124 17.967374 17.548202 17.049428 16.455544 15.749842 14.914760 13.932568 12.786501 11.462490 9.951540 8.252715 6.376371 4.346903 2.203836 0.000000 
50.000000 47.757840 45.532206 43.339261 41.194446 39.112158 37.105459 35.185835 33.363007 31.644803 30.037088 28.543753 27.166762 25.906248 24.760649 23.726878 22.800522 21.976041 21.246990 20.606216 20.046056 19.558511 19.135389 18.768424 18.449364 18.170023 17.922298 17.698158 17.489602 17.288587 17.086937 16.876225 16.647654 16.391915 16.099068 15.758418 15.358444 14.886778 14.330280 13.675254 12.907862 12.014805 10.984332 9.807629 8.480571 7.005711 5.394207 3.667186 1.855884 0.000000 
50.000000 47.615107 45.247794 42.915251 40.633902 38.419063 36.284628 34.242814 32.303963 30.476403 28.766375 27.178022 25.713438 24.372769 23.154365 22.054953 21.069854 20.193200 19.418159 18.737161 18.142104 17.624540 17.175834 16.787300 16.450293 16.156274 15.896842 15.663731 15.448780 15.243877 15.040882 14.831535 14.607353 14.359534 14.078859 13.755629 13.379637 12.940201 12.426296 11.826799 11.130901 10.328724 9.412154 8.375907 7.218779 5.944936 4.565042 3.096878 1.565119 0.000000 
50.000000 47.485017 44.988572 42.528795 40.123007 37.787357 35.536500 33.383321 31.338726 29.411501 27.608228 25.933281 24.388874 22.975167 21.690429 20.531222 19.492627 18.568478 17.751599 17.034046 16.407322 15.862581 15.390800 14.982924 14.629968 14.323101 14.053677 13.813254 13.593568 13.386494 13.183984 12.977994 12.760400 12.522926 12.257082 11.954126 11.605069 11.200742 10.731941 10.189675 9.565539 8.852235 8.044230 7.138554 6.135664 5.040273 3.861982 2.615529 1.320442 0.000000 
50.000000 47.367528 44.754462 42.179777 39.661604 37.216848 34.860849 32.607094 30.467003 28.449771 26.562292 24.809149 23.192662 21.713008 20.368384 19.155203 18.068335 17.101345 16.246753 15.496280 14.841082 14.271963 13.779560 13.354497 12.987503 12.669500 12.391649 12.145378 11.922364 11.714513 11.513904 11.312732 11.103249 10.877703 10.628296 10.347172 10.026437 9.658233 9.234889 8.749140 8.194450 7.565432 6.858355 6.071721 5.206858 4.268436 3.264820 2.208113 1.113809 0.000000 
50.000000 47.262472 44.545125 41.867691 39.249026 36.706710 34.256696 31.913010 29.687529 27.589818 25.627050 23.803991 22.123062 20.584454 19.186299 17.924883 16.794883 15.789633 14.901382 14.121557 13.441010 12.850238 12.339584 11.899399 11.520168 11.192612 10.907739 10.656883 10.431699 10.224149 10.026457 9.831072 9.630611 9.417819 9.185538 8.926705 8.634379 8.301821 7.922617 7.490878 7.001498 6.450487 5.835348 5.155488 4.412620 3.611076 2.757993 1.863260 0.939207 0.000000 
50.000000 47.169573 44.360012 41.591719 38.884191 36.255606 33.722456 31.299248 28.998261 26.829387 24.800045 22.915169 21.177264 19.586535 18.141061 16.837013 15.668904 14.629863 13.711902 12.906194 12.203325 11.593530 11.066899 10.613550 10.223767 9.888102 9.597448 9.343075 9.116638 8.910170 8.716052 8.526977 8.335907 8.136044 7.920802 7.683812 7.418949 7.120399 6.782770 6.401252 5.971822 5.491495 4.958604 4.373089 3.736758 3.053478 2.329256 1.572153 0.792012 0.000000 
50.000000 47.088478 44.198419 41.350812 38.565713 35.861819 33.256098 30.763472 28.396575 26.165583 24.078131 22.139296 20.351662 18.715446 17.228679 15.887434 14.686084 13.617579 12.673729 11.845486 11.123211 10.496913 9.956469 9.491801 9.093024 8.750560 8.455208 8.198198 7.971202 7.766331 7.576120 7.393491 7.211721 7.024418 6.825496 6.609178 6.370022 6.102974 5.803457 5.467495 5.091875 4.674329 4.213739 3.710333 3.165854 2.583673 1.968804 1.327815 0.668593 0.000000 
50.000000 47.018783 44.059544 41.143773 38.292007 35.523392 32.855304 30.303020 27.879480 25.595105 23.457714 21.472511 19.642145 17.966844 16.444601 15.071405 13.841507 12.747708 11.781644 10.934084 10.195194 9.554796 9.002587 8.528328 8.121996 7.773906 7.474791 7.215855 6.988793 6.785800 6.599551 6.423176 6.250232 6.074677 5.890851 5.693476 5.477668 5.238986 4.973493 4.677854 4.349454 3.986532 3.588321 3.155187 2.688729 2.191839 1.668690 1.124642 0.566052 0.000000 
50.000000 46.960064 43.942538 40.969338 38.061405 35.238262 32.517627 29.915082 27.443819 25.114470 22.935008 20.910742 19.044378 17.336154 15.784030 14.383926 13.129992 12.014903 11.030153 10.166354 9.413515 8.761301 8.199262 7.717025 7.304460 6.951797 6.649718 6.389412 6.162606 5.961570 5.779105 5.608523 5.443621 5.278652 5.108313 4.927729 4.732471 4.518580 4.282617 4.021729 3.733740 3.417240 3.071686 2.697486 2.296066 1.869891 1.422438 0.958104 0.482053 0.000000 
50.000000 46.911899 43.846565 40.826259 37.872254 35.004385 32.240650 29.596878 27.086473 24.720235 22.506266 20.449961 18.554073 16.818849 15.242222 13.820056 12.546419 11.413883 10.413826 9.536734 8.772489 8.110628 7.540583 7.051879 6.634296 6.278000 5.973637 5.712389 5.486013 5.286845 5.107796 4.942332 4.784445 4.628634 4.469879 4.303631 4.125817 3.932850 3.721670 3.489785 3.235331 2.957141 2.654805 2.328728 1.980163 1.611211 1.224788 0.824542 0.414721 0.000000 
50.000000 46.873899 43.770844 40.713372 37.723019 34.819862 32.022122 29.345824 26.804537 24.409194 22.168001 20.086420 18.167242 16.410718 14.814763 13.375195 12.086021 10.939730 9.927610 9.040049 8.266828 7.597387 7.021066 6.527308 6.105829 5.746746 5.440677 5.178806 4.952913 4.755392 4.579242 4.418051 4.265970 4.117687 3.968404 3.813823 3.650138 3.474047 3.282764 3.074059 2.846291 2.598453 2.330215 2.041952 1.734764 1.410462 1.071528 0.721041 0.362563 0.000000 
50.000000 46.845721 43.714697 40.629667 37.612360 34.683037 31.860083 29.159667 26.595481 24.178558 21.917179 19.816857 17.880409 16.108094 14.497809 13.045343 11.744651 10.588168 9.567111 8.671798 7.891936 7.216892 6.635941 6.138465 5.714134 5.353031 5.045755 4.783491 4.558041 4.361841 4.187959 4.030074 3.882454 3.739926 3.597857 3.452127 3.299127 3.135752 2.959413 2.768060 2.560200 2.334931 2.091966 1.831648 1.554953 1.263476 0.959381 0.645338 0.324424 0.000000 
50.000000 46.827095 43.677581 40.574334 37.539211 34.592591 31.752969 29.036609 26.457287 24.026099 21.751376 19.638666 17.690804 15.908050 14.288295 12.827303 11.519001 10.355782 9.328823 8.428390 7.644144 6.965406 6.381405 5.881487 5.455288 5.092871 4.784825 4.522335 4.297217 4.101939 3.929612 3.773977 3.629379 3.490738 3.353525 3.213741 3.067899 2.913024 2.746651 2.566841 2.372195 2.161872 1.935606 1.693714 1.437087 1.167175 0.885936 0.595777 0.299460 0.000000 
50.000000 46.817830 43.659120 40.546812 37.502826 34.547603 31.699691 28.975401 26.388550 23.950267 21.668907 19.550035 17.596495 15.808551 14.184085 12.718853 11.406766 10.240199 9.210304 8.307327 7.520903 6.840329 6.254814 5.753685 5.326563 4.963500 4.655079 4.392486 4.167546 3.972741 3.801204 3.646708 3.503634 3.366951 3.232180 3.095381 2.953128 2.802508 2.641118 2.467071 2.279012 2.076131 1.858168 1.625426 1.378755 1.119529 0.849608 0.571267 0.287116 0.000000 
50.000000 46.817830 43.659120 40.546812 37.502826 34.547603 31.699691 28.975401 26.388550 23.950267 21.668907 19.550035 17.596495 15.808551 14.184085 12.718853 11.406766 10.240199 9.210304 8.307327 7.520903 6.840329 6.254814 5.753685 5.326563 4.963500 4.655079 4.392486 4.167546 3.972741 3.801204 3.646708 3.503634 3.366951 3.232180 3.095381 2.953128 2.802508 2.641118 2.467071 2.279012 2.076131 1.858168 1.625426 1.378755 1.119529 0.849608 0.571267 0.287116 0.000000 
50.000000 46.827095 43.677581 40.574334 37.539211 34.592591 31.752969 29.036609 26.457287 24.026099 21.751376 19.638666 17.690804 15.908050 14.288295 12.827303 11.519001 10.355782 9.328823 8.428390 7.644144 6.965406 6.381405 5.881487 5.455288 5.092871 4.784825 4.522335 4.297217 4.101939 3.929612 3.773977 3.629379 3.490738 3.353525 3.213741 3.067899 2.913024 2.746651 2.566841 2.372195 2.161872 1.935606 1.693714 1.437087 1.167175 0.885936 0.595777 0.299460 0.000000 
50.000000 46.845721 43.714697 40.629667 37.612360 34.683037 31.860083 29.159667 26.595481 24.178558 21.917179 19.816857 17.880409 16.108094 14.497809 13.045343 11.744651 10.588168 9.567111 8.671798 7.891936 7.216892 6.635941 6.138465 5.714134 5.353031 5.045755 4.783491 4.558041 4.361841 4.187959 4.030074 3.882454 3.739926 3.597857 3.452127 3.299127 3.135752 2.959413 2.768060 2.560200 2.334931 2.091966 1.831648 1.554953 1.263476 0.959381 0.645338 0.324424 0.000000 
50.000000 46.873899 43.770844 40.713372 37.723019 34.819862 32.022122 29.345824 26.804537 24.409194 22.168001 20.086420 18.167242 16.410718 14.814763 13.375195 12.086021 10.939730 9.927610 9.040049 8.266828 7.597387 7.021066 6.527308 6.105829 5.746746 5.440677 5.178806 4.952913 4.755392 4.579242 4.418051 4.265970 4.117687 3.968404 3.813823 3.650138 3.474047 3.282764 3.074059 2.846291 2.598453 2.330215 2.041952 1.734764 1.410462 1.071528 0.721041 0.362563 0.000000 
50.000000 46.911899 43.846565 40.826259 37.872254 35.004385 32.240650 29.596878 27.086473 24.720235 22.506266 20.449961 18.554073 16.818849 15.242222 13.820056 12.546419 11.413883 10.413826 9.536734 8.772489 8.110628 7.540583 7.051879 6.634296 6.278000 5.973637 5.712389 5.486013 5.286845 5.107796 4.942332 4.784445 4.628634 4.469879 4.303631 4.125817 3.932850 3.721670 3.489785 3.235331 2.957141 2.654805 2.328728 1.980163 1.611211 1.224788 0.824542 0.414721 0.000000 
50.000000 46.960064 43.942538 40.969338 38.061405 35.238262 32.517627 29.915082 27.443819 25.114470 22.935008 20.910742 19.044378 17.336154 15.784030 14.383926 13.129992 12.014903 11.030153 10.166354 9.413515 8.761301 8.199262 7.717025 7.304460 6.951797 6.649718 6.389412 6.162606 5.961570 5.779105 5.608523 5.443621 5.278652 5.108313 4.927729 4.732471 4.518580 4.282617 4.021729 3.733740 3.417240 3.071686 2.697486 2.296066 1.869891 1.422438 0.958104 0.482053 0.000000 
50.000000 47.018783 44.059544 41.143773 38.292007 35.523392 32.855304 30.303020 27.879480 25.595105 23.457714 21.472511 19.642145 17.966844 16.444601 15.071405 13.841507 12.747708 11.781644 10.934084 10.195194 9.554796 9.002587 8.528328 8.121996 7.773906 7.474791 7.215855 6.988793 6.785800 6.599551 6.423176 6.250232 6.074677 5.890851 5.693476 5.477668 5.238986 4.973493 4.677854 4.349454 3.986532 3.588321 3.155187 2.688729 2.191839 1.668690 1.124642 0.566052 0.000000 
50.000000 47.088478 44.198419 41.350812 38.565713 35.861819 33.256098 30.763472 28.396575 26.165583 24.078131 22.139296 20.351662 18.715446 17.228679 15.887434 14.686084 13.617579 12.673729 11.845486 11.123211 10.496913 9.956469 9.491801 9.093024 8.750560 8.455208 8.198198 7.971202 7.766331 7.576120 7.393491 7.211721 7.024418 6.825496 6.609178 6.370022 6.102974 5.803457 5.467495 5.091875 4.674329 4.213739 3.710333 3.165854 2.583673 1.968804 1.327815 0.668593 0.000000 
50.000000 47.169573 44.360012 41.591719 38.884191 36.255606 33.722456 31.299248 28.998261 26.829387 24.800045 22.915169 21.177264 19.586535 18.141061 16.837013 15.668904 14.629863 13.711902 12.906194 12.203325 11.593530 11.066899 10.613550 10.223767 9.888102 9.597448 9.343075 9.116638 8.910170 8.716052 8.526977 8.335907 8.136044 7.920802 7.683812 7.418949 7.120399 6.782770 6.401252 5.971822 5.491495 4.958604 4.373089 3.736758 3.053478 2.329256 1.572153 0.792012 0.000000 
50.000000 47.262472 44.545125 41.867691 39.249026 36.706710 34.256696 31.913010 29.687529 27.589818 25.627050 23.803991 22.123062 20.584454 19.186299 17.924883 16.794883 15.789633 14.901382 14.121557 13.441010 12.850238 12.339584 11.899399 11.520168 11.192612 10.907739 10.656883 10.431699 10.224149 10.026457 9.831072 9.630611 9.417819 9.185538 8.926705 8.634379 8.301821 7.922617 7.490878 7.001498 6.450487 5.835348 5.155488 4.412620 3.611076 2.757993 1.863260 0.939207 0.000000 
50.000000 47.367528 44.754462 42.179777 39.661604 37.216848 34.860849 32.607094 30.467003 28.449771 26.562292 24.809149 23.192662 21.713008 20.368384 19.155203 18.068335 17.101345 16.246753 15.496280 14.841082 14.271963 13.779560 13.354497 12.987503 12.669500 12.391649 12.145378 11.922364 11.714513 11.513904 11.312732 11.103249 10.877703 10.628296 10.347172 10.026437 9.658233 9.234889 8.749140 8.194450 7.565432 6.858355 6.071721 5.206858 4.268436 3.264820 2.208113 1.113809 0.000000 
50.000000 47.485017 44.988572 42.528795 40.123007 37.787357 35.536500 33.383321 31.338726 29.411501 27.608228 25.933281 24.388874 22.975167 21.690429 20.531222 19.492627 18.568478 17.751599 17.034046 16.407322 15.862581 15.390800 14.982924 14.629968 14.323101 14.053677 13.813254 13.593568 13.386494 13.183984 12.977994 12.760400 12.522926 12.257082 11.954126 11.605069 11.200742 10.731941 10.189675 9.565539 8.852235 8.044230 7.138554 6.135664 5.040273 3.861982 2.615529 1.320442 0.000000 
50.000000 47.615107 45.247794 42.915251 40.633902 38.419063 36.284628 34.242814 32.303963 30.476403 28.766375 27.178022 25.713438 24.372769 23.154365 22.054953 21.069854 20.193200 19.418159 18.737161 18.142104 17.624540 17.175834 16.787300 16.450293 16.156274 15.896842 15.663731 15.448780 15.243877 15.040882 14.831535 14.607353 14.359534 14.078859 13.755629 13.379637 12.940201 12.426296 11.826799 11.130901 10.328724 9.412154 8.375907 7.218779 5.944936 4.565042 3.096878 1.565119 0.000000 
50.000000 47.757840 45.532206 43.339261 41.194446 39.112158 37.105459 35.185835 33.363007 31.644803 30.037088 28.543753 27.166762 25.906248 24.760649 23.726878 22.800522 21.976041 21.246990 20.606216 20.046056 19.558511 19.135389 18.768424 18.449364 18.170023 17.922298 17.698158 17.489602 17.288587 17.086937 16.876225 16.647654 16.391915 16.099068 15.758418 15.358444 14.886778 14.330280 13.675254 12.907862 12.014805 10.984332 9.807629 8.480571 7.005711 5.394207 3.667186 1.855884 0.000000 
50.000000 47.913100 45.841583 43.800489 41.804191 39.866090 37.998340 36.211634 34.515016 32.915771 31.419356 30.029389 28.747695 27.574390 26.508014 25.545684 24.683275 23.915617 23.236683 22.639786 22.117752 21.663079 21.268071 20.924943 20.625897 20.363157 20.128985 19.915654 19.715392 19.520301 19.322243 19.112705 18.882646 18.622325 18.321124 17.967374 17.548202 17.049428 16.455544 15.749842 14.914760 13.932568 12.786501 11.462490 9.951540 8.252715 6.376371 4.346903 2.203836 0.000000 
50.000000 48.080603 46.175354 44.298086 42.462018 40.679473 38.961632 37.318325 35.757873 34.286974 32.910642 31.632205 30.453336 29.374138 28.393260 27.508040 26.714675 26.008391 25.383623 24.834191 24.353460 23.934478 23.570104 23.253091 22.976156 22.732005 22.513336 22.312801 22.122945 21.936105 21.744282 21.538985 21.311048 21.050412 20.745898 20.384955 19.953413 19.435254 18.812441 18.064876 17.170582 16.106258 14.848418 13.375379 11.670336 9.725677 7.548273 5.164764 2.624872 0.000000 
50.000000 48.259879 46.532583 44.830655 43.166078 41.550023 39.992627 38.502802 37.088089 35.754560 34.506759 33.347701 32.278899 31.300441 30.411098 29.608448 28.889031 28.248505 27.681807 27.183308 26.746957 26.366410 26.035132 25.746480 25.493750 25.270202 25.069047 24.883405 24.706233 24.530213 24.347612 24.150104 23.928553 23.672764 23.371188 23.010589 22.575679 22.048726 21.409177 20.633343 19.694262 18.561925 17.204155 15.588599 13.686370 11.477945 8.961475 6.162607 3.142727 0.000000 
50.000000 48.450263 46.911948 45.396224 43.913765 42.474518 41.087511 39.760680 38.500740 37.313098 36.201800 35.169528 34.217627 33.346172 32.554063 31.839137 31.198303 30.627682 30.122748 29.678466 29.289420 28.949922 28.654103 28.395981 28.169502 27.968549 27.786932 27.618334 27.456229 27.293772 27.123642 26.937850 26.727500 26.482501 26.191215 25.840039 25.412910 24.890727 24.250701 23.465671 22.503455 21.326454 19.891833 18.152940 16.062960 13.582182 10.690278 7.403722 3.794600 0.000000 
50.000000 48.650897 47.311738 45.992245 44.701709 43.448791 42.241348 41.086289 39.989459 38.955563 37.988124 37.089474 36.260782 35.502111 34.812498 34.190055 33.632085 33.135200 32.695448 32.308428 31.969403 31.673390 31.415240 31.189693 30.991410 30.814974 30.654877 30.505458 30.360830 30.214755 30.060487 29.890580 29.696625 29.468937 29.196164 28.864785 28.458498 27.957448 27.337275 26.567965 25.612517 24.425554 22.952181 21.127822 18.880492 16.138063 12.844365 8.987941 4.642253 0.000000 
50.000000 48.860735 47.729866 46.615604 45.525796 44.467753 43.448112 42.472705 41.546469 40.673377 39.856402 39.097512 38.397693 37.756996 37.174604 36.648921 36.177661 35.757957 35.386462 35.059447 34.772894 34.522571 34.304102 34.113003 33.944713 33.794587 33.657880 33.529691 33.404881 33.277964 33.142951 32.993152 32.820928 32.617356 32.371819 32.071460 31.700473 31.239170 30.662746 29.939648 29.029444 27.880122 26.424901 24.579036 22.238131 19.281581 15.588673 11.079857 5.795722 0.000000 
50.000000 49.078549 48.163889 47.262661 46.381210 45.525451 44.700752 43.911829 43.162676 42.456504 41.795718 41.181908 40.615873 40.097650 39.626577 39.201361 38.820148 38.480616 38.180050 37.915425 37.683478 37.480773 37.303747 37.148747 37.012044 36.889836 36.778216 36.673132 36.570313 36.465162 36.352621 36.226990 36.081684 35.908932 35.699359 35.441445 35.120785 34.719066 34.212651 33.570568 32.751645 31.700431 30.341460 28.571531 26.250418 23.192978 19.172718 13.963067 7.468795 0.000000 
50.000000 49.302954 48.611045 47.929297 47.262510 46.615158 45.991300 45.394506 44.827795 44.293597 43.793731 43.329400 42.901205 42.509175 42.152809 41.831125 41.542719 41.285832 41.058406 40.858146 40.682578 40.529092 40.394980 40.277461 40.173692 40.080766 39.995686 39.915334 39.836404 39.755319 39.668117 39.570300 39.456627 39.320854 39.155369 38.950703 38.694840 38.372249 37.962451 37.437907 36.760784 35.877930 34.712922 33.153411 31.031258 28.093236 23.965838 18.144100 10.123012 0.000000 
50.000000 49.532429 49.068303 48.610994 48.163719 47.729482 47.311004 46.910681 46.530536 46.172200 45.836893 45.525421 45.238188 44.975213 44.736158 44.520365 44.326890 44.154552 44.001968 43.867597 43.749774 43.646745 43.556687 43.477726 43.407943 43.345372 43.287984 43.233659 43.180143 43.124986 43.065462 42.998457 42.920323 42.826682 42.712152 42.569981 42.391505 42.165374 41.876378 41.503636 41.017677 40.375598 39.512683 38.327313 36.652746 34.202896 30.468439 24.534636 14.884244 0.000000 
50.000000 49.765345 49.532419 49.302913 49.078444 48.860518 48.650500 48.449594 48.258814 48.078979 47.910701 47.754385 47.610233 47.478255 47.358280 47.249979 47.152877 47.066381 46.989796 46.922349 46.863202 46.811474 46.766248 46.726580 46.691504 46.660030 46.631132 46.603738 46.576704 46.548787 46.518596 46.484538 46.444741 46.396946 46.338366 46.265480 46.173743 46.057149 45.907566 45.713675 45.459210 45.119901 44.657836 44.010352 43.066339 41.610757 39.180663 34.648651 24.882787 0.000000 
50.000000 50.000000 50.000000 50.000000 50.000000 50.000000 50.000000 50.000000 50.000000 50.000000 50.000000 50.000000 50.000000 50.000000 50.000000 50.000000 50.000000 50.000000 50.000000 50.000000 50.000000 50.000000 50.000000 50.000000 50.000000 50.000000 50.000000 50.000000 50.000000 50.000000 50.000000 50.000000 50.000000 50.000000 50.000000 50.000000 50.000000 50.000000 50.000000 50.000000 50.000000 50.000000 50.000000 50.000000 50.000000 50.000000 50.000000 50.000000 50.000000 50.000000 
