50.000000 50.000000 50.000000 50.000000 50.000000 50.000000 50.000000 50.000000 50.000000 50.000000 50.000000 50.000000 50.000000 50.000000 50.000000 50.000000 50.000000 50.000000 50.000000 50.000000 50.000000 50.000000 50.000000 50.000000 50.000000 50.000000 50.000000 50.000000 50.000000 50.000000 50.000000 50.000000 50.000000 50.000000 50.000000 50.000000 50.000000 50.000000 50.000000 50.000000 50.000000 50.000000 50.000000 50.000000 50.000000 50.000000 50.000000 50.000000 50.000000 50.000000 
50.000000 49.786835 49.575096 49.366183 49.161436 48.962114 48.769371 48.584232 48.407583 48.240153 48.082512 47.935065 47.798054 47.671561 47.555522 47.449731 47.353857 47.267458 47.189993 47.120840 47.059306 47.004640 46.956041 46.912664 46.873621 46.837981 46.804760 46.772906 46.741285 46.708643 46.673571 46.634447 46.589364 46.536026 46.471604 46.392540 46.294253 46.170709 46.013751 45.812048 45.549329 45.201329 44.730150 44.073158 43.119275 41.653508 39.212966 34.670302 24.893648 0.000000 
50.000000 49.575113 49.153070 48.736658 48.328551 47.931258 47.547077 47.178054 46.825952 46.492228 46.178015 45.884122 45.611031 45.358908 45.127623 44.916766 44.725680 44.553483 44.399100 44.261292 44.138681 44.029773 43.932975 43.846610 43.768914 43.698042 43.632044 43.568845 43.506203 43.441655 43.372434 43.295371 43.206748 43.102109 42.975996 42.821578 42.630123 42.390221 42.086618 41.698404 41.196099 40.536809 39.655850 38.451653 36.757547 34.287532 30.532390 24.577499 14.905746 0.000000 
50.000000 49.366250 48.736743 48.115636 47.506916 46.914326 46.341293 45.790871 45.265688 44.767917 44.299252 43.860896 43.453570 43.077523 42.732560 42.418075 42.133087 41.876283 41.646065 41.440589 41.257805 41.095492 40.951285 40.822696 40.707114 40.601808 40.503903 40.410348 40.317855 40.222825 40.121240 40.008516 39.879311 39.727266 39.544653 39.321887 39.046852 38.703925 38.272564 37.725187 37.023945 36.115700 34.924074 33.336792 31.185818 28.218056 24.060151 18.207314 10.154721 0.000000 
50.000000 49.161609 48.328831 47.507164 46.701886 45.917947 45.159881 44.431726 43.736963 43.078465 42.458473 41.878581 41.339743 40.842291 40.385968 39.969975 39.593017 39.253365 38.948908 38.677216 38.435587 38.221100 38.030643 37.860949 37.708597 37.570017 37.441464 37.318974 37.198301 37.074818 36.943395 36.798219 36.632572 36.438532 36.206572 35.925021 35.579337 35.151093 34.616563 33.944717 33.094364 32.010070 30.616426 28.810327 26.451680 23.355511 19.295525 14.045378 7.510083 0.000000 
50.000000 48.962471 47.931888 46.915057 45.918507 44.948365 44.010243 43.109139 42.249359 41.434461 40.667219 39.949607 39.282806 38.667231 38.102567 37.587829 37.121420 36.701207 36.324589 35.988570 35.689824 35.424756 35.189547 34.980188 34.792498 34.622123 34.464512 34.314875 34.168107 34.018686 33.860531 33.686820 33.489745 33.260202 32.987385 32.658251 32.256828 31.763284 31.152706 30.393470 29.445117 28.255653 26.758365 24.868625 22.482195 19.478676 15.737592 11.179668 5.845789 0.000000 
50.000000 48.770018 47.548271 46.342826 45.161425 44.011333 42.899200 41.830955 40.811701 39.845659 38.936118 38.085420 37.294968 36.565256 35.895917 35.285787 34.732983 34.234985 33.788723 33.390663 33.036887 32.723161 32.444997 32.197696 31.976368 31.775940 31.591133 31.416422 31.245956 31.073458 30.892077 30.694208 30.471248 30.213299 29.908784 29.543966 29.102348 28.563905 27.904147 27.092974 26.093354 24.859927 23.337875 21.462754 19.162761 16.366003 13.016587 9.103368 4.700153 0.000000 
50.000000 48.585311 47.180094 45.793629 44.434819 43.112019 41.832883 40.604227 39.431923 38.320827 37.274724 36.296309 35.387200 34.547970 33.778201 33.076563 32.440901 31.868328 31.355332 30.897870 30.491466 30.131289 29.812228 29.528943 29.275897 29.047365 28.837425 28.639910 28.448342 28.255833 28.054940 27.837497 27.594388 27.315276 26.988272 26.599525 26.132748 25.568646 24.884282 24.052395 23.040761 21.811800 20.322760 18.527131 16.378303 13.836821 10.882668 7.532665 3.859278 0.000000 
50.000000 48.409280 46.829210 45.270225 43.742339 42.254946 40.816651 39.435120 38.116960 36.867629 35.691387 34.591267 33.569093 32.625513 31.760067 30.971266 30.256700 29.613141 29.036658 28.522736 28.066376 27.662194 27.304505 26.987382 26.704703 26.450165 26.217281 25.999343 25.789362 25.579972 25.363310 25.130849 24.873214 24.579936 24.239184 23.837452 23.359197 22.786473 22.098559 21.271653 20.278741 19.089832 17.672834 15.995546 14.029300 11.754851 9.170682 6.302818 3.213057 0.000000 
50.000000 48.242708 46.497182 44.774949 43.087073 41.443933 39.855035 38.328849 36.872675 35.492546 34.193168 32.977898 31.848754 30.806459 29.850513 28.979283 28.190120 27.479477 26.843038 26.275846 25.772421 25.326871 24.932985 24.584309 24.274196 23.995836 23.742259 23.506309 23.280591 23.057393 22.828574 22.585431 22.318531 22.017521 21.670915 21.265865 20.787923 20.220836 19.546381 18.744332 17.792654 16.668057 15.347141 13.808381 12.035200 10.020281 7.770844 5.313928 2.699692 0.000000 
50.000000 48.086233 46.185279 44.309695 42.471528 40.682082 38.951712 37.289643 35.703826 34.200833 32.785794 31.462368 30.232758 29.097760 28.056836 27.108223 26.249051 25.475480 24.782837 24.165761 23.618331 23.134191 22.706658 22.328802 21.993516 21.693551 21.421530 21.169933 20.931060 20.696960 20.459346 20.209478 19.938030 19.634946 19.289278 18.889036 18.421052 17.870888 17.222834 16.460041 15.564878 14.519620 13.307587 11.914869 10.332707 8.560466 6.608866 4.502713 2.281988 0.000000 
50.000000 47.940343 45.894477 43.875916 41.897625 39.971772 38.109503 36.320746 34.614061 32.996524 31.473659 30.049407 28.726148 27.504743 26.384627 25.363915 24.439536 23.607381 22.862454 22.199021 21.610764 21.090909 20.632347 20.227730 19.869549 19.550178 19.261905 18.996924 18.747312 18.504974 18.261577 18.008456 17.736513 17.436106 17.096945 16.707995 16.257419 15.732575 15.120103 14.406154 13.576812 12.618774 11.520370 10.272945 8.872608 7.322219 5.633307 3.827418 1.936252 0.000000 
50.000000 47.805383 45.625462 43.474636 41.366721 39.314683 37.330399 35.424449 33.605957 31.882465 30.259861 28.742352 27.332478 26.031168 24.837827 23.750465 22.765828 21.879563 21.086378 20.380208 19.754375 19.201730 18.714788 18.285834 17.907010 17.570375 17.267943 16.991688 16.733535 16.485322 16.238747 15.985300 15.716187 15.422254 15.093918 14.721121 14.293322 13.799552 13.228550 12.569026 11.810083 10.941831 9.956228 8.848147 7.616615 6.266106 4.807651 3.259456 1.646663 0.000000 
50.000000 47.681564 45.378654 43.106481 40.879642 38.711836 36.615611 34.602146 32.681080 30.860386 29.146286 27.543231 26.053911 24.679314 23.418827 22.270360 21.230498 20.294668 19.457313 18.712070 18.051940 17.469443 16.956762 16.505863 16.108592 15.756743 15.442111 15.156508 14.891764 14.639705 14.392119 14.140702 13.877008 13.592399 13.278004 12.924708 12.523174 12.063929 11.537522 10.934783 10.247207 9.467473 8.590113 7.612307 6.534737 5.362416 4.105313 2.778585 1.402223 0.000000 
50.000000 47.568973 45.154226 42.771711 40.436734 38.163659 35.965646 33.854418 31.840085 29.931008 28.133719 26.452888 24.891341 23.450127 22.128613 20.924623 19.834598 18.853769 17.976343 17.195694 16.504538 15.895104 15.359287 14.888777 14.475170 14.110042 13.785014 13.491783 13.222129 12.967909 12.721035 12.473439 12.217042 11.943716 11.645274 11.313472 10.940056 10.516853 10.035930 9.489833 8.871913 8.176751 7.400672 6.542316 5.603228 4.588371 3.506468 2.370034 1.195019 0.000000 
50.000000 47.467592 44.952143 42.470271 40.037922 37.670060 35.380394 33.181139 31.082828 29.094174 27.221985 25.471131 23.844564 22.343384 20.966946 19.712998 18.577852 17.556567 16.643144 15.830723 15.111771 14.478265 13.921851 13.433984 13.006047 12.629442 12.295656 11.996304 11.723150 11.468111 11.223244 10.980728 10.732844 10.471952 10.190496 9.881015 9.536197 9.148974 8.712663 8.221172 7.669272 7.052931 6.369695 5.619100 4.803063 3.926199 2.995990 2.022727 1.019184 0.000000 
50.000000 47.377312 44.772189 42.201841 39.682783 37.230515 34.859234 32.581594 30.408504 28.348992 26.410112 24.596913 22.912459 21.357898 19.932573 18.634169 17.458885 16.401630 15.456224 14.615604 13.872023 13.217239 12.642684 12.139615 11.699242 11.312821 10.971740 10.667560 10.392054 10.137212 9.895248 9.658583 9.419837 9.171822 8.907543 8.620227 8.303367 7.950814 7.556894 7.116586 6.625730 6.081291 5.481632 4.826808 4.118822 3.361809 2.562107 1.728165 0.870254 0.000000 
50.000000 47.297958 44.614013 41.965897 39.370625 36.844167 34.401150 32.054613 29.815798 27.694007 25.696513 23.828522 22.093198 20.491731 19.023456 17.686002 16.475473 15.386647 14.413189 13.547862 12.782734 12.109377 11.519043 11.002823 10.551783 10.157067 9.809984 9.502066 9.225107 8.971183 8.732657 8.502180 8.272683 8.037379 7.789767 7.523661 7.233228 6.913070 6.558320 6.164781 5.729095 5.248931 4.723189 4.152201 3.537891 2.883881 2.195504 1.479697 0.744762 0.000000 
50.000000 47.229307 44.477170 41.761775 39.100567 36.509924 34.004848 31.598707 29.303033 27.127367 25.079168 23.163781 21.384456 19.742421 18.237004 16.865789 15.624796 14.508695 13.511018 12.624378 11.840691 11.151370 10.547518 10.020090 9.560033 9.158402 8.806450 8.495693 8.217958 7.965402 7.730532 7.506206 7.285633 7.062372 6.830345 6.583856 6.317628 6.026866 5.707338 5.355478 4.968516 4.544618 4.083026 3.584193 3.049887 2.483238 1.888721 1.272049 0.639974 0.000000 
50.000000 47.171106 44.361159 41.588726 38.871621 36.226565 33.668876 31.212207 28.868331 26.646993 24.555813 22.600250 20.783629 19.107211 17.570320 16.170499 14.903702 13.764507 12.746334 11.841676 11.042317 10.339543 9.724333 9.187530 8.719988 8.312694 7.956858 7.643993 7.365957 7.114989 6.883723 6.665199 6.452863 6.240568 6.022588 5.793629 5.548861 5.283968 4.995206 4.679488 4.334472 3.958665 3.551521 3.113528 2.646264 2.152418 1.635753 1.101004 0.553713 0.000000 
50.000000 47.123098 44.265465 41.445982 38.682769 35.992830 33.391744 30.893395 28.509760 26.250751 24.124119 22.135420 20.288039 18.583267 17.020422 15.597017 14.308952 13.150728 12.115677 11.196191 10.383951 9.670137 9.045631 8.501188 8.027588 7.615763 7.256899 6.942506 6.664476 6.415119 6.187180 5.973850 5.768774 5.566046 5.360223 5.146332 4.919896 4.676967 4.414175 4.128783 3.818761 3.482846 3.120618 2.732548 2.320029 1.885376 1.431775 0.963196 0.484249 0.000000 
50.000000 47.085035 44.189594 41.332810 38.533040 35.807516 33.172023 30.640631 28.225475 25.936599 23.781861 21.766894 19.895129 18.167881 16.584465 15.142371 13.837453 12.664157 11.615742 10.684524 9.862101 9.139575 8.507748 7.957308 7.478981 7.063660 6.702509 6.387044 6.109186 5.861303 5.636232 5.427286 5.228266 5.033457 4.837634 4.636074 4.424566 4.199439 3.957598 3.696561 3.414512 3.110344 2.783707 2.435034 2.065556 1.677283 1.272957 0.855965 0.430219 0.000000 
50.000000 47.056699 44.133112 41.248558 38.421574 35.669558 33.008451 30.452459 28.013837 25.702728 23.527068 21.492545 19.602630 17.858652 16.259926 14.803923 13.486467 12.301957 11.243605 10.303667 9.473683 8.744692 8.107444 7.552577 7.070776 6.652907 6.290122 5.973940 5.696308 5.449638 5.226835 5.021307 4.826968 4.638245 4.450075 4.257912 4.057739 3.846082 3.620037 3.377299 3.116196 2.835721 2.535559 2.216104 1.878456 1.524398 1.156346 0.777268 0.390577 0.000000 
50.000000 47.037912 44.095665 41.192700 38.347672 35.578093 32.900004 30.327703 27.873524 25.547675 23.358144 21.310657 19.408710 17.653641 16.044766 14.579544 13.253777 12.061839 10.996903 10.051191 9.216201 8.482937 7.842109 7.284324 6.800242 6.380711 6.016874 5.700256 5.422820 5.177009 4.955774 4.752583 4.561430 4.376831 4.193832 4.008001 3.815446 3.612819 3.397337 3.166807 2.919645 2.654902 2.372281 2.072142 1.755496 1.423976 1.079783 0.725614 0.364563 0.000000 
50.000000 47.028551 44.077005 41.164866 38.310848 35.532517 32.845966 30.265538 27.803606 25.470413 23.273970 21.220024 19.312081 17.551486 15.937555 14.467739 13.137833 11.942193 10.873979 9.925392 9.087911 8.352520 7.709912 7.150679 6.665466 6.245115 5.880764 5.563941 5.286616 5.041250 4.820815 4.618811 4.429269 4.246753 4.066358 3.883713 3.694983 3.496885 3.286694 3.062270 2.822069 2.565172 2.291287 2.000756 1.694546 1.374212 1.041851 0.700028 0.351679 0.000000 
50.000000 47.028551 44.077005 41.164866 38.310848 35.532517 32.845966 30.265538 27.803606 25.470413 23.273970 21.220024 19.312081 17.551486 15.937555 14.467739 13.137833 11.942193 10.873979 9.925392 9.087911 8.352520 7.709912 7.150679 6.665466 6.245115 5.880764 5.563941 5.286616 5.041250 4.820815 4.618811 4.429269 4.246753 4.066358 3.883713 3.694983 3.496885 3.286694 3.062270 2.822069 2.565172 2.291287 2.000756 1.694546 1.374212 1.041851 0.700028 0.351679 0.000000 
50.000000 47.037912 44.095665 41.192700 38.347672 35.578093 32.900004 30.327703 27.873524 25.547675 23.358144 21.310657 19.408710 17.653641 16.044766 14.579544 13.253777 12.061839 10.996903 10.051191 9.216201 8.482937 7.842109 7.284324 6.800242 6.380711 6.016874 5.700256 5.422820 5.177009 4.955774 4.752583 4.561430 4.376831 4.193832 4.008001 3.815446 3.612819 3.397337 3.166807 2.919645 2.654902 2.372281 2.072142 1.755496 1.423976 1.079783 0.725614 0.364563 0.000000 
50.000000 47.056699 44.133112 41.248558 38.421574 35.669558 33.008451 30.452459 28.013837 25.702728 23.527068 21.492545 19.602630 17.858652 16.259926 14.803923 13.486467 12.301957 11.243605 10.303667 9.473683 8.744692 8.107444 7.552577 7.070776 6.652907 6.290122 5.973940 5.696308 5.449638 5.226835 5.021307 4.826968 4.638245 4.450075 4.257912 4.057739 3.846082 3.620037 3.377299 3.116196 2.835721 2.535559 2.216104 1.878456 1.524398 1.156346 0.777268 0.390577 0.000000 
50.000000 47.085035 44.189594 41.332810 38.533040 35.807516 33.172023 30.640631 28.225475 25.936599 23.781861 21.766894 19.895129 18.167881 16.584465 15.142371 13.837453 12.664157 11.615742 10.684524 9.862101 9.139575 8.507748 7.957308 7.478981 7.063660 6.702509 6.387044 6.109186 5.861303 5.636232 5.427286 5.228266 5.033457 4.837634 4.636074 4.424566 4.199439 3.957598 3.696561 3.414512 3.110344 2.783707 2.435034 2.065556 1.677283 1.272957 0.855965 0.430219 0.000000 
50.000000 47.123098 44.265465 41.445982 38.682769 35.992830 33.391744 30.893395 28.509760 26.250751 24.124119 22.135420 20.288039 18.583267 17.020422 15.597017 14.308952 13.150728 12.115677 11.196191 10.383951 9.670137 9.045631 8.501188 8.027588 7.615763 7.256899 6.942506 6.664476 6.415119 6.187180 5.973850 5.768774 5.566046 5.360223 5.146332 4.919896 4.676967 4.414175 4.128783 3.818761 3.482846 3.120618 2.732548 2.320029 1.885376 1.431775 0.963196 0.484249 0.000000 
50.000000 47.171106 44.361159 41.588726 38.871621 36.226565 33.668876 31.212207 28.868331 26.646993 24.555813 22.600250 20.783629 19.107211 17.570320 16.170499 14.903702 13.764507 12.746334 11.841676 11.042317 10.339543 9.724333 9.187530 8.719988 8.312694 7.956858 7.643993 7.365957 7.114989 6.883723 6.665199 6.452863 6.240568 6.022588 5.793629 5.548861 5.283968 4.995206 4.679488 4.334472 3.958665 3.551521 3.113528 2.646264 2.152418 1.635753 1.101004 0.553713 0.000000 
50.000000 47.229307 44.477170 41.761775 39.100567 36.509924 34.004848 31.598707 29.303033 27.127367 25.079168 23.163781 21.384456 19.742421 18.237004 16.865789 15.624796 14.508695 13.511018 12.624378 11.840691 11.151370 10.547518 10.020090 9.560033 9.158402 8.806450 8.495693 8.217958 7.965402 7.730532 7.506206 7.285633 7.062372 6.830345 6.583856 6.317628 6.026866 5.707338 5.355478 4.968516 4.544618 4.083026 3.584193 3.049887 2.483238 1.888721 1.272049 0.639974 0.000000 
50.000000 47.297958 44.614013 41.965897 39.370625 36.844167 34.401150 32.054613 29.815798 27.694007 25.696513 23.828522 22.093198 20.491731 19.023456 17.686002 16.475473 15.386647 14.413189 13.547862 12.782734 12.109377 11.519043 11.002823 10.551783 10.157067 9.809984 9.502066 9.225107 8.971183 8.732657 8.502180 8.272683 8.037379 7.789767 7.523661 7.233228 6.913070 6.558320 6.164781 5.729095 5.248931 4.723189 4.152201 3.537891 2.883881 2.195504 1.479697 0.744762 0.000000 
50.000000 47.377312 44.772189 42.201841 39.682783 37.230515 34.859234 32.581594 30.408504 28.348992 26.410112 24.596913 22.912459 21.357898 19.932573 18.634169 17.458885 16.401630 15.456224 14.615604 13.872023 13.217239 12.642684 12.139615 11.699242 11.312821 10.971740 10.667560 10.392054 10.137212 9.895248 9.658583 9.419837 9.171822 8.907543 8.620227 8.303367 7.950814 7.556894 7.116586 6.625730 6.081291 5.481632 4.826808 4.118822 3.361809 2.562107 1.728165 0.870254 0.000000 
50.000000 47.467592 44.952143 42.470271 40.037922 37.670060 35.380394 33.181139 31.082828 29.094174 27.221985 25.471131 23.844564 22.343384 20.966946 19.712998 18.577852 17.556567 16.643144 15.830723 15.111771 14.478265 13.921851 13.433984 13.006047 12.629442 12.295656 11.996304 11.723150 11.468111 11.223244 10.980728 10.732844 10.471952 10.190496 9.881015 9.536197 9.148974 8.712663 8.221172 7.669272 7.052931 6.369695 5.619100 4.803063 3.926199 2.995990 2.022727 1.019184 0.000000 
50.000000 47.568973 45.154226 42.771711 40.436734 38.163659 35.965646 33.854418 31.840085 29.931008 28.133719 26.452888 24.891341 23.450127 22.128613 20.924623 19.834598 18.853769 17.976343 17.195694 16.504538 15.895104 15.359287 14.888777 14.475170 14.110042 13.785014 13.491783 13.222129 12.967909 12.721035 12.473439 12.217042 11.943716 11.645274 11.313472 10.940056 10.516853 10.035930 9.489833 8.871913 8.176751 7.400672 6.542316 5.603228 4.588371 3.506468 2.370034 1.195019 0.000000 
50.000000 47.681564 45.378654 43.106481 40.879642 38.711836 36.615611 34.602146 32.681080 30.860386 29.146286 27.543231 26.053911 24.679314 23.418827 22.270360 21.230498 20.294668 19.457313 18.712070 18.051940 17.469443 16.956762 16.505863 16.108592 15.756743 15.442111 15.156508 14.891764 14.639705 14.392119 14.140702 13.877008 13.592399 13.278004 12.924708 12.523174 12.063929 11.537522 10.934783 10.247207 9.467473 8.590113 7.612307 6.534737 5.362416 4.105313 2.778585 1.402223 0.000000 
50.000000 47.805383 45.625462 43.474636 41.366721 39.314683 37.330399 35.424449 33.605957 31.882465 30.259861 28.742352 27.332478 26.031168 24.837827 23.750465 22.765828 21.879563 21.086378 20.380208 19.754375 19.201730 18.714788 18.285834 17.907010 17.570375 17.267943 16.991688 16.733535 16.485322 16.238747 15.985300 15.716187 15.422254 15.093918 14.721121 14.293322 13.799552 13.228550 12.569026 11.810083 10.941831 9.956228 8.848147 7.616615 6.266106 4.807651 3.259456 1.646663 0.000000 
50.000000 47.940343 45.894477 43.875916 41.897625 39.971772 38.109503 36.320746 34.614061 32.996524 31.473659 30.049407 28.726148 27.504743 26.384627 25.363915 24.439536 23.607381 22.862454 22.199021 21.610764 21.090909 20.632347 20.227730 19.869549 19.550178 19.261905 18.996924 18.747312 18.504974 18.261577 18.008456 17.736513 17.436106 17.096945 16.707995 16.257419 15.732575 15.120103 14.406154 13.576812 12.618774 11.520370 10.272945 8.872608 7.322219 5.633307 3.827418 1.936252 0.000000 
50.000000 48.086233 46.185279 44.309695 42.471528 40.682082 38.951712 37.289643 35.703826 34.200833 32.785794 31.462368 30.232758 29.097760 28.056836 27.108223 26.249051 25.475480 24.782837 24.165761 23.618331 23.134191 22.706658 22.328802 21.993516 21.693551 21.421530 21.169933 20.931060 20.696960 20.459346 20.209478 19.938030 19.634946 19.289278 18.889036 18.421052 17.870888 17.222834 16.460041 15.564878 14.519620 13.307587 11.914869 10.332707 8.560466 6.608866 4.502713 2.281988 0.000000 
50.000000 48.242708 46.497182 44.774949 43.087073 41.443933 39.855035 38.328849 36.872675 35.492546 34.193168 32.977898 31.848754 30.806459 29.850513 28.979283 28.190120 27.479477 26.843038 26.275846 25.772421 25.326871 24.932985 24.584309 24.274196 23.995836 23.742259 23.506309 23.280591 23.057393 22.828574 22.585431 22.318531 22.017521 21.670915 21.265865 20.787923 20.220836 19.546381 18.744332 17.792654 16.668057 15.347141 13.808381 12.035200 10.020281 7.770844 5.313928 2.699692 0.000000 
50.000000 48.409280 46.829210 45.270225 43.742339 42.254946 40.816651 39.435120 38.116960 36.867629 35.691387 34.591267 33.569093 32.625513 31.760067 30.971266 30.256700 29.613141 29.036658 28.522736 28.066376 27.662194 27.304505 26.987382 26.704703 26.450165 26.217281 25.999343 25.789362 25.579972 25.363310 25.130849 24.873214 24.579936 24.239184 23.837452 23.359197 22.786473 22.098559 21.271653 20.278741 19.089832 17.672834 15.995546 14.029300 11.754851 9.170682 6.302818 3.213057 0.000000 
50.000000 48.585311 47.180094 45.793629 44.434819 43.112019 41.832883 40.604227 39.431923 38.320827 37.274724 36.296309 35.387200 34.547970 33.778201 33.076563 32.440901 31.868328 31.355332 30.897870 30.491466 30.131289 29.812228 29.528943 29.275897 29.047365 28.837425 28.639910 28.448342 28.255833 28.054940 27.837497 27.594388 27.315276 26.988272 26.599525 26.132748 25.568646 24.884282 24.052395 23.040761 21.811800 20.322760 18.527131 16.378303 13.836821 10.882668 7.532665 3.859278 0.000000 
50.000000 48.770018 47.548271 46.342826 45.161425 44.011333 42.899200 41.830955 40.811701 39.845659 38.936118 38.085420 37.294968 36.565256 35.895917 35.285787 34.732983 34.234985 33.788723 33.390663 33.036887 32.723161 32.444997 32.197696 31.976368 31.775940 31.591133 31.416422 31.245956 31.073458 30.892077 30.694208 30.471248 30.213299 29.908784 29.543966 29.102348 28.563905 27.904147 27.092974 26.093354 24.859927 23.337875 21.462754 19.162761 16.366003 13.016587 9.103368 4.700153 0.000000 
50.000000 48.962471 47.931888 46.915057 45.918507 44.948365 44.010243 43.109139 42.249359 41.434461 40.667219 39.949607 39.282806 38.667231 38.102567 37.587829 37.121420 36.701207 36.324589 35.988570 35.689824 35.424756 35.189547 34.980188 34.792498 34.622123 34.464512 34.314875 34.168107 34.018686 33.860531 33.686820 33.489745 33.260202 32.987385 32.658251 32.256828 31.763284 31.152706 30.393470 29.445117 28.255653 26.758365 24.868625 22.482195 19.478676 15.737592 11.179668 5.845789 0.000000 
50.000000 49.161609 48.328831 47.507164 46.701886 45.917947 45.159881 44.431726 43.736963 43.078465 42.458473 41.878581 41.339743 40.842291 40.385968 39.969975 39.593017 39.253365 38.948908 38.677216 38.435587 38.221100 38.030643 37.860949 37.708597 37.570017 37.441464 37.318974 37.198301 37.074818 36.943395 36.798219 36.632572 36.438532 36.206572 35.925021 35.579337 35.151093 34.616563 33.944717 33.094364 32.010070 30.616426 28.810327 26.451680 23.355511 19.295525 14.045378 7.510083 0.000000 
50.000000 49.366250 48.736743 48.115636 47.506916 46.914326 46.341293 45.790871 45.265688 44.767917 44.299252 43.860896 43.453570 43.077523 42.732560 42.418075 42.133087 41.876283 41.646065 41.440589 41.257805 41.095492 40.951285 40.822696 40.707114 40.601808 40.503903 40.410348 40.317855 40.222825 40.121240 40.008516 39.879311 39.727266 39.544653 39.321887 39.046852 38.703925 38.272564 37.725187 37.023945 36.115700 34.924074 33.336792 31.185818 28.218056 24.060151 18.207314 10.154721 0.000000 
50.000000 49.575113 49.153070 48.736658 48.328551 47.931258 47.547077 47.178054 46.825952 46.492228 46.178015 45.884122 45.611031 45.358908 45.127623 44.916766 44.725680 44.553483 44.399100 44.261292 44.138681 44.029773 43.932975 43.846610 43.768914 43.698042 43.632044 43.568845 43.506203 43.441655 43.372434 43.295371 43.206748 43.102109 42.975996 42.821578 42.630123 42.390221 42.086618 41.698404 41.196099 40.536809 39.655850 38.451653 36.757547 34.287532 30.532390 24.577499 14.905746 0.000000 
50.000000 49.786835 49.575096 49.366183 49.161436 48.962114 48.769371 48.584232 48.407583 48.240153 48.082512 47.935065 47.798054 47.671561 47.555522 47.449731 47.353857 47.267458 47.189993 47.120840 47.059306 47.004640 46.956041 46.912664 46.873621 46.837981 46.804760 46.772906 46.741285 46.708643 46.673571 46.634447 46.589364 46.536026 46.471604 46.392540 46.294253 46.170709 46.013751 45.812048 45.549329 45.201329 44.730150 44.073158 43.119275 41.653508 39.212966 34.670302 24.893648 0.000000 
50.000000 50.000000 50.000000 50.000000 50.000000 50.000000 50.000000 50.000000 50.000000 50.000000 50.000000 50.000000 50.000000 50.000000 50.000000 50.000000 50.000000 50.000000 50.000000 50.000000 50.000000 50.000000 50.000000 50.000000 50.000000 50.000000 50.000000 50.000000 50.000000 50.000000 50.000000 50.000000 50.000000 50.000000 50.000000 50.000000 50.000000 50.000000 50.000000 50.000000 50.000000 50.000000 50.000000 50.000000 50.000000 50.000000 50.000000 50.000000 50.000000 50.000000 
