50.000000 50.000000 50.000000 50.000000 50.000000 50.000000 50.000000 50.000000 50.000000 50.000000 50.000000 50.000000 50.000000 50.000000 50.000000 50.000000 50.000000 50.000000 50.000000 50.000000 50.000000 50.000000 50.000000 50.000000 50.000000 50.000000 50.000000 50.000000 50.000000 50.000000 50.000000 50.000000 50.000000 50.000000 50.000000 50.000000 50.000000 50.000000 50.000000 50.000000 50.000000 50.000000 50.000000 50.000000 50.000000 50.000000 50.000000 50.000000 50.000000 50.000000 
50.000000 49.654054 49.311867 48.977076 48.653077 48.342929 48.049262 47.774214 47.519399 47.285884 47.074204 46.884390 46.716019 46.568276 46.440025 46.329882 46.236293 46.157604 46.092119 46.038159 45.994103 45.958416 45.929672 45.906557 45.887871 45.872511 45.859452 45.847716 45.836333 45.824296 45.810497 45.793657 45.772235 45.744309 45.707416 45.658343 45.592820 45.505074 45.387155 45.227868 45.011008 44.712294 44.293729 43.692492 42.797240 41.392637 39.015376 34.537637 24.827030 0.000000 
50.000000 49.311868 48.631212 47.965267 47.320792 46.703867 46.119723 45.572617 45.065757 44.601265 44.180205 43.802640 43.467729 43.173849 42.918741 42.699654 42.513496 42.356975 42.226721 42.119394 42.031771 41.960800 41.903645 41.857699 41.820576 41.790089 41.764208 41.741002 41.718560 41.694900 41.667858 41.634941 41.593160 41.538798 41.467123 41.371988 41.245272 41.076088 40.849591 40.545143 40.133392 39.571415 38.794330 37.700205 36.121845 33.772571 30.142348 24.315619 14.774243 0.000000 
50.000000 48.977078 47.965270 46.975330 46.017305 45.100234 44.231893 43.418610 42.665152 41.974677 41.348764 40.787508 40.289657 39.852801 39.473580 39.147906 38.871185 38.638521 38.444906 38.285380 38.155150 38.049686 37.964777 37.896553 37.841479 37.796321 37.758082 37.723920 37.691039 37.656554 37.617331 37.569793 37.509669 37.431695 37.329214 37.193650 37.013794 36.774792 36.456703 36.032353 35.464084 34.698715 33.659581 32.233879 30.252801 27.462260 23.487701 17.822965 9.961722 0.000000 
50.000000 48.653083 47.320802 46.017315 44.755851 43.548312 42.404938 41.334062 40.341959 39.432788 38.608629 37.869606 37.214071 36.638851 36.139523 35.710704 35.346345 35.040001 34.785083 34.575058 34.403623 34.264819 34.153109 34.063413 33.991095 33.931921 33.881985 33.837597 33.795151 33.750956 33.701035 33.640889 33.565202 33.467478 33.339589 33.171180 32.948892 32.655301 32.267468 31.754898 31.076650 30.177239 28.980893 27.383824 25.244947 22.378005 18.555158 13.548293 7.260476 0.000000 
50.000000 48.342943 46.703890 45.100262 43.548334 42.062748 40.656102 39.338648 38.118105 36.999590 35.985663 35.076475 34.270000 33.562336 32.948040 32.420491 31.972249 31.595388 31.281803 31.023462 30.812618 30.641950 30.504660 30.394518 30.305848 30.233484 30.172676 30.118963 30.068022 30.015467 29.956627 29.886277 29.798313 29.685371 29.538342 29.345785 29.093166 28.761874 28.327954 27.760434 27.019166 26.052105 24.792104 23.153722 21.031536 18.303605 14.847604 10.582133 5.545744 0.000000 
50.000000 48.049287 46.119771 44.231956 42.405003 40.656150 39.000226 37.449301 36.012462 34.695732 33.502126 32.431821 31.482432 30.649367 29.926218 29.305194 28.777537 28.333919 27.964803 27.660743 27.412624 27.211844 27.050419 26.921041 26.817068 26.732473 26.661737 26.599721 26.541478 26.482055 26.416242 26.338288 26.241572 26.118213 25.958610 25.750882 25.480199 25.127957 24.670779 24.079326 23.316936 22.338202 21.087819 19.500421 17.502856 15.021476 11.998276 8.419688 4.356854 0.000000 
50.000000 47.774261 45.572706 43.418733 41.334203 39.338784 37.449397 35.679813 34.040400 32.538031 31.176145 29.954946 28.871713 27.921205 27.096114 26.387551 25.785526 25.279400 24.858297 24.511447 24.228462 23.999543 23.815606 23.668346 23.550234 23.454459 23.374821 23.305585 23.241291 23.176538 23.105730 23.022786 22.920818 22.791756 22.625925 22.411558 22.134241 21.776271 21.315966 20.726924 19.977350 19.029623 17.840470 16.362376 14.547249 12.353714 9.759429 6.778550 3.480616 0.000000 
50.000000 47.519479 45.065911 42.665371 40.342225 38.118390 36.012726 34.040579 32.213504 30.539163 29.021387 27.660403 26.453180 25.393878 24.474355 23.684704 23.013795 22.449777 21.980535 21.594075 21.278836 21.023915 20.819219 20.655532 20.524521 20.418672 20.331190 20.255832 20.186725 20.118140 20.044232 19.958767 19.854805 19.724359 19.558025 19.344571 19.070504 18.719622 18.272577 17.706519 16.994914 16.107747 15.012387 13.675568 12.067052 10.165543 7.967048 5.494746 2.807306 0.000000 
50.000000 47.286016 44.601523 41.975049 39.433254 37.000117 34.696273 32.538514 30.539483 28.707560 27.046940 25.557870 24.237037 23.078049 22.071999 21.208053 20.474035 19.856984 19.343653 18.920929 18.576179 18.297499 18.073876 17.895275 17.752639 17.637841 17.543564 17.463150 17.390404 17.319370 17.244081 17.158293 17.055189 16.927078 16.765073 16.558764 16.295900 15.962097 15.540610 15.012241 14.355487 13.547059 12.563013 11.380729 9.982003 8.357388 6.511525 4.468493 2.275186 0.000000 
50.000000 47.074417 44.180625 41.349375 38.609406 35.986569 33.503106 31.177118 29.022235 27.047490 25.257405 23.652247 22.228445 20.979110 19.894643 18.963367 18.172160 17.507058 16.953786 16.498225 16.126773 15.826622 15.585938 15.393951 15.240969 15.118326 15.018266 14.933793 14.858470 14.786206 14.711013 14.626747 14.526846 14.404061 14.250183 14.055792 13.810033 13.500441 13.112868 12.631560 12.039467 11.318896 10.452636 9.425675 8.227606 6.855628 5.317834 3.636012 1.846812 0.000000 
50.000000 46.884727 43.803306 40.788483 37.870861 35.077965 32.433481 29.956684 27.662086 25.559308 23.653165 21.943942 20.427835 19.097512 17.942752 16.951124 16.108660 15.400494 14.811439 14.326469 13.931122 13.611784 13.355892 13.152029 12.989949 12.860520 12.755623 12.667989 12.591013 12.518542 12.444639 12.363346 12.268442 12.153206 12.010194 11.831043 11.606319 11.325430 10.976650 10.547281 10.024031 9.393668 8.644015 7.765335 6.752100 5.605011 4.332970 2.954499 1.497963 0.000000 
50.000000 46.716544 43.468766 40.291183 37.216049 34.272375 31.485127 28.874619 26.456149 24.239855 22.230814 20.429326 18.831382 17.429257 16.212179 15.167048 14.279146 13.532813 12.912049 12.401033 11.984538 11.648244 11.378948 11.164670 10.994682 10.859461 10.750585 10.660576 10.582718 10.510849 10.439140 10.361871 10.273209 10.167003 10.036596 9.874673 9.673161 9.423201 9.115216 8.739114 8.284669 7.742098 7.102893 6.360886 5.513506 4.563108 3.518144 2.393840 1.212050 0.000000 
50.000000 46.569080 43.175441 39.855150 36.641909 33.566034 30.653610 27.925866 25.398784 23.082962 20.983700 19.101316 17.431621 15.966543 14.694828 13.602792 12.675059 11.895273 11.246724 10.712894 10.277891 9.926781 9.645803 9.422493 9.245714 9.105613 8.993521 8.901802 8.823674 8.753007 8.684114 8.611541 8.529860 8.433493 8.316545 8.172690 7.995105 7.776464 7.509038 7.184895 6.796237 6.335898 5.797994 5.178718 4.477222 3.696473 2.843941 1.931891 0.977121 0.000000 
50.000000 46.441240 42.921151 39.477143 36.144175 32.953692 29.932751 27.103373 24.482136 22.080030 19.902557 17.950045 16.218149 14.698499 13.379422 12.246728 11.284473 10.475696 9.803075 9.249488 8.798472 8.434561 8.143518 7.912466 7.729921 7.585759 7.471112 7.378227 7.300290 7.231231 7.165522 7.097980 7.023580 6.937285 6.833915 6.708040 6.553940 6.365614 6.136878 5.861542 5.533706 5.148150 4.700840 4.189504 3.614237 2.978059 2.287300 1.551708 0.784172 0.000000 
50.000000 46.331699 42.703259 39.153243 35.717685 32.428999 29.315075 26.398611 23.696696 21.220659 18.976170 16.963569 15.178378 13.611969 12.252314 11.084787 10.092957 9.259349 8.566113 7.995617 7.530905 7.156063 6.856449 6.618837 6.431457 6.283957 6.167315 6.073694 5.996272 5.929053 5.866674 5.804217 5.737032 5.660585 5.570333 5.461639 5.329732 5.169724 4.976696 4.745844 4.472723 4.153545 3.785562 3.367479 2.899863 2.385501 1.829617 1.239880 0.626161 0.000000 
50.000000 46.238980 42.518830 38.879086 35.356693 31.984885 28.792258 25.802082 23.031880 20.493266 18.192055 16.128595 14.298295 12.692311 11.298312 10.101305 9.084449 8.229829 7.519157 6.934363 6.458082 6.074018 5.767194 5.524092 5.332702 5.182495 5.064324 4.970293 4.893589 4.828298 4.769216 4.711671 4.651356 4.584182 4.506164 4.413345 4.301755 4.167422 4.006443 3.815102 3.590052 3.328553 3.028741 2.689924 2.312865 1.899996 1.455547 0.985507 0.497421 0.000000 
50.000000 46.161535 42.364781 38.650090 35.055167 31.613931 28.355565 25.303822 22.476581 19.885700 17.537112 15.431171 13.563196 11.924158 10.501475 9.279848 8.242092 7.369929 6.644701 6.047978 5.562051 5.170310 4.857499 4.609861 4.415192 4.262816 4.143494 4.049289 3.973408 3.910015 3.854057 3.801082 3.747085 3.688362 3.621406 3.542829 3.449320 3.337652 3.204725 3.047663 2.863944 2.651582 2.409316 2.136820 1.834887 1.505573 1.152251 0.779572 0.393295 0.000000 
50.000000 46.097814 42.238031 38.461673 34.807073 31.308711 27.996256 24.893855 22.019685 19.385799 16.998229 14.857337 12.958363 11.292130 9.845848 8.603966 7.549017 6.662426 5.925229 5.318700 4.824851 4.426814 4.109105 3.857773 3.660459 3.506371 3.386199 3.291981 3.216945 3.155333 3.102223 3.053358 3.004987 2.953736 2.896495 2.830341 2.752500 2.660333 2.551370 2.423373 2.274437 2.103112 1.908545 1.690619 1.450080 1.188621 0.908911 0.614546 0.309916 0.000000 
50.000000 46.046328 42.135619 38.309436 34.606617 31.062099 27.705943 24.562611 21.650523 18.981891 16.562826 14.393694 12.469675 10.781470 9.316123 8.057877 6.989040 6.090794 5.343932 4.729488 4.229249 3.826140 3.504494 3.250207 3.050795 2.895379 2.774592 2.680458 2.606229 2.546216 2.495610 2.450316 2.406800 2.361953 2.312991 2.257366 2.192728 2.116897 2.027888 1.923944 1.803610 1.665819 1.509986 1.336111 1.144856 0.937595 0.716428 0.484133 0.244065 0.000000 
50.000000 46.005708 42.054821 38.189329 34.448469 30.867536 27.476901 24.301277 21.359275 18.663229 16.219317 14.027907 12.084128 10.378590 8.898202 7.627049 6.547256 5.639818 4.885335 4.264652 3.759379 3.352280 3.027543 2.770945 2.569907 2.413480 2.292259 2.198258 2.124754 2.066113 2.017622 1.975318 1.935841 1.896297 1.854156 1.807166 1.753303 1.690741 1.617857 1.533250 1.435791 1.324680 1.199513 1.060343 0.907741 0.742817 0.567224 0.383120 0.193084 0.000000 
50.000000 45.974749 41.993239 38.097785 34.327931 30.719244 27.302329 24.102094 21.137291 18.420353 15.957502 13.749112 11.790274 10.071525 8.579674 7.298684 6.210543 5.296101 4.535811 3.910378 3.401273 2.991139 2.664056 2.405711 2.203452 2.046280 1.924762 1.830906 1.758010 1.700487 1.653698 1.613785 1.577520 1.542176 1.505417 1.465213 1.419786 1.367570 1.307208 1.237556 1.157715 1.067069 0.965326 0.852567 0.729275 0.596353 0.455118 0.307268 0.154814 0.000000 
50.000000 45.952443 41.948871 38.031832 34.241088 30.612405 27.176557 23.958590 20.977361 18.245369 15.768875 13.548252 11.578565 9.850298 8.350189 7.062112 5.967957 5.048470 4.283999 3.655144 3.143283 2.730966 2.402200 2.142603 1.939476 1.781782 1.660069 1.566344 1.493919 1.437243 1.391732 1.353605 1.319731 1.287503 1.254725 1.219527 1.180302 1.135670 1.084457 1.025698 0.958648 0.882812 0.797970 0.704211 0.601948 0.491932 0.375240 0.253245 0.127566 0.000000 
50.000000 45.938015 41.920171 37.989169 34.184913 30.543295 27.095201 23.865764 20.873909 18.132181 15.646860 13.418324 11.441620 9.707197 8.201746 6.909085 5.811041 4.888291 4.121116 3.490049 2.976405 2.562680 2.232827 1.972425 1.768741 1.610717 1.488887 1.395258 1.323154 1.267045 1.222386 1.185444 1.153154 1.122984 1.092829 1.060922 1.025767 0.986100 0.940865 0.889205 0.830473 0.764246 0.690347 0.608863 0.520162 0.424892 0.323978 0.218586 0.110088 0.000000 
50.000000 45.930935 41.906087 37.968234 34.157347 30.509382 27.055278 23.820212 20.823142 18.076636 15.586985 13.354566 11.374417 9.636974 8.128902 6.833991 5.734039 4.809688 4.041186 3.409034 2.894516 2.480100 2.149715 1.888919 1.684963 1.526779 1.404895 1.311317 1.239374 1.183551 1.139317 1.102966 1.071463 1.042315 1.013463 0.983186 0.950045 0.912833 0.870548 0.822387 0.767750 0.706247 0.637720 0.562255 0.480196 0.392142 0.298941 0.201662 0.101555 0.000000 
50.000000 45.930935 41.906087 37.968234 34.157347 30.509382 27.055278 23.820212 20.823142 18.076636 15.586985 13.354566 11.374417 9.636974 8.128902 6.833991 5.734039 4.809688 4.041186 3.409034 2.894516 2.480100 2.149715 1.888919 1.684963 1.526779 1.404895 1.311317 1.239374 1.183551 1.139317 1.102966 1.071463 1.042315 1.013463 0.983186 0.950045 0.912833 0.870548 0.822387 0.767750 0.706247 0.637720 0.562255 0.480196 0.392142 0.298941 0.201662 0.101555 0.000000 
50.000000 45.938015 41.920171 37.989169 34.184913 30.543295 27.095201 23.865764 20.873909 18.132181 15.646860 13.418324 11.441620 9.707197 8.201746 6.909085 5.811041 4.888291 4.121116 3.490049 2.976405 2.562680 2.232827 1.972425 1.768741 1.610717 1.488887 1.395258 1.323154 1.267045 1.222386 1.185444 1.153154 1.122984 1.092829 1.060922 1.025767 0.986100 0.940865 0.889205 0.830473 0.764246 0.690347 0.608863 0.520162 0.424892 0.323978 0.218586 0.110088 0.000000 
50.000000 45.952443 41.948871 38.031832 34.241088 30.612405 27.176557 23.958590 20.977361 18.245369 15.768875 13.548252 11.578565 9.850298 8.350189 7.062112 5.967957 5.048470 4.283999 3.655144 3.143283 2.730966 2.402200 2.142603 1.939476 1.781782 1.660069 1.566344 1.493919 1.437243 1.391732 1.353605 1.319731 1.287503 1.254725 1.219527 1.180302 1.135670 1.084457 1.025698 0.958648 0.882812 0.797970 0.704211 0.601948 0.491932 0.375240 0.253245 0.127566 0.000000 
50.000000 45.974749 41.993239 38.097785 34.327931 30.719244 27.302329 24.102094 21.137291 18.420353 15.957502 13.749112 11.790274 10.071525 8.579674 7.298684 6.210543 5.296101 4.535811 3.910378 3.401273 2.991139 2.664056 2.405711 2.203452 2.046280 1.924762 1.830906 1.758010 1.700487 1.653698 1.613785 1.577520 1.542176 1.505417 1.465213 1.419786 1.367570 1.307208 1.237556 1.157715 1.067069 0.965326 0.852567 0.729275 0.596353 0.455118 0.307268 0.154814 0.000000 
50.000000 46.005708 42.054821 38.189329 34.448469 30.867536 27.476901 24.301277 21.359275 18.663229 16.219317 14.027907 12.084128 10.378590 8.898202 7.627049 6.547256 5.639818 4.885335 4.264652 3.759379 3.352280 3.027543 2.770945 2.569907 2.413480 2.292259 2.198258 2.124754 2.066113 2.017622 1.975318 1.935841 1.896297 1.854156 1.807166 1.753303 1.690741 1.617857 1.533250 1.435791 1.324680 1.199513 1.060343 0.907741 0.742817 0.567224 0.383120 0.193084 0.000000 
50.000000 46.046328 42.135619 38.309436 34.606617 31.062099 27.705943 24.562611 21.650523 18.981891 16.562826 14.393694 12.469675 10.781470 9.316123 8.057877 6.989040 6.090794 5.343932 4.729488 4.229249 3.826140 3.504494 3.250207 3.050795 2.895379 2.774592 2.680458 2.606229 2.546216 2.495610 2.450316 2.406800 2.361953 2.312991 2.257366 2.192728 2.116897 2.027888 1.923944 1.803610 1.665819 1.509986 1.336111 1.144856 0.937595 0.716428 0.484133 0.244065 0.000000 
50.000000 46.097814 42.238031 38.461673 34.807073 31.308711 27.996256 24.893855 22.019685 19.385799 16.998229 14.857337 12.958363 11.292130 9.845848 8.603966 7.549017 6.662426 5.925229 5.318700 4.824851 4.426814 4.109105 3.857773 3.660459 3.506371 3.386199 3.291981 3.216945 3.155333 3.102223 3.053358 3.004987 2.953736 2.896495 2.830341 2.752500 2.660333 2.551370 2.423373 2.274437 2.103112 1.908545 1.690619 1.450080 1.188621 0.908911 0.614546 0.309916 0.000000 
50.000000 46.161535 42.364781 38.650090 35.055167 31.613931 28.355565 25.303822 22.476581 19.885700 17.537112 15.431171 13.563196 11.924158 10.501475 9.279848 8.242092 7.369929 6.644701 6.047978 5.562051 5.170310 4.857499 4.609861 4.415192 4.262816 4.143494 4.049289 3.973408 3.910015 3.854057 3.801082 3.747085 3.688362 3.621406 3.542829 3.449320 3.337652 3.204725 3.047663 2.863944 2.651582 2.409316 2.136820 1.834887 1.505573 1.152251 0.779572 0.393295 0.000000 
50.000000 46.238980 42.518830 38.879086 35.356693 31.984885 28.792258 25.802082 23.031880 20.493266 18.192055 16.128595 14.298295 12.692311 11.298312 10.101305 9.084449 8.229829 7.519157 6.934363 6.458082 6.074018 5.767194 5.524092 5.332702 5.182495 5.064324 4.970293 4.893589 4.828298 4.769216 4.711671 4.651356 4.584182 4.506164 4.413345 4.301755 4.167422 4.006443 3.815102 3.590052 3.328553 3.028741 2.689924 2.312865 1.899996 1.455547 0.985507 0.497421 0.000000 
50.000000 46.331699 42.703259 39.153243 35.717685 32.428999 29.315075 26.398611 23.696696 21.220659 18.976170 16.963569 15.178378 13.611969 12.252314 11.084787 10.092957 9.259349 8.566113 7.995617 7.530905 7.156063 6.856449 6.618837 6.431457 6.283957 6.167315 6.073694 5.996272 5.929053 5.866674 5.804217 5.737032 5.660585 5.570333 5.461639 5.329732 5.169724 4.976696 4.745844 4.472723 4.153545 3.785562 3.367479 2.899863 2.385501 1.829617 1.239880 0.626161 0.000000 
50.000000 46.441240 42.921151 39.477143 36.144175 32.953692 29.932751 27.103373 24.482136 22.080030 19.902557 17.950045 16.218149 14.698499 13.379422 12.246728 11.284473 10.475696 9.803075 9.249488 8.798472 8.434561 8.143518 7.912466 7.729921 7.585759 7.471112 7.378227 7.300290 7.231231 7.165522 7.097980 7.023580 6.937285 6.833915 6.708040 6.553940 6.365614 6.136878 5.861542 5.533706 5.148150 4.700840 4.189504 3.614237 2.978059 2.287300 1.551708 0.784172 0.000000 
50.000000 46.569080 43.175441 39.855150 36.641909 33.566034 30.653610 27.925866 25.398784 23.082962 20.983700 19.101316 17.431621 15.966543 14.694828 13.602792 12.675059 11.895273 11.246724 10.712894 10.277891 9.926781 9.645803 9.422493 9.245714 9.105613 8.993521 8.901802 8.823674 8.753007 8.684114 8.611541 8.529860 8.433493 8.316545 8.172690 7.995105 7.776464 7.509038 7.184895 6.796237 6.335898 5.797994 5.178718 4.477222 3.696473 2.843941 1.931891 0.977121 0.000000 
50.000000 46.716544 43.468766 40.291183 37.216049 34.272375 31.485127 28.874619 26.456149 24.239855 22.230814 20.429326 18.831382 17.429257 16.212179 15.167048 14.279146 13.532813 12.912049 12.401033 11.984538 11.648244 11.378948 11.164670 10.994682 10.859461 10.750585 10.660576 10.582718 10.510849 10.439140 10.361871 10.273209 10.167003 10.036596 9.874673 9.673161 9.423201 9.115216 8.739114 8.284669 7.742098 7.102893 6.360886 5.513506 4.563108 3.518144 2.393840 1.212050 0.000000 
50.000000 46.884727 43.803306 40.788483 37.870861 35.077965 32.433481 29.956684 27.662086 25.559308 23.653165 21.943942 20.427835 19.097512 17.942752 16.951124 16.108660 15.400494 14.811439 14.326469 13.931122 13.611784 13.355892 13.152029 12.989949 12.860520 12.755623 12.667989 12.591013 12.518542 12.444639 12.363346 12.268442 12.153206 12.010194 11.831043 11.606319 11.325430 10.976650 10.547281 10.024031 9.393668 8.644015 7.765335 6.752100 5.605011 4.332970 2.954499 1.497963 0.000000 
50.000000 47.074417 44.180625 41.349375 38.609406 35.986569 33.503106 31.177118 29.022235 27.047490 25.257405 23.652247 22.228445 20.979110 19.894643 18.963367 18.172160 17.507058 16.953786 16.498225 16.126773 15.826622 15.585938 15.393951 15.240969 15.118326 15.018266 14.933793 14.858470 14.786206 14.711013 14.626747 14.526846 14.404061 14.250183 14.055792 13.810033 13.500441 13.112868 12.631560 12.039467 11.318896 10.452636 9.425675 8.227606 6.855628 5.317834 3.636012 1.846812 0.000000 
50.000000 47.286016 44.601523 41.975049 39.433254 37.000117 34.696273 32.538514 30.539483 28.707560 27.046940 25.557870 24.237037 23.078049 22.071999 21.208053 20.474035 19.856984 19.343653 18.920929 18.576179 18.297499 18.073876 17.895275 17.752639 17.637841 17.543564 17.463150 17.390404 17.319370 17.244081 17.158293 17.055189 16.927078 16.765073 16.558764 16.295900 15.962097 15.540610 15.012241 14.355487 13.547059 12.563013 11.380729 9.982003 8.357388 6.511525 4.468493 2.275186 0.000000 
50.000000 47.519479 45.065911 42.665371 40.342225 38.118390 36.012726 34.040579 32.213504 30.539163 29.021387 27.660403 26.453180 25.393878 24.474355 23.684704 23.013795 22.449777 21.980535 21.594075 21.278836 21.023915 20.819219 20.655532 20.524521 20.418672 20.331190 20.255832 20.186725 20.118140 20.044232 19.958767 19.854805 19.724359 19.558025 19.344571 19.070504 18.719622 18.272577 17.706519 16.994914 16.107747 15.012387 13.675568 12.067052 10.165543 7.967048 5.494746 2.807306 0.000000 
50.000000 47.774261 45.572706 43.418733 41.334203 39.338784 37.449397 35.679813 34.040400 32.538031 31.176145 29.954946 28.871713 27.921205 27.096114 26.387551 25.785526 25.279400 24.858297 24.511447 24.228462 23.999543 23.815606 23.668346 23.550234 23.454459 23.374821 23.305585 23.241291 23.176538 23.105730 23.022786 22.920818 22.791756 22.625925 22.411558 22.134241 21.776271 21.315966 20.726924 19.977350 19.029623 17.840470 16.362376 14.547249 12.353714 9.759429 6.778550 3.480616 0.000000 
50.000000 48.049287 46.119771 44.231956 42.405003 40.656150 39.000226 37.449301 36.012462 34.695732 33.502126 32.431821 31.482432 30.649367 29.926218 29.305194 28.777537 28.333919 27.964803 27.660743 27.412624 27.211844 27.050419 26.921041 26.817068 26.732473 26.661737 26.599721 26.541478 26.482055 26.416242 26.338288 26.241572 26.118213 25.958610 25.750882 25.480199 25.127957 24.670779 24.079326 23.316936 22.338202 21.087819 19.500421 17.502856 15.021476 11.998276 8.419688 4.356854 0.000000 
50.000000 48.342943 46.703890 45.100262 43.548334 42.062748 40.656102 39.338648 38.118105 36.999590 35.985663 35.076475 34.270000 33.562336 32.948040 32.420491 31.972249 31.595388 31.281803 31.023462 30.812618 30.641950 30.504660 30.394518 30.305848 30.233484 30.172676 30.118963 30.068022 30.015467 29.956627 29.886277 29.798313 29.685371 29.538342 29.345785 29.093166 28.761874 28.327954 27.760434 27.019166 26.052105 24.792104 23.153722 21.031536 18.303605 14.847604 10.582133 5.545744 0.000000 
50.000000 48.653083 47.320802 46.017315 44.755851 43.548312 42.404938 41.334062 40.341959 39.432788 38.608629 37.869606 37.214071 36.638851 36.139523 35.710704 35.346345 35.040001 34.785083 34.575058 34.403623 34.264819 34.153109 34.063413 33.991095 33.931921 33.881985 33.837597 33.795151 33.750956 33.701035 33.640889 33.565202 33.467478 33.339589 33.171180 32.948892 32.655301 32.267468 31.754898 31.076650 30.177239 28.980893 27.383824 25.244947 22.378005 18.555158 13.548293 7.260476 0.000000 
50.000000 48.977078 47.965270 46.975330 46.017305 45.100234 44.231893 43.418610 42.665152 41.974677 41.348764 40.787508 40.289657 39.852801 39.473580 39.147906 38.871185 38.638521 38.444906 38.285380 38.155150 38.049686 37.964777 37.896553 37.841479 37.796321 37.758082 37.723920 37.691039 37.656554 37.617331 37.569793 37.509669 37.431695 37.329214 37.193650 37.013794 36.774792 36.456703 36.032353 35.464084 34.698715 33.659581 32.233879 30.252801 27.462260 23.487701 17.822965 9.961722 0.000000 
50.000000 49.311868 48.631212 47.965267 47.320792 46.703867 46.119723 45.572617 45.065757 44.601265 44.180205 43.802640 43.467729 43.173849 42.918741 42.699654 42.513496 42.356975 42.226721 42.119394 42.031771 41.960800 41.903645 41.857699 41.820576 41.790089 41.764208 41.741002 41.718560 41.694900 41.667858 41.634941 41.593160 41.538798 41.467123 41.371988 41.245272 41.076088 40.849591 40.545143 40.133392 39.571415 38.794330 37.700205 36.121845 33.772571 30.142348 24.315619 14.774243 0.000000 
50.000000 49.654054 49.311867 48.977076 48.653077 48.342929 48.049262 47.774214 47.519399 47.285884 47.074204 46.884390 46.716019 46.568276 46.440025 46.329882 46.236293 46.157604 46.092119 46.038159 45.994103 45.958416 45.929672 45.906557 45.887871 45.872511 45.859452 45.847716 45.836333 45.824296 45.810497 45.793657 45.772235 45.744309 45.707416 45.658343 45.592820 45.505074 45.387155 45.227868 45.011008 44.712294 44.293729 43.692492 42.797240 41.392637 39.015376 34.537637 24.827030 0.000000 
50.000000 50.000000 50.000000 50.000000 50.000000 50.000000 50.000000 50.000000 50.000000 50.000000 50.000000 50.000000 50.000000 50.000000 50.000000 50.000000 50.000000 50.000000 50.000000 50.000000 50.000000 50.000000 50.000000 50.000000 50.000000 50.000000 50.000000 50.000000 50.000000 50.000000 50.000000 50.000000 50.000000 50.000000 50.000000 50.000000 50.000000 50.000000 50.000000 50.000000 50.000000 50.000000 50.000000 50.000000 50.000000 50.000000 50.000000 50.000000 50.000000 50.000000 
