50.000000 50.000000 50.000000 50.000000 50.000000 50.000000 50.000000 50.000000 50.000000 50.000000 50.000000 50.000000 50.000000 50.000000 50.000000 50.000000 50.000000 50.000000 50.000000 50.000000 50.000000 50.000000 50.000000 50.000000 50.000000 50.000000 50.000000 50.000000 50.000000 50.000000 50.000000 50.000000 50.000000 50.000000 50.000000 50.000000 50.000000 50.000000 50.000000 50.000000 50.000000 50.000000 50.000000 50.000000 50.000000 50.000000 50.000000 50.000000 50.000000 50.000000 
50.000000 49.374781 48.761838 48.172722 47.617612 47.104791 46.640305 46.227811 45.868627 45.561940 45.305150 45.094292 44.924481 44.790348 44.686419 44.607422 44.548512 44.505406 44.474454 44.452640 44.437548 44.427291 44.420436 44.415916 44.412953 44.410979 44.409578 44.408424 44.407232 44.405703 44.403475 44.400050 44.394715 44.386426 44.373647 44.354129 44.324582 44.280203 44.213957 44.115460 43.969157 43.751200 43.423752 42.923830 42.139576 40.854773 38.604872 34.260487 24.687391 0.000000 
50.000000 48.761838 47.547985 46.381320 45.281999 44.266427 43.346575 42.529688 41.818372 41.211021 40.702485 40.284910 39.948625 39.682994 39.477178 39.320736 39.204073 39.118708 39.057413 39.014214 38.984327 38.964015 38.950442 38.941494 38.935629 38.931729 38.928969 38.926708 38.924389 38.921432 38.917136 38.910546 38.900299 38.884400 38.859931 38.822629 38.766295 38.681936 38.556492 38.370910 38.097109 37.693010 37.094042 36.197955 34.836548 32.721418 29.340106 23.773993 14.501351 0.000000 
50.000000 48.172722 46.381320 44.659558 43.037183 41.538405 40.180891 38.975333 37.925579 37.029254 36.278762 35.662510 35.166224 34.774211 34.470471 34.239598 34.067429 33.941450 33.850992 33.787242 33.743136 33.713163 33.693135 33.679936 33.671293 33.665556 33.661516 33.658239 33.654914 33.650717 33.644654 33.635387 33.621012 33.598761 33.564607 33.512701 33.434609 33.318212 33.146147 32.893523 32.524513 31.987151 31.205218 30.065449 28.397584 25.945044 22.329779 17.041215 9.567850 0.000000 
50.000000 47.617612 45.281999 43.037183 40.921947 38.967857 37.197948 35.626158 34.257505 33.088892 32.110415 31.306959 30.659913 30.148816 29.752809 29.451805 29.227337 29.063091 28.945156 28.862043 28.804541 28.765467 28.739361 28.722165 28.710915 28.703469 28.698261 28.694089 28.689926 28.684741 28.677313 28.666016 28.648553 28.621610 28.580395 28.518016 28.424622 28.286248 28.083211 27.787897 27.361673 26.750584 25.879410 24.643780 22.900769 20.460974 17.092140 12.560581 6.762839 0.000000 
50.000000 47.104791 44.266427 41.538405 38.967857 36.593145 34.442260 32.532144 30.868891 29.448739 28.259651 27.283258 26.496943 25.875840 25.394600 25.028811 24.756032 24.556438 24.413122 24.312122 24.242248 24.194771 24.163055 24.142174 24.128531 24.119532 24.113289 24.108366 24.103556 24.097672 24.089337 24.076739 24.057351 24.027556 23.982171 23.913808 23.812039 23.662291 23.444405 23.130765 22.683908 22.053562 21.173218 19.956747 18.296572 16.067089 13.140821 9.429879 4.965215 0.000000 
50.000000 46.640305 43.346575 40.180891 37.197948 34.442260 31.946312 29.729762 27.799681 26.151705 24.771863 23.638841 22.726390 22.005655 21.447220 21.022757 20.706225 20.474617 20.308315 20.191119 20.110041 20.054956 20.018166 19.993956 19.978162 19.967785 19.960652 19.955131 19.949872 19.943584 19.934801 19.921633 19.901476 19.870641 19.823892 19.753851 19.650233 19.498891 19.280638 18.969829 18.532751 17.925941 17.094789 15.973156 14.485513 12.554168 10.115442 7.148619 3.716475 0.000000 
50.000000 46.227811 42.529688 38.975333 35.626158 32.532144 29.729762 27.241084 25.074050 23.223758 21.674522 20.402408 19.377947 18.568739 17.941756 17.465193 17.109809 16.849775 16.663063 16.531486 16.440463 16.378625 16.337334 16.310178 16.292491 16.280917 16.273044 16.267073 16.261554 16.255135 16.246326 16.233251 16.213359 16.183087 16.137427 16.069405 15.969429 15.824519 15.617415 15.325610 14.920413 14.366242 13.620542 12.634974 11.358926 9.746749 7.770115 5.435646 2.804060 0.000000 
50.000000 45.868627 41.818373 37.925579 34.257505 30.868891 27.799682 25.074050 22.700693 20.674238 18.977507 17.584285 16.462296 15.576056 14.889390 14.367464 13.978254 13.693471 13.488991 13.344894 13.245213 13.177500 13.132296 13.102584 13.083264 13.070677 13.062204 13.055921 13.050307 13.043989 13.035505 13.023065 13.004277 12.975846 12.933196 12.870029 12.777801 12.645138 12.457204 12.195110 11.835476 11.350347 10.707809 9.873741 8.815330 7.506922 5.938428 4.125362 2.117427 0.000000 
50.000000 45.561940 41.211021 37.029255 33.088893 29.448740 26.151706 23.223759 20.674239 18.497376 16.674713 15.178092 13.972837 13.020829 12.283208 11.722554 11.304467 10.998556 10.778908 10.624124 10.517054 10.444327 10.395788 10.363903 10.343202 10.329775 10.320834 10.314356 10.308778 10.302739 10.294844 10.283436 10.266354 10.240663 10.202341 10.145918 10.064077 9.947226 9.783086 9.556375 9.248690 8.838766 8.303348 7.618957 6.764833 5.727221 4.504743 3.113912 1.592783 0.000000 
50.000000 45.305150 40.702486 36.278763 32.110417 28.259653 24.771866 21.674524 18.977509 16.674715 14.746617 13.163424 11.888457 10.881387 10.101108 9.508032 9.065770 8.742172 8.509826 8.346097 8.232843 8.155922 8.104594 8.070897 8.049055 8.034946 8.025650 8.019071 8.013627 8.007988 8.000851 7.990722 7.975708 7.953278 7.920015 7.871330 7.801162 7.701687 7.563068 7.373313 7.118346 6.782403 6.348918 5.802039 5.128890 4.322521 3.385242 2.331576 1.189691 0.000000 
50.000000 45.094293 40.284912 35.662513 31.306963 27.283263 23.638845 20.402414 17.584290 15.178096 13.163428 11.509156 10.176951 9.124674 8.309371 7.689677 7.227567 6.889449 6.646679 6.475608 6.357278 6.276917 6.223303 6.188125 6.165357 6.150707 6.141151 6.134542 6.129293 6.124121 6.117823 6.109084 6.096283 6.077303 6.049325 6.008611 5.950294 5.868175 5.754589 5.600373 5.395020 5.127094 4.785005 4.358213 3.838862 3.223755 2.516369 1.728422 0.880337 0.000000 
50.000000 44.924483 39.948628 35.166230 30.659921 26.496952 22.726400 19.377958 16.462308 13.972848 11.888467 10.176958 8.798663 7.709984 6.866480 6.225353 5.747263 5.397454 5.146292 4.969309 4.846895 4.763764 4.708314 4.671949 4.648444 4.633374 4.623634 4.617044 4.612022 4.607336 4.601888 4.594534 4.583918 4.568310 4.545447 4.512368 4.465264 4.399354 4.308813 4.186801 4.025639 3.817184 3.553451 3.227519 2.834671 2.373680 1.848023 1.266696 0.644282 0.000000 
50.000000 44.790352 39.683001 34.774222 30.148831 25.875858 22.005675 18.568762 15.576080 13.020854 10.881412 9.124696 7.709999 6.592571 5.726795 5.068742 4.578031 4.218990 3.961202 3.779551 3.653912 3.568597 3.511699 3.474401 3.450320 3.434931 3.425067 3.418525 3.413736 3.409520 3.404876 3.398820 3.390234 3.377735 3.359547 3.333382 3.296332 3.244796 3.174447 3.080286 2.956807 2.798306 2.599357 2.355464 2.063837 1.724224 1.339624 0.916714 0.465774 0.000000 
50.000000 44.686427 39.477193 34.470493 29.752838 25.394635 21.447260 17.941802 14.889439 12.283259 10.101160 8.309422 6.866524 5.726825 4.843795 4.172630 3.672143 3.305951 3.043030 2.857765 2.729628 2.642622 2.584605 2.546587 2.522067 2.506440 2.496496 2.490016 2.485449 2.481661 2.477741 2.472842 2.466051 2.456283 2.442173 2.421992 2.393568 2.354249 2.300885 2.229894 2.137399 2.019462 1.872443 1.693450 1.480862 1.234852 0.957814 0.654579 0.332306 0.000000 
50.000000 44.607437 39.320766 34.239642 29.451862 25.028880 21.022836 17.465281 14.367560 11.722656 9.508138 7.689783 6.225455 5.068830 4.172689 3.491560 2.983645 2.612020 2.345198 2.157187 2.027153 1.938863 1.879997 1.841435 1.816586 1.800785 1.790791 1.784378 1.780010 1.776595 1.773298 1.769386 1.764120 1.756657 1.745966 1.730765 1.709468 1.680157 1.640588 1.588240 1.520423 1.434462 1.327943 1.199024 1.046777 0.871523 0.675078 0.460865 0.233805 0.000000 
50.000000 44.548541 39.204130 34.067512 29.227446 24.756164 20.706377 17.109979 13.978439 11.304664 9.065975 7.227777 5.747471 4.578229 3.672314 2.983758 2.470306 2.094629 1.824901 1.634843 1.503396 1.414150 1.354651 1.315686 1.290594 1.274669 1.264647 1.258297 1.254099 1.250997 1.248215 1.245116 1.241099 1.235512 1.227588 1.216393 1.200789 1.179419 1.150708 1.112914 1.064203 1.002781 0.927063 0.835889 0.728739 0.605945 0.468835 0.319786 0.162144 0.000000 
50.000000 44.505460 39.118816 33.941608 29.063297 24.556686 20.474904 16.850096 13.693821 10.998929 8.742563 6.889853 5.397862 4.219392 3.306329 2.612341 2.094840 1.716202 1.444349 1.252794 1.120314 1.030369 0.970409 0.931150 0.905883 0.889871 0.879834 0.873541 0.869482 0.866632 0.864262 0.861811 0.858783 0.854674 0.848920 0.840848 0.829658 0.814401 0.793997 0.767259 0.732954 0.689896 0.637059 0.573716 0.499584 0.414949 0.320754 0.218624 0.110800 0.000000 
50.000000 44.474555 39.057612 33.851286 28.945538 24.413584 20.308849 16.663661 13.489642 10.779603 8.510557 6.647436 5.147064 3.961975 3.043786 2.345903 1.825497 1.444736 1.171358 0.978731 0.845509 0.755064 0.694774 0.655305 0.629914 0.613842 0.603799 0.597552 0.593605 0.590951 0.588901 0.586950 0.584681 0.581703 0.577600 0.571894 0.564027 0.553351 0.539133 0.520577 0.496868 0.467231 0.431009 0.387751 0.337307 0.279903 0.216192 0.147265 0.074606 0.000000 
50.000000 44.452825 39.014579 33.787779 28.862741 24.312968 20.192096 16.532579 13.346086 10.625397 8.347436 6.476997 4.970733 3.780992 2.859198 2.158577 1.636131 1.253876 0.979428 0.786046 0.652304 0.561507 0.500986 0.461370 0.435893 0.419780 0.409736 0.403527 0.399664 0.397159 0.395350 0.393772 0.392070 0.389932 0.387050 0.383086 0.377655 0.370319 0.360588 0.347936 0.331832 0.311774 0.287347 0.258274 0.224478 0.186126 0.143662 0.097808 0.049534 0.000000 
50.000000 44.437880 38.984984 33.744103 28.805798 24.243771 20.111801 16.442430 13.247358 10.519346 8.235255 6.359784 4.849468 3.656528 2.732256 2.029752 1.505903 1.122622 0.847437 0.653537 0.519437 0.428398 0.367718 0.328002 0.302466 0.286327 0.276283 0.270103 0.266302 0.263907 0.262273 0.260966 0.259674 0.258142 0.256137 0.253419 0.249723 0.244755 0.238192 0.229690 0.218904 0.205516 0.189263 0.169978 0.147622 0.122315 0.094354 0.064209 0.032509 0.000000 
50.000000 44.427880 38.965180 33.714878 28.767696 24.197469 20.058074 16.382109 13.181297 10.448386 8.160193 6.281355 4.768329 3.573248 2.647319 1.943556 1.418767 1.034800 0.759123 0.564876 0.430537 0.339337 0.278551 0.238767 0.213193 0.197037 0.186994 0.180835 0.177079 0.174760 0.173249 0.172133 0.171127 0.170017 0.168620 0.166763 0.164263 0.160921 0.156524 0.150848 0.143672 0.134791 0.124041 0.111321 0.096613 0.080000 0.061679 0.041957 0.021237 0.000000 
50.000000 44.421464 38.952474 33.696127 28.743249 24.167761 20.023601 16.343406 13.138912 10.402857 8.112032 6.231034 4.716269 3.519816 2.592823 1.888252 1.362861 0.978454 0.702460 0.507991 0.373499 0.282195 0.221341 0.181515 0.155916 0.139749 0.129708 0.123563 0.119837 0.117570 0.116142 0.115153 0.114337 0.113506 0.112511 0.111222 0.109507 0.107230 0.104248 0.100411 0.095575 0.089609 0.082407 0.073907 0.064101 0.053048 0.040880 0.027798 0.014067 0.000000 
50.000000 44.417681 38.944983 33.685071 28.728836 24.150246 20.003277 16.320589 13.113923 10.376014 8.083639 6.201368 4.685578 3.488315 2.560695 1.855648 1.329902 0.945235 0.669056 0.474456 0.339873 0.248508 0.187614 0.147763 0.122149 0.105976 0.095937 0.089801 0.086093 0.083857 0.082479 0.081567 0.080866 0.080204 0.079452 0.078504 0.077260 0.075621 0.073483 0.070742 0.067298 0.063060 0.057956 0.051947 0.045029 0.037246 0.028690 0.019503 0.009867 0.000000 
50.000000 44.415933 38.941522 33.679964 28.722178 24.142155 19.993889 16.310048 13.102380 10.363615 8.070523 6.187664 4.671400 3.473764 2.545855 1.840587 1.314678 0.929891 0.653625 0.458965 0.324341 0.232947 0.172035 0.132172 0.106552 0.090376 0.080337 0.074205 0.070507 0.068286 0.066931 0.066055 0.065408 0.064825 0.064187 0.063399 0.062375 0.061033 0.059289 0.057057 0.054259 0.050822 0.046690 0.041832 0.036248 0.029972 0.023080 0.015686 0.007935 0.000000 
50.000000 44.415933 38.941522 33.679964 28.722178 24.142155 19.993889 16.310048 13.102380 10.363615 8.070523 6.187664 4.671400 3.473764 2.545855 1.840587 1.314678 0.929891 0.653625 0.458965 0.324341 0.232947 0.172035 0.132172 0.106552 0.090376 0.080337 0.074205 0.070507 0.068286 0.066931 0.066055 0.065408 0.064825 0.064187 0.063399 0.062375 0.061033 0.059289 0.057057 0.054259 0.050822 0.046690 0.041832 0.036248 0.029972 0.023080 0.015686 0.007935 0.000000 
50.000000 44.417681 38.944983 33.685071 28.728836 24.150246 20.003277 16.320589 13.113923 10.376014 8.083639 6.201368 4.685578 3.488315 2.560695 1.855648 1.329902 0.945235 0.669056 0.474456 0.339873 0.248508 0.187614 0.147763 0.122149 0.105976 0.095937 0.089801 0.086093 0.083857 0.082479 0.081567 0.080866 0.080204 0.079452 0.078504 0.077260 0.075621 0.073483 0.070742 0.067298 0.063060 0.057956 0.051947 0.045029 0.037246 0.028690 0.019503 0.009867 0.000000 
50.000000 44.421464 38.952474 33.696127 28.743249 24.167761 20.023601 16.343406 13.138912 10.402857 8.112032 6.231034 4.716269 3.519816 2.592823 1.888252 1.362861 0.978454 0.702460 0.507991 0.373499 0.282195 0.221341 0.181515 0.155916 0.139749 0.129708 0.123563 0.119837 0.117570 0.116142 0.115153 0.114337 0.113506 0.112511 0.111222 0.109507 0.107230 0.104248 0.100411 0.095575 0.089609 0.082407 0.073907 0.064101 0.053048 0.040880 0.027798 0.014067 0.000000 
50.000000 44.427880 38.965180 33.714878 28.767696 24.197469 20.058074 16.382109 13.181297 10.448386 8.160193 6.281355 4.768329 3.573248 2.647319 1.943556 1.418767 1.034800 0.759123 0.564876 0.430537 0.339337 0.278551 0.238767 0.213193 0.197037 0.186994 0.180835 0.177079 0.174760 0.173249 0.172133 0.171127 0.170017 0.168620 0.166763 0.164263 0.160921 0.156524 0.150848 0.143672 0.134791 0.124041 0.111321 0.096613 0.080000 0.061679 0.041957 0.021237 0.000000 
50.000000 44.437880 38.984984 33.744103 28.805798 24.243771 20.111801 16.442430 13.247358 10.519346 8.235255 6.359784 4.849468 3.656528 2.732256 2.029752 1.505903 1.122622 0.847437 0.653537 0.519437 0.428398 0.367718 0.328002 0.302466 0.286327 0.276283 0.270103 0.266302 0.263907 0.262273 0.260966 0.259674 0.258142 0.256137 0.253419 0.249723 0.244755 0.238192 0.229690 0.218904 0.205516 0.189263 0.169978 0.147622 0.122315 0.094354 0.064209 0.032509 0.000000 
50.000000 44.452825 39.014579 33.787779 28.862741 24.312968 20.192096 16.532579 13.346086 10.625397 8.347436 6.476997 4.970733 3.780992 2.859198 2.158577 1.636131 1.253876 0.979428 0.786046 0.652304 0.561507 0.500986 0.461370 0.435893 0.419780 0.409736 0.403527 0.399664 0.397159 0.395350 0.393772 0.392070 0.389932 0.387050 0.383086 0.377655 0.370319 0.360588 0.347936 0.331832 0.311774 0.287347 0.258274 0.224478 0.186126 0.143662 0.097808 0.049534 0.000000 
50.000000 44.474555 39.057612 33.851286 28.945538 24.413584 20.308849 16.663661 13.489642 10.779603 8.510557 6.647436 5.147064 3.961975 3.043786 2.345903 1.825497 1.444736 1.171358 0.978731 0.845509 0.755064 0.694774 0.655305 0.629914 0.613842 0.603799 0.597552 0.593605 0.590951 0.588901 0.586950 0.584681 0.581703 0.577600 0.571894 0.564027 0.553351 0.539133 0.520577 0.496868 0.467231 0.431009 0.387751 0.337307 0.279903 0.216192 0.147265 0.074606 0.000000 
50.000000 44.505460 39.118816 33.941608 29.063297 24.556686 20.474904 16.850096 13.693821 10.998929 8.742563 6.889853 5.397862 4.219392 3.306329 2.612341 2.094840 1.716202 1.444349 1.252794 1.120314 1.030369 0.970409 0.931150 0.905883 0.889871 0.879834 0.873541 0.869482 0.866632 0.864262 0.861811 0.858783 0.854674 0.848920 0.840848 0.829658 0.814401 0.793997 0.767259 0.732954 0.689896 0.637059 0.573716 0.499584 0.414949 0.320754 0.218624 0.110800 0.000000 
50.000000 44.548541 39.204130 34.067512 29.227446 24.756164 20.706377 17.109979 13.978439 11.304664 9.065975 7.227777 5.747471 4.578229 3.672314 2.983758 2.470306 2.094629 1.824901 1.634843 1.503396 1.414150 1.354651 1.315686 1.290594 1.274669 1.264647 1.258297 1.254099 1.250997 1.248215 1.245116 1.241099 1.235512 1.227588 1.216393 1.200789 1.179419 1.150708 1.112914 1.064203 1.002781 0.927063 0.835889 0.728739 0.605945 0.468835 0.319786 0.162144 0.000000 
50.000000 44.607437 39.320766 34.239642 29.451862 25.028880 21.022836 17.465281 14.367560 11.722656 9.508138 7.689783 6.225455 5.068830 4.172689 3.491560 2.983645 2.612020 2.345198 2.157187 2.027153 1.938863 1.879997 1.841435 1.816586 1.800785 1.790791 1.784378 1.780010 1.776595 1.773298 1.769386 1.764120 1.756657 1.745966 1.730765 1.709468 1.680157 1.640588 1.588240 1.520423 1.434462 1.327943 1.199024 1.046777 0.871523 0.675078 0.460865 0.233805 0.000000 
50.000000 44.686427 39.477193 34.470493 29.752838 25.394635 21.447260 17.941802 14.889439 12.283259 10.101160 8.309422 6.866524 5.726825 4.843795 4.172630 3.672143 3.305951 3.043030 2.857765 2.729628 2.642622 2.584605 2.546587 2.522067 2.506440 2.496496 2.490016 2.485449 2.481661 2.477741 2.472842 2.466051 2.456283 2.442173 2.421992 2.393568 2.354249 2.300885 2.229894 2.137399 2.019462 1.872443 1.693450 1.480862 1.234852 0.957814 0.654579 0.332306 0.000000 
50.000000 44.790352 39.683001 34.774222 30.148831 25.875858 22.005675 18.568762 15.576080 13.020854 10.881412 9.124696 7.709999 6.592571 5.726795 5.068742 4.578031 4.218990 3.961202 3.779551 3.653912 3.568597 3.511699 3.474401 3.450320 3.434931 3.425067 3.418525 3.413736 3.409520 3.404876 3.398820 3.390234 3.377735 3.359547 3.333382 3.296332 3.244796 3.174447 3.080286 2.956807 2.798306 2.599357 2.355464 2.063837 1.724224 1.339624 0.916714 0.465774 0.000000 
50.000000 44.924483 39.948628 35.166230 30.659921 26.496952 22.726400 19.377958 16.462308 13.972848 11.888467 10.176958 8.798663 7.709984 6.866480 6.225353 5.747263 5.397454 5.146292 4.969309 4.846895 4.763764 4.708314 4.671949 4.648444 4.633374 4.623634 4.617044 4.612022 4.607336 4.601888 4.594534 4.583918 4.568310 4.545447 4.512368 4.465264 4.399354 4.308813 4.186801 4.025639 3.817184 3.553451 3.227519 2.834671 2.373680 1.848023 1.266696 0.644282 0.000000 
50.000000 45.094293 40.284912 35.662513 31.306963 27.283263 23.638845 20.402414 17.584290 15.178096 13.163428 11.509156 10.176951 9.124674 8.309371 7.689677 7.227567 6.889449 6.646679 6.475608 6.357278 6.276917 6.223303 6.188125 6.165357 6.150707 6.141151 6.134542 6.129293 6.124121 6.117823 6.109084 6.096283 6.077303 6.049325 6.008611 5.950294 5.868175 5.754589 5.600373 5.395020 5.127094 4.785005 4.358213 3.838862 3.223755 2.516369 1.728422 0.880337 0.000000 
50.000000 45.305150 40.702486 36.278763 32.110417 28.259653 24.771866 21.674524 18.977509 16.674715 14.746617 13.163424 11.888457 10.881387 10.101108 9.508032 9.065770 8.742172 8.509826 8.346097 8.232843 8.155922 8.104594 8.070897 8.049055 8.034946 8.025650 8.019071 8.013627 8.007988 8.000851 7.990722 7.975708 7.953278 7.920015 7.871330 7.801162 7.701687 7.563068 7.373313 7.118346 6.782403 6.348918 5.802039 5.128890 4.322521 3.385242 2.331576 1.189691 0.000000 
50.000000 45.561940 41.211021 37.029255 33.088893 29.448740 26.151706 23.223759 20.674239 18.497376 16.674713 15.178092 13.972837 13.020829 12.283208 11.722554 11.304467 10.998556 10.778908 10.624124 10.517054 10.444327 10.395788 10.363903 10.343202 10.329775 10.320834 10.314356 10.308778 10.302739 10.294844 10.283436 10.266354 10.240663 10.202341 10.145918 10.064077 9.947226 9.783086 9.556375 9.248690 8.838766 8.303348 7.618957 6.764833 5.727221 4.504743 3.113912 1.592783 0.000000 
50.000000 45.868627 41.818373 37.925579 34.257505 30.868891 27.799682 25.074050 22.700693 20.674238 18.977507 17.584285 16.462296 15.576056 14.889390 14.367464 13.978254 13.693471 13.488991 13.344894 13.245213 13.177500 13.132296 13.102584 13.083264 13.070677 13.062204 13.055921 13.050307 13.043989 13.035505 13.023065 13.004277 12.975846 12.933196 12.870029 12.777801 12.645138 12.457204 12.195110 11.835476 11.350347 10.707809 9.873741 8.815330 7.506922 5.938428 4.125362 2.117427 0.000000 
50.000000 46.227811 42.529688 38.975333 35.626158 32.532144 29.729762 27.241084 25.074050 23.223758 21.674522 20.402408 19.377947 18.568739 17.941756 17.465193 17.109809 16.849775 16.663063 16.531486 16.440463 16.378625 16.337334 16.310178 16.292491 16.280917 16.273044 16.267073 16.261554 16.255135 16.246326 16.233251 16.213359 16.183087 16.137427 16.069405 15.969429 15.824519 15.617415 15.325610 14.920413 14.366242 13.620542 12.634974 11.358926 9.746749 7.770115 5.435646 2.804060 0.000000 
50.000000 46.640305 43.346575 40.180891 37.197948 34.442260 31.946312 29.729762 27.799681 26.151705 24.771863 23.638841 22.726390 22.005655 21.447220 21.022757 20.706225 20.474617 20.308315 20.191119 20.110041 20.054956 20.018166 19.993956 19.978162 19.967785 19.960652 19.955131 19.949872 19.943584 19.934801 19.921633 19.901476 19.870641 19.823892 19.753851 19.650233 19.498891 19.280638 18.969829 18.532751 17.925941 17.094789 15.973156 14.485513 12.554168 10.115442 7.148619 3.716475 0.000000 
50.000000 47.104791 44.266427 41.538405 38.967857 36.593145 34.442260 32.532144 30.868891 29.448739 28.259651 27.283258 26.496943 25.875840 25.394600 25.028811 24.756032 24.556438 24.413122 24.312122 24.242248 24.194771 24.163055 24.142174 24.128531 24.119532 24.113289 24.108366 24.103556 24.097672 24.089337 24.076739 24.057351 24.027556 23.982171 23.913808 23.812039 23.662291 23.444405 23.130765 22.683908 22.053562 21.173218 19.956747 18.296572 16.067089 13.140821 9.429879 4.965215 0.000000 
50.000000 47.617612 45.281999 43.037183 40.921947 38.967857 37.197948 35.626158 34.257505 33.088892 32.110415 31.306959 30.659913 30.148816 29.752809 29.451805 29.227337 29.063091 28.945156 28.862043 28.804541 28.765467 28.739361 28.722165 28.710915 28.703469 28.698261 28.694089 28.689926 28.684741 28.677313 28.666016 28.648553 28.621610 28.580395 28.518016 28.424622 28.286248 28.083211 27.787897 27.361673 26.750584 25.879410 24.643780 22.900769 20.460974 17.092140 12.560581 6.762839 0.000000 
50.000000 48.172722 46.381320 44.659558 43.037183 41.538405 40.180891 38.975333 37.925579 37.029254 36.278762 35.662510 35.166224 34.774211 34.470471 34.239598 34.067429 33.941450 33.850992 33.787242 33.743136 33.713163 33.693135 33.679936 33.671293 33.665556 33.661516 33.658239 33.654914 33.650717 33.644654 33.635387 33.621012 33.598761 33.564607 33.512701 33.434609 33.318212 33.146147 32.893523 32.524513 31.987151 31.205218 30.065449 28.397584 25.945044 22.329779 17.041215 9.567850 0.000000 
50.000000 48.761838 47.547985 46.381320 45.281999 44.266427 43.346575 42.529688 41.818372 41.211021 40.702485 40.284910 39.948625 39.682994 39.477178 39.320736 39.204073 39.118708 39.057413 39.014214 38.984327 38.964015 38.950442 38.941494 38.935629 38.931729 38.928969 38.926708 38.924389 38.921432 38.917136 38.910546 38.900299 38.884400 38.859931 38.822629 38.766295 38.681936 38.556492 38.370910 38.097109 37.693010 37.094042 36.197955 34.836548 32.721418 29.340106 23.773993 14.501351 0.000000 
50.000000 49.374781 48.761838 48.172722 47.617612 47.104791 46.640305 46.227811 45.868627 45.561940 45.305150 45.094292 44.924481 44.790348 44.686419 44.607422 44.548512 44.505406 44.474454 44.452640 44.437548 44.427291 44.420436 44.415916 44.412953 44.410979 44.409578 44.408424 44.407232 44.405703 44.403475 44.400050 44.394715 44.386426 44.373647 44.354129 44.324582 44.280203 44.213957 44.115460 43.969157 43.751200 43.423752 42.923830 42.139576 40.854773 38.604872 34.260487 24.687391 0.000000 
50.000000 50.000000 50.000000 50.000000 50.000000 50.000000 50.000000 50.000000 50.000000 50.000000 50.000000 50.000000 50.000000 50.000000 50.000000 50.000000 50.000000 50.000000 50.000000 50.000000 50.000000 50.000000 50.000000 50.000000 50.000000 50.000000 50.000000 50.000000 50.000000 50.000000 50.000000 50.000000 50.000000 50.000000 50.000000 50.000000 50.000000 50.000000 50.000000 50.000000 50.000000 50.000000 50.000000 50.000000 50.000000 50.000000 50.000000 50.000000 50.000000 50.000000 
