50.000000 50.000000 50.000000 50.000000 50.000000 50.000000 50.000000 50.000000 50.000000 50.000000 50.000000 50.000000 50.000000 50.000000 50.000000 50.000000 50.000000 50.000000 50.000000 50.000000 50.000000 50.000000 50.000000 50.000000 50.000000 50.000000 50.000000 50.000000 50.000000 50.000000 50.000000 50.000000 50.000000 50.000000 50.000000 50.000000 50.000000 50.000000 50.000000 50.000000 50.000000 50.000000 50.000000 50.000000 50.000000 50.000000 50.000000 50.000000 50.000000 50.000000 
50.000000 49.670800 49.345003 49.025909 48.716610 48.419902 48.138214 47.873546 47.627434 47.400937 47.194638 47.008667 46.842741 46.696217 46.568145 46.457338 46.362433 46.281952 46.214363 46.158125 46.111727 46.073722 46.042742 46.017511 45.996842 45.979628 45.964825 45.951423 45.938410 45.924729 45.909218 45.890543 45.867103 45.836918 45.797470 45.745494 45.676669 45.585183 45.463053 45.299058 45.076981 44.772537 44.347742 43.739800 42.837404 41.425269 39.040150 34.554298 24.835405 0.000000 
50.000000 49.345004 48.696781 48.061892 47.446493 46.856147 46.295684 45.769085 45.279408 44.828756 44.418291 44.048273 43.718139 43.426607 43.171789 42.951323 42.762496 42.602371 42.467898 42.356011 42.263707 42.188107 42.126493 42.076328 42.035256 42.001082 41.971736 41.945222 41.919548 41.892635 41.862210 41.825669 41.779907 41.721093 41.644385 41.543530 41.410314 41.233768 40.998980 40.685264 40.263243 39.689988 38.900641 37.793319 36.200897 33.836799 30.191109 24.348413 14.790727 0.000000 
50.000000 49.025913 48.061897 47.117713 46.202512 45.324570 44.491069 43.707930 42.979699 42.309506 41.699077 41.148800 40.657838 40.224283 39.845331 39.517465 39.236655 38.998532 38.798561 38.632186 38.494944 38.382557 38.290988 38.216473 38.155519 38.104878 38.061496 38.022435 37.984778 37.945495 37.901297 37.848438 37.782478 37.697986 37.588140 37.444214 37.254857 37.005097 36.674896 36.237008 35.653736 34.871895 33.814853 32.369873 30.368259 27.556065 23.558917 17.870860 9.985797 0.000000 
50.000000 48.716619 47.446508 46.202526 44.996728 43.840022 42.741868 41.710065 40.750606 39.867615 39.063363 38.338363 37.691513 37.120300 36.621027 36.189066 35.819103 35.505388 35.241947 35.022780 34.842012 34.694015 34.573480 34.475463 34.395382 34.328987 34.272294 34.221489 34.172806 34.122365 34.065987 33.998955 33.915732 33.809605 33.672233 33.493065 33.258561 32.951143 32.547745 32.017781 31.320259 30.399690 29.180338 27.558507 25.393251 22.498497 18.646634 13.609814 7.291400 0.000000 
50.000000 48.419923 46.856183 45.324613 43.840056 42.415938 41.063910 39.793573 38.612305 37.525182 36.535004 35.642399 34.846013 34.142751 33.528064 32.996252 32.540778 32.154562 31.830256 31.560475 31.337997 31.155900 31.007666 30.887230 30.788981 30.707729 30.638630 30.577073 30.518538 30.458411 30.391774 30.313137 30.216131 30.093127 29.934764 29.729362 29.462167 29.114387 28.661911 28.073660 27.309423 26.317148 25.029736 23.361850 21.208232 18.447165 14.956593 10.655432 5.582588 0.000000 
50.000000 48.138254 46.295758 44.491165 42.741967 41.063983 39.470940 37.974151 36.582308 35.301395 34.134708 33.082989 32.144643 31.316025 30.591773 29.965177 29.428533 28.973505 28.591438 28.273640 28.011611 27.797211 27.622782 27.481206 27.365914 27.270851 27.190389 27.119208 27.052137 26.983957 26.909167 26.821717 26.714676 26.579862 26.407378 26.185073 25.897867 25.526943 25.048750 24.433826 23.645435 22.638161 21.356752 19.735963 17.702825 15.183943 12.121618 8.502641 4.398551 0.000000 
50.000000 47.873616 45.769219 43.708114 41.710277 39.793777 37.974293 36.264745 34.675062 33.212077 31.879557 30.678348 29.606629 28.660238 27.833054 27.117412 26.504518 25.984856 25.548546 25.185671 24.886535 24.641861 24.442930 24.281648 24.150567 24.042842 23.952148 23.872547 23.798325 23.723782 23.642998 23.549556 23.436224 23.294595 23.114670 22.884380 22.589035 22.210699 21.727496 21.112886 20.334995 19.356191 18.133256 16.618807 14.764952 12.530588 9.893708 6.868859 3.526009 0.000000 
50.000000 47.627553 45.279638 42.980025 40.751001 38.612727 36.582696 34.675324 32.901688 31.269413 29.782700 28.442496 27.246769 26.190877 25.267991 24.469562 23.785783 23.206040 22.719321 22.314571 21.980988 21.708244 21.486643 21.307201 21.161668 21.042495 20.942742 20.855947 20.775953 20.696706 20.612009 20.515258 20.399144 20.255315 20.074016 19.843689 19.550548 19.178137 18.706902 18.113844 17.372345 16.452375 15.321361 13.946174 12.296788 10.352193 8.108747 5.590044 2.855208 0.000000 
50.000000 47.401132 44.829136 42.310053 39.868297 37.525952 35.302181 33.212776 31.269872 29.481820 27.853226 26.385124 25.075292 23.918642 22.907700 22.033102 21.284109 20.649101 20.116022 19.672778 19.307552 19.009059 18.766712 18.570720 18.412118 18.282732 18.175091 18.082297 17.997849 17.915443 17.828736 17.731090 17.615296 17.473275 17.295771 17.072033 16.789499 16.433520 15.987134 15.430988 14.743489 13.901330 12.880627 11.658898 10.218158 8.549251 6.657183 4.566453 2.324426 0.000000 
50.000000 47.194947 44.418899 41.699962 39.064487 36.536310 34.136116 31.880948 29.783906 27.854003 26.096209 24.511644 23.097907 21.849511 20.758389 19.814438 19.006073 18.320757 17.745489 17.267228 16.873242 16.551378 16.290250 16.079345 15.909062 15.770684 15.656288 15.558620 15.470922 15.386735 15.299671 15.203180 15.090287 14.953341 14.783752 14.571746 14.306147 13.974218 13.561588 13.052344 12.429341 11.674867 10.771766 9.705168 8.464882 7.048401 5.464182 3.734436 1.896285 0.000000 
50.000000 47.009149 44.049223 41.150192 38.340151 35.644518 33.085344 30.680804 28.444865 26.387137 24.512920 22.823409 21.316044 19.984978 18.821610 17.815172 16.953316 16.222684 15.609423 15.099644 14.679793 14.336943 14.058995 13.834798 13.654196 13.508001 13.387914 13.286397 13.196508 13.111708 13.025650 12.931952 12.823971 12.694576 12.535932 12.339314 12.094967 11.792021 11.418525 10.961619 10.407914 9.744156 8.958223 8.040512 6.985709 5.794803 4.477054 3.051400 1.546670 0.000000 
50.000000 46.843479 43.719598 40.659983 37.694290 34.849342 32.148412 29.610685 27.250897 25.079194 23.101169 21.318084 19.727239 18.322463 17.094682 16.032535 15.122996 14.351973 13.704858 13.167009 12.724144 12.362649 12.069799 11.833885 11.644270 11.491367 11.366563 11.262101 11.170914 11.086445 11.002443 10.912757 10.811124 10.690979 10.545270 10.366321 10.145737 9.874380 9.542450 9.139692 8.655782 8.080913 7.406627 6.626884 5.739319 4.746565 3.657416 2.487504 1.259130 0.000000 
50.000000 46.697330 43.428810 40.227534 37.124528 34.147858 31.321877 28.666654 26.197612 23.925364 21.855765 19.990133 18.325647 16.855850 15.571251 14.459966 13.508372 12.701733 12.024775 11.462194 10.999068 10.621187 10.315277 10.069149 9.871751 9.713160 9.584510 9.477876 9.386115 9.302694 9.221498 9.136635 9.042249 8.932343 8.800632 8.640432 8.444598 8.205531 7.915282 7.565756 7.149059 6.657998 6.086733 5.431579 4.691878 3.870863 2.976329 2.020925 1.021874 0.000000 
50.000000 46.569802 43.175073 39.850184 36.627361 33.535754 30.600654 27.842908 25.278532 22.918552 20.769047 18.831389 17.102647 15.576117 14.241944 13.087790 12.099509 11.261805 10.558825 9.974690 9.493924 9.101798 8.784569 8.529632 8.325588 8.162234 8.030500 7.922334 7.830556 7.748686 7.670767 7.591177 7.504460 7.405169 7.287735 7.146376 6.975058 6.767514 6.517341 6.218194 5.864074 5.449733 4.971176 4.426240 3.815201 3.141322 2.411240 1.635061 0.826069 0.000000 
50.000000 46.459775 42.956158 39.524621 36.198424 33.007652 29.978410 27.132210 24.485586 22.049915 19.831472 17.831673 16.047496 14.472022 13.095083 11.903948 10.884024 10.019529 9.294116 8.691408 8.195456 7.791086 7.464156 7.201710 6.992056 6.824762 6.690594 6.581411 6.490020 6.410013 6.335596 6.261414 6.182393 6.093590 5.990083 5.866891 5.718938 5.541077 5.328177 5.075284 4.777854 4.432070 4.035216 3.586095 3.085440 2.536262 1.944065 1.316848 0.664849 0.000000 
50.000000 46.365979 42.769536 39.247083 35.832762 32.557454 29.447957 26.526353 23.809613 21.309417 19.032206 16.979436 15.148003 13.530809 12.117416 10.894761 9.847868 8.960545 8.216021 7.597500 7.088630 6.673862 6.338716 6.069943 5.855610 5.685095 5.549039 5.439237 5.348500 5.270503 5.199611 5.130720 5.059102 4.980270 4.889869 4.783607 4.657217 4.506480 4.327288 4.115778 3.868511 3.582710 3.256538 2.889393 2.482183 2.037546 1.559964 1.055728 0.532717 0.000000 
50.000000 46.287060 42.612515 39.013567 35.525100 32.178666 29.001643 26.016596 23.240863 20.686378 18.359723 16.262384 14.391193 12.738897 11.294836 10.045664 8.976086 8.069565 7.308973 6.677164 6.157447 5.733962 5.391947 5.117912 4.899724 4.726611 4.589116 4.478989 4.389060 4.313083 4.245576 4.181662 4.116918 4.047255 3.968804 3.877853 3.770807 3.644197 3.494730 3.319386 3.115555 2.881212 2.615115 2.317017 1.987841 1.629824 1.246572 0.843003 0.425178 0.000000 
50.000000 46.221650 42.482371 38.820021 35.270099 31.864713 28.631724 25.594093 22.769465 20.169984 17.802348 15.668071 13.763928 12.082542 10.613064 9.341918 8.253543 7.331115 6.557215 5.914405 5.385716 4.955031 4.607358 4.329009 4.107691 3.932512 3.793938 3.683694 3.594631 3.520580 3.456195 3.396798 3.338232 3.276743 3.208869 3.131378 3.041219 2.935524 2.811636 2.667180 2.500162 2.309093 2.093134 1.852235 1.587256 1.300053 0.993498 0.671430 0.338508 0.000000 
50.000000 46.168421 42.376464 38.662520 35.062588 31.609229 28.330696 25.250275 22.385858 19.749761 17.348777 15.184441 13.253484 11.548426 10.058267 8.769242 7.665574 6.730207 5.945484 5.293731 4.757756 4.321231 3.968979 3.687156 3.463338 3.286542 3.147178 3.036950 2.948736 2.876436 2.814823 2.759386 2.706193 2.651764 2.592973 2.526973 2.451148 2.363098 2.260659 2.141941 2.005402 1.849936 1.674967 1.480549 1.267446 1.037174 0.792017 0.534965 0.269615 0.000000 
50.000000 46.126142 42.292343 38.537418 34.897765 31.406301 28.091594 24.977185 22.081164 19.415984 16.988513 14.800303 12.848049 11.124189 9.617605 8.314381 7.198568 6.252928 5.459614 4.800765 4.259011 3.817861 3.461992 3.177435 2.951666 2.773633 2.633700 2.523564 2.436126 2.365346 2.306094 2.253999 2.205308 2.156766 2.105510 2.048998 1.984949 1.911325 1.826332 1.728440 1.616437 1.489480 1.347168 1.189604 1.017443 0.831924 0.634862 0.428605 0.215945 0.000000 
50.000000 46.093721 42.227836 38.441487 34.771373 31.250690 27.908242 24.767771 21.847516 19.160034 16.712252 14.505734 12.537150 10.798874 9.279695 7.965584 6.840460 5.886945 5.087045 4.422760 3.876582 3.431895 3.073264 2.786627 2.559386 2.380433 2.240104 2.130091 2.043313 1.973782 1.916445 1.867038 1.821951 1.778100 1.732825 1.683813 1.629039 1.566730 1.495364 1.413674 1.320676 1.215713 1.098493 0.969135 0.828199 0.676703 0.516107 0.348280 0.175428 0.000000 
50.000000 46.070243 42.181122 38.372015 34.679843 31.138000 27.775464 24.616118 21.678314 18.974682 16.512191 14.292416 12.312006 10.563290 9.034992 7.712997 6.581131 5.621914 4.817248 4.149029 3.599651 3.152407 2.791784 2.503651 2.275356 2.095756 1.955164 1.845269 1.759009 1.690431 1.634539 1.587153 1.544762 1.504408 1.463580 1.420128 1.372205 1.318232 1.256873 1.187040 1.107909 1.018941 0.919913 0.810946 0.692524 0.565499 0.431078 0.290793 0.146439 0.000000 
50.000000 46.054996 42.150786 38.326901 34.620403 31.064819 27.689238 24.517636 21.568435 18.854315 16.382273 14.153889 12.165799 10.410304 8.876083 7.548969 6.412726 5.449807 4.642047 3.971274 3.419820 2.970919 2.609006 2.319905 2.090933 1.910921 1.770169 1.660366 1.574460 1.506523 1.451599 1.405559 1.364960 1.326925 1.289038 1.249255 1.205846 1.157350 1.102552 1.040477 0.970397 0.891846 0.804640 0.708897 0.605047 0.493835 0.376306 0.253773 0.127774 0.000000 
50.000000 46.047495 42.135863 38.304707 34.591163 31.028820 27.646821 24.469189 21.514381 18.795103 16.318362 14.085743 12.093875 10.335045 8.797911 7.468279 6.329883 5.365143 4.555861 3.883833 3.331357 2.881642 2.519095 2.229520 2.000217 1.820004 1.679178 1.569424 1.483698 1.416083 1.361644 1.316276 1.276570 1.239691 1.203266 1.165306 1.124136 1.078354 1.026802 0.968560 0.902946 0.829527 0.748139 0.658896 0.562200 0.458744 0.349492 0.235654 0.118639 0.000000 
50.000000 46.047495 42.135863 38.304707 34.591163 31.028820 27.646821 24.469189 21.514381 18.795103 16.318362 14.085743 12.093875 10.335045 8.797911 7.468279 6.329883 5.365143 4.555861 3.883833 3.331357 2.881642 2.519095 2.229520 2.000217 1.820004 1.679178 1.569424 1.483698 1.416083 1.361644 1.316276 1.276570 1.239691 1.203266 1.165306 1.124136 1.078354 1.026802 0.968560 0.902946 0.829527 0.748139 0.658896 0.562200 0.458744 0.349492 0.235654 0.118639 0.000000 
50.000000 46.054996 42.150786 38.326901 34.620403 31.064819 27.689238 24.517636 21.568435 18.854315 16.382273 14.153889 12.165799 10.410304 8.876083 7.548969 6.412726 5.449807 4.642047 3.971274 3.419820 2.970919 2.609006 2.319905 2.090933 1.910921 1.770169 1.660366 1.574460 1.506523 1.451599 1.405559 1.364960 1.326925 1.289038 1.249255 1.205846 1.157350 1.102552 1.040477 0.970397 0.891846 0.804640 0.708897 0.605047 0.493835 0.376306 0.253773 0.127774 0.000000 
50.000000 46.070243 42.181122 38.372015 34.679843 31.138000 27.775464 24.616118 21.678314 18.974682 16.512191 14.292416 12.312006 10.563290 9.034992 7.712997 6.581131 5.621914 4.817248 4.149029 3.599651 3.152407 2.791784 2.503651 2.275356 2.095756 1.955164 1.845269 1.759009 1.690431 1.634539 1.587153 1.544762 1.504408 1.463580 1.420128 1.372205 1.318232 1.256873 1.187040 1.107909 1.018941 0.919913 0.810946 0.692524 0.565499 0.431078 0.290793 0.146439 0.000000 
50.000000 46.093721 42.227836 38.441487 34.771373 31.250690 27.908242 24.767771 21.847516 19.160034 16.712252 14.505734 12.537150 10.798874 9.279695 7.965584 6.840460 5.886945 5.087045 4.422760 3.876582 3.431895 3.073264 2.786627 2.559386 2.380433 2.240104 2.130091 2.043313 1.973782 1.916445 1.867038 1.821951 1.778100 1.732825 1.683813 1.629039 1.566730 1.495364 1.413674 1.320676 1.215713 1.098493 0.969135 0.828199 0.676703 0.516107 0.348280 0.175428 0.000000 
50.000000 46.126142 42.292343 38.537418 34.897765 31.406301 28.091594 24.977185 22.081164 19.415984 16.988513 14.800303 12.848049 11.124189 9.617605 8.314381 7.198568 6.252928 5.459614 4.800765 4.259011 3.817861 3.461992 3.177435 2.951666 2.773633 2.633700 2.523564 2.436126 2.365346 2.306094 2.253999 2.205308 2.156766 2.105510 2.048998 1.984949 1.911325 1.826332 1.728440 1.616437 1.489480 1.347168 1.189604 1.017443 0.831924 0.634862 0.428605 0.215945 0.000000 
50.000000 46.168421 42.376464 38.662520 35.062588 31.609229 28.330696 25.250275 22.385858 19.749761 17.348777 15.184441 13.253484 11.548426 10.058267 8.769242 7.665574 6.730207 5.945484 5.293731 4.757756 4.321231 3.968979 3.687156 3.463338 3.286542 3.147178 3.036950 2.948736 2.876436 2.814823 2.759386 2.706193 2.651764 2.592973 2.526973 2.451148 2.363098 2.260659 2.141941 2.005402 1.849936 1.674967 1.480549 1.267446 1.037174 0.792017 0.534965 0.269615 0.000000 
50.000000 46.221650 42.482371 38.820021 35.270099 31.864713 28.631724 25.594093 22.769465 20.169984 17.802348 15.668071 13.763928 12.082542 10.613064 9.341918 8.253543 7.331115 6.557215 5.914405 5.385716 4.955031 4.607358 4.329009 4.107691 3.932512 3.793938 3.683694 3.594631 3.520580 3.456195 3.396798 3.338232 3.276743 3.208869 3.131378 3.041219 2.935524 2.811636 2.667180 2.500162 2.309093 2.093134 1.852235 1.587256 1.300053 0.993498 0.671430 0.338508 0.000000 
50.000000 46.287060 42.612515 39.013567 35.525100 32.178666 29.001643 26.016596 23.240863 20.686378 18.359723 16.262384 14.391193 12.738897 11.294836 10.045664 8.976086 8.069565 7.308973 6.677164 6.157447 5.733962 5.391947 5.117912 4.899724 4.726611 4.589116 4.478989 4.389060 4.313083 4.245576 4.181662 4.116918 4.047255 3.968804 3.877853 3.770807 3.644197 3.494730 3.319386 3.115555 2.881212 2.615115 2.317017 1.987841 1.629824 1.246572 0.843003 0.425178 0.000000 
50.000000 46.365979 42.769536 39.247083 35.832762 32.557454 29.447957 26.526353 23.809613 21.309417 19.032206 16.979436 15.148003 13.530809 12.117416 10.894761 9.847868 8.960545 8.216021 7.597500 7.088630 6.673862 6.338716 6.069943 5.855610 5.685095 5.549039 5.439237 5.348500 5.270503 5.199611 5.130720 5.059102 4.980270 4.889869 4.783607 4.657217 4.506480 4.327288 4.115778 3.868511 3.582710 3.256538 2.889393 2.482183 2.037546 1.559964 1.055728 0.532717 0.000000 
50.000000 46.459775 42.956158 39.524621 36.198424 33.007652 29.978410 27.132210 24.485586 22.049915 19.831472 17.831673 16.047496 14.472022 13.095083 11.903948 10.884024 10.019529 9.294116 8.691408 8.195456 7.791086 7.464156 7.201710 6.992056 6.824762 6.690594 6.581411 6.490020 6.410013 6.335596 6.261414 6.182393 6.093590 5.990083 5.866891 5.718938 5.541077 5.328177 5.075284 4.777854 4.432070 4.035216 3.586095 3.085440 2.536262 1.944065 1.316848 0.664849 0.000000 
50.000000 46.569802 43.175073 39.850184 36.627361 33.535754 30.600654 27.842908 25.278532 22.918552 20.769047 18.831389 17.102647 15.576117 14.241944 13.087790 12.099509 11.261805 10.558825 9.974690 9.493924 9.101798 8.784569 8.529632 8.325588 8.162234 8.030500 7.922334 7.830556 7.748686 7.670767 7.591177 7.504460 7.405169 7.287735 7.146376 6.975058 6.767514 6.517341 6.218194 5.864074 5.449733 4.971176 4.426240 3.815201 3.141322 2.411240 1.635061 0.826069 0.000000 
50.000000 46.697330 43.428810 40.227534 37.124528 34.147858 31.321877 28.666654 26.197612 23.925364 21.855765 19.990133 18.325647 16.855850 15.571251 14.459966 13.508372 12.701733 12.024775 11.462194 10.999068 10.621187 10.315277 10.069149 9.871751 9.713160 9.584510 9.477876 9.386115 9.302694 9.221498 9.136635 9.042249 8.932343 8.800632 8.640432 8.444598 8.205531 7.915282 7.565756 7.149059 6.657998 6.086733 5.431579 4.691878 3.870863 2.976329 2.020925 1.021874 0.000000 
50.000000 46.843479 43.719598 40.659983 37.694290 34.849342 32.148412 29.610685 27.250897 25.079194 23.101169 21.318084 19.727239 18.322463 17.094682 16.032535 15.122996 14.351973 13.704858 13.167009 12.724144 12.362649 12.069799 11.833885 11.644270 11.491367 11.366563 11.262101 11.170914 11.086445 11.002443 10.912757 10.811124 10.690979 10.545270 10.366321 10.145737 9.874380 9.542450 9.139692 8.655782 8.080913 7.406627 6.626884 5.739319 4.746565 3.657416 2.487504 1.259130 0.000000 
50.000000 47.009149 44.049223 41.150192 38.340151 35.644518 33.085344 30.680804 28.444865 26.387137 24.512920 22.823409 21.316044 19.984978 18.821610 17.815172 16.953316 16.222684 15.609423 15.099644 14.679793 14.336943 14.058995 13.834798 13.654196 13.508001 13.387914 13.286397 13.196508 13.111708 13.025650 12.931952 12.823971 12.694576 12.535932 12.339314 12.094967 11.792021 11.418525 10.961619 10.407914 9.744156 8.958223 8.040512 6.985709 5.794803 4.477054 3.051400 1.546670 0.000000 
50.000000 47.194947 44.418899 41.699962 39.064487 36.536310 34.136116 31.880948 29.783906 27.854003 26.096209 24.511644 23.097907 21.849511 20.758389 19.814438 19.006073 18.320757 17.745489 17.267228 16.873242 16.551378 16.290250 16.079345 15.909062 15.770684 15.656288 15.558620 15.470922 15.386735 15.299671 15.203180 15.090287 14.953341 14.783752 14.571746 14.306147 13.974218 13.561588 13.052344 12.429341 11.674867 10.771766 9.705168 8.464882 7.048401 5.464182 3.734436 1.896285 0.000000 
50.000000 47.401132 44.829136 42.310053 39.868297 37.525952 35.302181 33.212776 31.269872 29.481820 27.853226 26.385124 25.075292 23.918642 22.907700 22.033102 21.284109 20.649101 20.116022 19.672778 19.307552 19.009059 18.766712 18.570720 18.412118 18.282732 18.175091 18.082297 17.997849 17.915443 17.828736 17.731090 17.615296 17.473275 17.295771 17.072033 16.789499 16.433520 15.987134 15.430988 14.743489 13.901330 12.880627 11.658898 10.218158 8.549251 6.657183 4.566453 2.324426 0.000000 
50.000000 47.627553 45.279638 42.980025 40.751001 38.612727 36.582696 34.675324 32.901688 31.269413 29.782700 28.442496 27.246769 26.190877 25.267991 24.469562 23.785783 23.206040 22.719321 22.314571 21.980988 21.708244 21.486643 21.307201 21.161668 21.042495 20.942742 20.855947 20.775953 20.696706 20.612009 20.515258 20.399144 20.255315 20.074016 19.843689 19.550548 19.178137 18.706902 18.113844 17.372345 16.452375 15.321361 13.946174 12.296788 10.352193 8.108747 5.590044 2.855208 0.000000 
50.000000 47.873616 45.769219 43.708114 41.710277 39.793777 37.974293 36.264745 34.675062 33.212077 31.879557 30.678348 29.606629 28.660238 27.833054 27.117412 26.504518 25.984856 25.548546 25.185671 24.886535 24.641861 24.442930 24.281648 24.150567 24.042842 23.952148 23.872547 23.798325 23.723782 23.642998 23.549556 23.436224 23.294595 23.114670 22.884380 22.589035 22.210699 21.727496 21.112886 20.334995 19.356191 18.133256 16.618807 14.764952 12.530588 9.893708 6.868859 3.526009 0.000000 
50.000000 48.138254 46.295758 44.491165 42.741967 41.063983 39.470940 37.974151 36.582308 35.301395 34.134708 33.082989 32.144643 31.316025 30.591773 29.965177 29.428533 28.973505 28.591438 28.273640 28.011611 27.797211 27.622782 27.481206 27.365914 27.270851 27.190389 27.119208 27.052137 26.983957 26.909167 26.821717 26.714676 26.579862 26.407378 26.185073 25.897867 25.526943 25.048750 24.433826 23.645435 22.638161 21.356752 19.735963 17.702825 15.183943 12.121618 8.502641 4.398551 0.000000 
50.000000 48.419923 46.856183 45.324613 43.840056 42.415938 41.063910 39.793573 38.612305 37.525182 36.535004 35.642399 34.846013 34.142751 33.528064 32.996252 32.540778 32.154562 31.830256 31.560475 31.337997 31.155900 31.007666 30.887230 30.788981 30.707729 30.638630 30.577073 30.518538 30.458411 30.391774 30.313137 30.216131 30.093127 29.934764 29.729362 29.462167 29.114387 28.661911 28.073660 27.309423 26.317148 25.029736 23.361850 21.208232 18.447165 14.956593 10.655432 5.582588 0.000000 
50.000000 48.716619 47.446508 46.202526 44.996728 43.840022 42.741868 41.710065 40.750606 39.867615 39.063363 38.338363 37.691513 37.120300 36.621027 36.189066 35.819103 35.505388 35.241947 35.022780 34.842012 34.694015 34.573480 34.475463 34.395382 34.328987 34.272294 34.221489 34.172806 34.122365 34.065987 33.998955 33.915732 33.809605 33.672233 33.493065 33.258561 32.951143 32.547745 32.017781 31.320259 30.399690 29.180338 27.558507 25.393251 22.498497 18.646634 13.609814 7.291400 0.000000 
50.000000 49.025913 48.061897 47.117713 46.202512 45.324570 44.491069 43.707930 42.979699 42.309506 41.699077 41.148800 40.657838 40.224283 39.845331 39.517465 39.236655 38.998532 38.798561 38.632186 38.494944 38.382557 38.290988 38.216473 38.155519 38.104878 38.061496 38.022435 37.984778 37.945495 37.901297 37.848438 37.782478 37.697986 37.588140 37.444214 37.254857 37.005097 36.674896 36.237008 35.653736 34.871895 33.814853 32.369873 30.368259 27.556065 23.558917 17.870860 9.985797 0.000000 
50.000000 49.345004 48.696781 48.061892 47.446493 46.856147 46.295684 45.769085 45.279408 44.828756 44.418291 44.048273 43.718139 43.426607 43.171789 42.951323 42.762496 42.602371 42.467898 42.356011 42.263707 42.188107 42.126493 42.076328 42.035256 42.001082 41.971736 41.945222 41.919548 41.892635 41.862210 41.825669 41.779907 41.721093 41.644385 41.543530 41.410314 41.233768 40.998980 40.685264 40.263243 39.689988 38.900641 37.793319 36.200897 33.836799 30.191109 24.348413 14.790727 0.000000 
50.000000 49.670800 49.345003 49.025909 48.716610 48.419902 48.138214 47.873546 47.627434 47.400937 47.194638 47.008667 46.842741 46.696217 46.568145 46.457338 46.362433 46.281952 46.214363 46.158125 46.111727 46.073722 46.042742 46.017511 45.996842 45.979628 45.964825 45.951423 45.938410 45.924729 45.909218 45.890543 45.867103 45.836918 45.797470 45.745494 45.676669 45.585183 45.463053 45.299058 45.076981 44.772537 44.347742 43.739800 42.837404 41.425269 39.040150 34.554298 24.835405 0.000000 
50.000000 50.000000 50.000000 50.000000 50.000000 50.000000 50.000000 50.000000 50.000000 50.000000 50.000000 50.000000 50.000000 50.000000 50.000000 50.000000 50.000000 50.000000 50.000000 50.000000 50.000000 50.000000 50.000000 50.000000 50.000000 50.000000 50.000000 50.000000 50.000000 50.000000 50.000000 50.000000 50.000000 50.000000 50.000000 50.000000 50.000000 50.000000 50.000000 50.000000 50.000000 50.000000 50.000000 50.000000 50.000000 50.000000 50.000000 50.000000 50.000000 50.000000 
