50.000000 50.000000 50.000000 50.000000 50.000000 50.000000 50.000000 50.000000 50.000000 50.000000 50.000000 50.000000 50.000000 50.000000 50.000000 50.000000 50.000000 50.000000 50.000000 50.000000 50.000000 50.000000 50.000000 50.000000 50.000000 50.000000 50.000000 50.000000 50.000000 50.000000 50.000000 50.000000 50.000000 50.000000 50.000000 50.000000 50.000000 50.000000 50.000000 50.000000 50.000000 50.000000 50.000000 50.000000 50.000000 50.000000 50.000000 50.000000 50.000000 50.000000 
50.000000 49.317984 48.650575 48.011440 47.412471 46.863134 46.370059 45.936898 45.564445 45.250966 44.992686 44.784353 44.619822 44.492588 44.396233 44.324767 44.272846 44.235893 44.210123 44.192513 44.180717 44.172969 44.167973 44.164801 44.162802 44.161525 44.160648 44.159933 44.159170 44.158140 44.156560 44.154030 44.149951 44.143416 44.133056 44.116815 44.091629 44.052939 43.993969 43.904593 43.769495 43.565028 43.253489 42.771953 42.008515 40.746795 38.521972 34.204272 24.658992 0.000000 
50.000000 48.650575 47.330049 46.065467 44.880358 43.793450 42.817861 41.960817 41.223890 40.603648 40.092621 39.680419 39.354883 39.103141 38.912498 38.771098 38.668369 38.595254 38.544268 38.509425 38.486087 38.470757 38.460872 38.454598 38.450647 38.448125 38.446400 38.445001 38.443522 38.441536 38.438500 38.433649 38.425836 38.413338 38.393557 38.362609 38.314728 38.241397 38.130057 37.962156 37.710077 37.332125 36.763998 35.903551 34.582492 32.512109 29.179408 23.665025 14.446303 0.000000 
50.000000 48.011440 46.065467 44.201935 42.455518 40.853816 39.416155 38.153190 37.067233 36.153229 35.400167 34.792737 34.313020 33.942049 33.661115 33.452746 33.301364 33.193622 33.118489 33.067146 33.032755 33.010166 32.995601 32.986359 32.980544 32.976840 32.974321 32.972301 32.970192 32.967388 32.963128 32.956339 32.945433 32.928026 32.900548 32.857691 32.791635 32.690940 32.538958 32.311510 31.973428 31.473298 30.735279 29.646256 28.035841 25.647015 22.100967 16.886059 9.489468 0.000000 
50.000000 47.412471 44.880358 42.455518 40.183072 38.098930 36.228242 34.584870 33.171824 31.982525 31.002645 30.212262 29.588060 29.105359 28.739812 28.468687 28.271713 28.131522 28.033762 27.966957 27.922210 27.892820 27.873873 27.861854 27.854300 27.849501 27.846264 27.843704 27.841082 27.837646 27.832467 27.824249 27.811091 27.790155 27.757218 27.706056 27.627583 27.508675 27.330534 27.066429 26.678544 26.113608 25.296870 24.124146 22.452351 20.091536 16.808503 12.368249 6.665676 0.000000 
50.000000 46.863134 43.793450 40.853816 38.098930 35.572327 33.304499 31.312248 29.599223 28.157447 26.969551 26.011383 25.254675 24.669508 24.226365 23.897689 23.658905 23.488958 23.370448 23.289464 23.235222 23.199596 23.176633 23.162073 23.152933 23.147147 23.143279 23.140277 23.137275 23.133416 23.127659 23.118579 23.104099 23.081147 23.045186 22.989593 22.904808 22.777218 22.587671 22.309555 21.906338 21.328525 20.510145 19.365276 17.786164 15.646579 12.817974 9.210959 4.854620 0.000000 
50.000000 46.370059 42.817861 39.416155 36.228242 33.304499 30.680209 28.374816 26.392542 24.724157 23.349558 22.240796 21.365161 20.688029 20.175245 19.794917 19.518609 19.321956 19.184825 19.091118 19.028354 18.987135 18.960570 18.943735 18.933181 18.926527 18.922124 18.918780 18.915534 18.911460 18.905467 18.896082 18.881188 18.857682 18.821024 18.764653 18.679215 18.551591 18.363670 18.090883 17.700514 17.149933 16.385099 15.340105 13.939223 12.104096 9.769899 6.914309 3.598106 0.000000 
50.000000 45.936898 41.960817 38.153190 34.584870 31.312248 28.374816 25.794339 23.575541 21.708090 20.169483 18.928436 17.948333 17.190419 16.616461 16.190764 15.881496 15.661387 15.507901 15.403018 15.332771 15.286640 15.256916 15.238087 15.226301 15.218902 15.214062 15.210472 15.207108 15.203009 15.197082 15.187885 15.173373 15.150579 15.115209 15.061124 14.979681 14.858948 14.682762 14.429713 14.072127 13.575270 12.897169 11.989717 10.802103 9.288000 7.417911 5.196819 2.683409 0.000000 
50.000000 45.564445 41.223890 37.067233 33.171824 29.599223 26.392542 23.575541 21.153377 19.114768 17.435148 16.080364 15.010443 14.183076 13.556525 13.091823 12.754220 12.513946 12.346399 12.231910 12.155231 12.104880 12.072441 12.051905 12.039069 12.031046 12.025859 12.022111 12.018734 12.014766 12.009151 12.000533 11.987024 11.965918 11.933339 11.883807 11.809711 11.700697 11.543006 11.318822 11.005757 10.576689 10.000271 9.242610 8.270697 7.058217 5.593935 3.891765 1.999417 0.000000 
50.000000 45.250966 40.603649 36.153229 31.982525 28.157447 24.724157 21.708090 19.114768 16.932110 15.133815 13.683311 12.537801 11.651986 10.981176 10.483650 10.122203 9.864960 9.685582 9.563011 9.480920 9.427019 9.392300 9.370331 9.356620 9.348088 9.342635 9.338800 9.335493 9.331770 9.326640 9.318874 9.306792 9.288023 9.259208 9.215651 9.150915 9.056373 8.920762 8.729812 8.466056 8.109011 7.635963 7.023643 6.251110 5.303982 4.179801 2.893572 1.481471 0.000000 
50.000000 44.992686 40.092622 35.400167 31.002646 26.969552 23.349558 20.169484 17.435149 15.133815 13.237748 11.708387 10.500606 9.566641 8.859371 8.334806 7.953717 7.682498 7.493375 7.364146 7.277599 7.220775 7.184180 7.161035 7.146611 7.137672 7.132024 7.128158 7.124975 7.121568 7.117026 7.110264 7.099839 7.083742 7.059165 7.022229 6.967676 6.888567 6.775989 6.618875 6.404005 6.116329 5.739771 5.258676 4.659998 3.936217 3.088658 2.130465 1.088093 0.000000 
50.000000 44.784353 39.680420 34.792737 30.212263 26.011384 22.240797 18.928437 16.080366 13.683312 11.708388 10.115427 8.857424 7.884625 7.147952 6.601581 6.204653 5.922162 5.725181 5.590584 5.500445 5.441266 5.403160 5.379069 5.364077 5.354821 5.349035 5.345176 5.342150 5.339090 5.335174 5.329465 5.320757 5.307400 5.287122 5.256817 5.212330 5.148244 5.057717 4.932403 4.762553 4.537362 4.245677 3.877129 3.423714 2.881730 2.253780 1.550363 0.790385 0.000000 
50.000000 44.619823 39.354884 34.313022 29.588062 25.254678 21.365164 17.948337 15.010447 12.537805 10.500610 8.857426 7.559766 6.556304 5.796414 5.232826 4.823392 4.532002 4.328818 4.189983 4.097008 4.035970 3.996673 3.971839 3.956403 3.946906 3.941025 3.937199 3.934341 3.931629 3.928324 3.923634 3.916573 3.905823 3.889597 3.865481 3.830281 3.779890 3.709191 3.612050 3.481438 3.309755 3.089393 2.813577 2.477463 2.079390 1.622083 1.113488 0.566884 0.000000 
50.000000 44.492589 39.103144 33.942053 29.105364 24.669514 20.688036 17.190427 14.183084 11.651995 9.566649 7.884633 6.556310 5.529140 4.751300 4.174401 3.755299 3.457030 3.249049 3.106940 3.011773 2.949299 2.909082 2.883676 2.867900 2.858224 2.852283 2.848501 2.845807 2.843419 2.840677 2.836915 2.831342 2.822933 2.810315 2.791662 2.764586 2.726049 2.672318 2.598985 2.501089 2.373383 2.210753 2.008828 1.764712 1.477786 1.150423 0.788418 0.400961 0.000000 
50.000000 44.396236 38.912503 33.661123 28.739823 24.226378 20.175260 16.616478 13.556543 10.981195 8.859390 7.147971 5.796430 4.751311 3.959880 3.372903 2.946482 2.643005 2.431394 2.286805 2.189979 2.126419 2.085507 2.059670 2.043640 2.033833 2.027855 2.024123 2.021578 2.019475 2.017224 2.014267 2.009976 2.003569 1.994018 1.979974 1.959692 1.930981 1.891179 1.837184 1.765564 1.672754 1.555371 1.410622 1.236799 1.033778 0.803440 0.549900 0.279424 0.000000 
50.000000 44.324773 38.771109 33.452763 28.468709 23.897716 19.794948 16.190798 13.091860 10.483689 8.334847 6.601622 5.232865 4.174436 3.372927 2.778479 2.346630 2.039292 1.824990 1.678563 1.580508 1.516142 1.474715 1.448560 1.432344 1.422444 1.416445 1.412760 1.410344 1.408483 1.406642 1.404352 1.401121 1.396358 1.389309 1.379001 1.364188 1.343323 1.314548 1.275725 1.224522 1.158558 1.075623 0.973954 0.852557 0.711513 0.552232 0.377564 0.191723 0.000000 
50.000000 44.272858 38.668392 33.301398 28.271757 23.658958 19.518671 15.881565 12.754295 10.122282 7.953800 6.204738 4.823476 3.755379 2.946552 2.346677 1.910887 1.600745 1.384489 1.236727 1.137779 1.072830 1.031030 1.004644 0.988295 0.978329 0.972320 0.968677 0.966367 0.964702 0.963191 0.961435 0.959047 0.955585 0.950507 0.943121 0.932560 0.917753 0.897429 0.870144 0.834340 0.788452 0.731056 0.661051 0.577865 0.481646 0.373406 0.255077 0.129454 0.000000 
50.000000 44.235916 38.595300 33.193689 28.131610 23.489064 19.322079 15.661524 12.514094 9.865118 7.682663 5.922332 4.532174 3.457200 2.643166 2.039430 1.600837 1.288701 1.071054 0.922344 0.822762 0.757397 0.715332 0.688783 0.672340 0.662330 0.656316 0.652709 0.650483 0.648970 0.647715 0.646373 0.644633 0.642168 0.638590 0.633419 0.626061 0.615790 0.601753 0.582993 0.558485 0.527219 0.488288 0.441013 0.385071 0.320607 0.248324 0.169509 0.085988 0.000000 
50.000000 44.210169 38.544357 33.118621 28.033933 23.370655 19.185064 15.508167 12.346688 9.685891 7.493698 5.725515 4.329158 3.249391 2.431730 1.825305 1.384758 1.071232 0.852618 0.703246 0.603222 0.537568 0.495319 0.468657 0.452149 0.442109 0.436094 0.432515 0.430354 0.428957 0.427895 0.426861 0.425604 0.423879 0.421410 0.417868 0.412852 0.405880 0.396392 0.383760 0.367327 0.346445 0.320548 0.289221 0.252283 0.209856 0.162414 0.110799 0.056184 0.000000 
50.000000 44.192600 38.509598 33.067399 27.967286 23.289862 19.091576 15.403529 12.232465 9.563602 7.364766 5.591227 4.190641 3.107605 2.287468 1.679209 1.237330 0.922857 0.703582 0.553759 0.453434 0.387583 0.345208 0.318469 0.301918 0.291859 0.285845 0.282287 0.280173 0.278861 0.277939 0.277130 0.276222 0.275029 0.273355 0.270977 0.267627 0.262990 0.256703 0.248364 0.237555 0.223870 0.206957 0.186567 0.162600 0.135148 0.104525 0.071270 0.036128 0.000000 
50.000000 44.180882 38.486412 33.033233 27.922830 23.235971 19.029217 15.333733 12.156276 9.482034 7.278768 5.501656 4.098250 3.013034 2.191248 1.581765 1.138998 0.823893 0.604178 0.454055 0.353528 0.287546 0.245088 0.218298 0.201717 0.191646 0.185633 0.182091 0.180011 0.178759 0.177936 0.177285 0.176623 0.175802 0.174682 0.173110 0.170910 0.167879 0.163785 0.158373 0.151380 0.142557 0.131687 0.118621 0.103305 0.085804 0.066323 0.045202 0.022907 0.000000 
50.000000 44.173274 38.471360 33.011052 27.893969 23.200984 18.988734 15.288422 12.106815 9.429081 7.222939 5.443509 4.038272 2.951641 2.128783 1.518507 1.075163 0.759648 0.539648 0.389330 0.288673 0.222605 0.180093 0.153270 0.136671 0.126592 0.120581 0.117050 0.114993 0.113782 0.113027 0.112483 0.111987 0.111418 0.110670 0.109640 0.108209 0.106248 0.103608 0.100131 0.095652 0.090018 0.083096 0.074799 0.065097 0.054036 0.041746 0.028440 0.014409 0.000000 
50.000000 44.168528 38.461970 32.997215 27.875966 23.179161 18.963482 15.260158 12.075963 9.396051 7.188115 5.407239 4.000860 2.913347 2.089822 1.479050 1.035347 0.719576 0.499398 0.348958 0.248220 0.182099 0.139553 0.112710 0.096100 0.086016 0.080006 0.076482 0.074441 0.073257 0.072545 0.072071 0.071682 0.071275 0.070767 0.070083 0.069145 0.067865 0.066149 0.063896 0.061004 0.057375 0.052929 0.047613 0.041412 0.034356 0.026529 0.018067 0.009151 0.000000 
50.000000 44.165796 38.456564 32.989249 27.865601 23.166596 18.948943 15.243886 12.058200 9.377035 7.168066 5.386357 3.979321 2.891300 2.067390 1.456333 1.012424 0.696506 0.476225 0.325715 0.224930 0.158779 0.116214 0.089358 0.072742 0.062655 0.056646 0.053127 0.051095 0.049926 0.049241 0.048808 0.048482 0.048171 0.047805 0.047325 0.046674 0.045793 0.044616 0.043076 0.041105 0.038638 0.035623 0.032026 0.027839 0.023084 0.017818 0.012130 0.006143 0.000000 
50.000000 44.164554 38.454107 32.985628 27.860890 23.160884 18.942334 15.236489 12.050126 9.368391 7.158953 5.376865 3.969531 2.881279 2.057194 1.446008 1.002004 0.686019 0.465692 0.315150 0.214344 0.148179 0.105605 0.078744 0.062125 0.052037 0.046028 0.042511 0.040483 0.039323 0.038650 0.038235 0.037939 0.037672 0.037370 0.036984 0.036467 0.035768 0.034839 0.033625 0.032074 0.030137 0.027775 0.024960 0.021689 0.017978 0.013872 0.009442 0.004781 0.000000 
50.000000 44.164554 38.454107 32.985628 27.860890 23.160884 18.942334 15.236489 12.050126 9.368391 7.158953 5.376865 3.969531 2.881279 2.057194 1.446008 1.002004 0.686019 0.465692 0.315150 0.214344 0.148179 0.105605 0.078744 0.062125 0.052037 0.046028 0.042511 0.040483 0.039323 0.038650 0.038235 0.037939 0.037672 0.037370 0.036984 0.036467 0.035768 0.034839 0.033625 0.032074 0.030137 0.027775 0.024960 0.021689 0.017978 0.013872 0.009442 0.004781 0.000000 
50.000000 44.165796 38.456564 32.989249 27.865601 23.166596 18.948943 15.243886 12.058200 9.377035 7.168066 5.386357 3.979321 2.891300 2.067390 1.456333 1.012424 0.696506 0.476225 0.325715 0.224930 0.158779 0.116214 0.089358 0.072742 0.062655 0.056646 0.053127 0.051095 0.049926 0.049241 0.048808 0.048482 0.048171 0.047805 0.047325 0.046674 0.045793 0.044616 0.043076 0.041105 0.038638 0.035623 0.032026 0.027839 0.023084 0.017818 0.012130 0.006143 0.000000 
50.000000 44.168528 38.461970 32.997215 27.875966 23.179161 18.963482 15.260158 12.075963 9.396051 7.188115 5.407239 4.000860 2.913347 2.089822 1.479050 1.035347 0.719576 0.499398 0.348958 0.248220 0.182099 0.139553 0.112710 0.096100 0.086016 0.080006 0.076482 0.074441 0.073257 0.072545 0.072071 0.071682 0.071275 0.070767 0.070083 0.069145 0.067865 0.066149 0.063896 0.061004 0.057375 0.052929 0.047613 0.041412 0.034356 0.026529 0.018067 0.009151 0.000000 
50.000000 44.173274 38.471360 33.011052 27.893969 23.200984 18.988734 15.288422 12.106815 9.429081 7.222939 5.443509 4.038272 2.951641 2.128783 1.518507 1.075163 0.759648 0.539648 0.389330 0.288673 0.222605 0.180093 0.153270 0.136671 0.126592 0.120581 0.117050 0.114993 0.113782 0.113027 0.112483 0.111987 0.111418 0.110670 0.109640 0.108209 0.106248 0.103608 0.100131 0.095652 0.090018 0.083096 0.074799 0.065097 0.054036 0.041746 0.028440 0.014409 0.000000 
50.000000 44.180882 38.486412 33.033233 27.922830 23.235971 19.029217 15.333733 12.156276 9.482034 7.278768 5.501656 4.098250 3.013034 2.191248 1.581765 1.138998 0.823893 0.604178 0.454055 0.353528 0.287546 0.245088 0.218298 0.201717 0.191646 0.185633 0.182091 0.180011 0.178759 0.177936 0.177285 0.176623 0.175802 0.174682 0.173110 0.170910 0.167879 0.163785 0.158373 0.151380 0.142557 0.131687 0.118621 0.103305 0.085804 0.066323 0.045202 0.022907 0.000000 
50.000000 44.192600 38.509598 33.067399 27.967286 23.289862 19.091576 15.403529 12.232465 9.563602 7.364766 5.591227 4.190641 3.107605 2.287468 1.679209 1.237330 0.922857 0.703582 0.553759 0.453434 0.387583 0.345208 0.318469 0.301918 0.291859 0.285845 0.282287 0.280173 0.278861 0.277939 0.277130 0.276222 0.275029 0.273355 0.270977 0.267627 0.262990 0.256703 0.248364 0.237555 0.223870 0.206957 0.186567 0.162600 0.135148 0.104525 0.071270 0.036128 0.000000 
50.000000 44.210169 38.544357 33.118621 28.033933 23.370655 19.185064 15.508167 12.346688 9.685891 7.493698 5.725515 4.329158 3.249391 2.431730 1.825305 1.384758 1.071232 0.852618 0.703246 0.603222 0.537568 0.495319 0.468657 0.452149 0.442109 0.436094 0.432515 0.430354 0.428957 0.427895 0.426861 0.425604 0.423879 0.421410 0.417868 0.412852 0.405880 0.396392 0.383760 0.367327 0.346445 0.320548 0.289221 0.252283 0.209856 0.162414 0.110799 0.056184 0.000000 
50.000000 44.235916 38.595300 33.193689 28.131610 23.489064 19.322079 15.661524 12.514094 9.865118 7.682663 5.922332 4.532174 3.457200 2.643166 2.039430 1.600837 1.288701 1.071054 0.922344 0.822762 0.757397 0.715332 0.688783 0.672340 0.662330 0.656316 0.652709 0.650483 0.648970 0.647715 0.646373 0.644633 0.642168 0.638590 0.633419 0.626061 0.615790 0.601753 0.582993 0.558485 0.527219 0.488288 0.441013 0.385071 0.320607 0.248324 0.169509 0.085988 0.000000 
50.000000 44.272858 38.668392 33.301398 28.271757 23.658958 19.518671 15.881565 12.754295 10.122282 7.953800 6.204738 4.823476 3.755379 2.946552 2.346677 1.910887 1.600745 1.384489 1.236727 1.137779 1.072830 1.031030 1.004644 0.988295 0.978329 0.972320 0.968677 0.966367 0.964702 0.963191 0.961435 0.959047 0.955585 0.950507 0.943121 0.932560 0.917753 0.897429 0.870144 0.834340 0.788452 0.731056 0.661051 0.577865 0.481646 0.373406 0.255077 0.129454 0.000000 
50.000000 44.324773 38.771109 33.452763 28.468709 23.897716 19.794948 16.190798 13.091860 10.483689 8.334847 6.601622 5.232865 4.174436 3.372927 2.778479 2.346630 2.039292 1.824990 1.678563 1.580508 1.516142 1.474715 1.448560 1.432344 1.422444 1.416445 1.412760 1.410344 1.408483 1.406642 1.404352 1.401121 1.396358 1.389309 1.379001 1.364188 1.343323 1.314548 1.275725 1.224522 1.158558 1.075623 0.973954 0.852557 0.711513 0.552232 0.377564 0.191723 0.000000 
50.000000 44.396236 38.912503 33.661123 28.739823 24.226378 20.175260 16.616478 13.556543 10.981195 8.859390 7.147971 5.796430 4.751311 3.959880 3.372903 2.946482 2.643005 2.431394 2.286805 2.189979 2.126419 2.085507 2.059670 2.043640 2.033833 2.027855 2.024123 2.021578 2.019475 2.017224 2.014267 2.009976 2.003569 1.994018 1.979974 1.959692 1.930981 1.891179 1.837184 1.765564 1.672754 1.555371 1.410622 1.236799 1.033778 0.803440 0.549900 0.279424 0.000000 
50.000000 44.492589 39.103144 33.942053 29.105364 24.669514 20.688036 17.190427 14.183084 11.651995 9.566649 7.884633 6.556310 5.529140 4.751300 4.174401 3.755299 3.457030 3.249049 3.106940 3.011773 2.949299 2.909082 2.883676 2.867900 2.858224 2.852283 2.848501 2.845807 2.843419 2.840677 2.836915 2.831342 2.822933 2.810315 2.791662 2.764586 2.726049 2.672318 2.598985 2.501089 2.373383 2.210753 2.008828 1.764712 1.477786 1.150423 0.788418 0.400961 0.000000 
50.000000 44.619823 39.354884 34.313022 29.588062 25.254678 21.365164 17.948337 15.010447 12.537805 10.500610 8.857426 7.559766 6.556304 5.796414 5.232826 4.823392 4.532002 4.328818 4.189983 4.097008 4.035970 3.996673 3.971839 3.956403 3.946906 3.941025 3.937199 3.934341 3.931629 3.928324 3.923634 3.916573 3.905823 3.889597 3.865481 3.830281 3.779890 3.709191 3.612050 3.481438 3.309755 3.089393 2.813577 2.477463 2.079390 1.622083 1.113488 0.566884 0.000000 
50.000000 44.784353 39.680420 34.792737 30.212263 26.011384 22.240797 18.928437 16.080366 13.683312 11.708388 10.115427 8.857424 7.884625 7.147952 6.601581 6.204653 5.922162 5.725181 5.590584 5.500445 5.441266 5.403160 5.379069 5.364077 5.354821 5.349035 5.345176 5.342150 5.339090 5.335174 5.329465 5.320757 5.307400 5.287122 5.256817 5.212330 5.148244 5.057717 4.932403 4.762553 4.537362 4.245677 3.877129 3.423714 2.881730 2.253780 1.550363 0.790385 0.000000 
50.000000 44.992686 40.092622 35.400167 31.002646 26.969552 23.349558 20.169484 17.435149 15.133815 13.237748 11.708387 10.500606 9.566641 8.859371 8.334806 7.953717 7.682498 7.493375 7.364146 7.277599 7.220775 7.184180 7.161035 7.146611 7.137672 7.132024 7.128158 7.124975 7.121568 7.117026 7.110264 7.099839 7.083742 7.059165 7.022229 6.967676 6.888567 6.775989 6.618875 6.404005 6.116329 5.739771 5.258676 4.659998 3.936217 3.088658 2.130465 1.088093 0.000000 
50.000000 45.250966 40.603649 36.153229 31.982525 28.157447 24.724157 21.708090 19.114768 16.932110 15.133815 13.683311 12.537801 11.651986 10.981176 10.483650 10.122203 9.864960 9.685582 9.563011 9.480920 9.427019 9.392300 9.370331 9.356620 9.348088 9.342635 9.338800 9.335493 9.331770 9.326640 9.318874 9.306792 9.288023 9.259208 9.215651 9.150915 9.056373 8.920762 8.729812 8.466056 8.109011 7.635963 7.023643 6.251110 5.303982 4.179801 2.893572 1.481471 0.000000 
50.000000 45.564445 41.223890 37.067233 33.171824 29.599223 26.392542 23.575541 21.153377 19.114768 17.435148 16.080364 15.010443 14.183076 13.556525 13.091823 12.754220 12.513946 12.346399 12.231910 12.155231 12.104880 12.072441 12.051905 12.039069 12.031046 12.025859 12.022111 12.018734 12.014766 12.009151 12.000533 11.987024 11.965918 11.933339 11.883807 11.809711 11.700697 11.543006 11.318822 11.005757 10.576689 10.000271 9.242610 8.270697 7.058217 5.593935 3.891765 1.999417 0.000000 
50.000000 45.936898 41.960817 38.153190 34.584870 31.312248 28.374816 25.794339 23.575541 21.708090 20.169483 18.928436 17.948333 17.190419 16.616461 16.190764 15.881496 15.661387 15.507901 15.403018 15.332771 15.286640 15.256916 15.238087 15.226301 15.218902 15.214062 15.210472 15.207108 15.203009 15.197082 15.187885 15.173373 15.150579 15.115209 15.061124 14.979681 14.858948 14.682762 14.429713 14.072127 13.575270 12.897169 11.989717 10.802103 9.288000 7.417911 5.196819 2.683409 0.000000 
50.000000 46.370059 42.817861 39.416155 36.228242 33.304499 30.680209 28.374816 26.392542 24.724157 23.349558 22.240796 21.365161 20.688029 20.175245 19.794917 19.518609 19.321956 19.184825 19.091118 19.028354 18.987135 18.960570 18.943735 18.933181 18.926527 18.922124 18.918780 18.915534 18.911460 18.905467 18.896082 18.881188 18.857682 18.821024 18.764653 18.679215 18.551591 18.363670 18.090883 17.700514 17.149933 16.385099 15.340105 13.939223 12.104096 9.769899 6.914309 3.598106 0.000000 
50.000000 46.863134 43.793450 40.853816 38.098930 35.572327 33.304499 31.312248 29.599223 28.157447 26.969551 26.011383 25.254675 24.669508 24.226365 23.897689 23.658905 23.488958 23.370448 23.289464 23.235222 23.199596 23.176633 23.162073 23.152933 23.147147 23.143279 23.140277 23.137275 23.133416 23.127659 23.118579 23.104099 23.081147 23.045186 22.989593 22.904808 22.777218 22.587671 22.309555 21.906338 21.328525 20.510145 19.365276 17.786164 15.646579 12.817974 9.210959 4.854620 0.000000 
50.000000 47.412471 44.880358 42.455518 40.183072 38.098930 36.228242 34.584870 33.171824 31.982525 31.002645 30.212262 29.588060 29.105359 28.739812 28.468687 28.271713 28.131522 28.033762 27.966957 27.922210 27.892820 27.873873 27.861854 27.854300 27.849501 27.846264 27.843704 27.841082 27.837646 27.832467 27.824249 27.811091 27.790155 27.757218 27.706056 27.627583 27.508675 27.330534 27.066429 26.678544 26.113608 25.296870 24.124146 22.452351 20.091536 16.808503 12.368249 6.665676 0.000000 
50.000000 48.011440 46.065467 44.201935 42.455518 40.853816 39.416155 38.153190 37.067233 36.153229 35.400167 34.792737 34.313020 33.942049 33.661115 33.452746 33.301364 33.193622 33.118489 33.067146 33.032755 33.010166 32.995601 32.986359 32.980544 32.976840 32.974321 32.972301 32.970192 32.967388 32.963128 32.956339 32.945433 32.928026 32.900548 32.857691 32.791635 32.690940 32.538958 32.311510 31.973428 31.473298 30.735279 29.646256 28.035841 25.647015 22.100967 16.886059 9.489468 0.000000 
50.000000 48.650575 47.330049 46.065467 44.880358 43.793450 42.817861 41.960817 41.223890 40.603648 40.092621 39.680419 39.354883 39.103141 38.912498 38.771098 38.668369 38.595254 38.544268 38.509425 38.486087 38.470757 38.460872 38.454598 38.450647 38.448125 38.446400 38.445001 38.443522 38.441536 38.438500 38.433649 38.425836 38.413338 38.393557 38.362609 38.314728 38.241397 38.130057 37.962156 37.710077 37.332125 36.763998 35.903551 34.582492 32.512109 29.179408 23.665025 14.446303 0.000000 
50.000000 49.317984 48.650575 48.011440 47.412471 46.863134 46.370059 45.936898 45.564445 45.250966 44.992686 44.784353 44.619822 44.492588 44.396233 44.324767 44.272846 44.235893 44.210123 44.192513 44.180717 44.172969 44.167973 44.164801 44.162802 44.161525 44.160648 44.159933 44.159170 44.158140 44.156560 44.154030 44.149951 44.143416 44.133056 44.116815 44.091629 44.052939 43.993969 43.904593 43.769495 43.565028 43.253489 42.771953 42.008515 40.746795 38.521972 34.204272 24.658992 0.000000 
50.000000 50.000000 50.000000 50.000000 50.000000 50.000000 50.000000 50.000000 50.000000 50.000000 50.000000 50.000000 50.000000 50.000000 50.000000 50.000000 50.000000 50.000000 50.000000 50.000000 50.000000 50.000000 50.000000 50.000000 50.000000 50.000000 50.000000 50.000000 50.000000 50.000000 50.000000 50.000000 50.000000 50.000000 50.000000 50.000000 50.000000 50.000000 50.000000 50.000000 50.000000 50.000000 50.000000 50.000000 50.000000 50.000000 50.000000 50.000000 50.000000 50.000000 
