50.000000 50.000000 50.000000 50.000000 50.000000 50.000000 50.000000 50.000000 50.000000 50.000000 50.000000 50.000000 50.000000 50.000000 50.000000 50.000000 50.000000 50.000000 50.000000 50.000000 50.000000 50.000000 50.000000 50.000000 50.000000 50.000000 50.000000 50.000000 50.000000 50.000000 50.000000 50.000000 50.000000 50.000000 50.000000 50.000000 50.000000 50.000000 50.000000 50.000000 50.000000 50.000000 50.000000 50.000000 50.000000 50.000000 50.000000 50.000000 50.000000 50.000000 
50.000000 49.714510 49.431580 49.153701 48.883229 48.622328 48.372911 48.136610 47.914737 47.708274 47.517865 47.343827 47.186167 47.044608 46.918626 46.807483 46.710276 46.625970 46.553442 46.491517 46.438993 46.394674 46.357380 46.325963 46.299312 46.276340 46.255983 46.237171 46.218807 46.199721 46.178625 46.154044 46.124237 46.087079 46.039915 45.979348 45.900945 45.798792 45.664829 45.487783 45.251409 44.931426 44.489883 43.864046 42.942705 41.510699 39.104933 34.597832 24.857277 0.000000 
50.000000 49.431582 48.868262 48.314998 47.776484 47.257022 46.760429 46.289947 45.848193 45.437120 45.058013 44.711501 44.397597 44.115752 43.864919 43.643635 43.450097 43.282249 43.137855 43.014573 42.910016 42.821802 42.747586 42.685089 42.632098 42.586463 42.546073 42.508816 42.472525 42.434901 42.393418 42.345200 42.286856 42.214273 42.122335 42.004533 41.852424 41.654844 41.396726 41.057280 40.607074 40.003187 39.180823 38.038228 36.408462 34.005195 30.318807 24.434225 14.833839 0.000000 
50.000000 49.153712 48.315013 47.491287 46.689520 45.916120 45.176768 44.476293 43.818588 43.206563 42.642131 42.126228 41.658876 41.239255 40.865809 40.536358 40.248221 39.998336 39.783378 39.599863 39.444240 39.312967 39.202563 39.109642 39.030926 38.963231 38.903442 38.848450 38.795078 38.739971 38.679467 38.609415 38.524959 38.420247 38.288056 38.119281 37.902234 37.621657 37.257283 36.781711 36.157165 35.330468 34.225080 32.728453 30.672162 27.802619 23.745883 17.996499 10.048918 0.000000 
50.000000 48.883259 47.776532 46.689563 45.631571 44.611012 43.635381 42.711052 41.843162 41.035551 40.290741 39.609973 38.993271 38.439556 37.946775 37.512054 37.131856 36.802144 36.518532 36.276429 36.071156 35.898050 35.752528 35.630143 35.526592 35.437710 35.359431 35.287718 35.218464 35.147367 35.069757 34.980391 34.873187 34.740889 34.574629 34.363366 34.093120 33.745941 33.298468 32.719910 31.969174 30.990776 29.709103 28.020696 25.784962 22.816287 18.887619 13.771752 7.372758 0.000000 
50.000000 48.622390 47.257133 45.916251 44.611114 43.352155 42.148619 41.008369 39.937744 38.941479 38.022687 37.182897 36.422142 35.739091 35.131214 34.594965 34.125985 33.719297 33.369498 33.070930 32.817835 32.604471 32.425209 32.274587 32.147336 32.038371 31.942745 31.855573 31.771921 31.686658 31.594271 31.488630 31.362704 31.208204 31.015131 30.771211 30.461162 30.065734 29.560464 28.914023 28.086076 27.024575 25.662567 23.914997 21.677027 18.827490 15.244998 10.849235 5.679955 0.000000 
50.000000 48.373028 46.760647 45.177051 43.635671 42.148828 40.727442 39.380797 38.116380 36.939784 35.854687 34.862894 33.964446 33.157771 32.439883 31.806598 31.252771 30.772531 30.359504 30.007019 29.708288 29.456552 29.245190 29.067790 28.918180 28.790424 28.678774 28.577589 28.481217 28.383835 28.279254 28.160677 28.020409 27.849502 27.637324 27.371036 27.034948 26.609717 26.071382 25.390193 24.529269 23.443197 22.076886 20.365411 18.236280 15.616723 12.449798 8.723171 4.509345 0.000000 
50.000000 48.136813 46.290334 44.476822 42.711654 41.008942 39.381190 37.839031 36.391041 35.043624 33.800991 32.665213 31.636335 30.712561 29.890473 29.165283 28.531105 27.981221 27.508342 27.104843 26.762968 26.475004 26.233402 26.030867 25.860397 25.715281 25.589055 25.475419 25.368114 25.260762 25.146668 25.018580 24.868407 24.686886 24.463197 24.184506 23.835438 23.397474 22.848278 22.160991 21.303572 20.238388 18.922396 17.308559 15.349507 13.004819 10.253319 7.110509 3.647415 0.000000 
50.000000 47.915071 45.848839 43.819496 41.844253 39.938898 38.117425 36.391734 34.771419 33.263649 31.873136 30.602198 29.450888 28.417198 27.497306 26.685858 25.976275 25.361047 24.832029 24.380705 23.998421 23.676574 23.406761 23.180875 22.991157 22.830202 22.690916 22.566436 22.450007 22.334829 22.213855 22.079571 21.923727 21.737042 21.508865 21.226807 20.876339 20.440373 19.898856 19.228437 18.402317 17.390458 16.160468 14.679585 12.918334 10.856428 8.491107 5.846980 2.984292 0.000000 
50.000000 47.708802 45.438150 43.208038 41.037377 38.943520 36.941845 35.045429 33.264816 31.607883 30.079812 28.683150 27.417957 26.282028 25.271168 24.379499 23.599795 22.923816 22.342623 21.846879 21.427097 21.073861 20.777982 20.530619 20.323332 20.148101 19.997285 19.863553 19.739758 19.618793 19.493403 19.355973 19.198291 19.011285 18.784746 18.507038 18.164811 17.742742 17.223339 16.586877 15.811560 14.874072 13.750708 12.419363 10.862618 9.072069 7.053630 4.832853 2.458264 0.000000 
50.000000 47.518675 45.059602 42.644433 40.293649 38.026043 35.858269 33.804489 31.876124 30.081705 28.426844 26.914301 25.544143 24.313986 23.219289 22.253692 21.409380 20.677437 20.048200 19.511577 19.057323 18.675280 18.355551 18.088631 17.865477 17.677530 17.516685 17.375224 17.245706 17.120818 16.993213 16.855308 16.699077 16.515825 16.295965 16.028799 15.702328 15.303112 14.816227 14.225366 13.513171 12.661910 11.654605 10.476761 9.118759 7.578849 5.866411 4.004719 2.032073 0.000000 
50.000000 47.345042 44.713893 42.129720 39.614439 37.188157 34.868693 32.671203 30.607905 28.687928 26.917280 25.298912 23.832901 22.516698 21.345448 20.312354 19.409060 18.626040 17.952972 17.379079 16.893432 16.485203 16.143860 15.859307 15.621972 15.422829 15.253384 15.105612 14.971851 14.844676 14.716734 14.580576 14.428466 14.252195 14.042900 13.790905 13.485604 13.115411 12.667799 12.129503 11.486913 10.726741 9.837033 8.808556 7.636562 6.322788 4.877409 3.320422 1.681824 0.000000 
50.000000 47.187955 44.401127 41.664055 38.999952 36.430114 33.973417 31.645911 29.460539 27.426972 25.551571 23.837468 22.284743 20.890701 19.650204 18.556059 17.599426 16.770228 16.057548 15.449996 14.936029 14.504222 14.143479 13.843187 13.593307 13.384419 13.207705 13.054898 12.918188 12.790099 12.663347 12.530681 12.384722 12.217803 12.021825 11.788143 11.507499 11.170026 10.765341 10.282774 9.711767 9.042471 8.266585 7.378423 6.376165 5.263175 4.049141 2.750724 1.391369 0.000000 
50.000000 47.047197 44.120874 41.246799 38.449345 35.750876 33.171211 30.727206 28.432452 26.297104 24.327844 22.527961 20.897542 19.433760 18.131225 16.982391 15.977984 15.107435 14.359300 13.721643 13.182376 12.729547 12.351562 12.037356 11.776494 11.559217 11.376446 11.219728 11.081155 10.953256 10.828861 10.700960 10.562563 10.406561 10.225610 10.012051 9.757874 9.454746 9.094131 8.667512 8.166755 7.584614 6.915388 6.155726 5.305491 4.368614 3.353746 2.274528 1.149280 0.000000 
50.000000 46.922325 43.872250 40.876633 37.960878 35.148294 32.459541 29.912186 27.520395 25.294755 23.242231 21.366251 19.666911 18.141267 16.783704 15.586366 14.539594 13.632388 12.852835 12.188519 11.626875 11.155487 10.762332 10.435953 10.165574 9.941157 9.753408 9.593737 9.454183 9.327313 9.206099 9.083795 8.953803 8.809558 8.644434 8.451676 8.224387 7.955566 7.638228 7.265603 6.831446 6.330442 5.758719 5.114422 4.398314 3.614318 2.769878 1.876041 0.947133 0.000000 
50.000000 46.812708 43.654000 40.551688 37.532084 34.619328 31.834813 29.196734 26.719762 24.414862 22.289247 20.346472 18.586635 17.006690 15.600832 14.360926 13.276982 12.337618 11.530516 10.842842 10.261612 9.774014 9.367650 9.030730 8.752192 8.521764 8.329983 8.168158 8.028306 7.903054 7.785536 7.669264 7.548024 7.415760 7.266499 7.094295 6.893219 6.657397 6.381120 6.059011 5.686274 5.259014 4.774618 4.232168 3.632847 2.980278 2.280721 1.543055 0.778490 0.000000 
50.000000 46.717577 43.464591 40.269685 37.159957 34.160265 31.292644 28.575831 26.024937 23.651252 21.462208 19.461466 17.649130 16.022068 14.574302 13.297464 12.181273 11.214021 10.383038 9.675128 9.076952 8.575353 8.157618 7.811674 7.526217 7.290787 7.095786 6.932453 6.792802 6.669539 6.555953 6.445813 6.333255 6.212689 6.078720 5.926106 5.749738 5.544683 5.306262 5.030192 4.712778 4.351154 3.943564 3.489655 2.990746 2.450038 1.872710 1.265865 0.638284 0.000000 
50.000000 46.636073 43.302314 40.028078 36.841135 33.766962 30.828140 28.043872 25.429644 22.997029 20.753643 18.703240 16.845929 15.178502 13.694838 12.386367 11.242561 10.251431 9.400009 8.674793 8.062139 7.548601 7.121199 6.767623 6.476372 6.236830 6.039296 5.874960 5.735850 5.614750 5.505105 5.400916 5.296637 5.187087 5.067374 4.932850 4.779095 4.601941 4.397532 4.162434 3.893777 3.589435 3.248229 2.870128 2.456426 2.009873 1.534710 1.036601 0.522435 0.000000 
50.000000 46.567295 43.165375 39.824195 36.572094 33.435068 30.436162 27.594972 24.927301 22.444958 20.155716 18.063408 16.168147 14.466661 12.952709 11.617550 10.450449 9.439183 8.570532 7.830735 7.205897 6.682329 6.246829 5.886893 5.590856 5.347981 5.148486 4.983528 4.845157 4.726237 4.620353 4.521714 4.425053 4.325537 4.218702 4.100396 3.966760 3.814243 3.639634 3.440151 3.213536 2.958192 2.673319 2.359057 2.016595 1.648252 1.257480 0.848793 0.427608 0.000000 
50.000000 46.510345 43.051985 39.655375 36.349320 33.160252 30.111595 27.223272 24.511348 21.987829 19.660619 17.533614 15.606930 13.877245 12.338218 10.980966 9.794584 8.766654 7.883750 7.131900 6.496998 5.965159 5.522999 5.157856 4.857936 4.612403 4.411415 4.246110 4.108563 3.991709 3.889259 3.795601 3.705703 3.615027 3.519459 3.415251 3.298998 3.167630 3.018440 2.849136 2.657914 2.443546 2.205480 1.943931 1.659955 1.355486 1.033329 0.697093 0.351060 0.000000 
50.000000 46.464370 42.960448 39.519089 36.169479 32.938397 29.849578 26.923206 24.175558 21.618799 19.260939 17.105924 15.153875 13.401428 11.842160 10.467077 9.265135 8.223760 7.329360 6.567792 5.924784 5.386292 4.938789 4.569486 4.266487 4.018883 3.816783 3.651317 3.514582 3.399580 3.300125 3.210755 3.126631 3.043454 2.957392 2.865017 2.763277 2.649477 2.521290 2.376791 2.214501 2.033451 1.833247 1.614127 1.377008 1.123501 0.855898 0.577105 0.290543 0.000000 
50.000000 46.428601 42.889230 39.413055 36.029559 32.765790 29.645723 26.689748 23.914307 21.331688 18.949981 16.773174 14.801392 13.031237 11.456223 10.067270 8.853225 7.801395 6.898057 6.128938 5.479635 4.935984 4.484345 4.111834 3.806478 3.557309 3.354407 3.188893 3.052888 2.939446 2.842466 2.756604 2.677175 2.600065 2.521658 2.438774 2.348625 2.248799 2.137248 2.012312 1.872745 1.717753 1.547037 1.360834 1.159936 0.945698 0.720015 0.485270 0.244243 0.000000 
50.000000 46.402382 42.837027 39.335332 35.926997 32.639268 29.496297 26.518623 23.722809 21.121234 18.722048 16.529269 14.543023 12.759888 11.173334 9.774216 8.551302 7.491810 6.581925 5.807275 5.153367 4.605943 4.151286 3.776441 3.469378 3.219092 3.015638 2.850134 2.714721 2.602491 2.507410 2.424220 2.348347 2.275817 2.203169 2.127402 2.045920 1.956506 1.857313 1.746862 1.624064 1.488241 1.339152 1.177017 1.002532 0.816861 0.621613 0.418795 0.210737 0.000000 
50.000000 46.385198 42.802815 39.284395 35.859781 32.556349 29.398368 26.406473 23.597307 20.983309 18.572668 16.369421 14.373696 12.582055 10.987938 9.582158 8.353433 7.288922 6.374747 5.596477 4.939553 4.389661 3.933032 3.556665 3.248496 2.997490 2.793692 2.628217 2.493218 2.381817 2.288019 2.206627 2.133141 2.063674 1.994870 1.923842 1.848117 1.765607 1.674587 1.573695 1.461938 1.338707 1.203793 1.057404 0.900164 0.733114 0.557676 0.375616 0.188978 0.000000 
50.000000 46.376697 42.785888 39.259194 35.826525 32.515325 29.349917 26.350986 23.535215 20.915071 18.498762 16.290336 14.289921 12.494072 10.896214 9.487138 8.255538 7.188544 6.272248 5.492186 4.833772 4.282661 3.825058 3.447941 3.139226 2.887869 2.683905 2.518452 2.383666 2.272684 2.179534 2.099045 2.026756 1.958823 1.891942 1.823281 1.750428 1.671356 1.584401 1.488257 1.381977 1.264985 1.137085 0.998476 0.849750 0.691882 0.526204 0.354366 0.178271 0.000000 
50.000000 46.376697 42.785888 39.259194 35.826525 32.515325 29.349917 26.350986 23.535215 20.915071 18.498762 16.290336 14.289921 12.494072 10.896214 9.487138 8.255538 7.188544 6.272248 5.492186 4.833772 4.282661 3.825058 3.447941 3.139226 2.887869 2.683905 2.518452 2.383666 2.272684 2.179534 2.099045 2.026756 1.958823 1.891942 1.823281 1.750428 1.671356 1.584401 1.488257 1.381977 1.264985 1.137085 0.998476 0.849750 0.691882 0.526204 0.354366 0.178271 0.000000 
50.000000 46.385198 42.802815 39.284395 35.859781 32.556349 29.398368 26.406473 23.597307 20.983309 18.572668 16.369421 14.373696 12.582055 10.987938 9.582158 8.353433 7.288922 6.374747 5.596477 4.939553 4.389661 3.933032 3.556665 3.248496 2.997490 2.793692 2.628217 2.493218 2.381817 2.288019 2.206627 2.133141 2.063674 1.994870 1.923842 1.848117 1.765607 1.674587 1.573695 1.461938 1.338707 1.203793 1.057404 0.900164 0.733114 0.557676 0.375616 0.188978 0.000000 
50.000000 46.402382 42.837027 39.335332 35.926997 32.639268 29.496297 26.518623 23.722809 21.121234 18.722048 16.529269 14.543023 12.759888 11.173334 9.774216 8.551302 7.491810 6.581925 5.807275 5.153367 4.605943 4.151286 3.776441 3.469378 3.219092 3.015638 2.850134 2.714721 2.602491 2.507410 2.424220 2.348347 2.275817 2.203169 2.127402 2.045920 1.956506 1.857313 1.746862 1.624064 1.488241 1.339152 1.177017 1.002532 0.816861 0.621613 0.418795 0.210737 0.000000 
50.000000 46.428601 42.889230 39.413055 36.029559 32.765790 29.645723 26.689748 23.914307 21.331688 18.949981 16.773174 14.801392 13.031237 11.456223 10.067270 8.853225 7.801395 6.898057 6.128938 5.479635 4.935984 4.484345 4.111834 3.806478 3.557309 3.354407 3.188893 3.052888 2.939446 2.842466 2.756604 2.677175 2.600065 2.521658 2.438774 2.348625 2.248799 2.137248 2.012312 1.872745 1.717753 1.547037 1.360834 1.159936 0.945698 0.720015 0.485270 0.244243 0.000000 
50.000000 46.464370 42.960448 39.519089 36.169479 32.938397 29.849578 26.923206 24.175558 21.618799 19.260939 17.105924 15.153875 13.401428 11.842160 10.467077 9.265135 8.223760 7.329360 6.567792 5.924784 5.386292 4.938789 4.569486 4.266487 4.018883 3.816783 3.651317 3.514582 3.399580 3.300125 3.210755 3.126631 3.043454 2.957392 2.865017 2.763277 2.649477 2.521290 2.376791 2.214501 2.033451 1.833247 1.614127 1.377008 1.123501 0.855898 0.577105 0.290543 0.000000 
50.000000 46.510345 43.051985 39.655375 36.349320 33.160252 30.111595 27.223272 24.511348 21.987829 19.660619 17.533614 15.606930 13.877245 12.338218 10.980966 9.794584 8.766654 7.883750 7.131900 6.496998 5.965159 5.522999 5.157856 4.857936 4.612403 4.411415 4.246110 4.108563 3.991709 3.889259 3.795601 3.705703 3.615027 3.519459 3.415251 3.298998 3.167630 3.018440 2.849136 2.657914 2.443546 2.205480 1.943931 1.659955 1.355486 1.033329 0.697093 0.351060 0.000000 
50.000000 46.567295 43.165375 39.824195 36.572094 33.435068 30.436162 27.594972 24.927301 22.444958 20.155716 18.063408 16.168147 14.466661 12.952709 11.617550 10.450449 9.439183 8.570532 7.830735 7.205897 6.682329 6.246829 5.886893 5.590856 5.347981 5.148486 4.983528 4.845157 4.726237 4.620353 4.521714 4.425053 4.325537 4.218702 4.100396 3.966760 3.814243 3.639634 3.440151 3.213536 2.958192 2.673319 2.359057 2.016595 1.648252 1.257480 0.848793 0.427608 0.000000 
50.000000 46.636073 43.302314 40.028078 36.841135 33.766962 30.828140 28.043872 25.429644 22.997029 20.753643 18.703240 16.845929 15.178502 13.694838 12.386367 11.242561 10.251431 9.400009 8.674793 8.062139 7.548601 7.121199 6.767623 6.476372 6.236830 6.039296 5.874960 5.735850 5.614750 5.505105 5.400916 5.296637 5.187087 5.067374 4.932850 4.779095 4.601941 4.397532 4.162434 3.893777 3.589435 3.248229 2.870128 2.456426 2.009873 1.534710 1.036601 0.522435 0.000000 
50.000000 46.717577 43.464591 40.269685 37.159957 34.160265 31.292644 28.575831 26.024937 23.651252 21.462208 19.461466 17.649130 16.022068 14.574302 13.297464 12.181273 11.214021 10.383038 9.675128 9.076952 8.575353 8.157618 7.811674 7.526217 7.290787 7.095786 6.932453 6.792802 6.669539 6.555953 6.445813 6.333255 6.212689 6.078720 5.926106 5.749738 5.544683 5.306262 5.030192 4.712778 4.351154 3.943564 3.489655 2.990746 2.450038 1.872710 1.265865 0.638284 0.000000 
50.000000 46.812708 43.654000 40.551688 37.532084 34.619328 31.834813 29.196734 26.719762 24.414862 22.289247 20.346472 18.586635 17.006690 15.600832 14.360926 13.276982 12.337618 11.530516 10.842842 10.261612 9.774014 9.367650 9.030730 8.752192 8.521764 8.329983 8.168158 8.028306 7.903054 7.785536 7.669264 7.548024 7.415760 7.266499 7.094295 6.893219 6.657397 6.381120 6.059011 5.686274 5.259014 4.774618 4.232168 3.632847 2.980278 2.280721 1.543055 0.778490 0.000000 
50.000000 46.922325 43.872250 40.876633 37.960878 35.148294 32.459541 29.912186 27.520395 25.294755 23.242231 21.366251 19.666911 18.141267 16.783704 15.586366 14.539594 13.632388 12.852835 12.188519 11.626875 11.155487 10.762332 10.435953 10.165574 9.941157 9.753408 9.593737 9.454183 9.327313 9.206099 9.083795 8.953803 8.809558 8.644434 8.451676 8.224387 7.955566 7.638228 7.265603 6.831446 6.330442 5.758719 5.114422 4.398314 3.614318 2.769878 1.876041 0.947133 0.000000 
50.000000 47.047197 44.120874 41.246799 38.449345 35.750876 33.171211 30.727206 28.432452 26.297104 24.327844 22.527961 20.897542 19.433760 18.131225 16.982391 15.977984 15.107435 14.359300 13.721643 13.182376 12.729547 12.351562 12.037356 11.776494 11.559217 11.376446 11.219728 11.081155 10.953256 10.828861 10.700960 10.562563 10.406561 10.225610 10.012051 9.757874 9.454746 9.094131 8.667512 8.166755 7.584614 6.915388 6.155726 5.305491 4.368614 3.353746 2.274528 1.149280 0.000000 
50.000000 47.187955 44.401127 41.664055 38.999952 36.430114 33.973417 31.645911 29.460539 27.426972 25.551571 23.837468 22.284743 20.890701 19.650204 18.556059 17.599426 16.770228 16.057548 15.449996 14.936029 14.504222 14.143479 13.843187 13.593307 13.384419 13.207705 13.054898 12.918188 12.790099 12.663347 12.530681 12.384722 12.217803 12.021825 11.788143 11.507499 11.170026 10.765341 10.282774 9.711767 9.042471 8.266585 7.378423 6.376165 5.263175 4.049141 2.750724 1.391369 0.000000 
50.000000 47.345042 44.713893 42.129720 39.614439 37.188157 34.868693 32.671203 30.607905 28.687928 26.917280 25.298912 23.832901 22.516698 21.345448 20.312354 19.409060 18.626040 17.952972 17.379079 16.893432 16.485203 16.143860 15.859307 15.621972 15.422829 15.253384 15.105612 14.971851 14.844676 14.716734 14.580576 14.428466 14.252195 14.042900 13.790905 13.485604 13.115411 12.667799 12.129503 11.486913 10.726741 9.837033 8.808556 7.636562 6.322788 4.877409 3.320422 1.681824 0.000000 
50.000000 47.518675 45.059602 42.644433 40.293649 38.026043 35.858269 33.804489 31.876124 30.081705 28.426844 26.914301 25.544143 24.313986 23.219289 22.253692 21.409380 20.677437 20.048200 19.511577 19.057323 18.675280 18.355551 18.088631 17.865477 17.677530 17.516685 17.375224 17.245706 17.120818 16.993213 16.855308 16.699077 16.515825 16.295965 16.028799 15.702328 15.303112 14.816227 14.225366 13.513171 12.661910 11.654605 10.476761 9.118759 7.578849 5.866411 4.004719 2.032073 0.000000 
50.000000 47.708802 45.438150 43.208038 41.037377 38.943520 36.941845 35.045429 33.264816 31.607883 30.079812 28.683150 27.417957 26.282028 25.271168 24.379499 23.599795 22.923816 22.342623 21.846879 21.427097 21.073861 20.777982 20.530619 20.323332 20.148101 19.997285 19.863553 19.739758 19.618793 19.493403 19.355973 19.198291 19.011285 18.784746 18.507038 18.164811 17.742742 17.223339 16.586877 15.811560 14.874072 13.750708 12.419363 10.862618 9.072069 7.053630 4.832853 2.458264 0.000000 
50.000000 47.915071 45.848839 43.819496 41.844253 39.938898 38.117425 36.391734 34.771419 33.263649 31.873136 30.602198 29.450888 28.417198 27.497306 26.685858 25.976275 25.361047 24.832029 24.380705 23.998421 23.676574 23.406761 23.180875 22.991157 22.830202 22.690916 22.566436 22.450007 22.334829 22.213855 22.079571 21.923727 21.737042 21.508865 21.226807 20.876339 20.440373 19.898856 19.228437 18.402317 17.390458 16.160468 14.679585 12.918334 10.856428 8.491107 5.846980 2.984292 0.000000 
50.000000 48.136813 46.290334 44.476822 42.711654 41.008942 39.381190 37.839031 36.391041 35.043624 33.800991 32.665213 31.636335 30.712561 29.890473 29.165283 28.531105 27.981221 27.508342 27.104843 26.762968 26.475004 26.233402 26.030867 25.860397 25.715281 25.589055 25.475419 25.368114 25.260762 25.146668 25.018580 24.868407 24.686886 24.463197 24.184506 23.835438 23.397474 22.848278 22.160991 21.303572 20.238388 18.922396 17.308559 15.349507 13.004819 10.253319 7.110509 3.647415 0.000000 
50.000000 48.373028 46.760647 45.177051 43.635671 42.148828 40.727442 39.380797 38.116380 36.939784 35.854687 34.862894 33.964446 33.157771 32.439883 31.806598 31.252771 30.772531 30.359504 30.007019 29.708288 29.456552 29.245190 29.067790 28.918180 28.790424 28.678774 28.577589 28.481217 28.383835 28.279254 28.160677 28.020409 27.849502 27.637324 27.371036 27.034948 26.609717 26.071382 25.390193 24.529269 23.443197 22.076886 20.365411 18.236280 15.616723 12.449798 8.723171 4.509345 0.000000 
50.000000 48.622390 47.257133 45.916251 44.611114 43.352155 42.148619 41.008369 39.937744 38.941479 38.022687 37.182897 36.422142 35.739091 35.131214 34.594965 34.125985 33.719297 33.369498 33.070930 32.817835 32.604471 32.425209 32.274587 32.147336 32.038371 31.942745 31.855573 31.771921 31.686658 31.594271 31.488630 31.362704 31.208204 31.015131 30.771211 30.461162 30.065734 29.560464 28.914023 28.086076 27.024575 25.662567 23.914997 21.677027 18.827490 15.244998 10.849235 5.679955 0.000000 
50.000000 48.883259 47.776532 46.689563 45.631571 44.611012 43.635381 42.711052 41.843162 41.035551 40.290741 39.609973 38.993271 38.439556 37.946775 37.512054 37.131856 36.802144 36.518532 36.276429 36.071156 35.898050 35.752528 35.630143 35.526592 35.437710 35.359431 35.287718 35.218464 35.147367 35.069757 34.980391 34.873187 34.740889 34.574629 34.363366 34.093120 33.745941 33.298468 32.719910 31.969174 30.990776 29.709103 28.020696 25.784962 22.816287 18.887619 13.771752 7.372758 0.000000 
50.000000 49.153712 48.315013 47.491287 46.689520 45.916120 45.176768 44.476293 43.818588 43.206563 42.642131 42.126228 41.658876 41.239255 40.865809 40.536358 40.248221 39.998336 39.783378 39.599863 39.444240 39.312967 39.202563 39.109642 39.030926 38.963231 38.903442 38.848450 38.795078 38.739971 38.679467 38.609415 38.524959 38.420247 38.288056 38.119281 37.902234 37.621657 37.257283 36.781711 36.157165 35.330468 34.225080 32.728453 30.672162 27.802619 23.745883 17.996499 10.048918 0.000000 
50.000000 49.431582 48.868262 48.314998 47.776484 47.257022 46.760429 46.289947 45.848193 45.437120 45.058013 44.711501 44.397597 44.115752 43.864919 43.643635 43.450097 43.282249 43.137855 43.014573 42.910016 42.821802 42.747586 42.685089 42.632098 42.586463 42.546073 42.508816 42.472525 42.434901 42.393418 42.345200 42.286856 42.214273 42.122335 42.004533 41.852424 41.654844 41.396726 41.057280 40.607074 40.003187 39.180823 38.038228 36.408462 34.005195 30.318807 24.434225 14.833839 0.000000 
50.000000 49.714510 49.431580 49.153701 48.883229 48.622328 48.372911 48.136610 47.914737 47.708274 47.517865 47.343827 47.186167 47.044608 46.918626 46.807483 46.710276 46.625970 46.553442 46.491517 46.438993 46.394674 46.357380 46.325963 46.299312 46.276340 46.255983 46.237171 46.218807 46.199721 46.178625 46.154044 46.124237 46.087079 46.039915 45.979348 45.900945 45.798792 45.664829 45.487783 45.251409 44.931426 44.489883 43.864046 42.942705 41.510699 39.104933 34.597832 24.857277 0.000000 
50.000000 50.000000 50.000000 50.000000 50.000000 50.000000 50.000000 50.000000 50.000000 50.000000 50.000000 50.000000 50.000000 50.000000 50.000000 50.000000 50.000000 50.000000 50.000000 50.000000 50.000000 50.000000 50.000000 50.000000 50.000000 50.000000 50.000000 50.000000 50.000000 50.000000 50.000000 50.000000 50.000000 50.000000 50.000000 50.000000 50.000000 50.000000 50.000000 50.000000 50.000000 50.000000 50.000000 50.000000 50.000000 50.000000 50.000000 50.000000 50.000000 50.000000 
