50.000000 50.000000 50.000000 50.000000 50.000000 50.000000 50.000000 50.000000 50.000000 50.000000 50.000000 50.000000 50.000000 50.000000 50.000000 50.000000 50.000000 50.000000 50.000000 50.000000 50.000000 50.000000 50.000000 50.000000 50.000000 50.000000 50.000000 50.000000 50.000000 50.000000 50.000000 50.000000 50.000000 50.000000 50.000000 50.000000 50.000000 50.000000 50.000000 50.000000 50.000000 50.000000 50.000000 50.000000 50.000000 50.000000 50.000000 50.000000 50.000000 50.000000 
50.000000 49.696308 49.395513 49.100428 48.813707 48.537767 48.274734 48.026393 47.794155 47.579040 47.381679 47.202324 47.040875 46.896915 46.769756 46.658484 46.562011 46.479126 46.408536 46.348913 46.298927 46.257272 46.222684 46.193958 46.169941 46.149536 46.131679 46.115320 46.099394 46.082773 46.064218 46.042312 46.015369 45.981323 45.937573 45.880776 45.806545 45.709005 45.580126 45.408657 45.178362 44.864958 44.430478 43.812165 42.898768 41.475075 39.077932 34.579694 24.848166 0.000000 
50.000000 49.395514 48.796795 48.209442 47.638736 47.089490 46.565936 46.071624 45.609363 45.181187 44.788349 44.431351 44.109995 43.823451 43.570348 43.348869 43.156848 42.991873 42.851375 42.732710 42.633230 42.550339 42.481526 42.424392 42.376653 42.336127 42.300710 42.268326 42.236873 42.204135 42.167688 42.124762 42.072081 42.005646 41.920452 41.810092 41.666217 41.477739 41.229652 40.901208 40.462994 39.872083 39.063654 37.935897 36.321800 33.934930 30.265550 24.398449 14.815870 0.000000 
50.000000 49.100435 48.209451 47.335383 46.486087 45.668728 44.889601 44.153991 43.466079 42.828890 42.244290 41.713026 41.234802 40.808385 40.431734 40.102146 39.816400 39.570905 39.361841 39.185276 39.037274 38.913974 38.811648 38.726734 38.655847 38.595757 38.543357 38.495595 38.449388 38.401507 38.348434 38.286182 38.210060 38.114387 37.992101 37.834251 37.629285 37.362058 37.012393 36.552951 35.945985 35.138310 34.053347 32.578471 30.545144 27.699635 23.667827 17.944065 10.022581 0.000000 
50.000000 48.813725 47.638766 46.486114 45.366130 44.288261 43.260811 42.290748 41.383585 40.543312 39.772389 39.071803 38.441163 37.878843 37.382155 36.947531 36.570727 36.247011 35.971347 35.738555 35.543451 35.380950 35.246150 35.134370 35.041167 34.962317 34.893764 34.831546 34.771680 34.710024 34.642103 34.562883 34.466501 34.345920 34.192487 33.995357 33.740729 33.410800 32.982328 32.424601 31.696564 30.742726 29.487422 27.827094 25.621004 22.683353 18.786862 13.704069 7.338761 0.000000 
50.000000 48.537806 47.089560 45.668811 44.288327 42.959755 41.693327 40.497636 39.379476 38.343763 37.393533 36.530000 35.752683 35.059581 34.447378 33.911681 33.447260 33.048286 32.708555 32.421691 32.181312 31.981165 31.815224 31.677745 31.563288 31.466693 31.383028 31.307498 31.235320 31.161562 31.080944 30.987592 30.874742 30.734372 30.556741 30.329818 30.038531 29.663817 29.181352 28.559904 27.759184 26.727140 25.396755 23.682856 21.480433 18.668096 15.124187 10.768081 5.639192 0.000000 
50.000000 48.274809 46.566074 44.889782 43.260998 41.693463 40.199251 38.788499 37.469222 36.247224 35.126085 34.107239 33.190119 32.372363 31.650063 31.018037 30.470117 29.999431 29.598665 29.260306 28.976836 28.740895 28.545400 28.383608 28.249146 28.135992 28.038415 27.950881 27.867912 27.783917 27.692978 27.588597 27.463387 27.308712 27.114238 26.867406 26.552772 26.151207 25.638914 24.986254 24.156401 23.103937 21.773702 20.100636 18.012052 15.434925 12.312008 8.630612 4.462853 0.000000 
50.000000 48.026524 46.071873 44.154333 42.291139 40.498010 38.788757 37.174975 35.665835 34.267974 32.985489 31.820021 30.770922 29.835493 29.009263 28.286308 27.659577 27.121214 26.662862 26.275938 25.951857 25.682225 25.458970 25.274421 25.121349 24.992945 24.882767 24.784633 24.692482 24.600199 24.501392 24.389145 24.255714 24.092185 23.888073 23.630855 23.305436 22.893531 22.372992 21.717083 20.893828 19.865588 18.589246 17.017620 15.103125 12.805062 10.101917 7.008806 3.596330 0.000000 
50.000000 47.794373 45.609785 43.466674 41.384302 39.380238 37.469916 35.666298 33.979633 32.417339 30.983994 29.681435 28.508937 27.463486 26.540088 25.732126 25.031722 24.430106 23.917946 23.485663 23.123685 22.822655 22.573589 22.367968 22.197781 22.055517 21.934103 21.826808 21.727097 21.628454 21.524171 21.407097 21.269366 21.102074 20.894938 20.635909 20.310762 19.902665 19.391768 18.754859 17.965208 16.992776 15.805094 14.369245 12.655526 10.643356 8.329615 5.738500 2.929804 0.000000 
50.000000 47.579389 45.181868 42.829868 40.544527 38.345127 36.248608 34.269193 32.418132 30.703566 29.130521 27.701012 26.414246 25.266916 24.253545 23.366874 22.598265 21.938098 21.376147 20.901913 20.504914 20.174914 19.902094 19.677166 19.491416 19.336711 19.205434 19.090396 18.984686 18.881506 18.773963 18.654834 18.516315 18.349742 18.145298 17.891709 17.575950 17.182973 16.695501 16.093960 15.356630 14.460197 13.380877 12.096406 10.589132 8.850342 6.885580 4.719969 2.401564 0.000000 
50.000000 47.382223 44.789417 42.245839 39.774351 37.395804 35.128520 32.987879 30.986048 29.131832 27.430666 25.884731 24.493172 23.252413 22.156535 21.197691 20.366547 19.652708 19.045129 18.532473 18.103429 17.746962 17.452503 17.210067 17.010323 16.844589 16.704788 16.583353 16.473093 16.367023 16.258178 16.139391 16.003065 15.840934 15.643823 15.401416 15.102053 14.732584 14.278311 13.723085 13.049634 12.240228 11.277813 10.147737 8.840141 7.352966 5.695213 3.889721 1.974312 0.000000 
50.000000 47.203152 44.432984 41.715411 39.074861 36.533610 34.111233 31.824164 29.685401 27.704354 25.886829 24.235157 22.748427 21.422820 20.252015 19.227635 18.339713 17.577154 16.928169 16.380667 15.922589 15.542184 15.228208 14.970064 14.757871 14.582479 14.435421 14.308832 14.195312 14.087779 13.979280 13.862797 13.731042 13.576251 13.389986 13.162969 12.884945 12.544624 12.129718 11.627125 11.023326 10.305041 9.460245 8.479548 7.357966 6.096927 4.706230 3.205438 1.624070 0.000000 
50.000000 47.042113 44.112442 41.238396 38.445807 35.758236 33.196384 30.777632 28.515728 26.420622 24.498458 22.751699 21.179385 19.777480 18.539302 17.455997 16.517030 15.710680 15.024492 14.445700 13.961579 13.559737 13.228337 12.956241 12.733094 12.549343 12.396202 12.265567 12.149902 12.042085 11.935244 11.822574 11.697155 11.551777 11.378776 11.169913 10.916290 10.608344 10.235934 9.788560 9.255760 8.627700 7.896009 7.054853 6.102183 5.041061 3.880804 2.637650 1.334574 0.000000 
50.000000 46.898739 43.827061 40.813705 37.885755 35.067914 32.381887 29.845898 27.474362 25.277710 23.262386 21.430974 19.782468 18.312639 17.014486 15.878730 14.894334 14.049017 13.329738 12.723131 12.215882 11.795039 11.448242 11.163883 10.931199 10.740299 10.582132 10.448417 10.331527 10.224354 10.120149 10.012356 9.894453 9.759794 9.601478 9.412257 9.184483 8.910133 8.580915 8.188488 7.724817 7.182675 6.556303 5.842205 5.040029 4.153412 3.190652 2.164977 1.094255 0.000000 
50.000000 46.772406 43.575601 40.439494 37.392272 34.459646 31.664204 29.024914 26.556777 24.270651 22.173242 20.267241 18.551604 17.021930 15.670938 14.488975 13.464563 12.584931 11.836521 11.205443 10.677870 10.240358 9.880095 9.585070 9.344173 9.147227 8.984972 8.848991 8.731610 8.625765 8.524856 8.422595 8.312859 8.189548 8.046481 7.877316 7.675520 7.434403 7.147225 6.807395 6.408771 5.946065 5.415350 4.814641 4.144497 3.408564 2.613948 1.771304 0.894526 0.000000 
50.000000 46.662290 43.356420 40.113318 36.962136 33.929459 31.038648 28.309318 25.756981 23.392867 21.223912 19.252900 17.478751 15.896920 14.499877 13.277647 12.218368 11.308843 10.535065 9.882691 9.337448 8.885472 8.513560 8.209358 7.961463 7.759464 7.593932 7.456354 7.339035 7.234978 7.137744 7.041311 6.939937 6.828035 6.700075 6.550522 6.373810 6.164376 5.916757 5.625755 5.286681 4.895672 4.450070 3.948840 3.392972 2.785833 2.133365 1.444079 0.728777 0.000000 
50.000000 46.567420 43.167584 39.832302 36.591552 33.472677 30.499702 27.692798 25.067919 22.636617 20.406023 18.379002 16.554446 14.927681 13.490969 12.234055 11.144746 10.209481 9.413869 8.743176 8.182749 7.718364 7.336491 7.024483 6.770693 6.564521 6.396403 6.257758 6.140892 6.038886 5.945462 5.854851 5.761663 5.660772 5.547227 5.416190 5.262916 5.082777 4.871340 4.624503 4.338679 4.011041 3.639799 3.224491 2.766264 2.268078 1.734820 1.173249 0.591766 0.000000 
50.000000 46.486735 43.006984 39.593305 36.276380 33.084195 30.041341 27.168463 24.481891 21.993447 19.710431 17.635778 15.768354 14.103378 12.632932 11.346526 10.231687 9.274544 8.460378 7.774128 7.200821 6.725927 6.335642 6.017077 5.758383 5.548807 5.378680 5.239374 5.123211 5.023352 4.933672 4.848634 4.763163 4.672538 4.572306 4.458221 4.326221 4.172439 3.993264 3.785441 3.546212 3.273497 2.966089 2.623863 2.247958 1.840902 1.406668 0.950602 0.479241 0.000000 
50.000000 46.419141 42.872441 39.393084 36.012344 32.758744 29.657349 26.729201 23.990946 21.454632 19.127702 17.013146 15.109811 13.412826 11.914124 10.603016 9.466796 8.491333 7.661638 6.962374 6.378301 5.894639 5.497354 5.173360 4.910645 4.698330 4.526668 4.387001 4.271671 4.173918 4.087758 4.007857 3.929415 3.848058 3.759752 3.660743 3.547524 3.416841 3.265727 3.091576 2.892247 2.666190 2.412590 2.131504 1.823981 1.492141 1.139187 0.769343 0.387704 0.000000 
50.000000 46.363561 42.761812 39.228451 35.795238 32.491140 29.341609 26.368016 23.587263 21.011588 18.648550 16.501185 14.568323 12.845021 11.323087 9.991672 8.837877 7.847358 7.004904 6.294954 5.702048 5.211204 4.808200 4.479791 4.213833 3.999351 3.826538 3.686716 3.572252 3.476457 3.393471 3.318135 3.245881 3.172622 3.094671 3.008671 2.911563 2.800570 2.673226 2.527416 2.361452 2.174161 1.964980 1.734057 1.482320 1.211524 0.924247 0.623832 0.314265 0.000000 
50.000000 46.318983 42.673082 39.096407 35.621108 32.276507 29.088370 26.078327 23.263490 20.656246 18.264247 16.090569 14.134027 12.389618 10.849054 9.501354 8.333466 7.330877 6.478197 5.759686 5.159711 4.663125 4.255560 3.923645 3.655132 3.438973 3.265315 3.125469 3.011827 2.917762 2.837517 2.766078 2.699066 2.632629 2.563354 2.488201 2.404457 2.309716 2.201890 2.079229 1.940372 1.784409 1.610944 1.420154 1.212845 0.990466 0.755099 0.509409 0.256544 0.000000 
50.000000 46.284500 42.604445 38.994265 35.486411 32.110481 28.892479 25.854241 23.013039 20.381376 17.966975 15.772942 13.798083 12.037349 10.482374 9.122080 7.943293 6.931371 6.070786 5.345660 4.740226 4.239211 3.828136 3.493531 3.223074 3.005657 2.831397 2.691599 2.578675 2.486052 2.408053 2.339781 2.277004 2.216052 2.153724 2.087220 2.014089 1.932204 1.839752 1.735248 1.617565 1.485971 1.340171 1.180351 1.007203 0.821932 0.626244 0.422296 0.212615 0.000000 
50.000000 46.259345 42.554376 38.919754 35.388152 31.989366 28.749579 25.690774 22.830339 20.180862 17.750120 15.541239 13.553018 11.780375 10.214890 8.845408 7.658673 6.639945 5.773596 5.043649 4.434238 3.930000 3.516375 3.179822 2.907963 2.689653 2.514985 2.375259 2.262909 2.171397 2.095110 2.029235 1.969651 1.912819 1.855692 1.795644 1.730412 1.658062 1.576978 1.485857 1.383729 1.269980 1.144378 1.007102 0.858753 0.700357 0.533348 0.359520 0.180968 0.000000 
50.000000 46.242919 42.521680 38.871099 35.323988 31.910278 28.656266 25.584030 22.711035 20.049926 17.608514 15.389937 13.392992 11.612572 10.040223 8.664743 7.472818 6.449647 5.579536 4.846443 4.234438 3.728099 3.312813 2.974994 2.702230 2.483347 2.308426 2.168768 2.056814 1.966057 1.890922 1.826655 1.769204 1.715118 1.661451 1.605686 1.545683 1.479633 1.406042 1.323722 1.231801 1.129735 1.017328 0.894749 0.762536 0.621599 0.473192 0.318882 0.160485 0.000000 
50.000000 46.234811 42.505540 38.847080 35.292315 31.871238 28.610202 25.531337 22.652142 19.985292 17.538611 15.315249 13.313996 11.529738 9.954001 8.575561 7.381074 6.355710 5.483743 4.749096 4.135811 3.628437 3.212332 2.873891 2.600682 2.381520 2.206479 2.066859 1.955109 1.864732 1.790177 1.726715 1.670333 1.617619 1.565677 1.512048 1.454648 1.391729 1.321857 1.243899 1.157030 1.060740 0.954848 0.839516 0.715252 0.582905 0.443645 0.298925 0.150428 0.000000 
50.000000 46.234811 42.505540 38.847080 35.292315 31.871238 28.610202 25.531337 22.652142 19.985292 17.538611 15.315249 13.313996 11.529738 9.954001 8.575561 7.381074 6.355710 5.483743 4.749096 4.135811 3.628437 3.212332 2.873891 2.600682 2.381520 2.206479 2.066859 1.955109 1.864732 1.790177 1.726715 1.670333 1.617619 1.565677 1.512048 1.454648 1.391729 1.321857 1.243899 1.157030 1.060740 0.954848 0.839516 0.715252 0.582905 0.443645 0.298925 0.150428 0.000000 
50.000000 46.242919 42.521680 38.871099 35.323988 31.910278 28.656266 25.584030 22.711035 20.049926 17.608514 15.389937 13.392992 11.612572 10.040223 8.664743 7.472818 6.449647 5.579536 4.846443 4.234438 3.728099 3.312813 2.974994 2.702230 2.483347 2.308426 2.168768 2.056814 1.966057 1.890922 1.826655 1.769204 1.715118 1.661451 1.605686 1.545683 1.479633 1.406042 1.323722 1.231801 1.129735 1.017328 0.894749 0.762536 0.621599 0.473192 0.318882 0.160485 0.000000 
50.000000 46.259345 42.554376 38.919754 35.388152 31.989366 28.749579 25.690774 22.830339 20.180862 17.750120 15.541239 13.553018 11.780375 10.214890 8.845408 7.658673 6.639945 5.773596 5.043649 4.434238 3.930000 3.516375 3.179822 2.907963 2.689653 2.514985 2.375259 2.262909 2.171397 2.095110 2.029235 1.969651 1.912819 1.855692 1.795644 1.730412 1.658062 1.576978 1.485857 1.383729 1.269980 1.144378 1.007102 0.858753 0.700357 0.533348 0.359520 0.180968 0.000000 
50.000000 46.284500 42.604445 38.994265 35.486411 32.110481 28.892479 25.854241 23.013039 20.381376 17.966975 15.772942 13.798083 12.037349 10.482374 9.122080 7.943293 6.931371 6.070786 5.345660 4.740226 4.239211 3.828136 3.493531 3.223074 3.005657 2.831397 2.691599 2.578675 2.486052 2.408053 2.339781 2.277004 2.216052 2.153724 2.087220 2.014089 1.932204 1.839752 1.735248 1.617565 1.485971 1.340171 1.180351 1.007203 0.821932 0.626244 0.422296 0.212615 0.000000 
50.000000 46.318983 42.673082 39.096407 35.621108 32.276507 29.088370 26.078327 23.263490 20.656246 18.264247 16.090569 14.134027 12.389618 10.849054 9.501354 8.333466 7.330877 6.478197 5.759686 5.159711 4.663125 4.255560 3.923645 3.655132 3.438973 3.265315 3.125469 3.011827 2.917762 2.837517 2.766078 2.699066 2.632629 2.563354 2.488201 2.404457 2.309716 2.201890 2.079229 1.940372 1.784409 1.610944 1.420154 1.212845 0.990466 0.755099 0.509409 0.256544 0.000000 
50.000000 46.363561 42.761812 39.228451 35.795238 32.491140 29.341609 26.368016 23.587263 21.011588 18.648550 16.501185 14.568323 12.845021 11.323087 9.991672 8.837877 7.847358 7.004904 6.294954 5.702048 5.211204 4.808200 4.479791 4.213833 3.999351 3.826538 3.686716 3.572252 3.476457 3.393471 3.318135 3.245881 3.172622 3.094671 3.008671 2.911563 2.800570 2.673226 2.527416 2.361452 2.174161 1.964980 1.734057 1.482320 1.211524 0.924247 0.623832 0.314265 0.000000 
50.000000 46.419141 42.872441 39.393084 36.012344 32.758744 29.657349 26.729201 23.990946 21.454632 19.127702 17.013146 15.109811 13.412826 11.914124 10.603016 9.466796 8.491333 7.661638 6.962374 6.378301 5.894639 5.497354 5.173360 4.910645 4.698330 4.526668 4.387001 4.271671 4.173918 4.087758 4.007857 3.929415 3.848058 3.759752 3.660743 3.547524 3.416841 3.265727 3.091576 2.892247 2.666190 2.412590 2.131504 1.823981 1.492141 1.139187 0.769343 0.387704 0.000000 
50.000000 46.486735 43.006984 39.593305 36.276380 33.084195 30.041341 27.168463 24.481891 21.993447 19.710431 17.635778 15.768354 14.103378 12.632932 11.346526 10.231687 9.274544 8.460378 7.774128 7.200821 6.725927 6.335642 6.017077 5.758383 5.548807 5.378680 5.239374 5.123211 5.023352 4.933672 4.848634 4.763163 4.672538 4.572306 4.458221 4.326221 4.172439 3.993264 3.785441 3.546212 3.273497 2.966089 2.623863 2.247958 1.840902 1.406668 0.950602 0.479241 0.000000 
50.000000 46.567420 43.167584 39.832302 36.591552 33.472677 30.499702 27.692798 25.067919 22.636617 20.406023 18.379002 16.554446 14.927681 13.490969 12.234055 11.144746 10.209481 9.413869 8.743176 8.182749 7.718364 7.336491 7.024483 6.770693 6.564521 6.396403 6.257758 6.140892 6.038886 5.945462 5.854851 5.761663 5.660772 5.547227 5.416190 5.262916 5.082777 4.871340 4.624503 4.338679 4.011041 3.639799 3.224491 2.766264 2.268078 1.734820 1.173249 0.591766 0.000000 
50.000000 46.662290 43.356420 40.113318 36.962136 33.929459 31.038648 28.309318 25.756981 23.392867 21.223912 19.252900 17.478751 15.896920 14.499877 13.277647 12.218368 11.308843 10.535065 9.882691 9.337448 8.885472 8.513560 8.209358 7.961463 7.759464 7.593932 7.456354 7.339035 7.234978 7.137744 7.041311 6.939937 6.828035 6.700075 6.550522 6.373810 6.164376 5.916757 5.625755 5.286681 4.895672 4.450070 3.948840 3.392972 2.785833 2.133365 1.444079 0.728777 0.000000 
50.000000 46.772406 43.575601 40.439494 37.392272 34.459646 31.664204 29.024914 26.556777 24.270651 22.173242 20.267241 18.551604 17.021930 15.670938 14.488975 13.464563 12.584931 11.836521 11.205443 10.677870 10.240358 9.880095 9.585070 9.344173 9.147227 8.984972 8.848991 8.731610 8.625765 8.524856 8.422595 8.312859 8.189548 8.046481 7.877316 7.675520 7.434403 7.147225 6.807395 6.408771 5.946065 5.415350 4.814641 4.144497 3.408564 2.613948 1.771304 0.894526 0.000000 
50.000000 46.898739 43.827061 40.813705 37.885755 35.067914 32.381887 29.845898 27.474362 25.277710 23.262386 21.430974 19.782468 18.312639 17.014486 15.878730 14.894334 14.049017 13.329738 12.723131 12.215882 11.795039 11.448242 11.163883 10.931199 10.740299 10.582132 10.448417 10.331527 10.224354 10.120149 10.012356 9.894453 9.759794 9.601478 9.412257 9.184483 8.910133 8.580915 8.188488 7.724817 7.182675 6.556303 5.842205 5.040029 4.153412 3.190652 2.164977 1.094255 0.000000 
50.000000 47.042113 44.112442 41.238396 38.445807 35.758236 33.196384 30.777632 28.515728 26.420622 24.498458 22.751699 21.179385 19.777480 18.539302 17.455997 16.517030 15.710680 15.024492 14.445700 13.961579 13.559737 13.228337 12.956241 12.733094 12.549343 12.396202 12.265567 12.149902 12.042085 11.935244 11.822574 11.697155 11.551777 11.378776 11.169913 10.916290 10.608344 10.235934 9.788560 9.255760 8.627700 7.896009 7.054853 6.102183 5.041061 3.880804 2.637650 1.334574 0.000000 
50.000000 47.203152 44.432984 41.715411 39.074861 36.533610 34.111233 31.824164 29.685401 27.704354 25.886829 24.235157 22.748427 21.422820 20.252015 19.227635 18.339713 17.577154 16.928169 16.380667 15.922589 15.542184 15.228208 14.970064 14.757871 14.582479 14.435421 14.308832 14.195312 14.087779 13.979280 13.862797 13.731042 13.576251 13.389986 13.162969 12.884945 12.544624 12.129718 11.627125 11.023326 10.305041 9.460245 8.479548 7.357966 6.096927 4.706230 3.205438 1.624070 0.000000 
50.000000 47.382223 44.789417 42.245839 39.774351 37.395804 35.128520 32.987879 30.986048 29.131832 27.430666 25.884731 24.493172 23.252413 22.156535 21.197691 20.366547 19.652708 19.045129 18.532473 18.103429 17.746962 17.452503 17.210067 17.010323 16.844589 16.704788 16.583353 16.473093 16.367023 16.258178 16.139391 16.003065 15.840934 15.643823 15.401416 15.102053 14.732584 14.278311 13.723085 13.049634 12.240228 11.277813 10.147737 8.840141 7.352966 5.695213 3.889721 1.974312 0.000000 
50.000000 47.579389 45.181868 42.829868 40.544527 38.345127 36.248608 34.269193 32.418132 30.703566 29.130521 27.701012 26.414246 25.266916 24.253545 23.366874 22.598265 21.938098 21.376147 20.901913 20.504914 20.174914 19.902094 19.677166 19.491416 19.336711 19.205434 19.090396 18.984686 18.881506 18.773963 18.654834 18.516315 18.349742 18.145298 17.891709 17.575950 17.182973 16.695501 16.093960 15.356630 14.460197 13.380877 12.096406 10.589132 8.850342 6.885580 4.719969 2.401564 0.000000 
50.000000 47.794373 45.609785 43.466674 41.384302 39.380238 37.469916 35.666298 33.979633 32.417339 30.983994 29.681435 28.508937 27.463486 26.540088 25.732126 25.031722 24.430106 23.917946 23.485663 23.123685 22.822655 22.573589 22.367968 22.197781 22.055517 21.934103 21.826808 21.727097 21.628454 21.524171 21.407097 21.269366 21.102074 20.894938 20.635909 20.310762 19.902665 19.391768 18.754859 17.965208 16.992776 15.805094 14.369245 12.655526 10.643356 8.329615 5.738500 2.929804 0.000000 
50.000000 48.026524 46.071873 44.154333 42.291139 40.498010 38.788757 37.174975 35.665835 34.267974 32.985489 31.820021 30.770922 29.835493 29.009263 28.286308 27.659577 27.121214 26.662862 26.275938 25.951857 25.682225 25.458970 25.274421 25.121349 24.992945 24.882767 24.784633 24.692482 24.600199 24.501392 24.389145 24.255714 24.092185 23.888073 23.630855 23.305436 22.893531 22.372992 21.717083 20.893828 19.865588 18.589246 17.017620 15.103125 12.805062 10.101917 7.008806 3.596330 0.000000 
50.000000 48.274809 46.566074 44.889782 43.260998 41.693463 40.199251 38.788499 37.469222 36.247224 35.126085 34.107239 33.190119 32.372363 31.650063 31.018037 30.470117 29.999431 29.598665 29.260306 28.976836 28.740895 28.545400 28.383608 28.249146 28.135992 28.038415 27.950881 27.867912 27.783917 27.692978 27.588597 27.463387 27.308712 27.114238 26.867406 26.552772 26.151207 25.638914 24.986254 24.156401 23.103937 21.773702 20.100636 18.012052 15.434925 12.312008 8.630612 4.462853 0.000000 
50.000000 48.537806 47.089560 45.668811 44.288327 42.959755 41.693327 40.497636 39.379476 38.343763 37.393533 36.530000 35.752683 35.059581 34.447378 33.911681 33.447260 33.048286 32.708555 32.421691 32.181312 31.981165 31.815224 31.677745 31.563288 31.466693 31.383028 31.307498 31.235320 31.161562 31.080944 30.987592 30.874742 30.734372 30.556741 30.329818 30.038531 29.663817 29.181352 28.559904 27.759184 26.727140 25.396755 23.682856 21.480433 18.668096 15.124187 10.768081 5.639192 0.000000 
50.000000 48.813725 47.638766 46.486114 45.366130 44.288261 43.260811 42.290748 41.383585 40.543312 39.772389 39.071803 38.441163 37.878843 37.382155 36.947531 36.570727 36.247011 35.971347 35.738555 35.543451 35.380950 35.246150 35.134370 35.041167 34.962317 34.893764 34.831546 34.771680 34.710024 34.642103 34.562883 34.466501 34.345920 34.192487 33.995357 33.740729 33.410800 32.982328 32.424601 31.696564 30.742726 29.487422 27.827094 25.621004 22.683353 18.786862 13.704069 7.338761 0.000000 
50.000000 49.100435 48.209451 47.335383 46.486087 45.668728 44.889601 44.153991 43.466079 42.828890 42.244290 41.713026 41.234802 40.808385 40.431734 40.102146 39.816400 39.570905 39.361841 39.185276 39.037274 38.913974 38.811648 38.726734 38.655847 38.595757 38.543357 38.495595 38.449388 38.401507 38.348434 38.286182 38.210060 38.114387 37.992101 37.834251 37.629285 37.362058 37.012393 36.552951 35.945985 35.138310 34.053347 32.578471 30.545144 27.699635 23.667827 17.944065 10.022581 0.000000 
50.000000 49.395514 48.796795 48.209442 47.638736 47.089490 46.565936 46.071624 45.609363 45.181187 44.788349 44.431351 44.109995 43.823451 43.570348 43.348869 43.156848 42.991873 42.851375 42.732710 42.633230 42.550339 42.481526 42.424392 42.376653 42.336127 42.300710 42.268326 42.236873 42.204135 42.167688 42.124762 42.072081 42.005646 41.920452 41.810092 41.666217 41.477739 41.229652 40.901208 40.462994 39.872083 39.063654 37.935897 36.321800 33.934930 30.265550 24.398449 14.815870 0.000000 
50.000000 49.696308 49.395513 49.100428 48.813707 48.537767 48.274734 48.026393 47.794155 47.579040 47.381679 47.202324 47.040875 46.896915 46.769756 46.658484 46.562011 46.479126 46.408536 46.348913 46.298927 46.257272 46.222684 46.193958 46.169941 46.149536 46.131679 46.115320 46.099394 46.082773 46.064218 46.042312 46.015369 45.981323 45.937573 45.880776 45.806545 45.709005 45.580126 45.408657 45.178362 44.864958 44.430478 43.812165 42.898768 41.475075 39.077932 34.579694 24.848166 0.000000 
50.000000 50.000000 50.000000 50.000000 50.000000 50.000000 50.000000 50.000000 50.000000 50.000000 50.000000 50.000000 50.000000 50.000000 50.000000 50.000000 50.000000 50.000000 50.000000 50.000000 50.000000 50.000000 50.000000 50.000000 50.000000 50.000000 50.000000 50.000000 50.000000 50.000000 50.000000 50.000000 50.000000 50.000000 50.000000 50.000000 50.000000 50.000000 50.000000 50.000000 50.000000 50.000000 50.000000 50.000000 50.000000 50.000000 50.000000 50.000000 50.000000 50.000000 
