50.000000 50.000000 50.000000 50.000000 50.000000 50.000000 50.000000 50.000000 50.000000 50.000000 50.000000 50.000000 50.000000 50.000000 50.000000 50.000000 50.000000 50.000000 50.000000 50.000000 50.000000 50.000000 50.000000 50.000000 50.000000 50.000000 50.000000 50.000000 50.000000 50.000000 50.000000 50.000000 50.000000 50.000000 50.000000 50.000000 50.000000 50.000000 50.000000 50.000000 50.000000 50.000000 50.000000 50.000000 50.000000 50.000000 50.000000 50.000000 50.000000 50.000000 
50.000000 49.675697 49.354698 49.040204 48.735222 48.442474 48.164329 47.902747 47.659241 47.434864 47.230209 47.045435 46.880298 46.734197 46.606239 46.495289 46.400039 46.319063 46.250877 46.193979 46.146892 46.108196 46.076542 46.050666 46.029385 46.011594 45.996243 45.982313 45.968783 45.954580 45.938528 45.919276 45.895205 45.864320 45.824087 45.771224 45.701398 45.608784 45.485390 45.319990 45.096360 44.790219 44.363583 43.753665 42.849168 41.434822 39.047399 34.559172 24.837855 0.000000 
50.000000 49.354699 48.715970 48.090187 47.483330 46.900818 46.347363 45.826864 45.342333 44.895864 44.488641 44.120977 43.792384 43.501673 43.247061 43.026294 42.836767 42.675646 42.539974 42.426765 42.333085 42.256105 42.193146 42.141694 42.099404 42.064081 42.033646 42.006086 41.979386 41.951440 41.919944 41.882263 41.835256 41.775062 41.696805 41.594202 41.459014 41.280246 41.042969 40.726485 40.301407 39.724808 38.931837 37.820622 36.224064 33.855611 30.205385 24.358012 14.795551 0.000000 
50.000000 49.040208 48.090192 47.159431 46.256820 45.390417 44.567234 43.793067 43.072399 42.408342 41.802659 41.255812 40.767080 40.334693 39.955998 39.627643 39.345756 39.106121 38.904343 38.735983 38.596678 38.482226 38.388648 38.312212 38.249444 38.197094 38.152095 38.111485 38.072311 38.031504 37.985730 37.931194 37.863408 37.776892 37.664778 37.518294 37.326051 37.073043 36.739202 36.297266 35.709526 34.922796 33.860454 32.409786 30.402124 27.583565 23.579786 17.884892 9.992848 0.000000 
50.000000 48.735232 47.483348 46.256836 45.067418 43.925716 42.840965 41.820806 40.871145 39.996085 39.197946 38.477341 37.833316 37.263541 36.764521 36.331839 35.960394 35.644634 35.378766 35.156947 34.973432 34.822692 34.699494 34.598936 34.516459 34.447812 34.388993 34.336157 34.285492 34.233066 34.174639 34.105435 34.019850 33.911111 33.770814 33.588351 33.350131 33.038532 32.630452 32.095279 31.392010 30.465152 29.238984 27.609836 25.436803 22.533863 18.673472 13.627859 7.300468 0.000000 
50.000000 48.442497 46.900859 45.390467 43.925754 42.519801 41.183981 39.927704 38.758241 37.680648 36.697779 35.810391 35.017309 34.315664 33.701153 33.168338 32.710940 32.322123 31.994758 31.721656 31.495750 31.310242 31.158703 31.035122 30.933914 30.849890 30.778182 30.714141 30.653190 30.590653 30.521538 30.440282 30.340439 30.214301 30.052436 29.843092 29.571457 29.218682 28.760615 28.166146 27.395049 26.395269 25.099722 23.423104 21.260204 18.489369 14.988620 10.676966 5.593410 0.000000 
50.000000 48.164374 46.347446 44.567343 42.841077 41.184063 39.609707 38.129099 36.750807 35.480790 34.322415 33.276570 32.341875 31.514945 30.790714 30.162773 29.623723 29.165512 28.779745 28.457954 28.191823 27.973356 27.794997 27.649692 27.530903 27.432573 27.349047 27.274961 27.205078 27.134105 27.056460 26.966002 26.855714 26.717324 26.540851 26.314065 26.021813 25.645218 25.160681 24.538703 23.742530 22.726744 21.436111 19.805419 17.761757 15.231798 12.157934 8.527058 4.410822 0.000000 
50.000000 47.902826 45.827015 43.793275 41.821045 39.927934 38.129259 36.437689 34.863015 33.412044 32.088623 30.893769 29.825903 28.881161 28.053754 27.336365 26.720542 26.197092 25.756429 25.388890 25.084987 24.835604 24.632138 24.466567 24.331476 24.220020 24.125841 24.042951 23.965562 23.887892 23.803927 23.707153 23.590237 23.444676 23.260374 23.025177 22.724313 22.339780 21.849646 21.227334 20.440949 19.452854 18.219852 16.694597 14.829257 12.582806 9.933335 6.895502 3.539399 0.000000 
50.000000 47.659375 45.342591 43.072765 40.871588 38.758715 36.751241 34.863307 33.105839 31.486437 30.009391 28.675839 27.484020 26.429621 25.506185 24.705545 24.018275 23.434119 22.942387 22.532305 22.193300 21.915225 21.688507 21.504243 21.354218 21.230881 21.127257 21.036827 20.953356 20.870696 20.782550 20.682208 20.562251 20.414222 20.228262 19.992719 19.693722 19.314741 18.836165 18.234951 17.484460 16.554656 15.412989 14.026367 12.364827 10.407443 8.150676 5.618234 2.869375 0.000000 
50.000000 47.435081 44.896290 42.408954 39.996848 37.681508 35.481667 33.412822 31.486947 29.712369 28.093790 26.632458 25.326443 24.171022 23.159120 22.281791 21.528710 20.888644 20.349890 19.900653 19.529369 19.224943 18.976924 18.775606 18.612061 18.478112 18.366252 18.269518 18.181327 18.095274 18.004907 17.903476 17.783655 17.637253 17.454906 17.225761 16.937169 16.574400 16.120433 15.555872 14.859094 14.006794 12.975104 11.741583 10.288311 8.606218 6.700413 4.595518 2.339033 0.000000 
50.000000 47.230554 44.489319 41.803644 39.199197 36.699233 34.323980 32.090168 30.010728 28.094650 26.347014 24.769165 23.359023 22.111487 21.018922 20.071672 19.258593 18.567564 17.985959 17.501060 17.100398 16.772024 16.504697 16.287993 16.112350 15.969046 15.850120 15.748248 15.656584 15.568564 15.477686 15.377279 15.260249 15.118826 14.944309 14.726817 14.455084 14.116292 13.696006 13.178266 12.545903 11.781199 10.867019 9.788531 8.535609 7.105834 5.507765 3.763739 1.911011 0.000000 
50.000000 47.045970 44.122032 41.257357 38.479324 35.812739 33.279177 30.896486 28.678455 26.634677 24.770570 23.087568 21.583455 20.252792 19.087435 18.077091 17.209878 16.472874 15.852624 15.335577 14.908456 14.558549 14.273907 14.043472 13.857127 13.705679 13.580787 13.474842 13.380806 13.292033 13.202057 13.104372 12.992210 12.858320 12.694750 12.492672 12.242232 11.932481 11.551402 11.086088 10.523125 9.849252 9.052364 8.122900 7.055609 5.851563 4.520126 3.080359 1.561223 0.000000 
50.000000 46.881113 43.793996 40.769450 37.836382 35.020983 32.346032 29.830371 27.488563 25.330733 23.362603 21.585689 19.997650 18.592748 17.362386 16.295699 15.380148 14.602101 13.947360 13.401636 12.950936 12.581868 12.281863 12.039306 11.843600 11.685152 11.555305 11.446226 11.350752 11.262213 11.174236 11.080542 10.974745 10.850154 10.699601 10.515304 10.288771 10.010782 9.671473 9.260541 8.767634 8.182940 7.498017 6.706863 5.807172 4.801662 3.699227 2.515615 1.273257 0.000000 
50.000000 46.735421 43.504097 40.338266 37.268188 34.321276 31.521373 28.888203 26.437008 24.178387 22.118330 20.258424 18.596220 17.125713 15.837908 14.721437 13.763181 12.948877 12.263679 11.692645 11.221152 10.835216 10.521725 10.268583 10.064781 9.900387 9.766490 9.655085 9.558931 9.471380 9.386192 9.297348 9.198863 9.084617 8.948210 8.782848 8.581291 8.335863 8.038545 7.681197 7.255898 6.755446 6.174018 5.507962 4.756680 3.923482 3.016259 2.047771 1.035365 0.000000 
50.000000 46.608051 43.250656 39.961309 36.771452 33.709566 30.800427 28.064526 25.517702 23.170967 21.030545 19.098086 17.371048 15.843191 14.505173 13.345186 12.349605 11.503619 10.791813 10.198681 9.709052 9.308427 8.983226 8.720942 8.510215 8.340833 8.203678 8.090619 7.994372 7.908344 7.826450 7.742940 7.652231 7.548751 7.426817 7.280541 7.103794 6.890230 6.633382 6.326857 5.964631 5.541446 5.053319 4.498121 3.876182 3.190838 2.448814 1.660322 0.838764 0.000000 
50.000000 46.497943 43.031561 39.635438 36.342034 33.180756 30.177184 27.352476 24.722983 22.300077 20.090182 18.095006 16.311921 14.734489 13.353068 12.155469 11.127630 10.254268 9.519479 8.907269 8.401996 7.988722 7.653467 7.383375 7.166792 6.993275 6.853542 6.739369 6.643461 6.559293 6.480944 6.402932 6.320053 6.227245 6.119472 5.991647 5.838603 5.655116 5.435991 5.176229 4.871257 4.517251 4.111505 3.652851 3.142072 2.582245 1.978957 1.340306 0.676638 0.000000 
50.000000 46.403884 42.844401 39.357065 35.975206 32.729024 29.644784 26.744214 24.044103 21.556128 19.286889 17.238137 15.407178 13.787401 12.368906 11.139182 10.083795 9.187058 8.432651 7.804165 7.285558 6.861520 6.517735 6.241052 6.019575 5.842672 5.700932 5.586067 5.490786 5.408644 5.333882 5.261268 5.185948 5.103314 5.008901 4.898314 4.767198 4.611256 4.426322 4.208486 3.954282 3.660923 3.326581 2.950681 2.534173 2.079759 1.591996 1.077263 0.543540 0.000000 
50.000000 46.324578 42.686597 39.122354 35.665915 32.348146 29.195891 26.231357 23.471705 20.928870 18.609595 16.515673 14.644349 12.988871 11.539122 10.282317 9.203708 8.287272 7.516336 6.874143 6.344319 5.911239 5.560309 5.278133 5.052616 4.872976 4.729700 4.614457 4.519973 4.439882 4.368579 4.301059 4.232777 4.159524 4.077323 3.982362 3.870961 3.739577 3.584857 3.403739 3.193584 2.952357 2.678824 2.372758 2.035124 1.668215 1.275702 0.862587 0.435020 0.000000 
50.000000 46.258708 42.555529 38.927409 35.409027 32.031799 28.823053 25.805393 22.996288 20.407887 18.047055 15.915616 14.010770 12.325641 10.849935 9.570640 8.472751 7.539959 6.755304 6.101742 5.562620 5.122058 4.765229 4.478541 4.249738 4.067915 3.923485 3.808087 3.714468 3.636344 3.568242 3.505359 3.443418 3.378548 3.307182 3.225989 3.131837 3.021786 2.893121 2.743427 2.570680 2.373382 2.150697 1.902596 1.629973 1.334735 1.019814 0.689121 0.347399 0.000000 
50.000000 46.204996 42.448652 38.768445 35.199552 31.773840 28.519030 25.458050 22.608620 19.983063 17.588345 15.426315 13.494133 11.784828 10.287958 8.990328 7.876719 6.930597 6.134764 5.471941 4.925251 4.478607 4.116997 3.826669 3.595237 3.411703 3.266421 3.151013 3.058253 2.981922 2.916671 2.857864 2.801450 2.743837 2.681795 2.612382 2.532900 2.440884 2.334111 2.210652 2.068939 1.907851 1.726818 1.525910 1.305919 1.068410 0.815716 0.550898 0.277622 0.000000 
50.000000 46.162251 42.363597 38.641939 35.032848 31.568553 28.277084 25.181629 22.300109 19.644984 17.223298 15.036925 13.082991 11.354447 9.840736 8.528516 7.402401 6.445673 5.640949 4.970764 4.418063 3.966595 3.601199 3.308000 3.074513 2.889666 2.743770 2.628438 2.536466 2.461697 2.398880 2.343521 2.291750 2.240199 2.185907 2.126237 2.058832 1.981588 1.892655 1.790465 1.673778 1.541740 1.393951 1.230527 1.052151 0.860101 0.656241 0.442977 0.223168 0.000000 
50.000000 46.129416 42.298262 38.544763 34.904794 31.410860 28.091232 24.969296 22.063124 19.385286 16.942887 14.737814 12.767171 11.023849 9.497202 8.173777 7.038057 6.073186 5.261636 4.585801 4.028489 3.573324 3.205034 2.909649 2.674607 2.488782 2.342458 2.227238 2.135940 2.062458 2.001619 1.949039 1.900989 1.854279 1.806148 1.754195 1.696317 1.630678 1.555703 1.470086 1.372818 1.263226 1.141021 1.006333 0.859747 0.702313 0.535538 0.361342 0.181992 0.000000 
50.000000 46.105604 42.250879 38.474288 34.811926 31.296497 27.956447 24.815305 21.891257 19.196947 16.739525 14.520891 12.538130 10.784092 9.248065 7.916514 6.773829 5.803053 4.986556 4.306626 3.745975 3.288134 2.917753 2.620793 2.384637 2.198124 2.051512 1.936405 1.845637 1.773139 1.713796 1.663307 1.618046 1.574950 1.531407 1.485181 1.434352 1.377274 1.312562 1.239092 1.156011 1.062767 0.959137 0.845251 0.721616 0.589114 0.448995 0.302838 0.152491 0.000000 
50.000000 46.090123 42.220075 38.428471 34.751551 31.222148 27.868821 24.715194 21.779523 19.074506 16.607318 14.379867 12.389229 10.628224 9.086099 7.749265 6.602053 5.627440 4.807726 4.125136 3.562316 3.102739 2.731002 2.433023 2.196151 2.009198 1.862411 1.747393 1.656989 1.585154 1.526813 1.477719 1.434314 1.393616 1.353111 1.310669 1.264487 1.213042 1.155067 1.089551 1.015740 0.933154 0.841607 0.741226 0.632462 0.516089 0.393189 0.265123 0.133477 0.000000 
50.000000 46.082502 42.204911 38.405917 34.721830 31.185548 27.825686 24.665912 21.724520 19.014231 16.542235 14.310445 12.315929 10.551494 9.006367 7.666934 6.517493 5.540991 4.719694 4.035795 3.471908 3.011477 2.639074 2.340595 2.103372 1.916205 1.769336 1.654366 1.564146 1.492646 1.434807 1.386410 1.343932 1.304429 1.265435 1.224875 1.181000 1.132346 1.077707 1.016123 0.946889 0.869558 0.783961 0.690223 0.588765 0.480307 0.365851 0.246651 0.124166 0.000000 
50.000000 46.082502 42.204911 38.405917 34.721830 31.185548 27.825686 24.665912 21.724520 19.014231 16.542235 14.310445 12.315929 10.551494 9.006367 7.666934 6.517493 5.540991 4.719694 4.035795 3.471908 3.011477 2.639074 2.340595 2.103372 1.916205 1.769336 1.654366 1.564146 1.492646 1.434807 1.386410 1.343932 1.304429 1.265435 1.224875 1.181000 1.132346 1.077707 1.016123 0.946889 0.869558 0.783961 0.690223 0.588765 0.480307 0.365851 0.246651 0.124166 0.000000 
50.000000 46.090123 42.220075 38.428471 34.751551 31.222148 27.868821 24.715194 21.779523 19.074506 16.607318 14.379867 12.389229 10.628224 9.086099 7.749265 6.602053 5.627440 4.807726 4.125136 3.562316 3.102739 2.731002 2.433023 2.196151 2.009198 1.862411 1.747393 1.656989 1.585154 1.526813 1.477719 1.434314 1.393616 1.353111 1.310669 1.264487 1.213042 1.155067 1.089551 1.015740 0.933154 0.841607 0.741226 0.632462 0.516089 0.393189 0.265123 0.133477 0.000000 
50.000000 46.105604 42.250879 38.474288 34.811926 31.296497 27.956447 24.815305 21.891257 19.196947 16.739525 14.520891 12.538130 10.784092 9.248065 7.916514 6.773829 5.803053 4.986556 4.306626 3.745975 3.288134 2.917753 2.620793 2.384637 2.198124 2.051512 1.936405 1.845637 1.773139 1.713796 1.663307 1.618046 1.574950 1.531407 1.485181 1.434352 1.377274 1.312562 1.239092 1.156011 1.062767 0.959137 0.845251 0.721616 0.589114 0.448995 0.302838 0.152491 0.000000 
50.000000 46.129416 42.298262 38.544763 34.904794 31.410860 28.091232 24.969296 22.063124 19.385286 16.942887 14.737814 12.767171 11.023849 9.497202 8.173777 7.038057 6.073186 5.261636 4.585801 4.028489 3.573324 3.205034 2.909649 2.674607 2.488782 2.342458 2.227238 2.135940 2.062458 2.001619 1.949039 1.900989 1.854279 1.806148 1.754195 1.696317 1.630678 1.555703 1.470086 1.372818 1.263226 1.141021 1.006333 0.859747 0.702313 0.535538 0.361342 0.181992 0.000000 
50.000000 46.162251 42.363597 38.641939 35.032848 31.568553 28.277084 25.181629 22.300109 19.644984 17.223298 15.036925 13.082991 11.354447 9.840736 8.528516 7.402401 6.445673 5.640949 4.970764 4.418063 3.966595 3.601199 3.308000 3.074513 2.889666 2.743770 2.628438 2.536466 2.461697 2.398880 2.343521 2.291750 2.240199 2.185907 2.126237 2.058832 1.981588 1.892655 1.790465 1.673778 1.541740 1.393951 1.230527 1.052151 0.860101 0.656241 0.442977 0.223168 0.000000 
50.000000 46.204996 42.448652 38.768445 35.199552 31.773840 28.519030 25.458050 22.608620 19.983063 17.588345 15.426315 13.494133 11.784828 10.287958 8.990328 7.876719 6.930597 6.134764 5.471941 4.925251 4.478607 4.116997 3.826669 3.595237 3.411703 3.266421 3.151013 3.058253 2.981922 2.916671 2.857864 2.801450 2.743837 2.681795 2.612382 2.532900 2.440884 2.334111 2.210652 2.068939 1.907851 1.726818 1.525910 1.305919 1.068410 0.815716 0.550898 0.277622 0.000000 
50.000000 46.258708 42.555529 38.927409 35.409027 32.031799 28.823053 25.805393 22.996288 20.407887 18.047055 15.915616 14.010770 12.325641 10.849935 9.570640 8.472751 7.539959 6.755304 6.101742 5.562620 5.122058 4.765229 4.478541 4.249738 4.067915 3.923485 3.808087 3.714468 3.636344 3.568242 3.505359 3.443418 3.378548 3.307182 3.225989 3.131837 3.021786 2.893121 2.743427 2.570680 2.373382 2.150697 1.902596 1.629973 1.334735 1.019814 0.689121 0.347399 0.000000 
50.000000 46.324578 42.686597 39.122354 35.665915 32.348146 29.195891 26.231357 23.471705 20.928870 18.609595 16.515673 14.644349 12.988871 11.539122 10.282317 9.203708 8.287272 7.516336 6.874143 6.344319 5.911239 5.560309 5.278133 5.052616 4.872976 4.729700 4.614457 4.519973 4.439882 4.368579 4.301059 4.232777 4.159524 4.077323 3.982362 3.870961 3.739577 3.584857 3.403739 3.193584 2.952357 2.678824 2.372758 2.035124 1.668215 1.275702 0.862587 0.435020 0.000000 
50.000000 46.403884 42.844401 39.357065 35.975206 32.729024 29.644784 26.744214 24.044103 21.556128 19.286889 17.238137 15.407178 13.787401 12.368906 11.139182 10.083795 9.187058 8.432651 7.804165 7.285558 6.861520 6.517735 6.241052 6.019575 5.842672 5.700932 5.586067 5.490786 5.408644 5.333882 5.261268 5.185948 5.103314 5.008901 4.898314 4.767198 4.611256 4.426322 4.208486 3.954282 3.660923 3.326581 2.950681 2.534173 2.079759 1.591996 1.077263 0.543540 0.000000 
50.000000 46.497943 43.031561 39.635438 36.342034 33.180756 30.177184 27.352476 24.722983 22.300077 20.090182 18.095006 16.311921 14.734489 13.353068 12.155469 11.127630 10.254268 9.519479 8.907269 8.401996 7.988722 7.653467 7.383375 7.166792 6.993275 6.853542 6.739369 6.643461 6.559293 6.480944 6.402932 6.320053 6.227245 6.119472 5.991647 5.838603 5.655116 5.435991 5.176229 4.871257 4.517251 4.111505 3.652851 3.142072 2.582245 1.978957 1.340306 0.676638 0.000000 
50.000000 46.608051 43.250656 39.961309 36.771452 33.709566 30.800427 28.064526 25.517702 23.170967 21.030545 19.098086 17.371048 15.843191 14.505173 13.345186 12.349605 11.503619 10.791813 10.198681 9.709052 9.308427 8.983226 8.720942 8.510215 8.340833 8.203678 8.090619 7.994372 7.908344 7.826450 7.742940 7.652231 7.548751 7.426817 7.280541 7.103794 6.890230 6.633382 6.326857 5.964631 5.541446 5.053319 4.498121 3.876182 3.190838 2.448814 1.660322 0.838764 0.000000 
50.000000 46.735421 43.504097 40.338266 37.268188 34.321276 31.521373 28.888203 26.437008 24.178387 22.118330 20.258424 18.596220 17.125713 15.837908 14.721437 13.763181 12.948877 12.263679 11.692645 11.221152 10.835216 10.521725 10.268583 10.064781 9.900387 9.766490 9.655085 9.558931 9.471380 9.386192 9.297348 9.198863 9.084617 8.948210 8.782848 8.581291 8.335863 8.038545 7.681197 7.255898 6.755446 6.174018 5.507962 4.756680 3.923482 3.016259 2.047771 1.035365 0.000000 
50.000000 46.881113 43.793996 40.769450 37.836382 35.020983 32.346032 29.830371 27.488563 25.330733 23.362603 21.585689 19.997650 18.592748 17.362386 16.295699 15.380148 14.602101 13.947360 13.401636 12.950936 12.581868 12.281863 12.039306 11.843600 11.685152 11.555305 11.446226 11.350752 11.262213 11.174236 11.080542 10.974745 10.850154 10.699601 10.515304 10.288771 10.010782 9.671473 9.260541 8.767634 8.182940 7.498017 6.706863 5.807172 4.801662 3.699227 2.515615 1.273257 0.000000 
50.000000 47.045970 44.122032 41.257357 38.479324 35.812739 33.279177 30.896486 28.678455 26.634677 24.770570 23.087568 21.583455 20.252792 19.087435 18.077091 17.209878 16.472874 15.852624 15.335577 14.908456 14.558549 14.273907 14.043472 13.857127 13.705679 13.580787 13.474842 13.380806 13.292033 13.202057 13.104372 12.992210 12.858320 12.694750 12.492672 12.242232 11.932481 11.551402 11.086088 10.523125 9.849252 9.052364 8.122900 7.055609 5.851563 4.520126 3.080359 1.561223 0.000000 
50.000000 47.230554 44.489319 41.803644 39.199197 36.699233 34.323980 32.090168 30.010728 28.094650 26.347014 24.769165 23.359023 22.111487 21.018922 20.071672 19.258593 18.567564 17.985959 17.501060 17.100398 16.772024 16.504697 16.287993 16.112350 15.969046 15.850120 15.748248 15.656584 15.568564 15.477686 15.377279 15.260249 15.118826 14.944309 14.726817 14.455084 14.116292 13.696006 13.178266 12.545903 11.781199 10.867019 9.788531 8.535609 7.105834 5.507765 3.763739 1.911011 0.000000 
50.000000 47.435081 44.896290 42.408954 39.996848 37.681508 35.481667 33.412822 31.486947 29.712369 28.093790 26.632458 25.326443 24.171022 23.159120 22.281791 21.528710 20.888644 20.349890 19.900653 19.529369 19.224943 18.976924 18.775606 18.612061 18.478112 18.366252 18.269518 18.181327 18.095274 18.004907 17.903476 17.783655 17.637253 17.454906 17.225761 16.937169 16.574400 16.120433 15.555872 14.859094 14.006794 12.975104 11.741583 10.288311 8.606218 6.700413 4.595518 2.339033 0.000000 
50.000000 47.659375 45.342591 43.072765 40.871588 38.758715 36.751241 34.863307 33.105839 31.486437 30.009391 28.675839 27.484020 26.429621 25.506185 24.705545 24.018275 23.434119 22.942387 22.532305 22.193300 21.915225 21.688507 21.504243 21.354218 21.230881 21.127257 21.036827 20.953356 20.870696 20.782550 20.682208 20.562251 20.414222 20.228262 19.992719 19.693722 19.314741 18.836165 18.234951 17.484460 16.554656 15.412989 14.026367 12.364827 10.407443 8.150676 5.618234 2.869375 0.000000 
50.000000 47.902826 45.827015 43.793275 41.821045 39.927934 38.129259 36.437689 34.863015 33.412044 32.088623 30.893769 29.825903 28.881161 28.053754 27.336365 26.720542 26.197092 25.756429 25.388890 25.084987 24.835604 24.632138 24.466567 24.331476 24.220020 24.125841 24.042951 23.965562 23.887892 23.803927 23.707153 23.590237 23.444676 23.260374 23.025177 22.724313 22.339780 21.849646 21.227334 20.440949 19.452854 18.219852 16.694597 14.829257 12.582806 9.933335 6.895502 3.539399 0.000000 
50.000000 48.164374 46.347446 44.567343 42.841077 41.184063 39.609707 38.129099 36.750807 35.480790 34.322415 33.276570 32.341875 31.514945 30.790714 30.162773 29.623723 29.165512 28.779745 28.457954 28.191823 27.973356 27.794997 27.649692 27.530903 27.432573 27.349047 27.274961 27.205078 27.134105 27.056460 26.966002 26.855714 26.717324 26.540851 26.314065 26.021813 25.645218 25.160681 24.538703 23.742530 22.726744 21.436111 19.805419 17.761757 15.231798 12.157934 8.527058 4.410822 0.000000 
50.000000 48.442497 46.900859 45.390467 43.925754 42.519801 41.183981 39.927704 38.758241 37.680648 36.697779 35.810391 35.017309 34.315664 33.701153 33.168338 32.710940 32.322123 31.994758 31.721656 31.495750 31.310242 31.158703 31.035122 30.933914 30.849890 30.778182 30.714141 30.653190 30.590653 30.521538 30.440282 30.340439 30.214301 30.052436 29.843092 29.571457 29.218682 28.760615 28.166146 27.395049 26.395269 25.099722 23.423104 21.260204 18.489369 14.988620 10.676966 5.593410 0.000000 
50.000000 48.735232 47.483348 46.256836 45.067418 43.925716 42.840965 41.820806 40.871145 39.996085 39.197946 38.477341 37.833316 37.263541 36.764521 36.331839 35.960394 35.644634 35.378766 35.156947 34.973432 34.822692 34.699494 34.598936 34.516459 34.447812 34.388993 34.336157 34.285492 34.233066 34.174639 34.105435 34.019850 33.911111 33.770814 33.588351 33.350131 33.038532 32.630452 32.095279 31.392010 30.465152 29.238984 27.609836 25.436803 22.533863 18.673472 13.627859 7.300468 0.000000 
50.000000 49.040208 48.090192 47.159431 46.256820 45.390417 44.567234 43.793067 43.072399 42.408342 41.802659 41.255812 40.767080 40.334693 39.955998 39.627643 39.345756 39.106121 38.904343 38.735983 38.596678 38.482226 38.388648 38.312212 38.249444 38.197094 38.152095 38.111485 38.072311 38.031504 37.985730 37.931194 37.863408 37.776892 37.664778 37.518294 37.326051 37.073043 36.739202 36.297266 35.709526 34.922796 33.860454 32.409786 30.402124 27.583565 23.579786 17.884892 9.992848 0.000000 
50.000000 49.354699 48.715970 48.090187 47.483330 46.900818 46.347363 45.826864 45.342333 44.895864 44.488641 44.120977 43.792384 43.501673 43.247061 43.026294 42.836767 42.675646 42.539974 42.426765 42.333085 42.256105 42.193146 42.141694 42.099404 42.064081 42.033646 42.006086 41.979386 41.951440 41.919944 41.882263 41.835256 41.775062 41.696805 41.594202 41.459014 41.280246 41.042969 40.726485 40.301407 39.724808 38.931837 37.820622 36.224064 33.855611 30.205385 24.358012 14.795551 0.000000 
50.000000 49.675697 49.354698 49.040204 48.735222 48.442474 48.164329 47.902747 47.659241 47.434864 47.230209 47.045435 46.880298 46.734197 46.606239 46.495289 46.400039 46.319063 46.250877 46.193979 46.146892 46.108196 46.076542 46.050666 46.029385 46.011594 45.996243 45.982313 45.968783 45.954580 45.938528 45.919276 45.895205 45.864320 45.824087 45.771224 45.701398 45.608784 45.485390 45.319990 45.096360 44.790219 44.363583 43.753665 42.849168 41.434822 39.047399 34.559172 24.837855 0.000000 
50.000000 50.000000 50.000000 50.000000 50.000000 50.000000 50.000000 50.000000 50.000000 50.000000 50.000000 50.000000 50.000000 50.000000 50.000000 50.000000 50.000000 50.000000 50.000000 50.000000 50.000000 50.000000 50.000000 50.000000 50.000000 50.000000 50.000000 50.000000 50.000000 50.000000 50.000000 50.000000 50.000000 50.000000 50.000000 50.000000 50.000000 50.000000 50.000000 50.000000 50.000000 50.000000 50.000000 50.000000 50.000000 50.000000 50.000000 50.000000 50.000000 50.000000 
