50.000000 50.000000 50.000000 50.000000 50.000000 50.000000 50.000000 50.000000 50.000000 50.000000 50.000000 50.000000 50.000000 50.000000 50.000000 50.000000 50.000000 50.000000 50.000000 50.000000 50.000000 50.000000 50.000000 50.000000 50.000000 50.000000 50.000000 50.000000 50.000000 50.000000 50.000000 50.000000 50.000000 50.000000 50.000000 50.000000 50.000000 50.000000 50.000000 50.000000 50.000000 50.000000 50.000000 50.000000 50.000000 50.000000 50.000000 50.000000 50.000000 50.000000 
50.000000 49.682174 49.367521 49.059119 48.759859 48.472369 48.198938 47.941473 47.701455 47.479928 47.277501 47.094363 46.930318 46.784828 46.657063 46.545962 46.450287 46.368680 46.299718 46.241953 46.193955 46.154338 46.121778 46.095029 46.072917 46.054336 46.038233 46.023578 46.009334 45.994411 45.977613 45.957566 45.932632 45.900792 45.859491 45.805427 45.734251 45.640121 45.515033 45.347753 45.122052 44.813649 44.384565 43.772022 42.864739 41.447463 39.056990 34.565620 24.841095 0.000000 
50.000000 49.367522 48.741359 48.127633 47.532103 46.959993 46.415863 45.903503 45.425864 44.985023 44.582191 44.217745 43.891294 43.601767 43.347515 43.126424 42.936032 42.773639 42.636409 42.521466 42.425963 42.347143 42.282377 42.229185 42.185239 42.148345 42.116415 42.087415 42.059299 42.029926 41.996954 41.957704 41.908992 41.846914 41.766551 41.661582 41.523732 41.341977 41.101363 40.781174 40.352016 39.770962 38.973168 37.856784 36.254736 33.880512 30.224278 24.370712 14.801934 0.000000 
50.000000 49.059124 48.127640 47.214659 46.328745 45.477672 44.668222 43.906034 43.195496 42.539701 41.940447 41.398297 40.912669 40.481969 40.103746 39.774856 39.491635 39.250069 39.045941 38.874974 38.732936 38.615730 38.519451 38.440420 38.375185 38.320499 38.273280 38.230535 38.189266 38.146355 38.098405 38.041562 37.971274 37.881995 37.766795 37.616847 37.420708 37.163328 36.824605 36.377250 35.783542 34.990295 33.920900 32.462671 30.446981 27.619982 23.607416 17.903466 10.002182 0.000000 
50.000000 48.759872 47.532124 46.328764 45.161080 44.039318 42.972418 41.967812 41.031284 40.166910 39.377062 38.662480 38.022398 37.454716 36.956203 36.522716 36.149429 35.831050 35.562027 35.336723 35.149567 34.995168 34.868390 34.764397 34.678662 34.606936 34.545199 34.489562 34.436158 34.380988 34.319734 34.247538 34.158715 34.046405 33.902127 33.715198 33.471958 33.154729 32.740362 32.198214 31.487263 30.552018 29.316773 27.677895 25.494529 22.580727 18.709029 13.651762 7.312480 0.000000 
50.000000 48.472396 46.960042 45.477730 44.039364 42.657564 41.343346 40.105861 38.952237 37.887493 36.914552 36.034325 35.245870 34.546600 33.932536 33.398576 32.938777 32.546624 32.215280 31.937811 31.707360 31.517299 31.361318 31.233484 31.128253 31.040437 30.965145 30.897676 30.833386 30.767515 30.694978 30.610114 30.506373 30.375950 30.209313 29.994622 29.716982 29.357475 28.891895 28.289091 27.508817 26.499018 25.192629 23.504389 21.329150 18.545340 15.031087 10.705513 5.607756 0.000000 
50.000000 48.198991 46.415960 44.668350 42.972550 41.343442 39.794010 38.335046 36.974952 35.719647 34.572576 33.534814 32.605251 31.780839 31.056885 30.427379 29.885315 29.423016 29.032430 28.705385 28.433813 28.209913 28.026271 27.875923 27.752376 27.649576 27.561841 27.483745 27.409973 27.335135 27.253540 27.158934 27.044182 26.900895 26.718982 26.486107 26.187026 25.802781 25.309708 24.678264 23.871671 22.844509 21.541568 19.897684 17.840014 15.295329 12.206136 8.559461 4.427105 0.000000 
50.000000 47.941565 45.903680 43.906277 41.968091 40.106129 38.335232 36.667735 35.113241 33.678513 32.367492 31.181406 30.118986 29.176749 28.349336 27.629877 27.010371 26.482047 26.035708 25.662027 25.351797 25.096123 24.886558 24.715184 24.574637 24.458074 24.359104 24.271672 24.189900 24.107897 24.019529 23.918152 23.796303 23.645349 23.455071 23.213197 22.904854 22.511948 22.012479 21.379819 20.582045 19.581519 18.335068 16.795397 14.914754 12.652215 9.985996 6.930902 3.557189 0.000000 
50.000000 47.701610 45.426166 43.195923 41.031799 38.952787 36.975456 35.113579 33.377877 31.775906 30.312063 28.987721 27.801464 26.749405 25.825561 25.022265 24.330585 23.740738 23.242461 22.825353 22.479151 22.193947 21.960346 21.769554 21.613414 21.484376 21.375428 21.279977 21.191689 21.104297 21.011371 20.906060 20.780805 20.627005 20.434670 20.192021 19.885074 19.497205 19.008724 18.396536 17.633971 16.690992 15.535071 14.133174 12.455418 10.480986 8.206473 5.655743 2.888224 0.000000 
50.000000 47.480181 44.985517 42.540410 40.167793 37.888487 35.720660 33.679410 31.776493 30.020191 28.415327 26.963406 25.662877 24.509479 23.496656 22.616005 21.857740 21.211140 20.664966 20.207827 19.828493 19.516130 19.260477 19.051947 18.881670 18.741472 18.623805 18.521627 18.428245 18.337128 18.241682 18.135006 18.009624 17.857194 17.668210 17.431686 17.134854 16.762883 16.298672 15.722765 15.013511 14.147598 13.101185 11.851886 10.381866 8.682167 6.758035 4.634254 2.358498 0.000000 
50.000000 47.277899 44.582974 41.941583 39.378503 36.916225 34.574375 32.369265 30.313593 28.416309 26.682620 25.114155 23.709239 22.463272 21.369172 20.417866 19.598789 18.900365 18.310466 17.816802 17.407263 17.070178 16.794504 16.569944 16.386998 16.236945 16.111780 16.004094 15.906927 15.813578 15.717397 15.611555 15.488800 15.341205 15.159919 14.934926 14.654834 14.306721 13.876069 13.346857 12.701882 11.923423 10.994367 9.899941 8.630101 7.182542 5.565964 3.802862 1.930671 0.000000 
50.000000 47.094977 44.218956 41.400068 38.664753 36.037014 33.537797 31.184509 28.990704 26.965931 25.115749 23.441897 21.942589 20.612916 19.445325 18.430137 17.556081 16.810814 16.181403 15.654752 15.217959 14.858601 14.564940 14.326050 14.131877 13.973230 13.841717 13.729642 13.629848 13.535545 13.440113 13.336883 13.218924 13.078821 12.908473 12.698908 12.440147 12.121134 11.729766 11.253074 10.677610 9.990108 9.178484 8.233232 7.149185 5.927528 4.577760 3.119102 1.580692 0.000000 
50.000000 46.931248 43.893132 40.915370 38.025892 35.250054 32.609982 30.124065 27.806621 25.667738 23.713288 21.945109 20.361316 18.956725 17.723361 16.651003 15.727751 14.940575 14.275826 13.719687 13.258554 12.879338 12.569687 12.318123 12.114111 11.948059 11.811259 11.695785 11.594351 11.500139 11.406618 11.307341 11.195755 11.065005 10.907769 10.716121 10.481442 10.194406 9.845059 9.423039 8.917956 8.319992 7.620726 6.814208 5.898214 4.875568 3.755298 2.553307 1.292198 0.000000 
50.000000 46.786215 43.604514 40.486020 37.459982 34.552956 31.788114 29.184714 26.757750 24.517787 22.470977 20.619245 18.960618 17.489669 16.198048 15.075056 14.108238 13.283957 12.587930 12.005706 11.523062 11.126327 10.802609 10.539954 10.327415 10.155061 10.013925 9.895907 9.793639 9.700324 9.609559 9.515156 9.410960 9.290687 9.147780 8.975304 8.765892 8.511759 8.204801 7.836816 7.399844 6.886677 6.291510 5.610740 4.843846 3.994241 3.069941 2.083857 1.053499 0.000000 
50.000000 46.659106 43.351565 40.109731 36.964010 33.942010 31.067818 28.361454 25.838506 23.509957 21.382204 19.457247 17.733036 16.203934 14.861262 13.693903 12.688914 11.832128 11.108711 10.503657 10.002206 9.590179 9.254220 8.981964 8.762115 8.584460 8.439823 8.319976 8.217507 8.125667 8.038209 7.949213 7.852927 7.743613 7.615434 7.462360 7.278137 7.056312 6.790333 6.473747 6.100489 5.665293 5.164195 4.595108 3.958434 3.257606 2.499469 1.694373 0.855874 0.000000 
50.000000 46.548935 43.132323 39.783586 36.534132 33.412478 30.443508 27.647903 25.041763 22.636434 20.438525 18.450103 16.669052 15.089550 13.702635 12.496827 11.458764 10.573819 9.826682 9.201868 8.684154 8.258925 7.912431 7.631957 7.405912 7.223851 7.076433 6.955335 6.853129 6.763138 6.679276 6.595891 6.507609 6.409206 6.295492 6.161241 6.001164 5.809930 5.582264 5.313101 4.997836 4.632630 4.214792 3.743196 3.218688 2.644436 2.026139 1.372022 0.692575 0.000000 
50.000000 46.454568 42.944530 39.504224 36.165917 32.958906 29.908754 27.036708 24.359310 21.888216 19.630215 17.587434 15.757698 14.135029 12.710222 11.471487 10.405102 9.496050 8.728611 8.086894 7.555283 7.118792 6.763337 6.475908 6.244672 6.058993 5.909400 5.787505 5.685883 5.597935 5.517737 5.439888 5.359367 5.271406 5.171387 5.054780 4.917110 4.753978 4.561135 4.334612 4.070906 3.767217 3.421729 3.033901 2.604745 2.137042 1.635453 1.106475 0.558218 0.000000 
50.000000 46.374782 42.785756 39.268031 35.854601 32.575422 29.456633 26.519959 23.782315 21.255619 18.946814 16.858075 14.987179 13.328016 11.871176 10.604607 9.514284 8.584859 7.800269 7.144281 6.600947 6.154971 5.791989 5.498750 5.263218 5.074607 4.923342 4.800991 4.700144 4.614284 4.537640 4.465039 4.391772 4.313470 4.226011 4.125449 4.007985 3.869978 3.707997 3.518919 3.300070 3.049399 2.765682 2.448723 2.099540 1.720500 1.315367 0.889249 0.448417 0.000000 
50.000000 46.308332 42.653521 39.071316 35.595319 32.256035 29.080082 26.089582 23.301762 20.728759 18.377643 16.250628 14.345454 12.655898 11.172382 9.882636 8.772381 7.825996 7.027134 6.359275 5.806198 5.352352 4.983142 4.685118 4.446082 4.255126 4.102598 3.980035 3.880050 3.796205 3.722866 3.655061 3.588352 3.518711 3.442428 3.356044 3.256310 3.140191 3.004896 2.847950 2.667295 2.461417 2.229486 1.971498 1.688398 1.382154 1.055787 0.713301 0.359549 0.000000 
50.000000 46.254003 42.545403 38.910481 35.383329 31.994902 28.772211 25.737704 22.908860 20.297996 17.912286 15.753978 13.820779 12.106376 10.601051 9.292358 8.165812 7.205566 6.395042 5.717490 5.156463 4.696205 4.321933 4.020038 3.778193 3.585392 3.431928 3.309316 3.210197 3.128202 3.057815 2.994241 2.933265 2.871144 2.804507 2.730286 2.645672 2.548107 2.435292 2.305243 2.156355 1.987492 1.798086 1.588230 1.358759 1.111295 0.848249 0.572765 0.288609 0.000000 
50.000000 46.210658 42.459147 38.782165 35.214201 31.786569 28.526590 25.456973 22.595401 19.954331 17.541023 15.357749 13.402193 11.667968 10.145246 8.821439 7.681898 6.710599 5.890778 5.205500 4.638142 4.172784 3.794496 3.489542 3.245495 3.051275 2.897131 2.774570 2.676253 2.595874 2.528020 2.468033 2.411887 2.356064 2.297465 2.233330 2.161194 2.078862 1.984411 1.876220 1.753011 1.613914 1.458529 1.286992 1.100024 0.898953 0.685713 0.462786 0.233121 0.000000 
50.000000 46.177287 42.392739 38.683377 35.083993 31.626176 28.337490 25.240844 22.354074 19.689751 17.255195 15.052702 13.079933 11.330448 9.794334 8.458892 7.309350 6.329543 5.502568 4.811348 4.239125 3.769851 3.388485 3.081196 2.835479 2.640201 2.485579 2.363114 2.265488 2.186446 2.120653 2.063567 2.011302 1.960519 1.908324 1.852195 1.789924 1.719586 1.639535 1.548411 1.445170 1.329121 1.199974 1.057875 0.903443 0.737774 0.562436 0.379422 0.191077 0.000000 
50.000000 46.153041 42.344488 38.611598 34.989384 31.509636 28.200092 25.083805 22.178728 19.497508 17.047514 14.831056 12.845781 11.085209 9.539364 8.195471 7.038662 6.052676 5.220505 4.524971 3.949217 3.477104 3.093510 2.784536 2.537622 2.341596 2.186652 2.064290 1.967210 1.889192 1.824963 1.770063 1.720712 1.673699 1.626282 1.576106 1.521146 1.459672 1.390228 1.311636 1.223009 1.123777 1.013713 0.892963 0.762062 0.621937 0.473891 0.319571 0.160899 0.000000 
50.000000 46.137255 42.313074 38.564866 34.927790 31.433763 28.110639 24.981566 22.064570 19.372349 16.912305 14.686755 12.693339 10.925549 9.373370 8.023973 6.862434 5.872427 5.036874 4.338533 3.760482 3.286524 2.901484 2.591418 2.343732 2.147228 1.992088 1.869810 1.773105 1.695779 1.632600 1.579160 1.531750 1.487243 1.442994 1.396756 1.346624 1.290989 1.228517 1.158143 1.079078 0.990823 0.893191 0.786320 0.670687 0.547107 0.416716 0.280936 0.141423 0.000000 
50.000000 46.129477 42.297596 38.541841 34.897441 31.396379 28.066564 24.931192 22.008322 19.310682 16.845685 14.615656 12.618229 10.846882 9.291582 7.939475 6.775605 5.783616 4.946398 4.246674 3.667493 3.192626 2.806875 2.496273 2.248208 2.051472 1.896239 1.774007 1.677493 1.600516 1.537863 1.485154 1.438714 1.395457 1.352785 1.308507 1.260773 1.208035 1.149017 1.082710 1.008370 0.925533 0.834027 0.733987 0.625862 0.510410 0.388684 0.261997 0.131876 0.000000 
50.000000 46.129477 42.297596 38.541841 34.897441 31.396379 28.066564 24.931192 22.008322 19.310682 16.845685 14.615656 12.618229 10.846882 9.291582 7.939475 6.775605 5.783616 4.946398 4.246674 3.667493 3.192626 2.806875 2.496273 2.248208 2.051472 1.896239 1.774007 1.677493 1.600516 1.537863 1.485154 1.438714 1.395457 1.352785 1.308507 1.260773 1.208035 1.149017 1.082710 1.008370 0.925533 0.834027 0.733987 0.625862 0.510410 0.388684 0.261997 0.131876 0.000000 
50.000000 46.137255 42.313074 38.564866 34.927790 31.433763 28.110639 24.981566 22.064570 19.372349 16.912305 14.686755 12.693339 10.925549 9.373370 8.023973 6.862434 5.872427 5.036874 4.338533 3.760482 3.286524 2.901484 2.591418 2.343732 2.147228 1.992088 1.869810 1.773105 1.695779 1.632600 1.579160 1.531750 1.487243 1.442994 1.396756 1.346624 1.290989 1.228517 1.158143 1.079078 0.990823 0.893191 0.786320 0.670687 0.547107 0.416716 0.280936 0.141423 0.000000 
50.000000 46.153041 42.344488 38.611598 34.989384 31.509636 28.200092 25.083805 22.178728 19.497508 17.047514 14.831056 12.845781 11.085209 9.539364 8.195471 7.038662 6.052676 5.220505 4.524971 3.949217 3.477104 3.093510 2.784536 2.537622 2.341596 2.186652 2.064290 1.967210 1.889192 1.824963 1.770063 1.720712 1.673699 1.626282 1.576106 1.521146 1.459672 1.390228 1.311636 1.223009 1.123777 1.013713 0.892963 0.762062 0.621937 0.473891 0.319571 0.160899 0.000000 
50.000000 46.177287 42.392739 38.683377 35.083993 31.626176 28.337490 25.240844 22.354074 19.689751 17.255195 15.052702 13.079933 11.330448 9.794334 8.458892 7.309350 6.329543 5.502568 4.811348 4.239125 3.769851 3.388485 3.081196 2.835479 2.640201 2.485579 2.363114 2.265488 2.186446 2.120653 2.063567 2.011302 1.960519 1.908324 1.852195 1.789924 1.719586 1.639535 1.548411 1.445170 1.329121 1.199974 1.057875 0.903443 0.737774 0.562436 0.379422 0.191077 0.000000 
50.000000 46.210658 42.459147 38.782165 35.214201 31.786569 28.526590 25.456973 22.595401 19.954331 17.541023 15.357749 13.402193 11.667968 10.145246 8.821439 7.681898 6.710599 5.890778 5.205500 4.638142 4.172784 3.794496 3.489542 3.245495 3.051275 2.897131 2.774570 2.676253 2.595874 2.528020 2.468033 2.411887 2.356064 2.297465 2.233330 2.161194 2.078862 1.984411 1.876220 1.753011 1.613914 1.458529 1.286992 1.100024 0.898953 0.685713 0.462786 0.233121 0.000000 
50.000000 46.254003 42.545403 38.910481 35.383329 31.994902 28.772211 25.737704 22.908860 20.297996 17.912286 15.753978 13.820779 12.106376 10.601051 9.292358 8.165812 7.205566 6.395042 5.717490 5.156463 4.696205 4.321933 4.020038 3.778193 3.585392 3.431928 3.309316 3.210197 3.128202 3.057815 2.994241 2.933265 2.871144 2.804507 2.730286 2.645672 2.548107 2.435292 2.305243 2.156355 1.987492 1.798086 1.588230 1.358759 1.111295 0.848249 0.572765 0.288609 0.000000 
50.000000 46.308332 42.653521 39.071316 35.595319 32.256035 29.080082 26.089582 23.301762 20.728759 18.377643 16.250628 14.345454 12.655898 11.172382 9.882636 8.772381 7.825996 7.027134 6.359275 5.806198 5.352352 4.983142 4.685118 4.446082 4.255126 4.102598 3.980035 3.880050 3.796205 3.722866 3.655061 3.588352 3.518711 3.442428 3.356044 3.256310 3.140191 3.004896 2.847950 2.667295 2.461417 2.229486 1.971498 1.688398 1.382154 1.055787 0.713301 0.359549 0.000000 
50.000000 46.374782 42.785756 39.268031 35.854601 32.575422 29.456633 26.519959 23.782315 21.255619 18.946814 16.858075 14.987179 13.328016 11.871176 10.604607 9.514284 8.584859 7.800269 7.144281 6.600947 6.154971 5.791989 5.498750 5.263218 5.074607 4.923342 4.800991 4.700144 4.614284 4.537640 4.465039 4.391772 4.313470 4.226011 4.125449 4.007985 3.869978 3.707997 3.518919 3.300070 3.049399 2.765682 2.448723 2.099540 1.720500 1.315367 0.889249 0.448417 0.000000 
50.000000 46.454568 42.944530 39.504224 36.165917 32.958906 29.908754 27.036708 24.359310 21.888216 19.630215 17.587434 15.757698 14.135029 12.710222 11.471487 10.405102 9.496050 8.728611 8.086894 7.555283 7.118792 6.763337 6.475908 6.244672 6.058993 5.909400 5.787505 5.685883 5.597935 5.517737 5.439888 5.359367 5.271406 5.171387 5.054780 4.917110 4.753978 4.561135 4.334612 4.070906 3.767217 3.421729 3.033901 2.604745 2.137042 1.635453 1.106475 0.558218 0.000000 
50.000000 46.548935 43.132323 39.783586 36.534132 33.412478 30.443508 27.647903 25.041763 22.636434 20.438525 18.450103 16.669052 15.089550 13.702635 12.496827 11.458764 10.573819 9.826682 9.201868 8.684154 8.258925 7.912431 7.631957 7.405912 7.223851 7.076433 6.955335 6.853129 6.763138 6.679276 6.595891 6.507609 6.409206 6.295492 6.161241 6.001164 5.809930 5.582264 5.313101 4.997836 4.632630 4.214792 3.743196 3.218688 2.644436 2.026139 1.372022 0.692575 0.000000 
50.000000 46.659106 43.351565 40.109731 36.964010 33.942010 31.067818 28.361454 25.838506 23.509957 21.382204 19.457247 17.733036 16.203934 14.861262 13.693903 12.688914 11.832128 11.108711 10.503657 10.002206 9.590179 9.254220 8.981964 8.762115 8.584460 8.439823 8.319976 8.217507 8.125667 8.038209 7.949213 7.852927 7.743613 7.615434 7.462360 7.278137 7.056312 6.790333 6.473747 6.100489 5.665293 5.164195 4.595108 3.958434 3.257606 2.499469 1.694373 0.855874 0.000000 
50.000000 46.786215 43.604514 40.486020 37.459982 34.552956 31.788114 29.184714 26.757750 24.517787 22.470977 20.619245 18.960618 17.489669 16.198048 15.075056 14.108238 13.283957 12.587930 12.005706 11.523062 11.126327 10.802609 10.539954 10.327415 10.155061 10.013925 9.895907 9.793639 9.700324 9.609559 9.515156 9.410960 9.290687 9.147780 8.975304 8.765892 8.511759 8.204801 7.836816 7.399844 6.886677 6.291510 5.610740 4.843846 3.994241 3.069941 2.083857 1.053499 0.000000 
50.000000 46.931248 43.893132 40.915370 38.025892 35.250054 32.609982 30.124065 27.806621 25.667738 23.713288 21.945109 20.361316 18.956725 17.723361 16.651003 15.727751 14.940575 14.275826 13.719687 13.258554 12.879338 12.569687 12.318123 12.114111 11.948059 11.811259 11.695785 11.594351 11.500139 11.406618 11.307341 11.195755 11.065005 10.907769 10.716121 10.481442 10.194406 9.845059 9.423039 8.917956 8.319992 7.620726 6.814208 5.898214 4.875568 3.755298 2.553307 1.292198 0.000000 
50.000000 47.094977 44.218956 41.400068 38.664753 36.037014 33.537797 31.184509 28.990704 26.965931 25.115749 23.441897 21.942589 20.612916 19.445325 18.430137 17.556081 16.810814 16.181403 15.654752 15.217959 14.858601 14.564940 14.326050 14.131877 13.973230 13.841717 13.729642 13.629848 13.535545 13.440113 13.336883 13.218924 13.078821 12.908473 12.698908 12.440147 12.121134 11.729766 11.253074 10.677610 9.990108 9.178484 8.233232 7.149185 5.927528 4.577760 3.119102 1.580692 0.000000 
50.000000 47.277899 44.582974 41.941583 39.378503 36.916225 34.574375 32.369265 30.313593 28.416309 26.682620 25.114155 23.709239 22.463272 21.369172 20.417866 19.598789 18.900365 18.310466 17.816802 17.407263 17.070178 16.794504 16.569944 16.386998 16.236945 16.111780 16.004094 15.906927 15.813578 15.717397 15.611555 15.488800 15.341205 15.159919 14.934926 14.654834 14.306721 13.876069 13.346857 12.701882 11.923423 10.994367 9.899941 8.630101 7.182542 5.565964 3.802862 1.930671 0.000000 
50.000000 47.480181 44.985517 42.540410 40.167793 37.888487 35.720660 33.679410 31.776493 30.020191 28.415327 26.963406 25.662877 24.509479 23.496656 22.616005 21.857740 21.211140 20.664966 20.207827 19.828493 19.516130 19.260477 19.051947 18.881670 18.741472 18.623805 18.521627 18.428245 18.337128 18.241682 18.135006 18.009624 17.857194 17.668210 17.431686 17.134854 16.762883 16.298672 15.722765 15.013511 14.147598 13.101185 11.851886 10.381866 8.682167 6.758035 4.634254 2.358498 0.000000 
50.000000 47.701610 45.426166 43.195923 41.031799 38.952787 36.975456 35.113579 33.377877 31.775906 30.312063 28.987721 27.801464 26.749405 25.825561 25.022265 24.330585 23.740738 23.242461 22.825353 22.479151 22.193947 21.960346 21.769554 21.613414 21.484376 21.375428 21.279977 21.191689 21.104297 21.011371 20.906060 20.780805 20.627005 20.434670 20.192021 19.885074 19.497205 19.008724 18.396536 17.633971 16.690992 15.535071 14.133174 12.455418 10.480986 8.206473 5.655743 2.888224 0.000000 
50.000000 47.941565 45.903680 43.906277 41.968091 40.106129 38.335232 36.667735 35.113241 33.678513 32.367492 31.181406 30.118986 29.176749 28.349336 27.629877 27.010371 26.482047 26.035708 25.662027 25.351797 25.096123 24.886558 24.715184 24.574637 24.458074 24.359104 24.271672 24.189900 24.107897 24.019529 23.918152 23.796303 23.645349 23.455071 23.213197 22.904854 22.511948 22.012479 21.379819 20.582045 19.581519 18.335068 16.795397 14.914754 12.652215 9.985996 6.930902 3.557189 0.000000 
50.000000 48.198991 46.415960 44.668350 42.972550 41.343442 39.794010 38.335046 36.974952 35.719647 34.572576 33.534814 32.605251 31.780839 31.056885 30.427379 29.885315 29.423016 29.032430 28.705385 28.433813 28.209913 28.026271 27.875923 27.752376 27.649576 27.561841 27.483745 27.409973 27.335135 27.253540 27.158934 27.044182 26.900895 26.718982 26.486107 26.187026 25.802781 25.309708 24.678264 23.871671 22.844509 21.541568 19.897684 17.840014 15.295329 12.206136 8.559461 4.427105 0.000000 
50.000000 48.472396 46.960042 45.477730 44.039364 42.657564 41.343346 40.105861 38.952237 37.887493 36.914552 36.034325 35.245870 34.546600 33.932536 33.398576 32.938777 32.546624 32.215280 31.937811 31.707360 31.517299 31.361318 31.233484 31.128253 31.040437 30.965145 30.897676 30.833386 30.767515 30.694978 30.610114 30.506373 30.375950 30.209313 29.994622 29.716982 29.357475 28.891895 28.289091 27.508817 26.499018 25.192629 23.504389 21.329150 18.545340 15.031087 10.705513 5.607756 0.000000 
50.000000 48.759872 47.532124 46.328764 45.161080 44.039318 42.972418 41.967812 41.031284 40.166910 39.377062 38.662480 38.022398 37.454716 36.956203 36.522716 36.149429 35.831050 35.562027 35.336723 35.149567 34.995168 34.868390 34.764397 34.678662 34.606936 34.545199 34.489562 34.436158 34.380988 34.319734 34.247538 34.158715 34.046405 33.902127 33.715198 33.471958 33.154729 32.740362 32.198214 31.487263 30.552018 29.316773 27.677895 25.494529 22.580727 18.709029 13.651762 7.312480 0.000000 
50.000000 49.059124 48.127640 47.214659 46.328745 45.477672 44.668222 43.906034 43.195496 42.539701 41.940447 41.398297 40.912669 40.481969 40.103746 39.774856 39.491635 39.250069 39.045941 38.874974 38.732936 38.615730 38.519451 38.440420 38.375185 38.320499 38.273280 38.230535 38.189266 38.146355 38.098405 38.041562 37.971274 37.881995 37.766795 37.616847 37.420708 37.163328 36.824605 36.377250 35.783542 34.990295 33.920900 32.462671 30.446981 27.619982 23.607416 17.903466 10.002182 0.000000 
50.000000 49.367522 48.741359 48.127633 47.532103 46.959993 46.415863 45.903503 45.425864 44.985023 44.582191 44.217745 43.891294 43.601767 43.347515 43.126424 42.936032 42.773639 42.636409 42.521466 42.425963 42.347143 42.282377 42.229185 42.185239 42.148345 42.116415 42.087415 42.059299 42.029926 41.996954 41.957704 41.908992 41.846914 41.766551 41.661582 41.523732 41.341977 41.101363 40.781174 40.352016 39.770962 38.973168 37.856784 36.254736 33.880512 30.224278 24.370712 14.801934 0.000000 
50.000000 49.682174 49.367521 49.059119 48.759859 48.472369 48.198938 47.941473 47.701455 47.479928 47.277501 47.094363 46.930318 46.784828 46.657063 46.545962 46.450287 46.368680 46.299718 46.241953 46.193955 46.154338 46.121778 46.095029 46.072917 46.054336 46.038233 46.023578 46.009334 45.994411 45.977613 45.957566 45.932632 45.900792 45.859491 45.805427 45.734251 45.640121 45.515033 45.347753 45.122052 44.813649 44.384565 43.772022 42.864739 41.447463 39.056990 34.565620 24.841095 0.000000 
50.000000 50.000000 50.000000 50.000000 50.000000 50.000000 50.000000 50.000000 50.000000 50.000000 50.000000 50.000000 50.000000 50.000000 50.000000 50.000000 50.000000 50.000000 50.000000 50.000000 50.000000 50.000000 50.000000 50.000000 50.000000 50.000000 50.000000 50.000000 50.000000 50.000000 50.000000 50.000000 50.000000 50.000000 50.000000 50.000000 50.000000 50.000000 50.000000 50.000000 50.000000 50.000000 50.000000 50.000000 50.000000 50.000000 50.000000 50.000000 50.000000 50.000000 
