50.000000 50.000000 50.000000 50.000000 50.000000 50.000000 50.000000 50.000000 50.000000 50.000000 50.000000 50.000000 50.000000 50.000000 50.000000 50.000000 50.000000 50.000000 50.000000 50.000000 50.000000 50.000000 50.000000 50.000000 50.000000 50.000000 50.000000 50.000000 50.000000 50.000000 50.000000 50.000000 50.000000 50.000000 50.000000 50.000000 50.000000 50.000000 50.000000 50.000000 50.000000 50.000000 50.000000 50.000000 50.000000 50.000000 50.000000 50.000000 50.000000 50.000000 
50.000000 49.159076 48.340355 47.564281 46.848018 46.204337 45.641053 45.161007 44.762550 44.440383 44.186615 43.991846 43.846166 43.739959 43.664472 43.612156 43.576794 43.553477 43.538475 43.529055 43.523279 43.519822 43.517798 43.516638 43.515982 43.515606 43.515371 43.515180 43.514953 43.514596 43.513974 43.512869 43.510920 43.507532 43.501740 43.491992 43.475835 43.449423 43.406775 43.338606 43.230433 43.059360 42.788281 42.354616 41.646489 40.447168 38.291070 34.047263 24.579538 0.000000 
50.000000 48.340355 46.724529 45.192873 43.779259 42.508894 41.397202 40.449790 39.663399 39.027576 38.526744 38.142353 37.854843 37.645235 37.496257 37.393009 37.323220 37.277203 37.247595 37.229004 37.217606 37.210782 37.206789 37.204500 37.203206 37.202466 37.202005 37.201634 37.201197 37.200516 37.199331 37.197229 37.193527 37.187102 37.176132 37.157708 37.127242 37.077591 36.997731 36.870731 36.670576 36.357027 35.866921 35.098791 33.884392 31.934336 28.734159 23.362264 14.293092 0.000000 
50.000000 47.564281 45.192873 42.944996 40.870359 39.005961 37.374433 35.984006 34.829898 33.896766 33.161747 32.597619 32.175673 31.868057 31.649421 31.497897 31.395478 31.327945 31.284495 31.257211 31.240485 31.230471 31.224611 31.221253 31.219356 31.218274 31.217604 31.217074 31.216461 31.215514 31.213875 31.210975 31.205877 31.197049 31.182016 31.156844 31.115379 31.048122 30.940588 30.770885 30.506111 30.096899 29.469022 28.510315 27.050461 24.831483 21.472498 16.458714 9.273212 0.000000 
50.000000 46.848018 43.779259 40.870359 38.185648 35.773001 33.661708 31.862419 30.368943 29.161425 28.210280 27.480276 26.934265 26.536201 26.253282 26.057208 25.924677 25.837289 25.781066 25.745761 25.724118 25.711160 25.703579 25.699235 25.696783 25.695390 25.694535 25.693875 25.693129 25.691993 25.690042 25.686599 25.680565 25.670145 25.652461 25.622971 25.574630 25.496691 25.373004 25.179640 24.881553 24.427981 23.746148 22.733030 21.245630 19.092824 16.038877 11.844923 6.400850 0.000000 
50.000000 46.204337 42.508894 39.005961 35.773001 32.867671 30.325241 28.158532 26.360091 24.906007 23.760649 22.881591 22.224098 21.744762 21.404081 21.167978 21.008392 20.903165 20.835465 20.792953 20.766893 20.751292 20.742164 20.736936 20.733988 20.732319 20.731308 20.730548 20.729717 20.728477 20.726364 20.722654 20.716173 20.705022 20.686173 20.654889 20.603898 20.522248 20.393758 20.194953 19.892404 19.439427 18.772261 17.806283 16.433836 14.527371 11.955499 8.624503 4.557848 0.000000 
50.000000 45.641053 41.397202 37.374433 33.661708 30.325241 27.405533 24.917310 22.852009 21.182169 19.866871 18.857389 18.102351 17.551904 17.160685 16.889559 16.706301 16.585468 16.507727 16.458911 16.428987 16.411073 16.400593 16.394593 16.391213 16.389308 16.388170 16.387341 16.386471 16.385207 16.383077 16.379358 16.372886 16.361795 16.343133 16.312319 16.262404 16.183065 16.059309 15.869862 15.585264 15.165833 14.559850 13.702767 12.518957 10.928679 8.864118 6.298412 3.286437 0.000000 
50.000000 45.161007 40.449790 35.984006 31.862419 28.158532 24.917310 22.155097 19.862385 18.008688 16.548576 15.427958 14.589801 13.978762 13.544482 13.243515 13.040090 12.905960 12.819665 12.765479 12.732263 12.712379 12.700748 12.694091 12.690346 12.688244 12.687007 12.686137 12.685268 12.684047 12.682020 12.678504 12.672414 12.662022 12.644620 12.616044 12.570051 12.497495 12.385322 12.215405 11.963312 11.597248 11.077548 10.357460 9.386271 8.116271 6.514984 4.582868 2.372727 0.000000 
50.000000 44.762550 39.663399 34.829898 30.368943 26.360091 22.852009 19.862385 17.380928 15.374635 13.794336 12.581484 11.674346 11.013023 10.543009 10.217280 9.997120 9.851957 9.758564 9.699923 9.663976 9.642458 9.629873 9.622672 9.618626 9.616366 9.615054 9.614167 9.613330 9.612202 9.610365 9.607204 9.601757 9.592506 9.577090 9.551919 9.511666 9.448638 9.352038 9.207177 8.994762 8.690464 8.265138 7.686177 6.920664 5.940962 4.732999 3.306372 1.703189 0.000000 
50.000000 44.440383 39.027576 33.896766 29.161425 24.906007 21.182169 18.008688 15.374635 13.244977 11.567516 10.280101 9.317201 8.615232 8.116332 7.770589 7.536903 7.382822 7.283694 7.221452 7.183299 7.160460 7.147104 7.139465 7.135178 7.132793 7.131429 7.130541 7.129756 7.128752 7.127156 7.124438 7.119782 7.111911 7.098861 7.077672 7.044002 6.991662 6.912105 6.793925 6.622488 6.379873 6.045375 5.596906 5.013603 4.279872 3.390655 2.357000 1.209950 0.000000 
50.000000 44.186615 38.526744 33.161747 28.210280 23.760649 19.866871 16.548576 13.794336 11.567516 9.813533 8.467396 7.460582 6.726604 6.204959 5.843456 5.599119 5.438018 5.334374 5.269297 5.229407 5.205529 5.191567 5.183583 5.179108 5.176628 5.175228 5.174352 5.173629 5.172762 5.171427 5.169182 5.165360 5.158934 5.148332 5.131211 5.104173 5.062430 4.999473 4.906766 4.773591 4.587159 4.333171 3.997009 3.565696 3.030640 2.390862 1.656013 0.848009 0.000000 
50.000000 43.991846 38.142353 32.597619 27.480276 22.881591 18.857389 15.427958 12.581484 10.280101 8.467396 7.076199 6.035689 5.277151 4.738054 4.364460 4.111953 3.945465 3.838357 3.771106 3.729883 3.705209 3.690782 3.682535 3.677917 3.675366 3.673944 3.673085 3.672427 3.671695 3.670614 3.668826 3.665806 3.660754 3.652460 3.639138 3.618221 3.586139 3.538100 3.467923 3.367996 3.229446 3.042636 2.798081 2.487833 2.107271 1.657031 1.144621 0.585071 0.000000 
50.000000 43.846166 37.854843 32.175674 26.934265 22.224098 18.102351 14.589801 11.674346 9.317201 7.460582 6.035689 4.969983 4.193080 3.640935 3.258300 2.999685 2.829172 2.719474 2.650597 2.608379 2.583110 2.568335 2.559892 2.555168 2.552566 2.551131 2.550292 2.549694 2.549086 2.548235 2.546857 2.544553 2.540719 2.534456 2.524447 2.508818 2.484992 2.449551 2.398152 2.325539 2.225709 2.092306 1.919286 1.701851 1.437575 1.127552 0.777252 0.396744 0.000000 
50.000000 43.739959 37.645235 31.868057 26.536202 21.744763 17.551904 13.978762 11.013024 8.615232 6.726604 5.277151 4.193081 3.402794 2.841140 2.451917 2.188850 2.015403 1.903819 1.833758 1.790815 1.765112 1.750085 1.741499 1.736698 1.734061 1.732619 1.731799 1.731255 1.730753 1.730097 1.729068 1.727365 1.724551 1.719976 1.712700 1.701398 1.684263 1.658931 1.622433 1.571231 1.501359 1.408711 1.289501 1.140865 0.961571 0.752679 0.517994 0.264124 0.000000 
50.000000 43.664472 37.496257 31.649422 26.253283 21.404082 17.160686 13.544483 10.543010 8.116334 6.204960 4.738056 3.640937 2.841141 2.272731 1.878828 1.612600 1.437069 1.324145 1.253243 1.209784 1.183774 1.168568 1.159880 1.155026 1.152364 1.150919 1.150116 1.149616 1.149200 1.148703 1.147954 1.146734 1.144732 1.141493 1.136367 1.128443 1.116491 1.098919 1.073750 1.038662 0.991092 0.928439 0.848368 0.749194 0.630312 0.492578 0.338550 0.172480 0.000000 
50.000000 43.612157 37.393010 31.497898 26.057210 21.167980 16.889561 13.243518 10.217283 7.770592 5.843459 4.364463 3.258303 2.451920 1.878830 1.481685 1.213267 1.036293 0.922441 0.850957 0.807142 0.780918 0.765588 0.756831 0.751939 0.749261 0.747815 0.747026 0.746561 0.746213 0.745838 0.745305 0.744454 0.743072 0.740848 0.737342 0.731948 0.723851 0.712006 0.695130 0.671733 0.640196 0.598901 0.546431 0.481809 0.404750 0.315884 0.216878 0.110417 0.000000 
50.000000 43.576795 37.323222 31.395481 25.924681 21.008396 16.706307 13.040096 9.997126 7.536910 5.599126 4.111960 2.999692 2.188857 1.612606 1.213271 0.943373 0.765425 0.650946 0.579068 0.535013 0.508645 0.493231 0.484427 0.479511 0.476822 0.475376 0.474599 0.474159 0.473862 0.473578 0.473204 0.472627 0.471698 0.470214 0.467884 0.464315 0.458981 0.451213 0.440199 0.425005 0.404627 0.378079 0.344517 0.303379 0.254540 0.198435 0.136122 0.069264 0.000000 
50.000000 43.553479 37.277207 31.327951 25.837298 20.903176 16.585480 12.905973 9.851971 7.382838 5.438034 3.945482 2.829188 2.015420 1.437084 1.036307 0.765434 0.586843 0.471951 0.399815 0.355600 0.329138 0.313669 0.304834 0.299902 0.297207 0.295762 0.294992 0.294571 0.294310 0.294092 0.293832 0.293447 0.292840 0.291876 0.290370 0.288073 0.284652 0.279692 0.272689 0.263071 0.250228 0.233572 0.212606 0.187013 0.156742 0.122081 0.083685 0.042562 0.000000 
50.000000 43.538480 37.247606 31.284510 25.781085 20.835488 16.507753 12.819694 9.758596 7.283728 5.334409 3.838393 2.719510 1.903856 1.324181 0.922475 0.650976 0.471972 0.356815 0.284512 0.240196 0.213673 0.198168 0.189314 0.184371 0.181672 0.180227 0.179464 0.179056 0.178820 0.178647 0.178465 0.178213 0.177825 0.177215 0.176267 0.174827 0.172690 0.169603 0.165262 0.159323 0.151424 0.141219 0.128422 0.112856 0.094505 0.073549 0.050386 0.025617 0.000000 
50.000000 43.529066 37.229026 31.257243 25.745803 20.793004 16.458969 12.765543 9.699992 7.221524 5.269372 3.771184 2.650676 1.833839 1.253323 0.851035 0.579143 0.399880 0.284557 0.212150 0.167769 0.141208 0.125682 0.116814 0.111865 0.109164 0.107720 0.106961 0.106562 0.106342 0.106199 0.106069 0.105906 0.105663 0.105286 0.104704 0.103824 0.102522 0.100648 0.098021 0.094441 0.089696 0.083586 0.075950 0.066690 0.055803 0.043400 0.029717 0.015103 0.000000 
50.000000 43.523303 37.217654 31.240554 25.724207 20.767001 16.429110 12.732399 9.664123 7.183453 5.229568 3.730049 2.608548 1.790986 1.209957 0.807313 0.535180 0.355759 0.240334 0.167863 0.123444 0.096859 0.081319 0.072444 0.067491 0.064788 0.063345 0.062588 0.062195 0.061987 0.061863 0.061767 0.061660 0.061510 0.061282 0.060933 0.060407 0.059632 0.058520 0.056967 0.054856 0.052067 0.048488 0.044026 0.038631 0.032304 0.025110 0.017185 0.008732 0.000000 
50.000000 43.519872 37.210881 31.230616 25.711347 20.751516 16.411330 12.712662 9.642764 7.160783 5.205865 3.705555 2.583463 1.765470 1.184134 0.781279 0.509003 0.329488 0.214002 0.141493 0.097050 0.070452 0.054904 0.046025 0.041069 0.038366 0.036923 0.036168 0.035778 0.035577 0.035465 0.035390 0.035318 0.035225 0.035089 0.034884 0.034575 0.034122 0.033475 0.032572 0.031350 0.029739 0.027678 0.025115 0.022024 0.018406 0.014300 0.009783 0.004970 0.000000 
50.000000 43.517901 37.206992 31.224908 25.703962 20.742623 16.401118 12.701328 9.630497 7.147764 5.192254 3.691489 2.569057 1.750817 1.169305 0.766328 0.493971 0.314401 0.198881 0.126350 0.081894 0.055288 0.039735 0.030853 0.025897 0.023192 0.021750 0.020996 0.020608 0.020411 0.020307 0.020244 0.020193 0.020134 0.020053 0.019932 0.019751 0.019487 0.019111 0.018589 0.017883 0.016955 0.015771 0.014303 0.012535 0.010470 0.008130 0.005561 0.002824 0.000000 
50.000000 43.516845 37.204907 31.221849 25.700003 20.737857 16.395645 12.695253 9.623923 7.140786 5.184958 3.683950 2.561336 1.742963 1.161358 0.758316 0.485914 0.306316 0.190777 0.118234 0.073771 0.047160 0.031605 0.022722 0.017765 0.015060 0.013618 0.012864 0.012479 0.012283 0.012183 0.012127 0.012088 0.012048 0.011996 0.011921 0.011811 0.011650 0.011422 0.011105 0.010679 0.010120 0.009408 0.008527 0.007469 0.006236 0.004840 0.003309 0.001680 0.000000 
50.000000 43.516388 37.204006 31.220526 25.698292 20.735796 16.393279 12.692626 9.621081 7.137769 5.181804 3.680691 2.557998 1.739568 1.157922 0.754852 0.482431 0.302820 0.187273 0.114725 0.070259 0.043647 0.028091 0.019207 0.014249 0.011545 0.010102 0.009349 0.008964 0.008769 0.008671 0.008618 0.008584 0.008552 0.008514 0.008459 0.008379 0.008264 0.008100 0.007873 0.007568 0.007169 0.006662 0.006036 0.005285 0.004411 0.003423 0.002339 0.001188 0.000000 
50.000000 43.516388 37.204006 31.220526 25.698292 20.735796 16.393279 12.692626 9.621081 7.137769 5.181804 3.680691 2.557998 1.739568 1.157922 0.754852 0.482431 0.302820 0.187273 0.114725 0.070259 0.043647 0.028091 0.019207 0.014249 0.011545 0.010102 0.009349 0.008964 0.008769 0.008671 0.008618 0.008584 0.008552 0.008514 0.008459 0.008379 0.008264 0.008100 0.007873 0.007568 0.007169 0.006662 0.006036 0.005285 0.004411 0.003423 0.002339 0.001188 0.000000 
50.000000 43.516845 37.204907 31.221849 25.700003 20.737857 16.395645 12.695253 9.623923 7.140786 5.184958 3.683950 2.561336 1.742963 1.161358 0.758316 0.485914 0.306316 0.190777 0.118234 0.073771 0.047160 0.031605 0.022722 0.017765 0.015060 0.013618 0.012864 0.012479 0.012283 0.012183 0.012127 0.012088 0.012048 0.011996 0.011921 0.011811 0.011650 0.011422 0.011105 0.010679 0.010120 0.009408 0.008527 0.007469 0.006236 0.004840 0.003309 0.001680 0.000000 
50.000000 43.517901 37.206992 31.224908 25.703962 20.742623 16.401118 12.701328 9.630497 7.147764 5.192254 3.691489 2.569057 1.750817 1.169305 0.766328 0.493971 0.314401 0.198881 0.126350 0.081894 0.055288 0.039735 0.030853 0.025897 0.023192 0.021750 0.020996 0.020608 0.020411 0.020307 0.020244 0.020193 0.020134 0.020053 0.019932 0.019751 0.019487 0.019111 0.018589 0.017883 0.016955 0.015771 0.014303 0.012535 0.010470 0.008130 0.005561 0.002824 0.000000 
50.000000 43.519872 37.210881 31.230616 25.711347 20.751516 16.411330 12.712662 9.642764 7.160783 5.205865 3.705555 2.583463 1.765470 1.184134 0.781279 0.509003 0.329488 0.214002 0.141493 0.097050 0.070452 0.054904 0.046025 0.041069 0.038366 0.036923 0.036168 0.035778 0.035577 0.035465 0.035390 0.035318 0.035225 0.035089 0.034884 0.034575 0.034122 0.033475 0.032572 0.031350 0.029739 0.027678 0.025115 0.022024 0.018406 0.014300 0.009783 0.004970 0.000000 
50.000000 43.523303 37.217654 31.240554 25.724207 20.767001 16.429110 12.732399 9.664123 7.183453 5.229568 3.730049 2.608548 1.790986 1.209957 0.807313 0.535180 0.355759 0.240334 0.167863 0.123444 0.096859 0.081319 0.072444 0.067491 0.064788 0.063345 0.062588 0.062195 0.061987 0.061863 0.061767 0.061660 0.061510 0.061282 0.060933 0.060407 0.059632 0.058520 0.056967 0.054856 0.052067 0.048488 0.044026 0.038631 0.032304 0.025110 0.017185 0.008732 0.000000 
50.000000 43.529066 37.229026 31.257243 25.745803 20.793004 16.458969 12.765543 9.699992 7.221524 5.269372 3.771184 2.650676 1.833839 1.253323 0.851035 0.579143 0.399880 0.284557 0.212150 0.167769 0.141208 0.125682 0.116814 0.111865 0.109164 0.107720 0.106961 0.106562 0.106342 0.106199 0.106069 0.105906 0.105663 0.105286 0.104704 0.103824 0.102522 0.100648 0.098021 0.094441 0.089696 0.083586 0.075950 0.066690 0.055803 0.043400 0.029717 0.015103 0.000000 
50.000000 43.538480 37.247606 31.284510 25.781085 20.835488 16.507753 12.819694 9.758596 7.283728 5.334409 3.838393 2.719510 1.903856 1.324181 0.922475 0.650976 0.471972 0.356815 0.284512 0.240196 0.213673 0.198168 0.189314 0.184371 0.181672 0.180227 0.179464 0.179056 0.178820 0.178647 0.178465 0.178213 0.177825 0.177215 0.176267 0.174827 0.172690 0.169603 0.165262 0.159323 0.151424 0.141219 0.128422 0.112856 0.094505 0.073549 0.050386 0.025617 0.000000 
50.000000 43.553479 37.277207 31.327951 25.837298 20.903176 16.585480 12.905973 9.851971 7.382838 5.438034 3.945482 2.829188 2.015420 1.437084 1.036307 0.765434 0.586843 0.471951 0.399815 0.355600 0.329138 0.313669 0.304834 0.299902 0.297207 0.295762 0.294992 0.294571 0.294310 0.294092 0.293832 0.293447 0.292840 0.291876 0.290370 0.288073 0.284652 0.279692 0.272689 0.263071 0.250228 0.233572 0.212606 0.187013 0.156742 0.122081 0.083685 0.042562 0.000000 
50.000000 43.576795 37.323222 31.395481 25.924681 21.008396 16.706307 13.040096 9.997126 7.536910 5.599126 4.111960 2.999692 2.188857 1.612606 1.213271 0.943373 0.765425 0.650946 0.579068 0.535013 0.508645 0.493231 0.484427 0.479511 0.476822 0.475376 0.474599 0.474159 0.473862 0.473578 0.473204 0.472627 0.471698 0.470214 0.467884 0.464315 0.458981 0.451213 0.440199 0.425005 0.404627 0.378079 0.344517 0.303379 0.254540 0.198435 0.136122 0.069264 0.000000 
50.000000 43.612157 37.393010 31.497898 26.057210 21.167980 16.889561 13.243518 10.217283 7.770592 5.843459 4.364463 3.258303 2.451920 1.878830 1.481685 1.213267 1.036293 0.922441 0.850957 0.807142 0.780918 0.765588 0.756831 0.751939 0.749261 0.747815 0.747026 0.746561 0.746213 0.745838 0.745305 0.744454 0.743072 0.740848 0.737342 0.731948 0.723851 0.712006 0.695130 0.671733 0.640196 0.598901 0.546431 0.481809 0.404750 0.315884 0.216878 0.110417 0.000000 
50.000000 43.664472 37.496257 31.649422 26.253283 21.404082 17.160686 13.544483 10.543010 8.116334 6.204960 4.738056 3.640937 2.841141 2.272731 1.878828 1.612600 1.437069 1.324145 1.253243 1.209784 1.183774 1.168568 1.159880 1.155026 1.152364 1.150919 1.150116 1.149616 1.149200 1.148703 1.147954 1.146734 1.144732 1.141493 1.136367 1.128443 1.116491 1.098919 1.073750 1.038662 0.991092 0.928439 0.848368 0.749194 0.630312 0.492578 0.338550 0.172480 0.000000 
50.000000 43.739959 37.645235 31.868057 26.536202 21.744763 17.551904 13.978762 11.013024 8.615232 6.726604 5.277151 4.193081 3.402794 2.841140 2.451917 2.188850 2.015403 1.903819 1.833758 1.790815 1.765112 1.750085 1.741499 1.736698 1.734061 1.732619 1.731799 1.731255 1.730753 1.730097 1.729068 1.727365 1.724551 1.719976 1.712700 1.701398 1.684263 1.658931 1.622433 1.571231 1.501359 1.408711 1.289501 1.140865 0.961571 0.752679 0.517994 0.264124 0.000000 
50.000000 43.846166 37.854843 32.175674 26.934265 22.224098 18.102351 14.589801 11.674346 9.317201 7.460582 6.035689 4.969983 4.193080 3.640935 3.258300 2.999685 2.829172 2.719474 2.650597 2.608379 2.583110 2.568335 2.559892 2.555168 2.552566 2.551131 2.550292 2.549694 2.549086 2.548235 2.546857 2.544553 2.540719 2.534456 2.524447 2.508818 2.484992 2.449551 2.398152 2.325539 2.225709 2.092306 1.919286 1.701851 1.437575 1.127552 0.777252 0.396744 0.000000 
50.000000 43.991846 38.142353 32.597619 27.480276 22.881591 18.857389 15.427958 12.581484 10.280101 8.467396 7.076199 6.035689 5.277151 4.738054 4.364460 4.111953 3.945465 3.838357 3.771106 3.729883 3.705209 3.690782 3.682535 3.677917 3.675366 3.673944 3.673085 3.672427 3.671695 3.670614 3.668826 3.665806 3.660754 3.652460 3.639138 3.618221 3.586139 3.538100 3.467923 3.367996 3.229446 3.042636 2.798081 2.487833 2.107271 1.657031 1.144621 0.585071 0.000000 
50.000000 44.186615 38.526744 33.161747 28.210280 23.760649 19.866871 16.548576 13.794336 11.567516 9.813533 8.467396 7.460582 6.726604 6.204959 5.843456 5.599119 5.438018 5.334374 5.269297 5.229407 5.205529 5.191567 5.183583 5.179108 5.176628 5.175228 5.174352 5.173629 5.172762 5.171427 5.169182 5.165360 5.158934 5.148332 5.131211 5.104173 5.062430 4.999473 4.906766 4.773591 4.587159 4.333171 3.997009 3.565696 3.030640 2.390862 1.656013 0.848009 0.000000 
50.000000 44.440383 39.027576 33.896766 29.161425 24.906007 21.182169 18.008688 15.374635 13.244977 11.567516 10.280101 9.317201 8.615232 8.116332 7.770589 7.536903 7.382822 7.283694 7.221452 7.183299 7.160460 7.147104 7.139465 7.135178 7.132793 7.131429 7.130541 7.129756 7.128752 7.127156 7.124438 7.119782 7.111911 7.098861 7.077672 7.044002 6.991662 6.912105 6.793925 6.622488 6.379873 6.045375 5.596906 5.013603 4.279872 3.390655 2.357000 1.209950 0.000000 
50.000000 44.762550 39.663399 34.829898 30.368943 26.360091 22.852009 19.862385 17.380928 15.374635 13.794336 12.581484 11.674346 11.013023 10.543009 10.217280 9.997120 9.851957 9.758564 9.699923 9.663976 9.642458 9.629873 9.622672 9.618626 9.616366 9.615054 9.614167 9.613330 9.612202 9.610365 9.607204 9.601757 9.592506 9.577090 9.551919 9.511666 9.448638 9.352038 9.207177 8.994762 8.690464 8.265138 7.686177 6.920664 5.940962 4.732999 3.306372 1.703189 0.000000 
50.000000 45.161007 40.449790 35.984006 31.862419 28.158532 24.917310 22.155097 19.862385 18.008688 16.548576 15.427958 14.589801 13.978762 13.544482 13.243515 13.040090 12.905960 12.819665 12.765479 12.732263 12.712379 12.700748 12.694091 12.690346 12.688244 12.687007 12.686137 12.685268 12.684047 12.682020 12.678504 12.672414 12.662022 12.644620 12.616044 12.570051 12.497495 12.385322 12.215405 11.963312 11.597248 11.077548 10.357460 9.386271 8.116271 6.514984 4.582868 2.372727 0.000000 
50.000000 45.641053 41.397202 37.374433 33.661708 30.325241 27.405533 24.917310 22.852009 21.182169 19.866871 18.857389 18.102351 17.551904 17.160685 16.889559 16.706301 16.585468 16.507727 16.458911 16.428987 16.411073 16.400593 16.394593 16.391213 16.389308 16.388170 16.387341 16.386471 16.385207 16.383077 16.379358 16.372886 16.361795 16.343133 16.312319 16.262404 16.183065 16.059309 15.869862 15.585264 15.165833 14.559850 13.702767 12.518957 10.928679 8.864118 6.298412 3.286437 0.000000 
50.000000 46.204337 42.508894 39.005961 35.773001 32.867671 30.325241 28.158532 26.360091 24.906007 23.760649 22.881591 22.224098 21.744762 21.404081 21.167978 21.008392 20.903165 20.835465 20.792953 20.766893 20.751292 20.742164 20.736936 20.733988 20.732319 20.731308 20.730548 20.729717 20.728477 20.726364 20.722654 20.716173 20.705022 20.686173 20.654889 20.603898 20.522248 20.393758 20.194953 19.892404 19.439427 18.772261 17.806283 16.433836 14.527371 11.955499 8.624503 4.557848 0.000000 
50.000000 46.848018 43.779259 40.870359 38.185648 35.773001 33.661708 31.862419 30.368943 29.161425 28.210280 27.480276 26.934265 26.536201 26.253282 26.057208 25.924677 25.837289 25.781066 25.745761 25.724118 25.711160 25.703579 25.699235 25.696783 25.695390 25.694535 25.693875 25.693129 25.691993 25.690042 25.686599 25.680565 25.670145 25.652461 25.622971 25.574630 25.496691 25.373004 25.179640 24.881553 24.427981 23.746148 22.733030 21.245630 19.092824 16.038877 11.844923 6.400850 0.000000 
50.000000 47.564281 45.192873 42.944996 40.870359 39.005961 37.374433 35.984006 34.829898 33.896766 33.161747 32.597619 32.175673 31.868057 31.649421 31.497897 31.395478 31.327945 31.284495 31.257211 31.240485 31.230471 31.224611 31.221253 31.219356 31.218274 31.217604 31.217074 31.216461 31.215514 31.213875 31.210975 31.205877 31.197049 31.182016 31.156844 31.115379 31.048122 30.940588 30.770885 30.506111 30.096899 29.469022 28.510315 27.050461 24.831483 21.472498 16.458714 9.273212 0.000000 
50.000000 48.340355 46.724529 45.192873 43.779259 42.508894 41.397202 40.449790 39.663399 39.027576 38.526744 38.142353 37.854843 37.645235 37.496257 37.393009 37.323220 37.277203 37.247595 37.229004 37.217606 37.210782 37.206789 37.204500 37.203206 37.202466 37.202005 37.201634 37.201197 37.200516 37.199331 37.197229 37.193527 37.187102 37.176132 37.157708 37.127242 37.077591 36.997731 36.870731 36.670576 36.357027 35.866921 35.098791 33.884392 31.934336 28.734159 23.362264 14.293092 0.000000 
50.000000 49.159076 48.340355 47.564281 46.848018 46.204337 45.641053 45.161007 44.762550 44.440383 44.186615 43.991846 43.846166 43.739959 43.664472 43.612156 43.576794 43.553477 43.538475 43.529055 43.523279 43.519822 43.517798 43.516638 43.515982 43.515606 43.515371 43.515180 43.514953 43.514596 43.513974 43.512869 43.510920 43.507532 43.501740 43.491992 43.475835 43.449423 43.406775 43.338606 43.230433 43.059360 42.788281 42.354616 41.646489 40.447168 38.291070 34.047263 24.579538 0.000000 
50.000000 50.000000 50.000000 50.000000 50.000000 50.000000 50.000000 50.000000 50.000000 50.000000 50.000000 50.000000 50.000000 50.000000 50.000000 50.000000 50.000000 50.000000 50.000000 50.000000 50.000000 50.000000 50.000000 50.000000 50.000000 50.000000 50.000000 50.000000 50.000000 50.000000 50.000000 50.000000 50.000000 50.000000 50.000000 50.000000 50.000000 50.000000 50.000000 50.000000 50.000000 50.000000 50.000000 50.000000 50.000000 50.000000 50.000000 50.000000 50.000000 50.000000 
