50.000000 50.000000 50.000000 50.000000 50.000000 50.000000 50.000000 50.000000 50.000000 50.000000 50.000000 50.000000 50.000000 50.000000 50.000000 50.000000 50.000000 50.000000 50.000000 50.000000 50.000000 50.000000 50.000000 50.000000 50.000000 50.000000 50.000000 50.000000 50.000000 50.000000 50.000000 50.000000 50.000000 50.000000 50.000000 50.000000 50.000000 50.000000 50.000000 50.000000 50.000000 50.000000 50.000000 50.000000 50.000000 50.000000 50.000000 50.000000 50.000000 50.000000 
50.000000 49.761035 49.523864 49.290239 49.061835 48.840209 48.626772 48.422762 48.229220 48.046982 47.876666 47.718674 47.573197 47.440227 47.319571 47.210868 47.113613 47.027180 46.950842 46.883791 46.825161 46.774044 46.729499 46.690565 46.656260 46.625582 46.597500 46.570940 46.544758 46.517713 46.488421 46.455297 46.416477 46.369711 46.312223 46.240499 46.150003 46.034736 45.886571 45.694190 45.441332 45.103724 44.643450 43.997844 43.055786 41.602228 39.174214 34.644327 24.880617 0.000000 
50.000000 49.523873 49.051319 48.585832 48.130746 47.689166 47.263903 46.857422 46.471799 46.108698 45.769351 45.454560 45.164707 44.899773 44.659375 44.442795 44.249029 44.076827 43.924742 43.791168 43.674383 43.572576 43.483880 43.406382 43.338135 43.277152 43.221389 43.168723 43.116899 43.063475 43.005737 42.940585 42.864389 42.772788 42.660422 42.520553 42.344534 42.121029 41.834839 41.465088 40.982307 40.343593 39.484224 38.302568 36.631870 34.186023 30.455682 24.526081 14.879952 0.000000 
50.000000 49.290276 48.585879 47.892015 47.213655 46.555428 45.921523 45.315615 44.740800 44.199556 43.693722 43.224493 42.792438 42.397531 42.039200 41.716377 41.427567 41.170909 40.944249 40.745197 40.571190 40.419539 40.287466 40.172135 40.070659 39.980099 39.897439 39.819553 39.743137 39.664623 39.580068 39.484994 39.374188 39.241432 39.079141 38.877872 38.625635 38.306916 37.901254 37.381118 36.708681 35.830785 34.671000 33.116961 31.000506 28.068381 23.947046 18.131499 10.116689 0.000000 
50.000000 49.061929 48.130899 47.213792 46.317177 45.447172 44.609316 43.808464 43.048711 42.333331 41.664755 41.044563 40.473509 39.951560 39.477959 39.051299 38.669606 38.330425 38.030913 37.767919 37.538063 37.337806 37.163492 37.011395 36.877728 36.758647 36.650221 36.548386 36.448873 36.347099 36.238029 36.115989 35.974431 35.805618 35.600213 35.346729 35.030791 34.634115 34.133083 33.496736 32.683907 31.639142 30.286962 28.524147 26.210443 23.160669 19.148290 13.946687 7.460576 0.000000 
50.000000 48.840405 47.689513 46.555832 45.447484 44.372029 43.336316 42.346347 41.407182 40.522872 39.696420 38.929782 38.223890 37.578706 36.993296 36.465925 35.994155 35.574960 35.204832 34.879887 34.595963 34.348701 34.133611 33.946118 33.781589 33.635330 33.502563 33.378372 33.257624 33.134848 33.004080 32.858669 32.691014 32.492238 32.251768 31.956789 31.591533 31.136344 30.566444 29.850295 28.947470 27.805956 26.358955 24.521701 22.189761 19.242488 15.559117 11.060038 5.785778 0.000000 
50.000000 48.627131 47.264567 45.922379 44.610184 43.336933 42.110732 40.938691 39.826800 38.779854 37.801413 36.893790 36.058092 35.294277 34.601242 33.976938 33.418484 32.922306 32.484262 32.099769 31.763919 31.471579 31.217466 30.996214 30.802396 30.630539 30.475094 30.330387 30.190532 30.049309 29.900007 29.735219 29.546584 29.324470 29.057576 28.732431 28.332777 27.838799 27.226166 26.464881 25.517953 24.340002 22.876115 21.061691 18.824703 16.092974 12.810277 8.965083 4.630785 0.000000 
50.000000 48.423368 46.858571 45.317175 43.810222 42.347996 40.939804 39.593811 38.316899 37.114575 35.990926 34.948614 33.988910 33.111770 32.315931 31.599046 30.957815 30.388144 29.885291 29.444011 29.058695 28.723479 28.432345 28.179187 27.957852 27.762158 27.585869 27.422650 27.265980 27.109033 26.944524 26.764511 26.560153 26.321418 26.036727 25.692532 25.272821 24.758538 24.126928 23.350849 22.398133 21.231175 19.807124 18.079298 16.000837 13.531976 10.652321 7.378271 3.781830 0.000000 
50.000000 48.230188 46.473660 44.743402 43.051808 41.410421 39.829691 38.318784 36.885423 35.535794 34.274486 33.104488 32.027231 31.042667 30.149388 29.344762 28.625098 27.985812 27.421598 26.926593 26.494532 26.118873 25.792916 25.509875 25.262942 25.045297 24.850104 24.670462 24.499331 24.329417 24.153024 23.961879 23.746908 23.497979 23.203608 22.850622 22.423790 21.905428 21.275022 20.508907 19.580133 18.458687 17.112377 15.508814 13.619069 11.423556 8.920356 6.135036 3.128894 0.000000 
50.000000 48.048462 46.111573 44.203651 42.338364 40.528441 38.785405 37.119363 35.538835 34.050640 32.659841 31.369737 30.181909 29.096310 28.111391 27.224261 26.430861 25.726150 25.104300 24.558873 24.082994 23.669501 23.311065 23.000289 22.729770 22.492130 22.280012 22.086048 21.902782 21.722578 21.537479 21.339051 21.118192 20.864914 20.568109 20.215294 19.792361 19.283344 18.670247 17.933003 17.049647 15.996874 14.751184 13.290857 11.599041 9.668063 7.504718 5.135560 2.610219 0.000000 
50.000000 47.878859 45.773639 43.699904 41.672512 39.705295 37.810782 35.999955 34.282078 32.664565 31.152920 29.750731 28.459720 27.279843 26.209422 25.245326 24.383153 23.617446 22.941890 22.349519 21.832903 21.384308 20.995838 20.659545 20.367501 20.111838 19.884762 19.678518 19.485338 19.297349 19.106458 18.904214 18.681644 18.429083 18.135987 17.790761 17.380599 16.891378 16.307635 15.612692 14.789002 13.818835 12.685410 11.374622 9.877428 8.192826 6.331097 4.316547 2.188605 0.000000 
50.000000 47.721842 45.460784 43.233542 41.056074 38.943238 36.908489 34.963626 33.118597 31.381366 29.757849 28.251902 26.865379 25.598237 24.448684 23.413366 22.487572 21.665456 20.940263 20.304546 19.750367 19.269477 18.853471 18.493909 18.182402 17.910664 17.670530 17.453941 17.252899 17.059388 16.865277 16.662206 16.441448 16.193776 15.909327 15.577485 15.186800 14.724963 14.178882 13.534895 12.779183 11.898446 10.880917 9.717749 8.404766 6.944458 5.347904 3.636141 1.840308 0.000000 
50.000000 47.577682 45.173547 42.805368 40.490114 38.243584 36.080084 34.012161 32.050394 30.203254 28.477031 26.875831 25.401629 24.054385 22.832203 21.731527 20.747363 19.873517 19.102833 18.427426 17.838903 17.328553 16.887518 16.506925 16.177983 15.892049 15.640657 15.415509 15.208447 15.011386 14.816235 14.614800 14.398676 14.159141 13.887060 13.572816 13.206274 12.776819 12.273473 11.685150 11.001063 10.211334 9.307835 8.285250 7.142324 5.883162 4.518346 3.065571 1.549412 0.000000 
50.000000 47.446470 44.912110 42.415653 39.974990 37.606774 35.326089 33.146162 31.078145 29.130972 27.311275 25.623385 24.069391 22.649256 21.360990 20.200857 19.163607 18.242733 17.430717 16.719285 16.099635 15.562647 15.099063 14.699631 14.355215 14.056872 13.795889 13.563791 13.352313 13.153361 12.958937 12.761062 12.551693 12.322641 12.065499 11.771610 11.432063 11.037753 10.579532 10.048446 9.436112 8.735236 7.940272 7.048221 6.059489 4.978728 3.815462 2.584341 1.304794 0.000000 
50.000000 47.328140 44.676336 42.064195 39.510434 37.032479 34.646113 32.365178 30.201345 28.163961 26.259971 24.493910 22.867966 21.382109 20.034267 18.820540 17.735453 16.772217 15.922994 15.179163 14.531562 13.970710 13.486998 13.070846 12.712826 12.403744 12.134690 11.897056 11.682520 11.483016 11.290674 11.097760 10.896606 10.679546 10.438873 10.166815 9.855558 9.497313 9.084465 8.609788 8.066773 7.450037 6.755838 5.982650 5.131754 4.207761 3.218960 2.177368 1.098384 0.000000 
50.000000 47.222485 44.465821 41.750388 39.095645 36.519707 34.038984 31.667863 29.418480 27.300554 25.321306 23.485453 21.795278 20.250754 18.849734 17.588179 16.460413 15.459397 14.577013 13.804334 13.131881 12.549860 12.048357 11.617513 11.247651 10.929370 10.653606 10.411654 10.195170 9.996143 9.806851 9.619812 9.427725 9.223425 8.999844 8.750007 8.467056 8.144319 7.775442 7.354578 6.876649 6.337671 5.735138 5.068433 4.339224 3.551786 2.713182 1.833219 0.924136 0.000000 
50.000000 47.129195 44.279942 41.473305 38.729397 36.066945 33.502906 31.052155 28.727236 26.538196 24.492501 22.595031 20.848148 19.251833 17.803876 16.500111 15.334688 14.300353 13.388740 12.590656 11.896351 11.295756 10.778699 10.335082 9.955020 9.628945 9.347669 9.102426 8.884868 8.687058 8.501428 8.320742 8.138047 7.946634 7.740009 7.511892 7.256241 6.967315 6.639781 6.268873 5.850597 5.381977 4.861342 4.288607 3.665539 2.995951 2.285781 1.543010 0.777392 0.000000 
50.000000 47.047878 44.117917 41.231782 38.410153 35.672288 33.035628 30.515467 28.124708 25.873682 23.770071 21.818897 20.022592 18.381142 16.892283 15.551744 14.353521 13.290174 12.353126 11.532955 10.819677 10.202990 9.672502 9.217916 8.829175 8.496572 8.210830 7.963137 7.745163 7.549048 7.367378 7.193147 7.019717 6.840786 6.650361 6.442756 6.212613 5.954950 5.665253 5.339591 4.974782 4.568570 4.119833 3.628778 3.097112 2.528152 1.926848 1.299690 0.654485 0.000000 
50.000000 46.978091 43.978868 41.024506 38.136177 35.333594 32.634610 30.054883 27.607620 25.303401 23.150090 21.152829 19.314115 17.633938 16.109989 14.737903 13.511551 12.423332 11.464490 10.625411 9.895909 9.265491 8.723579 8.259710 7.863686 7.525694 7.236383 6.986916 6.768987 6.574818 6.397135 6.229142 6.064478 5.897194 5.721725 5.532881 5.325865 5.096310 4.840341 4.554672 4.236718 3.884732 3.497950 3.076715 2.622593 2.138427 1.628330 1.097589 0.552481 0.000000 
50.000000 46.919372 43.861871 40.850104 37.905654 35.048617 32.297195 29.667349 27.172546 24.823571 22.628444 20.592411 18.718018 17.005263 15.451796 14.053179 12.803173 11.694047 10.716895 9.861940 9.118835 8.476924 7.925477 7.453898 7.051873 6.709504 6.417389 6.166677 5.949088 5.756920 5.583027 5.420793 5.264098 5.107290 4.945156 4.772917 4.586226 4.381201 4.154465 3.903216 3.625310 3.319355 2.984806 2.622057 2.232503 1.818563 1.383655 0.932110 0.469014 0.000000 
50.000000 46.871266 43.766022 40.707225 37.716798 34.815150 32.020767 29.349863 26.816113 24.430473 22.201090 20.133294 18.229675 16.490234 14.912591 13.492246 12.222873 11.096634 10.104500 9.236566 8.482349 7.831065 7.271864 6.794039 6.387189 6.041350 5.747080 5.495521 5.278424 5.088152 4.917668 4.760509 4.610754 4.462991 4.312296 4.154213 3.984752 3.800405 3.598174 3.375618 3.130909 2.862896 2.571173 2.256131 1.918993 1.561820 1.187472 0.799532 0.402175 0.000000 
50.000000 46.833352 43.690478 40.594616 37.567952 34.631144 31.802903 29.099639 26.535193 24.120657 21.864276 19.771448 17.844797 16.084326 14.487632 13.050168 11.765539 10.625822 9.621894 8.743746 7.980795 7.322153 6.756878 6.274178 5.863586 5.515087 5.219213 4.967102 4.750532 4.561922 4.394323 4.241395 4.097373 3.957037 3.815683 3.669106 3.513587 3.345899 3.163322 2.963676 2.745356 2.507376 2.249408 1.971817 1.675676 1.362756 1.035487 0.696886 0.350447 0.000000 
50.000000 46.805263 43.634511 40.511188 37.457678 34.494821 31.641496 28.914257 26.327071 23.891127 21.614745 19.503373 17.559659 15.783610 14.172805 12.722661 11.426733 10.277037 9.264378 8.378675 7.609266 6.945190 6.375436 5.889153 5.475824 5.125399 4.828392 4.575941 4.359843 4.172562 4.007216 3.857555 3.717933 3.583268 3.449022 3.311168 3.166181 3.011036 2.843208 2.660697 2.462049 2.246382 2.013414 1.763478 1.497526 1.217114 0.924357 0.621867 0.312651 0.000000 
50.000000 46.786707 43.597538 40.456074 37.384828 34.404764 31.534867 28.791791 26.189582 23.739496 21.449902 19.326279 17.371294 15.584955 13.964829 12.506311 11.202921 10.046635 9.028212 8.137522 7.363853 6.696196 6.123495 5.634858 5.219739 4.868063 4.570333 4.317689 4.101942 3.915585 3.751782 3.604343 3.467699 3.336862 3.207398 3.075398 2.937464 2.790697 2.632698 2.461580 2.275981 2.075082 1.858623 1.626910 1.380815 1.121748 0.851620 0.572780 0.287925 0.000000 
50.000000 46.777481 43.579155 40.428672 37.348608 34.359988 31.481852 28.730901 26.121223 23.664106 21.367943 19.238229 17.277640 15.486185 13.861425 12.398743 11.091644 9.932082 8.910795 8.017627 7.241843 6.572408 5.998244 5.508441 5.092436 4.740145 4.442064 4.189334 3.973773 3.787890 3.624870 3.478555 3.343413 3.214502 3.087442 2.958380 2.823981 2.681407 2.528320 2.362887 2.183791 1.990242 1.781989 1.559324 1.323075 1.074582 0.815655 0.548513 0.275703 0.000000 
50.000000 46.777481 43.579155 40.428672 37.348608 34.359988 31.481852 28.730901 26.121223 23.664106 21.367943 19.238229 17.277640 15.486185 13.861425 12.398743 11.091644 9.932082 8.910795 8.017627 7.241843 6.572408 5.998244 5.508441 5.092436 4.740145 4.442064 4.189334 3.973773 3.787890 3.624870 3.478555 3.343413 3.214502 3.087442 2.958380 2.823981 2.681407 2.528320 2.362887 2.183791 1.990242 1.781989 1.559324 1.323075 1.074582 0.815655 0.548513 0.275703 0.000000 
50.000000 46.786707 43.597538 40.456074 37.384828 34.404764 31.534867 28.791791 26.189582 23.739496 21.449902 19.326279 17.371294 15.584955 13.964829 12.506311 11.202921 10.046635 9.028212 8.137522 7.363853 6.696196 6.123495 5.634858 5.219739 4.868063 4.570333 4.317689 4.101942 3.915585 3.751782 3.604343 3.467699 3.336862 3.207398 3.075398 2.937464 2.790697 2.632698 2.461580 2.275981 2.075082 1.858623 1.626910 1.380815 1.121748 0.851620 0.572780 0.287925 0.000000 
50.000000 46.805263 43.634511 40.511188 37.457678 34.494821 31.641496 28.914257 26.327071 23.891127 21.614745 19.503373 17.559659 15.783610 14.172805 12.722661 11.426733 10.277037 9.264378 8.378675 7.609266 6.945190 6.375436 5.889153 5.475824 5.125399 4.828392 4.575941 4.359843 4.172562 4.007216 3.857555 3.717933 3.583268 3.449022 3.311168 3.166181 3.011036 2.843208 2.660697 2.462049 2.246382 2.013414 1.763478 1.497526 1.217114 0.924357 0.621867 0.312651 0.000000 
50.000000 46.833352 43.690478 40.594616 37.567952 34.631144 31.802903 29.099639 26.535193 24.120657 21.864276 19.771448 17.844797 16.084326 14.487632 13.050168 11.765539 10.625822 9.621894 8.743746 7.980795 7.322153 6.756878 6.274178 5.863586 5.515087 5.219213 4.967102 4.750532 4.561922 4.394323 4.241395 4.097373 3.957037 3.815683 3.669106 3.513587 3.345899 3.163322 2.963676 2.745356 2.507376 2.249408 1.971817 1.675676 1.362756 1.035487 0.696886 0.350447 0.000000 
50.000000 46.871266 43.766022 40.707225 37.716798 34.815150 32.020767 29.349863 26.816113 24.430473 22.201090 20.133294 18.229675 16.490234 14.912591 13.492246 12.222873 11.096634 10.104500 9.236566 8.482349 7.831065 7.271864 6.794039 6.387189 6.041350 5.747080 5.495521 5.278424 5.088152 4.917668 4.760509 4.610754 4.462991 4.312296 4.154213 3.984752 3.800405 3.598174 3.375618 3.130909 2.862896 2.571173 2.256131 1.918993 1.561820 1.187472 0.799532 0.402175 0.000000 
50.000000 46.919372 43.861871 40.850104 37.905654 35.048617 32.297195 29.667349 27.172546 24.823571 22.628444 20.592411 18.718018 17.005263 15.451796 14.053179 12.803173 11.694047 10.716895 9.861940 9.118835 8.476924 7.925477 7.453898 7.051873 6.709504 6.417389 6.166677 5.949088 5.756920 5.583027 5.420793 5.264098 5.107290 4.945156 4.772917 4.586226 4.381201 4.154465 3.903216 3.625310 3.319355 2.984806 2.622057 2.232503 1.818563 1.383655 0.932110 0.469014 0.000000 
50.000000 46.978091 43.978868 41.024506 38.136177 35.333594 32.634610 30.054883 27.607620 25.303401 23.150090 21.152829 19.314115 17.633938 16.109989 14.737903 13.511551 12.423332 11.464490 10.625411 9.895909 9.265491 8.723579 8.259710 7.863686 7.525694 7.236383 6.986916 6.768987 6.574818 6.397135 6.229142 6.064478 5.897194 5.721725 5.532881 5.325865 5.096310 4.840341 4.554672 4.236718 3.884732 3.497950 3.076715 2.622593 2.138427 1.628330 1.097589 0.552481 0.000000 
50.000000 47.047878 44.117917 41.231782 38.410153 35.672288 33.035628 30.515467 28.124708 25.873682 23.770071 21.818897 20.022592 18.381142 16.892283 15.551744 14.353521 13.290174 12.353126 11.532955 10.819677 10.202990 9.672502 9.217916 8.829175 8.496572 8.210830 7.963137 7.745163 7.549048 7.367378 7.193147 7.019717 6.840786 6.650361 6.442756 6.212613 5.954950 5.665253 5.339591 4.974782 4.568570 4.119833 3.628778 3.097112 2.528152 1.926848 1.299690 0.654485 0.000000 
50.000000 47.129195 44.279942 41.473305 38.729397 36.066945 33.502906 31.052155 28.727236 26.538196 24.492501 22.595031 20.848148 19.251833 17.803876 16.500111 15.334688 14.300353 13.388740 12.590656 11.896351 11.295756 10.778699 10.335082 9.955020 9.628945 9.347669 9.102426 8.884868 8.687058 8.501428 8.320742 8.138047 7.946634 7.740009 7.511892 7.256241 6.967315 6.639781 6.268873 5.850597 5.381977 4.861342 4.288607 3.665539 2.995951 2.285781 1.543010 0.777392 0.000000 
50.000000 47.222485 44.465821 41.750388 39.095645 36.519707 34.038984 31.667863 29.418480 27.300554 25.321306 23.485453 21.795278 20.250754 18.849734 17.588179 16.460413 15.459397 14.577013 13.804334 13.131881 12.549860 12.048357 11.617513 11.247651 10.929370 10.653606 10.411654 10.195170 9.996143 9.806851 9.619812 9.427725 9.223425 8.999844 8.750007 8.467056 8.144319 7.775442 7.354578 6.876649 6.337671 5.735138 5.068433 4.339224 3.551786 2.713182 1.833219 0.924136 0.000000 
50.000000 47.328140 44.676336 42.064195 39.510434 37.032479 34.646113 32.365178 30.201345 28.163961 26.259971 24.493910 22.867966 21.382109 20.034267 18.820540 17.735453 16.772217 15.922994 15.179163 14.531562 13.970710 13.486998 13.070846 12.712826 12.403744 12.134690 11.897056 11.682520 11.483016 11.290674 11.097760 10.896606 10.679546 10.438873 10.166815 9.855558 9.497313 9.084465 8.609788 8.066773 7.450037 6.755838 5.982650 5.131754 4.207761 3.218960 2.177368 1.098384 0.000000 
50.000000 47.446470 44.912110 42.415653 39.974990 37.606774 35.326089 33.146162 31.078145 29.130972 27.311275 25.623385 24.069391 22.649256 21.360990 20.200857 19.163607 18.242733 17.430717 16.719285 16.099635 15.562647 15.099063 14.699631 14.355215 14.056872 13.795889 13.563791 13.352313 13.153361 12.958937 12.761062 12.551693 12.322641 12.065499 11.771610 11.432063 11.037753 10.579532 10.048446 9.436112 8.735236 7.940272 7.048221 6.059489 4.978728 3.815462 2.584341 1.304794 0.000000 
50.000000 47.577682 45.173547 42.805368 40.490114 38.243584 36.080084 34.012161 32.050394 30.203254 28.477031 26.875831 25.401629 24.054385 22.832203 21.731527 20.747363 19.873517 19.102833 18.427426 17.838903 17.328553 16.887518 16.506925 16.177983 15.892049 15.640657 15.415509 15.208447 15.011386 14.816235 14.614800 14.398676 14.159141 13.887060 13.572816 13.206274 12.776819 12.273473 11.685150 11.001063 10.211334 9.307835 8.285250 7.142324 5.883162 4.518346 3.065571 1.549412 0.000000 
50.000000 47.721842 45.460784 43.233542 41.056074 38.943238 36.908489 34.963626 33.118597 31.381366 29.757849 28.251902 26.865379 25.598237 24.448684 23.413366 22.487572 21.665456 20.940263 20.304546 19.750367 19.269477 18.853471 18.493909 18.182402 17.910664 17.670530 17.453941 17.252899 17.059388 16.865277 16.662206 16.441448 16.193776 15.909327 15.577485 15.186800 14.724963 14.178882 13.534895 12.779183 11.898446 10.880917 9.717749 8.404766 6.944458 5.347904 3.636141 1.840308 0.000000 
50.000000 47.878859 45.773639 43.699904 41.672512 39.705295 37.810782 35.999955 34.282078 32.664565 31.152920 29.750731 28.459720 27.279843 26.209422 25.245326 24.383153 23.617446 22.941890 22.349519 21.832903 21.384308 20.995838 20.659545 20.367501 20.111838 19.884762 19.678518 19.485338 19.297349 19.106458 18.904214 18.681644 18.429083 18.135987 17.790761 17.380599 16.891378 16.307635 15.612692 14.789002 13.818835 12.685410 11.374622 9.877428 8.192826 6.331097 4.316547 2.188605 0.000000 
50.000000 48.048462 46.111573 44.203651 42.338364 40.528441 38.785405 37.119363 35.538835 34.050640 32.659841 31.369737 30.181909 29.096310 28.111391 27.224261 26.430861 25.726150 25.104300 24.558873 24.082994 23.669501 23.311065 23.000289 22.729770 22.492130 22.280012 22.086048 21.902782 21.722578 21.537479 21.339051 21.118192 20.864914 20.568109 20.215294 19.792361 19.283344 18.670247 17.933003 17.049647 15.996874 14.751184 13.290857 11.599041 9.668063 7.504718 5.135560 2.610219 0.000000 
50.000000 48.230188 46.473660 44.743402 43.051808 41.410421 39.829691 38.318784 36.885423 35.535794 34.274486 33.104488 32.027231 31.042667 30.149388 29.344762 28.625098 27.985812 27.421598 26.926593 26.494532 26.118873 25.792916 25.509875 25.262942 25.045297 24.850104 24.670462 24.499331 24.329417 24.153024 23.961879 23.746908 23.497979 23.203608 22.850622 22.423790 21.905428 21.275022 20.508907 19.580133 18.458687 17.112377 15.508814 13.619069 11.423556 8.920356 6.135036 3.128894 0.000000 
50.000000 48.423368 46.858571 45.317175 43.810222 42.347996 40.939804 39.593811 38.316899 37.114575 35.990926 34.948614 33.988910 33.111770 32.315931 31.599046 30.957815 30.388144 29.885291 29.444011 29.058695 28.723479 28.432345 28.179187 27.957852 27.762158 27.585869 27.422650 27.265980 27.109033 26.944524 26.764511 26.560153 26.321418 26.036727 25.692532 25.272821 24.758538 24.126928 23.350849 22.398133 21.231175 19.807124 18.079298 16.000837 13.531976 10.652321 7.378271 3.781830 0.000000 
50.000000 48.627131 47.264567 45.922379 44.610184 43.336933 42.110732 40.938691 39.826800 38.779854 37.801413 36.893790 36.058092 35.294277 34.601242 33.976938 33.418484 32.922306 32.484262 32.099769 31.763919 31.471579 31.217466 30.996214 30.802396 30.630539 30.475094 30.330387 30.190532 30.049309 29.900007 29.735219 29.546584 29.324470 29.057576 28.732431 28.332777 27.838799 27.226166 26.464881 25.517953 24.340002 22.876115 21.061691 18.824703 16.092974 12.810277 8.965083 4.630785 0.000000 
50.000000 48.840405 47.689513 46.555832 45.447484 44.372029 43.336316 42.346347 41.407182 40.522872 39.696420 38.929782 38.223890 37.578706 36.993296 36.465925 35.994155 35.574960 35.204832 34.879887 34.595963 34.348701 34.133611 33.946118 33.781589 33.635330 33.502563 33.378372 33.257624 33.134848 33.004080 32.858669 32.691014 32.492238 32.251768 31.956789 31.591533 31.136344 30.566444 29.850295 28.947470 27.805956 26.358955 24.521701 22.189761 19.242488 15.559117 11.060038 5.785778 0.000000 
50.000000 49.061929 48.130899 47.213792 46.317177 45.447172 44.609316 43.808464 43.048711 42.333331 41.664755 41.044563 40.473509 39.951560 39.477959 39.051299 38.669606 38.330425 38.030913 37.767919 37.538063 37.337806 37.163492 37.011395 36.877728 36.758647 36.650221 36.548386 36.448873 36.347099 36.238029 36.115989 35.974431 35.805618 35.600213 35.346729 35.030791 34.634115 34.133083 33.496736 32.683907 31.639142 30.286962 28.524147 26.210443 23.160669 19.148290 13.946687 7.460576 0.000000 
50.000000 49.290276 48.585879 47.892015 47.213655 46.555428 45.921523 45.315615 44.740800 44.199556 43.693722 43.224493 42.792438 42.397531 42.039200 41.716377 41.427567 41.170909 40.944249 40.745197 40.571190 40.419539 40.287466 40.172135 40.070659 39.980099 39.897439 39.819553 39.743137 39.664623 39.580068 39.484994 39.374188 39.241432 39.079141 38.877872 38.625635 38.306916 37.901254 37.381118 36.708681 35.830785 34.671000 33.116961 31.000506 28.068381 23.947046 18.131499 10.116689 0.000000 
50.000000 49.523873 49.051319 48.585832 48.130746 47.689166 47.263903 46.857422 46.471799 46.108698 45.769351 45.454560 45.164707 44.899773 44.659375 44.442795 44.249029 44.076827 43.924742 43.791168 43.674383 43.572576 43.483880 43.406382 43.338135 43.277152 43.221389 43.168723 43.116899 43.063475 43.005737 42.940585 42.864389 42.772788 42.660422 42.520553 42.344534 42.121029 41.834839 41.465088 40.982307 40.343593 39.484224 38.302568 36.631870 34.186023 30.455682 24.526081 14.879952 0.000000 
50.000000 49.761035 49.523864 49.290239 49.061835 48.840209 48.626772 48.422762 48.229220 48.046982 47.876666 47.718674 47.573197 47.440227 47.319571 47.210868 47.113613 47.027180 46.950842 46.883791 46.825161 46.774044 46.729499 46.690565 46.656260 46.625582 46.597500 46.570940 46.544758 46.517713 46.488421 46.455297 46.416477 46.369711 46.312223 46.240499 46.150003 46.034736 45.886571 45.694190 45.441332 45.103724 44.643450 43.997844 43.055786 41.602228 39.174214 34.644327 24.880617 0.000000 
50.000000 50.000000 50.000000 50.000000 50.000000 50.000000 50.000000 50.000000 50.000000 50.000000 50.000000 50.000000 50.000000 50.000000 50.000000 50.000000 50.000000 50.000000 50.000000 50.000000 50.000000 50.000000 50.000000 50.000000 50.000000 50.000000 50.000000 50.000000 50.000000 50.000000 50.000000 50.000000 50.000000 50.000000 50.000000 50.000000 50.000000 50.000000 50.000000 50.000000 50.000000 50.000000 50.000000 50.000000 50.000000 50.000000 50.000000 50.000000 50.000000 50.000000 
