50.000000 50.000000 50.000000 50.000000 50.000000 50.000000 50.000000 50.000000 50.000000 50.000000 50.000000 50.000000 50.000000 50.000000 50.000000 50.000000 50.000000 50.000000 50.000000 50.000000 50.000000 50.000000 50.000000 50.000000 50.000000 50.000000 50.000000 50.000000 50.000000 50.000000 50.000000 50.000000 50.000000 50.000000 50.000000 50.000000 50.000000 50.000000 50.000000 50.000000 50.000000 50.000000 50.000000 50.000000 50.000000 50.000000 50.000000 50.000000 50.000000 50.000000 
50.000000 49.836304 49.673449 49.512260 49.353538 49.198044 49.046489 48.899524 48.757730 48.621610 48.491585 48.367989 48.251067 48.140974 48.037774 47.941444 47.851873 47.768873 47.692171 47.621426 47.556220 47.496070 47.440425 47.388665 47.340103 47.293975 47.249432 47.205530 47.161207 47.115257 47.066291 47.012689 46.952528 46.883482 46.802689 46.706551 46.590452 46.448324 46.271989 46.050102 45.766395 45.396621 44.902915 44.222691 43.244939 41.754747 39.289316 34.721406 24.919261 0.000000 
50.000000 49.673498 49.348671 49.027168 48.710586 48.400443 48.098158 47.805028 47.522211 47.250713 46.991374 46.744859 46.511659 46.292080 46.086254 45.894133 45.715502 45.549980 45.397032 45.255974 45.125979 45.006087 44.895203 44.792098 44.695409 44.603623 44.515064 44.427866 44.339935 44.248900 44.152038 44.046182 43.927581 43.791725 43.633084 43.444752 43.217920 42.941118 42.599045 42.170765 41.626803 40.924300 39.998636 38.748341 37.006873 34.488394 30.683871 24.678889 14.956563 0.000000 
50.000000 49.512457 49.027416 48.547339 48.074610 47.611498 47.160119 46.722412 46.300107 45.894706 45.507463 45.139374 44.791171 44.463315 44.156002 43.869164 43.602482 43.355392 43.127099 42.916586 42.722629 42.543801 42.378480 42.224848 42.080889 41.944371 41.812825 41.683513 41.553368 41.418931 41.276247 41.120736 40.947009 40.748624 40.517746 40.244680 39.917196 39.519579 39.031214 38.424484 37.661544 36.689305 35.431486 33.775955 31.554867 28.515364 24.284364 18.357384 10.229936 0.000000 
50.000000 49.354036 48.711388 48.075318 47.448984 46.835392 46.237349 45.657422 45.097905 44.560787 44.047734 43.560066 43.098753 42.664410 42.257299 41.877335 41.524100 41.196852 40.894547 40.615849 40.359149 40.122572 39.903994 39.701034 39.511056 39.331153 39.158115 38.988394 38.818038 38.642604 38.457048 38.255561 38.031366 37.776429 37.481085 37.133513 36.719024 36.219065 35.609816 34.860198 33.929022 32.760916 31.280594 29.385140 26.934708 23.744630 19.588970 14.241785 7.608522 0.000000 
50.000000 49.199056 48.402224 47.613549 46.836947 46.076146 45.334627 44.615575 43.921834 43.255873 42.619757 42.015128 41.443190 40.904710 40.400017 39.929013 39.491186 39.085628 38.711057 38.365831 38.047977 37.755197 37.484891 37.234150 36.999763 36.778196 36.565566 36.357594 36.149540 35.936111 35.711336 35.468398 35.199414 34.895146 34.544616 34.134596 33.648932 33.067634 32.365671 31.511356 30.464227 29.172366 27.569205 25.570342 23.071840 19.953668 16.095788 11.419408 5.965945 0.000000 
50.000000 49.048294 48.101474 47.164347 46.241569 45.337568 44.456483 43.602098 42.777795 41.986511 41.230700 40.512317 39.832798 39.193059 38.593498 38.034007 37.513988 37.032377 36.587667 36.177933 35.800856 35.453746 35.133556 34.836893 34.560017 34.298828 34.048839 33.805133 33.562294 33.314317 33.054484 32.775195 32.467762 32.122128 31.726515 31.266965 30.726764 30.085699 29.319137 28.396900 27.281949 25.929003 24.283413 22.280992 19.850282 16.919819 13.434212 9.382879 4.840240 0.000000 
50.000000 48.902475 47.810584 46.729874 45.665714 44.623212 43.607141 42.621868 41.671295 40.758811 39.887251 39.058873 38.275338 37.537709 36.846454 36.201461 35.602055 35.047026 34.534660 34.062765 33.628706 33.229426 32.861473 32.521012 32.203825 31.905312 31.620458 31.343800 31.069363 30.790572 30.500138 30.189907 29.850664 29.471893 29.041472 28.545298 27.966832 27.286562 26.481383 25.523936 24.381988 23.018038 21.389517 19.450201 17.153862 14.461525 11.353731 7.847933 4.017284 0.000000 
50.000000 48.762265 47.530885 46.312117 45.112015 43.936343 42.790485 41.679367 40.607394 39.578390 38.595556 37.661444 36.777935 35.946236 35.166886 34.439771 33.764149 33.138679 32.561454 32.030040 31.541510 31.092475 30.679114 30.297195 29.942081 29.608731 29.291684 28.985024 28.682327 28.376587 28.060113 27.724397 27.359952 26.956111 26.500785 25.980179 25.378470 24.677465 23.856247 22.890901 21.754392 20.416807 18.846249 17.010821 14.882271 12.441871 9.688713 6.649510 3.386809 0.000000 
50.000000 48.628267 47.263579 45.912870 44.582853 43.279915 42.010026 40.778649 39.590667 38.450323 37.361170 36.326041 35.347030 34.425485 33.562016 32.756514 32.008177 31.315544 30.676538 30.088502 29.548244 29.052078 28.595854 28.174988 27.784476 27.418904 27.072438 26.738798 26.411218 26.082384 25.744352 25.388439 25.005096 24.583750 24.112630 23.578572 22.966819 22.260837 21.442185 20.490504 19.383722 18.098627 16.612017 14.902686 12.954494 10.760674 8.329093 5.687524 2.886923 0.000000 
50.000000 48.501018 47.009736 45.533732 44.080343 42.656552 41.268885 39.923314 38.625178 37.379119 36.189024 35.057999 33.988339 32.981530 32.038253 31.158408 30.341142 29.584890 28.887419 28.245873 27.656826 27.116324 26.619927 26.162744 25.739460 25.344347 24.971267 24.613657 24.264506 23.916300 23.560969 23.189800 22.793344 22.361307 21.882434 21.344392 20.733669 20.035523 19.234000 18.312093 17.252124 16.036435 14.648546 13.074872 11.307105 9.345184 7.200503 4.898638 2.480405 0.000000 
50.000000 48.380984 46.770285 45.176091 43.606329 42.068542 40.569780 39.116498 37.714467 36.368704 35.083417 33.861965 32.706839 31.619657 30.601171 29.651294 28.769131 27.953025 27.200604 26.508840 25.874094 25.292180 24.758405 24.267615 23.814231 23.392266 22.995344 22.616694 22.249134 21.885049 21.516340 21.134376 20.729931 20.293111 19.813296 19.279081 18.678260 17.997857 17.224243 16.343391 15.341317 14.204778 12.922295 11.485540 9.891083 8.142369 6.251622 4.241178 2.143603 0.000000 
50.000000 48.268563 46.546022 44.841136 43.162383 41.517834 39.915030 38.360878 36.861554 35.422428 34.048009 32.741897 31.506768 30.344365 29.255512 28.240137 27.297311 26.425299 25.621609 24.883056 24.205821 23.585512 23.017220 22.495569 22.014758 21.568595 21.150520 20.753614 20.370598 19.993820 19.615238 19.226380 18.818321 18.381641 17.906407 17.382168 16.797988 16.142536 15.404257 14.571662 13.633767 12.580725 11.404677 10.100818 8.668637 7.113197 5.446234 3.686760 1.860795 0.000000 
50.000000 48.164087 46.337609 44.529855 42.749816 41.006052 39.306565 37.658679 36.068950 34.543077 33.085847 31.701088 30.391649 29.159394 28.005213 26.929056 25.929967 25.006142 24.154986 23.373181 22.656748 22.001121 21.401205 20.851438 20.345841 19.878059 19.441395 19.028834 18.633051 18.246420 17.861002 17.468544 17.060463 16.627845 16.161450 15.651749 15.088985 14.463299 13.764921 12.984457 12.113294 11.144140 10.071695 8.893451 7.610545 6.228579 4.758228 3.215457 1.621143 0.000000 
50.000000 48.067824 46.145581 44.243046 42.369686 40.534512 38.745947 37.011705 35.338689 33.732903 32.199394 30.742199 29.364328 28.067759 26.853450 25.721368 24.670541 23.699107 22.804383 21.982934 21.230647 20.542807 19.914164 19.339001 18.811195 18.324266 17.871422 17.445592 17.039446 16.645420 16.255722 15.862339 15.457051 15.031449 14.576960 14.084906 13.546589 12.953427 12.297143 11.570037 10.765332 9.877615 8.903364 7.841517 6.694064 5.466546 4.168388 2.812908 1.416940 0.000000 
50.000000 47.979986 45.970358 43.981338 42.022825 40.104243 38.234401 36.421366 34.672361 32.993670 31.390575 29.867307 28.427027 27.071815 25.802693 24.619653 23.521707 22.506946 21.572613 20.715175 19.930405 19.213461 18.558964 17.961073 17.413551 16.909824 16.443036 16.006090 15.591684 15.192340 14.800430 14.408196 14.007778 13.591245 13.150641 12.678054 12.165709 11.606104 10.992190 10.317607 9.576974 8.766246 7.883100 6.927355 5.901357 4.810287 3.662314 2.468523 1.242562 0.000000 
50.000000 47.900730 45.812256 43.745201 41.709857 39.716019 37.772844 35.888721 34.071161 32.326699 30.660833 29.077970 27.581406 26.173319 24.854788 23.625831 22.485448 21.431695 20.461750 19.571999 18.758119 18.015164 17.337648 16.719631 16.154785 15.636470 15.157790 14.711645 14.290780 13.887818 13.495303 13.105726 12.711568 12.305340 11.879640 11.427225 10.941106 10.414680 9.841885 9.217408 8.536919 7.797344 6.997161 6.136686 5.218331 4.246779 3.229042 2.174343 1.093816 0.000000 
50.000000 47.830169 45.671498 43.534971 41.431226 39.370389 37.361930 35.414524 33.535936 31.732930 30.011193 28.375291 26.828642 25.373511 24.011034 22.741248 21.563151 20.474768 19.473225 18.554840 17.715210 16.949304 16.251552 15.615930 15.036046 14.505210 14.016506 13.562848 13.137035 12.731801 12.339855 11.953924 11.566802 11.171396 10.760786 10.328301 9.867612 9.372846 8.838729 8.260752 7.635362 6.960170 6.234170 5.457932 4.633770 3.765834 2.860110 1.924292 0.967523 0.000000 
50.000000 47.768378 45.548235 43.350870 41.187225 39.067720 37.002094 34.999273 33.067248 31.212981 29.442329 27.759995 26.169505 24.673204 23.272274 21.966777 20.755707 19.637066 18.607938 17.664585 16.802541 16.016703 15.301433 14.650646 14.057898 13.516468 13.019430 12.559723 12.130206 11.723718 11.333125 10.951369 10.571520 10.186828 9.790788 9.377207 8.940297 8.474773 7.975974 7.440003 6.863877 6.245683 5.584732 4.881699 4.138718 3.359425 2.548928 1.713676 0.861240 0.000000 
50.000000 47.715400 45.442554 43.193029 40.978031 38.808226 36.693589 34.643261 32.665427 30.767218 28.954636 27.232504 25.604442 24.072862 22.638991 21.302909 20.063612 18.919081 17.866369 16.901694 16.020535 15.217736 14.487605 13.824007 13.220463 12.670230 12.166383 11.701889 11.269666 10.862652 10.473852 10.096397 9.723595 9.348988 8.966412 8.570070 8.154606 7.715199 7.247662 6.748557 6.215311 5.646333 5.041127 4.400380 3.726017 3.021212 2.290339 1.538847 0.773076 0.000000 
50.000000 47.671258 45.354498 43.061513 40.803725 38.592010 36.436538 34.346628 32.330628 30.395809 28.548297 26.793014 25.133657 23.572696 22.111396 20.749854 19.487067 18.321003 17.248689 16.266307 15.369296 14.552458 13.810057 13.135923 12.523551 11.966184 11.456905 10.988705 10.554562 10.147496 9.760635 9.387268 9.020901 8.655315 8.284624 7.903343 7.506458 7.089504 6.648654 6.180807 5.683681 5.155901 4.597077 4.007862 3.389977 2.746200 2.080310 1.396970 0.701567 0.000000 
50.000000 47.635956 45.284077 42.956336 40.664329 38.419099 36.230971 34.109408 32.062887 30.098795 28.223352 26.441562 24.757186 23.172739 21.689515 20.307628 19.026077 17.842819 16.754861 15.758359 14.848721 14.020716 13.268578 12.586111 11.966790 11.403852 10.890386 10.419412 9.983951 9.577098 9.192077 8.822306 8.461449 8.103473 7.742710 7.373915 6.992332 6.593764 6.174647 5.732120 5.264104 4.769366 4.247569 3.699313 3.126139 2.530505 1.915725 1.285863 0.645590 0.000000 
50.000000 47.609491 45.231284 42.877487 40.559827 38.289471 36.076862 33.931570 31.862170 29.876133 27.979754 26.178096 24.474968 22.872919 21.373268 19.976139 18.680532 17.484399 16.384732 15.377669 14.458595 13.622256 12.862863 12.174203 11.549738 10.982702 10.466191 9.993246 9.556926 9.150380 8.766907 8.400022 8.043504 7.691461 7.338383 6.979198 6.609337 6.224791 5.822180 5.398810 4.952737 4.482812 3.988726 3.471023 2.931102 2.371180 1.794232 1.203886 0.604300 0.000000 
50.000000 47.591855 45.196102 42.824941 40.490185 38.203086 35.974163 33.813059 31.728413 29.727753 27.817423 26.002526 24.286903 22.673128 21.162532 19.755250 18.450283 17.245577 16.138117 15.124027 14.198679 13.356804 12.592598 11.899837 11.271975 10.702246 10.183751 9.709545 9.272713 8.866442 8.484081 8.119208 7.765681 7.417699 7.069854 6.717190 6.355256 5.980165 5.588652 5.178127 4.746727 4.293355 3.817709 3.320293 2.802406 2.266106 1.714142 1.149864 0.577097 0.000000 
50.000000 47.583039 45.178516 42.798675 40.455374 38.159905 35.922827 33.753819 31.661552 29.653583 27.736280 25.914766 24.192898 22.573262 21.057196 19.644841 18.335196 17.126208 16.014855 14.997256 14.068777 13.224139 12.457534 11.762731 11.133181 10.562116 10.042643 9.567823 9.130754 8.724641 8.342860 7.979019 7.627016 7.281096 6.935901 6.586531 6.228593 5.858260 5.472323 5.068242 4.644191 4.199097 3.732660 3.245362 2.738452 2.213907 1.674366 1.123039 0.563590 0.000000 
50.000000 47.583039 45.178516 42.798675 40.455374 38.159905 35.922827 33.753819 31.661552 29.653583 27.736280 25.914766 24.192898 22.573262 21.057196 19.644841 18.335196 17.126208 16.014855 14.997256 14.068777 13.224139 12.457534 11.762731 11.133181 10.562116 10.042643 9.567823 9.130754 8.724641 8.342860 7.979019 7.627016 7.281096 6.935901 6.586531 6.228593 5.858260 5.472323 5.068242 4.644191 4.199097 3.732660 3.245362 2.738452 2.213907 1.674366 1.123039 0.563590 0.000000 
50.000000 47.591855 45.196102 42.824941 40.490185 38.203086 35.974163 33.813059 31.728413 29.727753 27.817423 26.002526 24.286903 22.673128 21.162532 19.755250 18.450283 17.245577 16.138117 15.124027 14.198679 13.356804 12.592598 11.899837 11.271975 10.702246 10.183751 9.709545 9.272713 8.866442 8.484081 8.119208 7.765681 7.417699 7.069854 6.717190 6.355256 5.980165 5.588652 5.178127 4.746727 4.293355 3.817709 3.320293 2.802406 2.266106 1.714142 1.149864 0.577097 0.000000 
50.000000 47.609491 45.231284 42.877487 40.559827 38.289471 36.076862 33.931570 31.862170 29.876133 27.979754 26.178096 24.474968 22.872919 21.373268 19.976139 18.680532 17.484399 16.384732 15.377669 14.458595 13.622256 12.862863 12.174203 11.549738 10.982702 10.466191 9.993246 9.556926 9.150380 8.766907 8.400022 8.043504 7.691461 7.338383 6.979198 6.609337 6.224791 5.822180 5.398810 4.952737 4.482812 3.988726 3.471023 2.931102 2.371180 1.794232 1.203886 0.604300 0.000000 
50.000000 47.635956 45.284077 42.956336 40.664329 38.419099 36.230971 34.109408 32.062887 30.098795 28.223352 26.441562 24.757186 23.172739 21.689515 20.307628 19.026077 17.842819 16.754861 15.758359 14.848721 14.020716 13.268578 12.586111 11.966790 11.403852 10.890386 10.419412 9.983951 9.577098 9.192077 8.822306 8.461449 8.103473 7.742710 7.373915 6.992332 6.593764 6.174647 5.732120 5.264104 4.769366 4.247569 3.699313 3.126139 2.530505 1.915725 1.285863 0.645590 0.000000 
50.000000 47.671258 45.354498 43.061513 40.803725 38.592010 36.436538 34.346628 32.330628 30.395809 28.548297 26.793014 25.133657 23.572696 22.111396 20.749854 19.487067 18.321003 17.248689 16.266307 15.369296 14.552458 13.810057 13.135923 12.523551 11.966184 11.456905 10.988705 10.554562 10.147496 9.760635 9.387268 9.020901 8.655315 8.284624 7.903343 7.506458 7.089504 6.648654 6.180807 5.683681 5.155901 4.597077 4.007862 3.389977 2.746200 2.080310 1.396970 0.701567 0.000000 
50.000000 47.715400 45.442554 43.193029 40.978031 38.808226 36.693589 34.643261 32.665427 30.767218 28.954636 27.232504 25.604442 24.072862 22.638991 21.302909 20.063612 18.919081 17.866369 16.901694 16.020535 15.217736 14.487605 13.824007 13.220463 12.670230 12.166383 11.701889 11.269666 10.862652 10.473852 10.096397 9.723595 9.348988 8.966412 8.570070 8.154606 7.715199 7.247662 6.748557 6.215311 5.646333 5.041127 4.400380 3.726017 3.021212 2.290339 1.538847 0.773076 0.000000 
50.000000 47.768378 45.548235 43.350870 41.187225 39.067720 37.002094 34.999273 33.067248 31.212981 29.442329 27.759995 26.169505 24.673204 23.272274 21.966777 20.755707 19.637066 18.607938 17.664585 16.802541 16.016703 15.301433 14.650646 14.057898 13.516468 13.019430 12.559723 12.130206 11.723718 11.333125 10.951369 10.571520 10.186828 9.790788 9.377207 8.940297 8.474773 7.975974 7.440003 6.863877 6.245683 5.584732 4.881699 4.138718 3.359425 2.548928 1.713676 0.861240 0.000000 
50.000000 47.830169 45.671498 43.534971 41.431226 39.370389 37.361930 35.414524 33.535936 31.732930 30.011193 28.375291 26.828642 25.373511 24.011034 22.741248 21.563151 20.474768 19.473225 18.554840 17.715210 16.949304 16.251552 15.615930 15.036046 14.505210 14.016506 13.562848 13.137035 12.731801 12.339855 11.953924 11.566802 11.171396 10.760786 10.328301 9.867612 9.372846 8.838729 8.260752 7.635362 6.960170 6.234170 5.457932 4.633770 3.765834 2.860110 1.924292 0.967523 0.000000 
50.000000 47.900730 45.812256 43.745201 41.709857 39.716019 37.772844 35.888721 34.071161 32.326699 30.660833 29.077970 27.581406 26.173319 24.854788 23.625831 22.485448 21.431695 20.461750 19.571999 18.758119 18.015164 17.337648 16.719631 16.154785 15.636470 15.157790 14.711645 14.290780 13.887818 13.495303 13.105726 12.711568 12.305340 11.879640 11.427225 10.941106 10.414680 9.841885 9.217408 8.536919 7.797344 6.997161 6.136686 5.218331 4.246779 3.229042 2.174343 1.093816 0.000000 
50.000000 47.979986 45.970358 43.981338 42.022825 40.104243 38.234401 36.421366 34.672361 32.993670 31.390575 29.867307 28.427027 27.071815 25.802693 24.619653 23.521707 22.506946 21.572613 20.715175 19.930405 19.213461 18.558964 17.961073 17.413551 16.909824 16.443036 16.006090 15.591684 15.192340 14.800430 14.408196 14.007778 13.591245 13.150641 12.678054 12.165709 11.606104 10.992190 10.317607 9.576974 8.766246 7.883100 6.927355 5.901357 4.810287 3.662314 2.468523 1.242562 0.000000 
50.000000 48.067824 46.145581 44.243046 42.369686 40.534512 38.745947 37.011705 35.338689 33.732903 32.199394 30.742199 29.364328 28.067759 26.853450 25.721368 24.670541 23.699107 22.804383 21.982934 21.230647 20.542807 19.914164 19.339001 18.811195 18.324266 17.871422 17.445592 17.039446 16.645420 16.255722 15.862339 15.457051 15.031449 14.576960 14.084906 13.546589 12.953427 12.297143 11.570037 10.765332 9.877615 8.903364 7.841517 6.694064 5.466546 4.168388 2.812908 1.416940 0.000000 
50.000000 48.164087 46.337609 44.529855 42.749816 41.006052 39.306565 37.658679 36.068950 34.543077 33.085847 31.701088 30.391649 29.159394 28.005213 26.929056 25.929967 25.006142 24.154986 23.373181 22.656748 22.001121 21.401205 20.851438 20.345841 19.878059 19.441395 19.028834 18.633051 18.246420 17.861002 17.468544 17.060463 16.627845 16.161450 15.651749 15.088985 14.463299 13.764921 12.984457 12.113294 11.144140 10.071695 8.893451 7.610545 6.228579 4.758228 3.215457 1.621143 0.000000 
50.000000 48.268563 46.546022 44.841136 43.162383 41.517834 39.915030 38.360878 36.861554 35.422428 34.048009 32.741897 31.506768 30.344365 29.255512 28.240137 27.297311 26.425299 25.621609 24.883056 24.205821 23.585512 23.017220 22.495569 22.014758 21.568595 21.150520 20.753614 20.370598 19.993820 19.615238 19.226380 18.818321 18.381641 17.906407 17.382168 16.797988 16.142536 15.404257 14.571662 13.633767 12.580725 11.404677 10.100818 8.668637 7.113197 5.446234 3.686760 1.860795 0.000000 
50.000000 48.380984 46.770285 45.176091 43.606329 42.068542 40.569780 39.116498 37.714467 36.368704 35.083417 33.861965 32.706839 31.619657 30.601171 29.651294 28.769131 27.953025 27.200604 26.508840 25.874094 25.292180 24.758405 24.267615 23.814231 23.392266 22.995344 22.616694 22.249134 21.885049 21.516340 21.134376 20.729931 20.293111 19.813296 19.279081 18.678260 17.997857 17.224243 16.343391 15.341317 14.204778 12.922295 11.485540 9.891083 8.142369 6.251622 4.241178 2.143603 0.000000 
50.000000 48.501018 47.009736 45.533732 44.080343 42.656552 41.268885 39.923314 38.625178 37.379119 36.189024 35.057999 33.988339 32.981530 32.038253 31.158408 30.341142 29.584890 28.887419 28.245873 27.656826 27.116324 26.619927 26.162744 25.739460 25.344347 24.971267 24.613657 24.264506 23.916300 23.560969 23.189800 22.793344 22.361307 21.882434 21.344392 20.733669 20.035523 19.234000 18.312093 17.252124 16.036435 14.648546 13.074872 11.307105 9.345184 7.200503 4.898638 2.480405 0.000000 
50.000000 48.628267 47.263579 45.912870 44.582853 43.279915 42.010026 40.778649 39.590667 38.450323 37.361170 36.326041 35.347030 34.425485 33.562016 32.756514 32.008177 31.315544 30.676538 30.088502 29.548244 29.052078 28.595854 28.174988 27.784476 27.418904 27.072438 26.738798 26.411218 26.082384 25.744352 25.388439 25.005096 24.583750 24.112630 23.578572 22.966819 22.260837 21.442185 20.490504 19.383722 18.098627 16.612017 14.902686 12.954494 10.760674 8.329093 5.687524 2.886923 0.000000 
50.000000 48.762265 47.530885 46.312117 45.112015 43.936343 42.790485 41.679367 40.607394 39.578390 38.595556 37.661444 36.777935 35.946236 35.166886 34.439771 33.764149 33.138679 32.561454 32.030040 31.541510 31.092475 30.679114 30.297195 29.942081 29.608731 29.291684 28.985024 28.682327 28.376587 28.060113 27.724397 27.359952 26.956111 26.500785 25.980179 25.378470 24.677465 23.856247 22.890901 21.754392 20.416807 18.846249 17.010821 14.882271 12.441871 9.688713 6.649510 3.386809 0.000000 
50.000000 48.902475 47.810584 46.729874 45.665714 44.623212 43.607141 42.621868 41.671295 40.758811 39.887251 39.058873 38.275338 37.537709 36.846454 36.201461 35.602055 35.047026 34.534660 34.062765 33.628706 33.229426 32.861473 32.521012 32.203825 31.905312 31.620458 31.343800 31.069363 30.790572 30.500138 30.189907 29.850664 29.471893 29.041472 28.545298 27.966832 27.286562 26.481383 25.523936 24.381988 23.018038 21.389517 19.450201 17.153862 14.461525 11.353731 7.847933 4.017284 0.000000 
50.000000 49.048294 48.101474 47.164347 46.241569 45.337568 44.456483 43.602098 42.777795 41.986511 41.230700 40.512317 39.832798 39.193059 38.593498 38.034007 37.513988 37.032377 36.587667 36.177933 35.800856 35.453746 35.133556 34.836893 34.560017 34.298828 34.048839 33.805133 33.562294 33.314317 33.054484 32.775195 32.467762 32.122128 31.726515 31.266965 30.726764 30.085699 29.319137 28.396900 27.281949 25.929003 24.283413 22.280992 19.850282 16.919819 13.434212 9.382879 4.840240 0.000000 
50.000000 49.199056 48.402224 47.613549 46.836947 46.076146 45.334627 44.615575 43.921834 43.255873 42.619757 42.015128 41.443190 40.904710 40.400017 39.929013 39.491186 39.085628 38.711057 38.365831 38.047977 37.755197 37.484891 37.234150 36.999763 36.778196 36.565566 36.357594 36.149540 35.936111 35.711336 35.468398 35.199414 34.895146 34.544616 34.134596 33.648932 33.067634 32.365671 31.511356 30.464227 29.172366 27.569205 25.570342 23.071840 19.953668 16.095788 11.419408 5.965945 0.000000 
50.000000 49.354036 48.711388 48.075318 47.448984 46.835392 46.237349 45.657422 45.097905 44.560787 44.047734 43.560066 43.098753 42.664410 42.257299 41.877335 41.524100 41.196852 40.894547 40.615849 40.359149 40.122572 39.903994 39.701034 39.511056 39.331153 39.158115 38.988394 38.818038 38.642604 38.457048 38.255561 38.031366 37.776429 37.481085 37.133513 36.719024 36.219065 35.609816 34.860198 33.929022 32.760916 31.280594 29.385140 26.934708 23.744630 19.588970 14.241785 7.608522 0.000000 
50.000000 49.512457 49.027416 48.547339 48.074610 47.611498 47.160119 46.722412 46.300107 45.894706 45.507463 45.139374 44.791171 44.463315 44.156002 43.869164 43.602482 43.355392 43.127099 42.916586 42.722629 42.543801 42.378480 42.224848 42.080889 41.944371 41.812825 41.683513 41.553368 41.418931 41.276247 41.120736 40.947009 40.748624 40.517746 40.244680 39.917196 39.519579 39.031214 38.424484 37.661544 36.689305 35.431486 33.775955 31.554867 28.515364 24.284364 18.357384 10.229936 0.000000 
50.000000 49.673498 49.348671 49.027168 48.710586 48.400443 48.098158 47.805028 47.522211 47.250713 46.991374 46.744859 46.511659 46.292080 46.086254 45.894133 45.715502 45.549980 45.397032 45.255974 45.125979 45.006087 44.895203 44.792098 44.695409 44.603623 44.515064 44.427866 44.339935 44.248900 44.152038 44.046182 43.927581 43.791725 43.633084 43.444752 43.217920 42.941118 42.599045 42.170765 41.626803 40.924300 39.998636 38.748341 37.006873 34.488394 30.683871 24.678889 14.956563 0.000000 
50.000000 49.836304 49.673449 49.512260 49.353538 49.198044 49.046489 48.899524 48.757730 48.621610 48.491585 48.367989 48.251067 48.140974 48.037774 47.941444 47.851873 47.768873 47.692171 47.621426 47.556220 47.496070 47.440425 47.388665 47.340103 47.293975 47.249432 47.205530 47.161207 47.115257 47.066291 47.012689 46.952528 46.883482 46.802689 46.706551 46.590452 46.448324 46.271989 46.050102 45.766395 45.396621 44.902915 44.222691 43.244939 41.754747 39.289316 34.721406 24.919261 0.000000 
50.000000 50.000000 50.000000 50.000000 50.000000 50.000000 50.000000 50.000000 50.000000 50.000000 50.000000 50.000000 50.000000 50.000000 50.000000 50.000000 50.000000 50.000000 50.000000 50.000000 50.000000 50.000000 50.000000 50.000000 50.000000 50.000000 50.000000 50.000000 50.000000 50.000000 50.000000 50.000000 50.000000 50.000000 50.000000 50.000000 50.000000 50.000000 50.000000 50.000000 50.000000 50.000000 50.000000 50.000000 50.000000 50.000000 50.000000 50.000000 50.000000 50.000000 
