50.000000 50.000000 50.000000 50.000000 50.000000 50.000000 50.000000 50.000000 50.000000 50.000000 50.000000 50.000000 50.000000 50.000000 50.000000 50.000000 50.000000 50.000000 50.000000 50.000000 50.000000 50.000000 50.000000 50.000000 50.000000 50.000000 50.000000 50.000000 50.000000 50.000000 50.000000 50.000000 50.000000 50.000000 50.000000 50.000000 50.000000 50.000000 50.000000 50.000000 50.000000 50.000000 50.000000 50.000000 50.000000 50.000000 50.000000 50.000000 50.000000 50.000000 
50.000000 49.769201 49.540075 49.314259 49.093317 48.878711 48.671766 48.473653 48.285365 48.107705 47.941278 47.786490 47.643553 47.512492 47.393158 47.285243 47.188304 47.101773 47.024987 46.957199 46.897599 46.845330 46.799494 46.759166 46.723394 46.691195 46.661552 46.633394 46.605580 46.576861 46.545843 46.510927 46.470233 46.421494 46.361915 46.287968 46.195101 46.077302 45.926434 45.731175 45.475259 45.134417 44.670739 44.021568 43.075798 41.618401 39.186441 34.652525 24.884731 0.000000 
50.000000 49.540086 49.083507 48.633522 48.193250 47.765603 47.353223 46.958444 46.583242 46.229219 45.897580 45.589136 45.304308 45.043146 44.805353 44.590318 44.397156 44.224740 44.071746 43.936690 43.817959 43.713847 43.622571 43.542292 43.471118 43.407104 43.348233 43.292390 43.237321 43.180571 43.119405 43.050696 42.970783 42.875270 42.758762 42.614488 42.433774 42.205255 41.913716 41.538267 41.049436 40.404322 39.538216 38.349506 36.671464 34.218021 30.479873 24.542302 14.888090 0.000000 
50.000000 49.314304 48.633578 47.962685 47.306274 46.668684 46.053859 45.465274 44.905878 44.378058 43.883614 43.423752 42.999102 42.609738 42.255219 41.934637 41.646670 41.389644 41.161587 40.960289 40.783353 40.628240 40.492305 40.372816 40.266973 40.171894 40.084606 40.001995 39.920758 39.837309 39.747673 39.647333 39.531027 39.392487 39.224078 39.016308 38.757142 38.431029 38.017479 37.488944 36.807588 35.920261 34.750548 33.186114 31.058839 28.115523 23.982686 18.155396 10.128679 0.000000 
50.000000 49.093432 48.193436 47.306440 46.438590 45.595625 44.782758 44.004583 43.265002 42.567168 41.913463 41.305482 40.744058 40.229291 39.760600 39.336786 38.956105 38.616347 38.314911 38.048882 37.815102 37.610226 37.430775 37.273161 37.133711 37.008657 36.894121 36.786062 36.680208 36.571952 36.456218 36.327281 36.178531 36.002163 35.788773 35.526811 35.201844 34.795538 34.284237 33.636958 32.812526 31.755491 30.390398 28.614066 26.286292 23.221965 19.194629 13.977758 7.476165 0.000000 
50.000000 48.878948 47.766023 46.669173 45.596001 44.553601 43.548420 42.586141 41.671587 40.808661 40.000305 39.248496 38.554264 37.917734 37.338191 36.814156 36.343478 35.923429 35.550801 35.222003 34.933143 34.680106 34.458615 34.264270 34.092573 33.938931 33.798626 33.666772 33.538232 33.407507 33.268584 33.114748 32.938320 32.730344 32.480163 32.174884 31.798667 31.331797 30.749447 30.020051 29.103170 27.946796 26.484160 24.630539 22.281567 19.316678 15.615203 11.097644 5.804646 0.000000 
50.000000 48.672200 47.354025 46.054892 44.783802 43.549161 42.358604 41.218862 40.135649 39.113588 38.156165 37.265723 36.443484 35.689600 35.003226 34.382615 33.825227 33.327839 32.886665 32.497466 32.155653 31.856382 31.594621 31.365208 31.162880 30.982280 30.817932 30.664196 30.515182 30.364639 30.205799 30.031176 29.832324 29.599513 29.321346 28.984260 28.571915 28.064421 27.437394 26.660802 25.697638 24.502529 23.020592 21.187277 18.930634 16.178576 12.874989 9.008472 4.652554 0.000000 
50.000000 48.474383 46.959826 45.467147 44.006691 42.588114 41.220190 39.910654 38.666072 37.491755 36.391711 35.368635 34.423932 33.557780 32.769214 32.056234 31.415928 30.844607 30.337934 29.891059 29.498738 29.155439 28.855428 28.592836 28.361696 28.155958 27.969473 27.795941 27.628841 27.461311 27.285999 27.094879 26.879009 26.628247 26.330906 25.973333 25.539420 25.010031 24.362346 23.569184 22.598357 21.412267 19.968094 18.219215 16.118851 13.627339 10.724412 7.426606 3.806081 0.000000 
50.000000 48.286524 46.585470 44.908989 43.268699 41.675446 40.139086 38.668305 37.270480 35.951576 34.716098 33.567074 32.506085 31.533337 30.647750 29.847087 29.128087 28.486621 27.917838 27.416315 26.976195 26.591307 26.255269 25.961561 25.703581 25.474659 25.268053 25.076907 24.894179 24.712534 24.524206 24.320826 24.093207 23.831101 23.522900 23.155316 22.713011 22.178211 21.530330 20.745658 19.797223 18.655016 17.286879 15.660486 13.746991 11.526923 8.998496 6.187426 3.155179 0.000000 
50.000000 48.109469 46.232643 44.382929 42.573148 40.815266 39.120157 37.497406 35.955154 34.499984 33.136868 31.869148 30.698576 29.625381 28.648381 27.765114 26.971999 26.264492 25.637266 25.084365 24.599366 24.175509 23.805818 23.483186 23.200437 22.950358 22.725698 22.519134 22.323212 22.130252 21.932220 21.720580 21.486108 21.218687 20.907076 20.538666 20.099232 19.572711 18.941030 18.184066 17.279832 16.205026 14.936180 13.451638 11.734640 9.777629 7.587540 5.191089 2.638079 0.000000 
50.000000 47.943876 45.902658 43.890929 41.922630 40.010777 38.167199 36.402320 34.724995 33.142386 31.659902 30.281183 29.008136 27.841018 26.778550 25.818067 24.955686 24.186486 23.504695 22.903871 22.377069 21.916993 21.516130 21.166842 20.861449 20.592263 20.351601 20.131762 19.924979 19.723334 19.518651 19.302370 19.065388 18.797902 18.489228 18.127633 17.700188 17.192663 16.589511 15.873995 15.028542 14.035421 12.877884 11.541890 10.018489 8.306801 6.417250 4.374307 2.217584 0.000000 
50.000000 47.790221 45.596464 43.434398 41.319010 39.264288 37.282946 35.386188 33.583531 31.882676 30.289437 28.807731 27.439612 26.185363 25.043616 24.011521 23.084919 22.258542 21.526214 20.881046 20.315620 19.822158 19.392659 19.019020 18.693113 18.406845 18.152172 17.921095 17.705615 17.497670 17.289044 17.071260 16.835456 16.572258 16.271655 15.922886 15.514369 15.033683 14.467645 13.802531 13.024488 12.120215 11.077976 9.888987 8.549166 7.061124 5.436087 3.695261 1.869968 0.000000 
50.000000 47.648803 45.314652 43.014222 40.763459 38.577246 36.469110 34.450977 32.532973 30.723292 29.028126 27.451644 25.996038 24.661614 23.446929 22.348960 21.363300 20.484365 19.705613 19.019751 18.418936 17.894953 17.439374 17.043679 16.699357 16.397969 16.131176 15.890746 15.668520 15.456367 15.246108 15.029426 14.797777 14.542284 14.253658 13.922130 13.537429 13.088817 12.565224 11.955494 11.248805 10.435273 9.506797 8.458125 7.288093 6.000927 4.607357 3.125244 1.579350 0.000000 
50.000000 47.519752 45.057487 42.630795 40.256497 37.950294 35.726457 33.597567 31.574306 29.665323 27.877151 26.214192 24.678763 23.271195 21.989976 20.831929 19.792422 18.865588 18.044555 17.321668 16.688704 16.137062 15.657934 15.242440 14.881738 14.567098 14.289944 14.041864 13.814603 13.600014 13.390009 13.176486 12.951255 12.705968 12.432058 12.120712 11.762873 11.349315 10.870786 10.318262 9.683318 8.958652 8.138744 7.220651 6.204871 5.096172 3.904226 2.643847 1.334647 0.000000 
50.000000 47.403056 44.824942 42.284075 39.798068 37.383363 35.054902 32.825859 30.707422 28.708647 26.836378 25.095229 23.487631 22.013938 20.672577 19.460234 18.372077 17.401985 16.542794 15.786526 15.124623 14.548143 14.047946 13.614842 13.239705 12.913565 12.627654 12.373435 12.142593 11.927011 11.718727 11.509881 11.292653 11.059218 10.801701 10.512171 10.182662 9.805261 9.372243 8.876310 8.310905 7.670633 6.951774 6.152856 5.275247 4.323672 3.306560 2.236091 1.127844 0.000000 
50.000000 47.298574 44.616734 41.973641 39.387618 36.875767 34.453633 32.134921 29.931271 27.852106 25.904548 24.093399 22.421197 20.888314 19.493125 18.232197 17.100518 16.091747 15.198457 14.412391 13.724692 13.126126 12.607263 12.158646 11.770912 11.434893 11.141671 10.882617 10.649394 10.433941 10.228445 10.025292 9.817031 9.596329 9.355952 9.088758 8.787737 8.446085 8.057340 7.615573 7.115657 6.553593 5.926891 5.234983 4.479619 3.665185 2.798879 1.890664 0.952954 0.000000 
50.000000 47.206061 44.432380 41.698773 39.024192 36.426325 33.921251 31.523144 29.244046 27.093704 25.079487 23.206366 21.476969 19.891691 18.448859 17.144935 15.974754 14.931777 14.008352 13.195977 12.485539 11.867545 11.332323 10.870187 10.471577 10.127161 9.827907 9.565124 9.330476 9.115975 8.913961 8.717066 8.518183 8.310435 8.087157 7.841902 7.568471 7.260988 6.914008 6.522682 6.082960 5.591849 5.047688 4.450437 3.801940 3.106114 2.369027 1.598809 0.805384 0.000000 
50.000000 47.125198 44.271242 41.458520 38.706534 36.033484 33.455916 30.988415 28.643372 26.430820 24.358342 22.431059 20.651678 19.020614 17.536154 16.194669 14.990861 13.918022 12.968307 12.132998 11.402767 10.767901 10.218519 9.744745 9.336855 8.985387 8.681220 8.415624 8.180279 7.967278 7.769112 7.578644 7.389081 7.193951 6.987087 6.762634 6.515075 6.239292 5.930654 5.585143 5.199520 4.771506 4.299986 3.785206 3.228943 2.634614 2.007291 1.353609 0.681532 0.000000 
50.000000 47.055618 44.132585 41.251786 38.433194 35.695451 33.055503 30.528290 28.126504 25.860423 23.737817 21.763932 19.941548 18.271095 16.750826 15.377037 14.144315 13.045810 12.073510 11.218519 10.471322 9.822024 9.260568 8.776922 8.361227 8.003917 7.695805 7.428137 7.192620 6.981427 6.787191 6.602983 6.422288 6.238986 6.047334 5.841974 5.617949 5.370750 5.096387 4.791481 4.453389 4.080335 3.671557 3.227434 2.749598 2.240982 1.705816 1.149523 0.578532 0.000000 
50.000000 46.996926 44.015627 41.077405 38.202631 35.410318 32.717753 30.140174 27.690527 25.379296 23.214408 21.201218 19.342566 17.638895 16.088431 14.687406 13.430312 12.310180 11.318859 10.447305 9.685849 9.024443 8.452888 7.961023 7.538880 7.176815 6.865588 6.596435 6.361091 6.151806 5.961342 5.782949 5.610353 5.437728 5.259687 5.071277 4.867993 4.645808 4.401227 4.131355 3.833984 3.507690 3.151929 2.767125 2.354730 1.917250 1.458213 0.982078 0.494078 0.000000 
50.000000 46.948733 43.919591 40.934218 38.013311 35.176192 32.440423 29.821487 27.332541 24.984238 22.784634 20.739174 18.850744 17.119802 15.544551 14.121171 12.844078 11.706204 10.699286 9.814161 9.041033 8.369734 7.789948 7.291411 6.864073 6.498225 6.184593 5.914406 5.679430 5.471984 5.284936 5.111691 4.946173 4.782798 4.616464 4.442543 4.256884 4.055834 3.836276 3.595671 3.332128 3.044459 2.732255 2.395933 2.036769 1.656904 1.259303 0.847671 0.426321 0.000000 
50.000000 46.910675 43.843751 40.821142 37.863805 34.991301 32.221413 29.569819 27.049839 24.672261 22.445243 20.374299 18.462357 16.709882 15.115062 13.674035 12.381156 11.229282 10.210063 9.314239 8.531919 7.852838 7.266592 6.762840 6.331464 5.962710 5.647279 5.376399 5.141862 4.936043 4.751902 4.582964 4.423311 4.267549 4.110798 3.948680 3.777312 3.593323 3.393873 3.176682 2.940079 2.683039 2.405228 2.107032 1.789575 1.454702 1.104943 0.743432 0.373793 0.000000 
50.000000 46.882433 43.787472 40.737233 37.752862 34.854101 32.058895 29.383066 26.840057 24.440756 22.193395 20.103543 18.174155 16.405703 14.796363 13.342245 12.037658 10.875401 9.847062 8.943311 8.154184 7.469348 6.878333 6.370741 5.936408 5.565545 5.248838 4.977515 4.743390 4.538883 4.357019 4.191418 4.036275 3.886339 3.736893 3.583737 3.423184 3.252062 3.067724 2.868072 2.651582 2.417333 2.165031 1.895030 1.608329 1.306554 0.991917 0.667140 0.335358 0.000000 
50.000000 46.863754 43.750249 40.681734 37.679483 34.763355 31.951404 29.259546 26.701306 24.287636 22.026822 19.924464 17.983537 16.204519 14.585578 13.122802 11.810473 10.641353 9.606986 8.697997 7.904375 7.215742 6.621585 6.111467 5.675196 5.302962 4.985440 4.713858 4.480048 4.276457 4.096156 3.932828 3.780743 3.634744 3.490219 3.343087 3.189784 3.027267 2.853012 2.665034 2.461901 2.242751 2.007314 1.755914 1.489464 1.209445 0.917860 0.617168 0.310188 0.000000 
50.000000 46.854459 43.731728 40.654120 37.642972 34.718203 31.897920 29.198087 26.632268 24.211450 21.943941 19.835360 17.888693 16.104418 14.480700 13.013617 11.697436 10.524902 9.487537 8.575943 7.780087 7.089567 6.493850 5.982481 5.545252 5.172342 4.854422 4.582723 4.349081 4.145960 3.966455 3.804277 3.653737 3.509722 3.367672 3.223564 3.073898 2.915690 2.746478 2.564331 2.367858 2.156229 1.929180 1.687019 1.430618 1.161384 0.881218 0.592446 0.297738 0.000000 
50.000000 46.854459 43.731728 40.654120 37.642972 34.718203 31.897920 29.198087 26.632268 24.211450 21.943941 19.835360 17.888693 16.104418 14.480700 13.013617 11.697436 10.524902 9.487537 8.575943 7.780087 7.089567 6.493850 5.982481 5.545252 5.172342 4.854422 4.582723 4.349081 4.145960 3.966455 3.804277 3.653737 3.509722 3.367672 3.223564 3.073898 2.915690 2.746478 2.564331 2.367858 2.156229 1.929180 1.687019 1.430618 1.161384 0.881218 0.592446 0.297738 0.000000 
50.000000 46.863754 43.750249 40.681734 37.679483 34.763355 31.951404 29.259546 26.701306 24.287636 22.026822 19.924464 17.983537 16.204519 14.585578 13.122802 11.810473 10.641353 9.606986 8.697997 7.904375 7.215742 6.621585 6.111467 5.675196 5.302962 4.985440 4.713858 4.480048 4.276457 4.096156 3.932828 3.780743 3.634744 3.490219 3.343087 3.189784 3.027267 2.853012 2.665034 2.461901 2.242751 2.007314 1.755914 1.489464 1.209445 0.917860 0.617168 0.310188 0.000000 
50.000000 46.882433 43.787472 40.737233 37.752862 34.854101 32.058895 29.383066 26.840057 24.440756 22.193395 20.103543 18.174155 16.405703 14.796363 13.342245 12.037658 10.875401 9.847062 8.943311 8.154184 7.469348 6.878333 6.370741 5.936408 5.565545 5.248838 4.977515 4.743390 4.538883 4.357019 4.191418 4.036275 3.886339 3.736893 3.583737 3.423184 3.252062 3.067724 2.868072 2.651582 2.417333 2.165031 1.895030 1.608329 1.306554 0.991917 0.667140 0.335358 0.000000 
50.000000 46.910675 43.843751 40.821142 37.863805 34.991301 32.221413 29.569819 27.049839 24.672261 22.445243 20.374299 18.462357 16.709882 15.115062 13.674035 12.381156 11.229282 10.210063 9.314239 8.531919 7.852838 7.266592 6.762840 6.331464 5.962710 5.647279 5.376399 5.141862 4.936043 4.751902 4.582964 4.423311 4.267549 4.110798 3.948680 3.777312 3.593323 3.393873 3.176682 2.940079 2.683039 2.405228 2.107032 1.789575 1.454702 1.104943 0.743432 0.373793 0.000000 
50.000000 46.948733 43.919591 40.934218 38.013311 35.176192 32.440423 29.821487 27.332541 24.984238 22.784634 20.739174 18.850744 17.119802 15.544551 14.121171 12.844078 11.706204 10.699286 9.814161 9.041033 8.369734 7.789948 7.291411 6.864073 6.498225 6.184593 5.914406 5.679430 5.471984 5.284936 5.111691 4.946173 4.782798 4.616464 4.442543 4.256884 4.055834 3.836276 3.595671 3.332128 3.044459 2.732255 2.395933 2.036769 1.656904 1.259303 0.847671 0.426321 0.000000 
50.000000 46.996926 44.015627 41.077405 38.202631 35.410318 32.717753 30.140174 27.690527 25.379296 23.214408 21.201218 19.342566 17.638895 16.088431 14.687406 13.430312 12.310180 11.318859 10.447305 9.685849 9.024443 8.452888 7.961023 7.538880 7.176815 6.865588 6.596435 6.361091 6.151806 5.961342 5.782949 5.610353 5.437728 5.259687 5.071277 4.867993 4.645808 4.401227 4.131355 3.833984 3.507690 3.151929 2.767125 2.354730 1.917250 1.458213 0.982078 0.494078 0.000000 
50.000000 47.055618 44.132585 41.251786 38.433194 35.695451 33.055503 30.528290 28.126504 25.860423 23.737817 21.763932 19.941548 18.271095 16.750826 15.377037 14.144315 13.045810 12.073510 11.218519 10.471322 9.822024 9.260568 8.776922 8.361227 8.003917 7.695805 7.428137 7.192620 6.981427 6.787191 6.602983 6.422288 6.238986 6.047334 5.841974 5.617949 5.370750 5.096387 4.791481 4.453389 4.080335 3.671557 3.227434 2.749598 2.240982 1.705816 1.149523 0.578532 0.000000 
50.000000 47.125198 44.271242 41.458520 38.706534 36.033484 33.455916 30.988415 28.643372 26.430820 24.358342 22.431059 20.651678 19.020614 17.536154 16.194669 14.990861 13.918022 12.968307 12.132998 11.402767 10.767901 10.218519 9.744745 9.336855 8.985387 8.681220 8.415624 8.180279 7.967278 7.769112 7.578644 7.389081 7.193951 6.987087 6.762634 6.515075 6.239292 5.930654 5.585143 5.199520 4.771506 4.299986 3.785206 3.228943 2.634614 2.007291 1.353609 0.681532 0.000000 
50.000000 47.206061 44.432380 41.698773 39.024192 36.426325 33.921251 31.523144 29.244046 27.093704 25.079487 23.206366 21.476969 19.891691 18.448859 17.144935 15.974754 14.931777 14.008352 13.195977 12.485539 11.867545 11.332323 10.870187 10.471577 10.127161 9.827907 9.565124 9.330476 9.115975 8.913961 8.717066 8.518183 8.310435 8.087157 7.841902 7.568471 7.260988 6.914008 6.522682 6.082960 5.591849 5.047688 4.450437 3.801940 3.106114 2.369027 1.598809 0.805384 0.000000 
50.000000 47.298574 44.616734 41.973641 39.387618 36.875767 34.453633 32.134921 29.931271 27.852106 25.904548 24.093399 22.421197 20.888314 19.493125 18.232197 17.100518 16.091747 15.198457 14.412391 13.724692 13.126126 12.607263 12.158646 11.770912 11.434893 11.141671 10.882617 10.649394 10.433941 10.228445 10.025292 9.817031 9.596329 9.355952 9.088758 8.787737 8.446085 8.057340 7.615573 7.115657 6.553593 5.926891 5.234983 4.479619 3.665185 2.798879 1.890664 0.952954 0.000000 
50.000000 47.403056 44.824942 42.284075 39.798068 37.383363 35.054902 32.825859 30.707422 28.708647 26.836378 25.095229 23.487631 22.013938 20.672577 19.460234 18.372077 17.401985 16.542794 15.786526 15.124623 14.548143 14.047946 13.614842 13.239705 12.913565 12.627654 12.373435 12.142593 11.927011 11.718727 11.509881 11.292653 11.059218 10.801701 10.512171 10.182662 9.805261 9.372243 8.876310 8.310905 7.670633 6.951774 6.152856 5.275247 4.323672 3.306560 2.236091 1.127844 0.000000 
50.000000 47.519752 45.057487 42.630795 40.256497 37.950294 35.726457 33.597567 31.574306 29.665323 27.877151 26.214192 24.678763 23.271195 21.989976 20.831929 19.792422 18.865588 18.044555 17.321668 16.688704 16.137062 15.657934 15.242440 14.881738 14.567098 14.289944 14.041864 13.814603 13.600014 13.390009 13.176486 12.951255 12.705968 12.432058 12.120712 11.762873 11.349315 10.870786 10.318262 9.683318 8.958652 8.138744 7.220651 6.204871 5.096172 3.904226 2.643847 1.334647 0.000000 
50.000000 47.648803 45.314652 43.014222 40.763459 38.577246 36.469110 34.450977 32.532973 30.723292 29.028126 27.451644 25.996038 24.661614 23.446929 22.348960 21.363300 20.484365 19.705613 19.019751 18.418936 17.894953 17.439374 17.043679 16.699357 16.397969 16.131176 15.890746 15.668520 15.456367 15.246108 15.029426 14.797777 14.542284 14.253658 13.922130 13.537429 13.088817 12.565224 11.955494 11.248805 10.435273 9.506797 8.458125 7.288093 6.000927 4.607357 3.125244 1.579350 0.000000 
50.000000 47.790221 45.596464 43.434398 41.319010 39.264288 37.282946 35.386188 33.583531 31.882676 30.289437 28.807731 27.439612 26.185363 25.043616 24.011521 23.084919 22.258542 21.526214 20.881046 20.315620 19.822158 19.392659 19.019020 18.693113 18.406845 18.152172 17.921095 17.705615 17.497670 17.289044 17.071260 16.835456 16.572258 16.271655 15.922886 15.514369 15.033683 14.467645 13.802531 13.024488 12.120215 11.077976 9.888987 8.549166 7.061124 5.436087 3.695261 1.869968 0.000000 
50.000000 47.943876 45.902658 43.890929 41.922630 40.010777 38.167199 36.402320 34.724995 33.142386 31.659902 30.281183 29.008136 27.841018 26.778550 25.818067 24.955686 24.186486 23.504695 22.903871 22.377069 21.916993 21.516130 21.166842 20.861449 20.592263 20.351601 20.131762 19.924979 19.723334 19.518651 19.302370 19.065388 18.797902 18.489228 18.127633 17.700188 17.192663 16.589511 15.873995 15.028542 14.035421 12.877884 11.541890 10.018489 8.306801 6.417250 4.374307 2.217584 0.000000 
50.000000 48.109469 46.232643 44.382929 42.573148 40.815266 39.120157 37.497406 35.955154 34.499984 33.136868 31.869148 30.698576 29.625381 28.648381 27.765114 26.971999 26.264492 25.637266 25.084365 24.599366 24.175509 23.805818 23.483186 23.200437 22.950358 22.725698 22.519134 22.323212 22.130252 21.932220 21.720580 21.486108 21.218687 20.907076 20.538666 20.099232 19.572711 18.941030 18.184066 17.279832 16.205026 14.936180 13.451638 11.734640 9.777629 7.587540 5.191089 2.638079 0.000000 
50.000000 48.286524 46.585470 44.908989 43.268699 41.675446 40.139086 38.668305 37.270480 35.951576 34.716098 33.567074 32.506085 31.533337 30.647750 29.847087 29.128087 28.486621 27.917838 27.416315 26.976195 26.591307 26.255269 25.961561 25.703581 25.474659 25.268053 25.076907 24.894179 24.712534 24.524206 24.320826 24.093207 23.831101 23.522900 23.155316 22.713011 22.178211 21.530330 20.745658 19.797223 18.655016 17.286879 15.660486 13.746991 11.526923 8.998496 6.187426 3.155179 0.000000 
50.000000 48.474383 46.959826 45.467147 44.006691 42.588114 41.220190 39.910654 38.666072 37.491755 36.391711 35.368635 34.423932 33.557780 32.769214 32.056234 31.415928 30.844607 30.337934 29.891059 29.498738 29.155439 28.855428 28.592836 28.361696 28.155958 27.969473 27.795941 27.628841 27.461311 27.285999 27.094879 26.879009 26.628247 26.330906 25.973333 25.539420 25.010031 24.362346 23.569184 22.598357 21.412267 19.968094 18.219215 16.118851 13.627339 10.724412 7.426606 3.806081 0.000000 
50.000000 48.672200 47.354025 46.054892 44.783802 43.549161 42.358604 41.218862 40.135649 39.113588 38.156165 37.265723 36.443484 35.689600 35.003226 34.382615 33.825227 33.327839 32.886665 32.497466 32.155653 31.856382 31.594621 31.365208 31.162880 30.982280 30.817932 30.664196 30.515182 30.364639 30.205799 30.031176 29.832324 29.599513 29.321346 28.984260 28.571915 28.064421 27.437394 26.660802 25.697638 24.502529 23.020592 21.187277 18.930634 16.178576 12.874989 9.008472 4.652554 0.000000 
50.000000 48.878948 47.766023 46.669173 45.596001 44.553601 43.548420 42.586141 41.671587 40.808661 40.000305 39.248496 38.554264 37.917734 37.338191 36.814156 36.343478 35.923429 35.550801 35.222003 34.933143 34.680106 34.458615 34.264270 34.092573 33.938931 33.798626 33.666772 33.538232 33.407507 33.268584 33.114748 32.938320 32.730344 32.480163 32.174884 31.798667 31.331797 30.749447 30.020051 29.103170 27.946796 26.484160 24.630539 22.281567 19.316678 15.615203 11.097644 5.804646 0.000000 
50.000000 49.093432 48.193436 47.306440 46.438590 45.595625 44.782758 44.004583 43.265002 42.567168 41.913463 41.305482 40.744058 40.229291 39.760600 39.336786 38.956105 38.616347 38.314911 38.048882 37.815102 37.610226 37.430775 37.273161 37.133711 37.008657 36.894121 36.786062 36.680208 36.571952 36.456218 36.327281 36.178531 36.002163 35.788773 35.526811 35.201844 34.795538 34.284237 33.636958 32.812526 31.755491 30.390398 28.614066 26.286292 23.221965 19.194629 13.977758 7.476165 0.000000 
50.000000 49.314304 48.633578 47.962685 47.306274 46.668684 46.053859 45.465274 44.905878 44.378058 43.883614 43.423752 42.999102 42.609738 42.255219 41.934637 41.646670 41.389644 41.161587 40.960289 40.783353 40.628240 40.492305 40.372816 40.266973 40.171894 40.084606 40.001995 39.920758 39.837309 39.747673 39.647333 39.531027 39.392487 39.224078 39.016308 38.757142 38.431029 38.017479 37.488944 36.807588 35.920261 34.750548 33.186114 31.058839 28.115523 23.982686 18.155396 10.128679 0.000000 
50.000000 49.540086 49.083507 48.633522 48.193250 47.765603 47.353223 46.958444 46.583242 46.229219 45.897580 45.589136 45.304308 45.043146 44.805353 44.590318 44.397156 44.224740 44.071746 43.936690 43.817959 43.713847 43.622571 43.542292 43.471118 43.407104 43.348233 43.292390 43.237321 43.180571 43.119405 43.050696 42.970783 42.875270 42.758762 42.614488 42.433774 42.205255 41.913716 41.538267 41.049436 40.404322 39.538216 38.349506 36.671464 34.218021 30.479873 24.542302 14.888090 0.000000 
50.000000 49.769201 49.540075 49.314259 49.093317 48.878711 48.671766 48.473653 48.285365 48.107705 47.941278 47.786490 47.643553 47.512492 47.393158 47.285243 47.188304 47.101773 47.024987 46.957199 46.897599 46.845330 46.799494 46.759166 46.723394 46.691195 46.661552 46.633394 46.605580 46.576861 46.545843 46.510927 46.470233 46.421494 46.361915 46.287968 46.195101 46.077302 45.926434 45.731175 45.475259 45.134417 44.670739 44.021568 43.075798 41.618401 39.186441 34.652525 24.884731 0.000000 
50.000000 50.000000 50.000000 50.000000 50.000000 50.000000 50.000000 50.000000 50.000000 50.000000 50.000000 50.000000 50.000000 50.000000 50.000000 50.000000 50.000000 50.000000 50.000000 50.000000 50.000000 50.000000 50.000000 50.000000 50.000000 50.000000 50.000000 50.000000 50.000000 50.000000 50.000000 50.000000 50.000000 50.000000 50.000000 50.000000 50.000000 50.000000 50.000000 50.000000 50.000000 50.000000 50.000000 50.000000 50.000000 50.000000 50.000000 50.000000 50.000000 50.000000 
