50.000000 50.000000 50.000000 50.000000 50.000000 50.000000 50.000000 50.000000 50.000000 50.000000 50.000000 50.000000 50.000000 50.000000 50.000000 50.000000 50.000000 50.000000 50.000000 50.000000 50.000000 50.000000 50.000000 50.000000 50.000000 50.000000 50.000000 50.000000 50.000000 50.000000 50.000000 50.000000 50.000000 50.000000 50.000000 50.000000 50.000000 50.000000 50.000000 50.000000 50.000000 50.000000 50.000000 50.000000 50.000000 50.000000 50.000000 50.000000 50.000000 50.000000 
50.000000 49.696192 49.395283 49.100089 48.813264 48.537229 48.274111 48.025694 47.793391 47.578222 47.380818 47.201431 47.039959 46.895986 46.768821 46.657550 46.561083 46.478207 46.407630 46.348023 46.298053 46.256414 46.221844 46.193134 46.169134 46.148744 46.130901 46.114558 46.098646 46.082039 46.063500 46.041610 46.014684 45.980657 45.936928 45.880154 45.805948 45.708436 45.579590 45.408156 45.177898 44.864536 44.430101 43.811835 42.898488 41.474848 39.077760 34.579578 24.848108 0.000000 
50.000000 49.395285 48.796340 48.208770 47.637860 47.088425 46.564701 46.070239 45.607850 45.179568 44.786646 44.429585 44.108184 43.821614 43.568499 43.347021 43.155012 42.990057 42.849585 42.730950 42.631503 42.548646 42.479867 42.422766 42.375059 42.334564 42.299176 42.266821 42.235397 42.202689 42.166271 42.123377 42.070730 42.004333 41.919179 41.808865 41.665040 41.476619 41.228595 40.900219 40.462080 39.871251 39.062910 37.935247 36.321249 33.934483 30.265211 24.398222 14.815755 0.000000 
50.000000 49.100096 48.208779 47.334391 46.484794 45.667156 44.887779 44.151948 43.463848 42.826503 42.241779 41.710422 41.232133 40.805678 40.429011 40.099426 39.813698 39.568234 39.359209 39.182690 39.034737 38.911487 38.809211 38.724347 38.653507 38.593463 38.541108 38.493389 38.447225 38.399387 38.346359 38.284152 38.208081 38.112462 37.990237 37.832454 37.627562 37.360417 37.010844 36.551502 35.944647 35.137091 34.052257 32.577518 30.544337 27.698980 23.667330 17.943731 10.022413 0.000000 
50.000000 48.813283 47.637890 46.484821 45.364443 44.286213 43.258436 42.288086 41.380678 40.540203 39.769120 39.068414 38.437692 37.875324 37.378616 36.943998 36.567220 36.243545 35.967934 35.735203 35.540164 35.377730 35.242997 35.131283 35.038143 34.959354 34.890860 34.828698 34.768887 34.707288 34.639425 34.560265 34.463948 34.343438 34.190082 33.993039 33.738506 33.408685 32.980330 32.422733 31.694838 30.741154 29.486016 27.825866 25.619964 22.682509 18.786222 13.703639 7.338545 0.000000 
50.000000 48.537269 47.088495 45.667239 44.286278 42.957266 41.690443 40.494405 39.375948 38.339991 37.389569 36.525893 35.748479 35.055320 34.443097 33.907410 33.443023 33.044102 32.704439 32.417651 32.177353 31.977289 31.811431 31.674034 31.559655 31.463135 31.379542 31.304081 31.231972 31.158282 31.077733 30.984455 30.871683 30.731398 30.553861 30.327041 30.035870 29.661284 29.178960 28.557667 27.757118 26.725259 25.395072 23.681385 21.479187 18.667085 15.123420 10.767566 5.638933 0.000000 
50.000000 48.274185 46.564839 44.887959 43.258622 41.690578 40.195908 38.784755 37.465137 36.242859 35.121500 34.102491 33.185262 32.367445 31.645125 31.013115 30.465239 29.994618 29.593934 29.255666 28.972294 28.736453 28.541057 28.379361 28.244992 28.131926 28.034434 27.946981 27.864091 27.780175 27.689318 27.585021 27.459902 27.305323 27.110957 26.864243 26.549741 26.148322 25.636189 24.983707 24.154048 23.101794 21.771786 20.098961 18.010634 15.433774 12.311135 8.630025 4.462559 0.000000 
50.000000 48.025825 46.070488 44.152290 42.288476 40.494777 38.785012 37.170783 35.661263 34.263092 32.980365 31.814719 30.765502 29.830009 29.003763 28.280831 27.654154 27.115870 26.657614 26.270797 25.946830 25.677314 25.454173 25.269735 25.116769 24.988467 24.878385 24.780343 24.688283 24.596088 24.497372 24.385219 24.251888 24.088467 23.884473 23.627386 23.302111 22.890367 22.370004 21.714289 20.891247 19.863238 18.587145 17.015783 15.101569 12.803800 10.100960 7.008163 3.596007 0.000000 
50.000000 47.793608 45.608271 43.464441 41.381393 39.376708 37.465830 35.661726 33.974649 32.412020 30.978416 29.675668 28.503048 27.457534 26.534125 25.726194 25.025857 24.424333 23.912285 23.480125 23.118276 22.817378 22.568441 22.362945 22.192877 22.050726 21.929419 21.822227 21.722615 21.624070 21.519885 21.402913 21.265289 21.098113 20.891104 20.632215 20.307222 19.899296 19.388587 18.751886 17.962461 16.990276 15.802858 14.367291 12.653870 10.642013 8.328597 5.737815 2.929460 0.000000 
50.000000 47.578570 45.180248 42.827478 40.541415 38.341352 36.244240 34.264308 32.412812 30.697893 29.124576 27.694872 26.407983 25.260593 24.247218 23.360589 22.592059 21.932000 21.370175 20.896081 20.499227 20.169373 19.896697 19.671907 19.486289 19.331707 19.200548 19.085620 18.980018 18.876943 18.769505 18.650484 18.512079 18.345628 18.141316 17.887873 17.572275 17.179475 16.692200 16.090874 15.353780 14.457601 13.378555 12.094378 10.587414 8.848948 6.884523 4.719259 2.401207 0.000000 
50.000000 47.381361 44.787711 42.243324 39.771077 37.391835 35.123929 32.982748 30.980464 29.125883 27.424439 25.878307 24.486627 23.245815 22.149942 21.191152 20.360101 19.646385 19.038948 18.526446 18.097563 17.741257 17.446955 17.204670 17.005069 16.839469 16.699794 16.578478 16.468331 16.362373 16.253638 16.134963 15.998755 15.836750 15.639775 15.397517 15.098318 14.729030 14.274957 13.719950 13.046738 12.237592 11.275456 10.145677 8.838396 7.351551 5.694139 3.889000 1.973949 0.000000 
50.000000 47.202257 44.431213 41.712801 39.071464 36.529494 34.106476 31.818852 29.679625 27.698206 25.880401 24.228534 22.741688 21.416037 20.245248 19.220935 18.333121 17.570699 16.921872 16.374540 15.916638 15.536408 15.222602 14.964620 14.752580 14.577331 14.430408 14.303944 14.190544 14.083126 13.974741 13.858374 13.726739 13.572075 13.385947 13.159080 12.881220 12.541081 12.126374 11.624001 11.020440 10.302414 9.457895 8.477495 7.356226 6.095517 4.705160 3.204719 1.623708 0.000000 
50.000000 47.041195 44.110625 41.235719 38.442325 35.754018 33.191513 30.772197 28.509824 26.414345 24.491901 22.744954 21.172533 19.770594 18.532445 17.449221 16.510377 15.704179 15.018165 14.439558 13.955626 13.553973 13.222755 12.950832 12.727848 12.544249 12.391248 12.260745 12.145203 12.037505 11.930781 11.818228 11.692930 11.547678 11.374814 11.166099 10.912639 10.604871 10.232657 9.785498 9.252932 8.625125 7.893707 7.052841 6.100479 5.039679 3.879756 2.636946 1.334220 0.000000 
50.000000 46.897806 43.825215 40.810986 37.882219 35.063635 32.376948 29.840392 27.468386 25.271364 23.255767 21.424174 19.775571 18.305721 17.007611 15.871951 14.887692 14.042544 13.323453 12.717045 12.209999 11.789357 11.442753 11.158578 10.926065 10.735324 10.577304 10.443725 10.326963 10.219911 10.115824 10.008148 9.890365 9.755831 9.597650 9.408573 9.180957 8.906780 8.577751 8.185532 7.722088 7.180191 6.554082 5.840264 5.038384 4.152079 3.189641 2.164298 1.093914 0.000000 
50.000000 46.771465 43.573741 40.436754 37.388712 34.455339 31.659237 29.019381 26.550779 24.264289 22.166615 20.260444 18.544722 17.015041 15.664106 14.482254 13.457994 12.578546 11.830338 11.199473 10.672116 10.234817 9.874758 9.579925 9.339207 9.142427 8.980323 8.844483 8.727232 8.621509 8.520719 8.418575 8.308956 8.185768 8.042831 7.873805 7.672161 7.431209 7.144213 6.804581 6.406173 5.943700 5.413236 4.812794 4.142933 3.407295 2.612986 1.770658 0.894201 0.000000 
50.000000 46.661348 43.354557 40.110576 36.958573 33.925152 31.033685 28.303794 25.751000 23.386531 21.217323 19.246152 17.471932 15.890107 14.493136 13.271032 12.211920 11.302592 10.529031 9.876883 9.331868 8.880114 8.508416 8.204415 7.956706 7.754878 7.589503 7.452067 7.334880 7.230947 7.133831 7.037513 6.936254 6.824470 6.696635 6.547216 6.370648 6.161371 5.913923 5.623108 5.284237 4.893448 4.448082 3.947103 3.391501 2.784640 2.132461 1.443471 0.728472 0.000000 
50.000000 46.566481 43.165728 39.829570 36.588005 33.468392 30.494767 27.687312 25.061985 22.630339 20.399504 18.372338 16.547724 14.920980 13.484354 12.227580 11.138453 10.203399 9.408016 8.737561 8.177373 7.713221 7.331569 7.019769 6.766172 6.560175 6.392217 6.253718 6.136985 6.035103 5.941796 5.851297 5.758221 5.657444 5.544018 5.413107 5.259969 5.079977 4.868701 4.622039 4.336404 4.008971 3.637948 3.222875 2.764894 2.266968 1.733978 1.172683 0.591482 0.000000 
50.000000 46.485802 43.005141 39.590593 36.272861 33.079947 30.036453 27.163034 24.476025 21.987249 19.704005 17.629220 15.761753 14.096811 12.626466 11.340214 10.225570 9.268649 8.454725 7.768723 7.195664 6.721012 6.330956 6.012606 5.754110 5.544713 5.374750 5.235591 5.119563 5.019827 4.930262 4.845334 4.759971 4.669455 4.569336 4.455370 4.323496 4.169852 3.990826 3.783165 3.544112 3.271586 2.964381 2.622371 2.246694 1.839878 1.405891 0.950080 0.478979 0.000000 
50.000000 46.418217 42.870615 39.390399 36.008861 32.754542 29.652518 26.723840 23.985160 21.448527 19.121381 17.006707 15.103341 13.406404 11.907816 10.596874 9.460861 8.485632 7.656189 6.957184 6.373368 5.889955 5.492906 5.169132 4.906619 4.694487 4.522991 4.383473 4.268277 4.170647 4.084600 4.004807 3.926469 3.845216 3.757017 3.658119 3.545019 3.414463 3.263487 3.089485 2.890318 2.664435 2.411022 2.130134 1.822821 1.491200 1.138474 0.768864 0.387464 0.000000 
50.000000 46.362647 42.760005 39.225795 35.791795 32.486988 29.336839 26.362727 23.581562 21.005580 18.642338 16.494867 14.561987 12.838745 11.316936 9.985699 8.832121 7.841847 6.999653 6.289970 5.697329 5.206740 4.803978 4.475794 4.210042 3.995746 3.823101 3.683428 3.569099 3.473427 3.390552 3.315321 3.243167 3.170008 3.092157 3.006262 2.909263 2.798389 2.671172 2.525500 2.359685 2.172553 1.963544 1.732803 1.481258 1.210662 0.923594 0.623393 0.314045 0.000000 
50.000000 46.318078 42.671294 39.093780 35.617704 32.272405 29.083659 26.073109 23.257870 20.650331 18.258139 16.084365 14.127816 12.383478 10.843049 9.495537 8.327875 7.325539 6.473128 5.754891 5.155187 4.658862 4.251544 3.919857 3.651553 3.435582 3.262094 3.122398 3.008890 2.914947 2.834811 2.763475 2.696560 2.630218 2.561039 2.485984 2.402342 2.307712 2.200003 2.077469 1.938749 1.782933 1.609625 1.419003 1.211870 0.989675 0.754500 0.509007 0.256342 0.000000 
50.000000 46.283604 42.602676 38.991665 35.483043 32.106422 28.887822 25.849087 23.007492 20.375542 17.960958 15.766839 13.791982 12.031327 10.476496 9.116397 7.937845 6.926183 6.065873 5.341027 4.735868 4.235119 3.824294 3.489921 3.219675 3.002448 2.828359 2.688712 2.575922 2.483419 2.405529 2.337356 2.274674 2.213813 2.151576 2.085165 2.012131 1.930348 1.838006 1.733620 1.616064 1.484606 1.338952 1.179287 1.006301 0.821201 0.625690 0.421923 0.212429 0.000000 
50.000000 46.258457 42.552621 38.917176 35.384813 31.985345 28.744967 25.685671 22.824850 20.175095 17.744177 15.535217 13.547005 11.774448 10.209113 8.839833 7.653338 6.634875 5.768806 5.039143 4.430012 3.926043 3.512670 3.176351 2.904706 2.686587 2.512090 2.372516 2.260299 2.168907 2.092727 2.026951 1.967459 1.910715 1.853676 1.793716 1.728576 1.656323 1.575342 1.484332 1.382324 1.268702 1.143237 1.006106 0.857910 0.699673 0.532829 0.359172 0.180793 0.000000 
50.000000 46.242036 42.519935 38.868536 35.320669 31.906282 28.651684 25.578962 22.705588 20.044205 17.602622 15.383972 13.387040 11.606711 10.034517 8.659243 7.467561 6.444659 5.574831 4.842024 4.230302 3.724234 3.309203 2.971620 2.699069 2.480379 2.305630 2.166123 2.054303 1.963665 1.888637 1.824466 1.767106 1.713107 1.659524 1.603845 1.543931 1.477974 1.404482 1.322268 1.230461 1.128517 1.016240 0.893799 0.761732 0.620947 0.472698 0.318550 0.160319 0.000000 
50.000000 46.233930 42.503801 38.844525 35.289006 31.867255 28.605636 25.526288 22.646716 19.979594 17.532746 15.309312 13.308076 11.523911 9.948331 8.570098 7.375857 6.350763 5.479081 4.744723 4.131722 3.624619 3.208770 2.870566 2.597571 2.378602 2.203733 2.064264 1.952648 1.862390 1.787941 1.724576 1.668283 1.615654 1.563796 1.510251 1.452938 1.390110 1.320335 1.242481 1.155724 1.059552 0.953787 0.838590 0.714468 0.582270 0.443163 0.298601 0.150265 0.000000 
50.000000 46.233930 42.503801 38.844525 35.289006 31.867255 28.605636 25.526288 22.646716 19.979594 17.532746 15.309312 13.308076 11.523911 9.948331 8.570098 7.375857 6.350763 5.479081 4.744723 4.131722 3.624619 3.208770 2.870566 2.597571 2.378602 2.203733 2.064264 1.952648 1.862390 1.787941 1.724576 1.668283 1.615654 1.563796 1.510251 1.452938 1.390110 1.320335 1.242481 1.155724 1.059552 0.953787 0.838590 0.714468 0.582270 0.443163 0.298601 0.150265 0.000000 
50.000000 46.242036 42.519935 38.868536 35.320669 31.906282 28.651684 25.578962 22.705588 20.044205 17.602622 15.383972 13.387040 11.606711 10.034517 8.659243 7.467561 6.444659 5.574831 4.842024 4.230302 3.724234 3.309203 2.971620 2.699069 2.480379 2.305630 2.166123 2.054303 1.963665 1.888637 1.824466 1.767106 1.713107 1.659524 1.603845 1.543931 1.477974 1.404482 1.322268 1.230461 1.128517 1.016240 0.893799 0.761732 0.620947 0.472698 0.318550 0.160319 0.000000 
50.000000 46.258457 42.552621 38.917176 35.384813 31.985345 28.744967 25.685671 22.824850 20.175095 17.744177 15.535217 13.547005 11.774448 10.209113 8.839833 7.653338 6.634875 5.768806 5.039143 4.430012 3.926043 3.512670 3.176351 2.904706 2.686587 2.512090 2.372516 2.260299 2.168907 2.092727 2.026951 1.967459 1.910715 1.853676 1.793716 1.728576 1.656323 1.575342 1.484332 1.382324 1.268702 1.143237 1.006106 0.857910 0.699673 0.532829 0.359172 0.180793 0.000000 
50.000000 46.283604 42.602676 38.991665 35.483043 32.106422 28.887822 25.849087 23.007492 20.375542 17.960958 15.766839 13.791982 12.031327 10.476496 9.116397 7.937845 6.926183 6.065873 5.341027 4.735868 4.235119 3.824294 3.489921 3.219675 3.002448 2.828359 2.688712 2.575922 2.483419 2.405529 2.337356 2.274674 2.213813 2.151576 2.085165 2.012131 1.930348 1.838006 1.733620 1.616064 1.484606 1.338952 1.179287 1.006301 0.821201 0.625690 0.421923 0.212429 0.000000 
50.000000 46.318078 42.671294 39.093780 35.617704 32.272405 29.083659 26.073109 23.257870 20.650331 18.258139 16.084365 14.127816 12.383478 10.843049 9.495537 8.327875 7.325539 6.473128 5.754891 5.155187 4.658862 4.251544 3.919857 3.651553 3.435582 3.262094 3.122398 3.008890 2.914947 2.834811 2.763475 2.696560 2.630218 2.561039 2.485984 2.402342 2.307712 2.200003 2.077469 1.938749 1.782933 1.609625 1.419003 1.211870 0.989675 0.754500 0.509007 0.256342 0.000000 
50.000000 46.362647 42.760005 39.225795 35.791795 32.486988 29.336839 26.362727 23.581562 21.005580 18.642338 16.494867 14.561987 12.838745 11.316936 9.985699 8.832121 7.841847 6.999653 6.289970 5.697329 5.206740 4.803978 4.475794 4.210042 3.995746 3.823101 3.683428 3.569099 3.473427 3.390552 3.315321 3.243167 3.170008 3.092157 3.006262 2.909263 2.798389 2.671172 2.525500 2.359685 2.172553 1.963544 1.732803 1.481258 1.210662 0.923594 0.623393 0.314045 0.000000 
50.000000 46.418217 42.870615 39.390399 36.008861 32.754542 29.652518 26.723840 23.985160 21.448527 19.121381 17.006707 15.103341 13.406404 11.907816 10.596874 9.460861 8.485632 7.656189 6.957184 6.373368 5.889955 5.492906 5.169132 4.906619 4.694487 4.522991 4.383473 4.268277 4.170647 4.084600 4.004807 3.926469 3.845216 3.757017 3.658119 3.545019 3.414463 3.263487 3.089485 2.890318 2.664435 2.411022 2.130134 1.822821 1.491200 1.138474 0.768864 0.387464 0.000000 
50.000000 46.485802 43.005141 39.590593 36.272861 33.079947 30.036453 27.163034 24.476025 21.987249 19.704005 17.629220 15.761753 14.096811 12.626466 11.340214 10.225570 9.268649 8.454725 7.768723 7.195664 6.721012 6.330956 6.012606 5.754110 5.544713 5.374750 5.235591 5.119563 5.019827 4.930262 4.845334 4.759971 4.669455 4.569336 4.455370 4.323496 4.169852 3.990826 3.783165 3.544112 3.271586 2.964381 2.622371 2.246694 1.839878 1.405891 0.950080 0.478979 0.000000 
50.000000 46.566481 43.165728 39.829570 36.588005 33.468392 30.494767 27.687312 25.061985 22.630339 20.399504 18.372338 16.547724 14.920980 13.484354 12.227580 11.138453 10.203399 9.408016 8.737561 8.177373 7.713221 7.331569 7.019769 6.766172 6.560175 6.392217 6.253718 6.136985 6.035103 5.941796 5.851297 5.758221 5.657444 5.544018 5.413107 5.259969 5.079977 4.868701 4.622039 4.336404 4.008971 3.637948 3.222875 2.764894 2.266968 1.733978 1.172683 0.591482 0.000000 
50.000000 46.661348 43.354557 40.110576 36.958573 33.925152 31.033685 28.303794 25.751000 23.386531 21.217323 19.246152 17.471932 15.890107 14.493136 13.271032 12.211920 11.302592 10.529031 9.876883 9.331868 8.880114 8.508416 8.204415 7.956706 7.754878 7.589503 7.452067 7.334880 7.230947 7.133831 7.037513 6.936254 6.824470 6.696635 6.547216 6.370648 6.161371 5.913923 5.623108 5.284237 4.893448 4.448082 3.947103 3.391501 2.784640 2.132461 1.443471 0.728472 0.000000 
50.000000 46.771465 43.573741 40.436754 37.388712 34.455339 31.659237 29.019381 26.550779 24.264289 22.166615 20.260444 18.544722 17.015041 15.664106 14.482254 13.457994 12.578546 11.830338 11.199473 10.672116 10.234817 9.874758 9.579925 9.339207 9.142427 8.980323 8.844483 8.727232 8.621509 8.520719 8.418575 8.308956 8.185768 8.042831 7.873805 7.672161 7.431209 7.144213 6.804581 6.406173 5.943700 5.413236 4.812794 4.142933 3.407295 2.612986 1.770658 0.894201 0.000000 
50.000000 46.897806 43.825215 40.810986 37.882219 35.063635 32.376948 29.840392 27.468386 25.271364 23.255767 21.424174 19.775571 18.305721 17.007611 15.871951 14.887692 14.042544 13.323453 12.717045 12.209999 11.789357 11.442753 11.158578 10.926065 10.735324 10.577304 10.443725 10.326963 10.219911 10.115824 10.008148 9.890365 9.755831 9.597650 9.408573 9.180957 8.906780 8.577751 8.185532 7.722088 7.180191 6.554082 5.840264 5.038384 4.152079 3.189641 2.164298 1.093914 0.000000 
50.000000 47.041195 44.110625 41.235719 38.442325 35.754018 33.191513 30.772197 28.509824 26.414345 24.491901 22.744954 21.172533 19.770594 18.532445 17.449221 16.510377 15.704179 15.018165 14.439558 13.955626 13.553973 13.222755 12.950832 12.727848 12.544249 12.391248 12.260745 12.145203 12.037505 11.930781 11.818228 11.692930 11.547678 11.374814 11.166099 10.912639 10.604871 10.232657 9.785498 9.252932 8.625125 7.893707 7.052841 6.100479 5.039679 3.879756 2.636946 1.334220 0.000000 
50.000000 47.202257 44.431213 41.712801 39.071464 36.529494 34.106476 31.818852 29.679625 27.698206 25.880401 24.228534 22.741688 21.416037 20.245248 19.220935 18.333121 17.570699 16.921872 16.374540 15.916638 15.536408 15.222602 14.964620 14.752580 14.577331 14.430408 14.303944 14.190544 14.083126 13.974741 13.858374 13.726739 13.572075 13.385947 13.159080 12.881220 12.541081 12.126374 11.624001 11.020440 10.302414 9.457895 8.477495 7.356226 6.095517 4.705160 3.204719 1.623708 0.000000 
50.000000 47.381361 44.787711 42.243324 39.771077 37.391835 35.123929 32.982748 30.980464 29.125883 27.424439 25.878307 24.486627 23.245815 22.149942 21.191152 20.360101 19.646385 19.038948 18.526446 18.097563 17.741257 17.446955 17.204670 17.005069 16.839469 16.699794 16.578478 16.468331 16.362373 16.253638 16.134963 15.998755 15.836750 15.639775 15.397517 15.098318 14.729030 14.274957 13.719950 13.046738 12.237592 11.275456 10.145677 8.838396 7.351551 5.694139 3.889000 1.973949 0.000000 
50.000000 47.578570 45.180248 42.827478 40.541415 38.341352 36.244240 34.264308 32.412812 30.697893 29.124576 27.694872 26.407983 25.260593 24.247218 23.360589 22.592059 21.932000 21.370175 20.896081 20.499227 20.169373 19.896697 19.671907 19.486289 19.331707 19.200548 19.085620 18.980018 18.876943 18.769505 18.650484 18.512079 18.345628 18.141316 17.887873 17.572275 17.179475 16.692200 16.090874 15.353780 14.457601 13.378555 12.094378 10.587414 8.848948 6.884523 4.719259 2.401207 0.000000 
50.000000 47.793608 45.608271 43.464441 41.381393 39.376708 37.465830 35.661726 33.974649 32.412020 30.978416 29.675668 28.503048 27.457534 26.534125 25.726194 25.025857 24.424333 23.912285 23.480125 23.118276 22.817378 22.568441 22.362945 22.192877 22.050726 21.929419 21.822227 21.722615 21.624070 21.519885 21.402913 21.265289 21.098113 20.891104 20.632215 20.307222 19.899296 19.388587 18.751886 17.962461 16.990276 15.802858 14.367291 12.653870 10.642013 8.328597 5.737815 2.929460 0.000000 
50.000000 48.025825 46.070488 44.152290 42.288476 40.494777 38.785012 37.170783 35.661263 34.263092 32.980365 31.814719 30.765502 29.830009 29.003763 28.280831 27.654154 27.115870 26.657614 26.270797 25.946830 25.677314 25.454173 25.269735 25.116769 24.988467 24.878385 24.780343 24.688283 24.596088 24.497372 24.385219 24.251888 24.088467 23.884473 23.627386 23.302111 22.890367 22.370004 21.714289 20.891247 19.863238 18.587145 17.015783 15.101569 12.803800 10.100960 7.008163 3.596007 0.000000 
50.000000 48.274185 46.564839 44.887959 43.258622 41.690578 40.195908 38.784755 37.465137 36.242859 35.121500 34.102491 33.185262 32.367445 31.645125 31.013115 30.465239 29.994618 29.593934 29.255666 28.972294 28.736453 28.541057 28.379361 28.244992 28.131926 28.034434 27.946981 27.864091 27.780175 27.689318 27.585021 27.459902 27.305323 27.110957 26.864243 26.549741 26.148322 25.636189 24.983707 24.154048 23.101794 21.771786 20.098961 18.010634 15.433774 12.311135 8.630025 4.462559 0.000000 
50.000000 48.537269 47.088495 45.667239 44.286278 42.957266 41.690443 40.494405 39.375948 38.339991 37.389569 36.525893 35.748479 35.055320 34.443097 33.907410 33.443023 33.044102 32.704439 32.417651 32.177353 31.977289 31.811431 31.674034 31.559655 31.463135 31.379542 31.304081 31.231972 31.158282 31.077733 30.984455 30.871683 30.731398 30.553861 30.327041 30.035870 29.661284 29.178960 28.557667 27.757118 26.725259 25.395072 23.681385 21.479187 18.667085 15.123420 10.767566 5.638933 0.000000 
50.000000 48.813283 47.637890 46.484821 45.364443 44.286213 43.258436 42.288086 41.380678 40.540203 39.769120 39.068414 38.437692 37.875324 37.378616 36.943998 36.567220 36.243545 35.967934 35.735203 35.540164 35.377730 35.242997 35.131283 35.038143 34.959354 34.890860 34.828698 34.768887 34.707288 34.639425 34.560265 34.463948 34.343438 34.190082 33.993039 33.738506 33.408685 32.980330 32.422733 31.694838 30.741154 29.486016 27.825866 25.619964 22.682509 18.786222 13.703639 7.338545 0.000000 
50.000000 49.100096 48.208779 47.334391 46.484794 45.667156 44.887779 44.151948 43.463848 42.826503 42.241779 41.710422 41.232133 40.805678 40.429011 40.099426 39.813698 39.568234 39.359209 39.182690 39.034737 38.911487 38.809211 38.724347 38.653507 38.593463 38.541108 38.493389 38.447225 38.399387 38.346359 38.284152 38.208081 38.112462 37.990237 37.832454 37.627562 37.360417 37.010844 36.551502 35.944647 35.137091 34.052257 32.577518 30.544337 27.698980 23.667330 17.943731 10.022413 0.000000 
50.000000 49.395285 48.796340 48.208770 47.637860 47.088425 46.564701 46.070239 45.607850 45.179568 44.786646 44.429585 44.108184 43.821614 43.568499 43.347021 43.155012 42.990057 42.849585 42.730950 42.631503 42.548646 42.479867 42.422766 42.375059 42.334564 42.299176 42.266821 42.235397 42.202689 42.166271 42.123377 42.070730 42.004333 41.919179 41.808865 41.665040 41.476619 41.228595 40.900219 40.462080 39.871251 39.062910 37.935247 36.321249 33.934483 30.265211 24.398222 14.815755 0.000000 
50.000000 49.696192 49.395283 49.100089 48.813264 48.537229 48.274111 48.025694 47.793391 47.578222 47.380818 47.201431 47.039959 46.895986 46.768821 46.657550 46.561083 46.478207 46.407630 46.348023 46.298053 46.256414 46.221844 46.193134 46.169134 46.148744 46.130901 46.114558 46.098646 46.082039 46.063500 46.041610 46.014684 45.980657 45.936928 45.880154 45.805948 45.708436 45.579590 45.408156 45.177898 44.864536 44.430101 43.811835 42.898488 41.474848 39.077760 34.579578 24.848108 0.000000 
50.000000 50.000000 50.000000 50.000000 50.000000 50.000000 50.000000 50.000000 50.000000 50.000000 50.000000 50.000000 50.000000 50.000000 50.000000 50.000000 50.000000 50.000000 50.000000 50.000000 50.000000 50.000000 50.000000 50.000000 50.000000 50.000000 50.000000 50.000000 50.000000 50.000000 50.000000 50.000000 50.000000 50.000000 50.000000 50.000000 50.000000 50.000000 50.000000 50.000000 50.000000 50.000000 50.000000 50.000000 50.000000 50.000000 50.000000 50.000000 50.000000 50.000000 
