50.000000 50.000000 50.000000 50.000000 50.000000 50.000000 50.000000 50.000000 50.000000 50.000000 50.000000 50.000000 50.000000 50.000000 50.000000 50.000000 50.000000 50.000000 50.000000 50.000000 50.000000 50.000000 50.000000 50.000000 50.000000 50.000000 50.000000 50.000000 50.000000 50.000000 50.000000 50.000000 50.000000 50.000000 50.000000 50.000000 50.000000 50.000000 50.000000 50.000000 50.000000 50.000000 50.000000 50.000000 50.000000 50.000000 50.000000 50.000000 50.000000 50.000000 
50.000000 49.666103 49.335707 49.012205 48.698773 48.398281 48.113211 47.845605 47.597020 47.368519 47.160672 46.973584 46.806935 46.660034 46.531880 46.421232 46.326675 46.246682 46.179674 46.124072 46.078333 46.040985 46.010643 45.986020 45.965924 45.949249 45.934955 45.922041 45.909506 45.896307 45.881298 45.863159 45.840306 45.810775 45.772064 45.720922 45.653042 45.562623 45.441690 45.279032 45.058431 44.755607 44.332569 43.726516 42.826130 41.416111 39.033199 34.549624 24.833056 0.000000 
50.000000 49.335708 48.678383 48.034772 47.411196 46.813363 46.246214 45.713809 45.219248 44.764643 44.351129 43.978917 43.647367 43.355105 43.100143 42.880011 42.691891 42.532747 42.399439 42.288825 42.197839 42.123552 42.063211 42.014258 41.974327 41.941224 41.912890 41.887345 41.862619 41.836661 41.807227 41.771745 41.727141 41.669618 41.594361 41.495149 41.363795 41.189350 40.956920 40.645835 40.226722 39.656655 38.870768 37.767165 36.178700 33.818769 30.177424 24.339211 14.786102 0.000000 
50.000000 49.012208 48.034776 47.077736 46.150488 45.261520 44.418180 43.626502 42.891097 42.215107 41.600220 41.046747 40.553739 40.119153 39.740031 39.412702 39.132976 38.896340 38.698127 38.533665 38.398397 38.287973 38.198305 38.125598 38.066344 38.017296 37.975416 37.937791 37.901535 37.863662 37.820922 37.769618 37.705357 37.622754 37.515035 37.373512 37.186876 36.940188 36.613435 36.179391 35.600371 34.823187 33.771201 32.331655 30.335824 27.529720 23.538920 17.857414 9.979039 0.000000 
50.000000 48.698781 47.411209 46.150501 44.929037 43.757999 42.647067 41.604190 40.635442 39.744961 38.934972 38.205883 37.556447 36.983970 36.484559 36.053375 35.684903 35.373198 35.112115 34.895502 34.717363 34.571974 34.453959 34.358333 34.280496 34.216200 34.161480 34.112556 34.065705 34.017100 33.962616 33.897598 33.816570 33.712881 33.578249 33.402176 33.171173 32.867706 32.468742 31.943721 31.251664 30.337082 29.124229 27.509383 25.351559 22.464633 18.620931 13.592530 7.282713 0.000000 
50.000000 48.398299 46.813395 45.261559 43.758029 42.316571 40.949099 39.665398 38.472944 37.376832 36.379799 35.482349 34.682947 33.978277 33.363548 32.832805 32.379260 31.995600 31.674261 31.407679 31.188478 31.009625 30.864517 30.747040 30.651560 30.572893 30.506216 30.446959 30.390656 30.332755 30.268407 30.192196 30.097828 29.977746 29.822660 29.620956 29.357944 29.014879 28.567694 27.985339 27.227620 26.242487 24.962825 23.303269 21.158515 18.406783 14.925942 10.634822 5.572229 0.000000 
50.000000 48.113246 46.246280 44.418265 42.647156 40.949164 39.338326 37.826167 36.421497 35.130313 33.955844 32.898681 31.957016 31.126946 30.402825 29.777642 29.243404 28.791497 28.413019 28.099064 27.840957 27.630423 27.459710 27.321641 27.209623 27.117604 27.039985 26.971493 26.907018 26.841415 26.769264 26.684596 26.580570 26.449086 26.280332 26.062229 25.779770 25.414194 24.942000 24.333759 23.552755 22.553573 21.280946 19.669595 17.646499 15.138194 12.086894 8.479291 4.386815 0.000000 
50.000000 47.845667 45.713929 43.626666 41.604379 39.665580 37.826295 36.099685 34.495807 33.021512 31.680485 30.473401 29.398197 28.450418 27.623617 26.909792 26.299818 25.783865 25.351773 24.993384 24.698804 24.458605 24.263960 24.106711 23.979382 23.875134 23.787672 23.711114 23.639814 23.568155 23.490306 23.399945 23.289935 23.151965 22.976126 22.750434 22.460274 22.087777 21.611119 21.003799 20.233963 19.263981 18.050621 16.546461 14.703553 12.480718 9.855856 6.843406 3.513217 0.000000 
50.000000 47.597127 45.219454 42.891389 40.635796 38.473323 36.421845 34.496042 32.707132 31.062755 29.567022 28.220687 27.021449 25.964339 25.042169 24.246017 23.565708 22.990282 22.508416 22.108790 21.780384 21.512705 21.295939 21.121030 20.979700 20.864405 20.768241 20.684806 20.608019 20.531915 20.450397 20.356963 20.244408 20.104482 19.927528 19.702081 19.414435 19.048206 18.583897 17.998548 17.265565 16.354922 15.234028 13.869716 12.231899 10.299489 8.068745 5.563145 2.841689 0.000000 
50.000000 47.368694 44.764984 42.215598 39.745575 37.377524 35.131022 33.022143 31.063170 29.262474 27.624553 26.150235 24.837000 23.679410 22.669594 21.797783 21.052841 20.422771 19.895183 19.457692 19.098250 18.805390 18.568401 18.377415 18.223436 18.098297 17.994568 17.905412 17.824414 17.745366 17.662027 17.567872 17.455801 17.317844 17.144850 16.926161 16.649305 16.299704 15.860459 15.312259 14.633533 13.800981 12.790701 11.580171 10.151344 8.494984 6.615994 4.538756 2.310505 0.000000 
50.000000 47.160951 44.351678 41.601018 38.935986 36.380979 33.957116 31.681744 29.568115 27.625258 25.858030 24.267324 22.850422 21.601456 20.511939 19.571331 18.767622 18.087874 17.518730 17.046840 16.659223 16.343537 16.088261 15.882803 15.717532 15.583738 15.473540 15.379753 15.295707 15.215044 15.131488 15.038602 14.929529 14.796729 14.631721 14.424829 14.164968 13.839477 13.434048 12.932810 12.318645 11.573846 10.681240 9.625917 8.397624 6.993774 5.422720 3.706556 1.882272 0.000000 
50.000000 46.974021 43.979777 41.048007 38.207503 35.484269 32.900816 30.475631 28.222839 26.152066 24.268487 22.573055 21.062875 19.731692 18.570463 17.567959 16.711381 15.986950 15.380436 14.877626 14.464707 14.128550 13.856919 13.638580 13.463346 13.322038 13.206401 13.108970 13.022896 12.941745 12.859284 12.769252 12.665124 12.539884 12.385808 12.194274 11.955616 11.659042 11.292664 10.843666 10.298688 9.644481 8.868904 7.962319 6.919351 5.740907 4.436147 3.023893 1.532845 0.000000 
50.000000 46.807606 43.648693 40.555689 37.558972 34.685975 31.960447 29.401891 27.025212 24.840563 22.853405 21.064743 19.471524 18.067153 16.842088 15.784488 14.880855 14.116659 13.476899 12.946595 12.511194 12.156878 11.870778 11.641101 11.457176 11.309429 11.189295 11.089090 11.001844 10.921109 10.840752 10.754743 10.656941 10.540897 10.399671 10.225691 10.010650 9.745489 9.420472 9.025389 8.549942 7.984331 7.320084 6.551123 5.675025 4.694346 3.617783 2.460854 1.245736 0.000000 
50.000000 46.661049 43.357117 40.122121 36.987831 33.982943 31.132294 28.456284 25.970502 23.685567 21.607191 19.736427 18.070082 16.601259 15.319981 14.213867 13.268805 12.469603 11.800584 11.246095 10.790937 10.420686 10.121925 9.882378 9.690960 9.537763 9.413970 9.311732 9.224006 9.144370 9.066829 8.985614 8.894990 8.789078 8.661705 8.506288 8.315772 8.082637 7.798995 7.456797 7.048175 6.565943 6.004250 5.359373 4.630603 3.821097 2.938558 1.995527 1.009109 0.000000 
50.000000 46.533398 43.103154 39.744482 36.490368 33.370602 30.410973 27.632662 25.051852 22.679569 20.521744 18.579471 16.849436 15.324478 13.994244 12.845880 11.864742 11.035063 10.340577 9.765048 9.292717 8.908639 8.598922 8.350877 8.153072 7.995319 7.868600 7.764941 7.677264 7.599201 7.524915 7.448910 7.365850 7.270404 7.157115 7.020301 6.854017 6.652071 6.408122 6.115869 5.769341 5.363297 4.893730 4.358447 3.757672 3.094599 2.375779 1.611216 0.814084 0.000000 
50.000000 46.423476 42.884464 39.419292 36.061995 32.843307 29.789835 26.923431 24.260792 21.813294 19.587056 17.583207 15.798329 14.225037 12.852650 11.667910 10.655713 9.799801 9.083401 8.489777 8.002689 7.606747 7.287658 7.032381 6.829194 6.667679 6.538657 6.434067 6.346818 6.270616 6.199789 6.129103 6.053606 5.968471 5.868884 5.749961 5.606715 5.434072 5.226961 4.980470 4.690084 4.351993 3.963472 3.523296 3.032151 2.492983 1.911217 1.294761 0.653748 0.000000 
50.000000 46.329956 42.698403 39.142623 35.697539 32.394689 29.261376 26.320024 23.587765 21.076276 18.791834 16.735598 14.904063 13.289651 11.881403 10.665720 9.627106 8.748884 8.013852 7.404851 6.905234 6.499235 6.172223 5.910865 5.703196 5.538613 5.407810 5.302666 5.216094 5.141882 5.074518 5.009019 4.940776 4.865415 4.778689 4.676401 4.554368 4.408443 4.234576 4.028946 3.788139 3.509389 3.190852 2.831899 2.433396 1.997924 1.529893 1.035509 0.522555 0.000000 
50.000000 46.251428 42.542172 38.910310 35.391513 32.017994 28.817641 25.813357 23.022642 20.457421 18.124107 16.023885 14.153174 12.504237 11.065881 9.824220 8.763429 7.866481 7.115816 6.493918 5.983803 5.569389 5.235766 4.969358 4.758004 4.590951 4.458796 4.353375 4.267618 4.195395 4.131343 4.070706 4.009181 3.942787 3.867760 3.780481 3.677436 3.555227 3.410615 3.240621 3.042661 2.814719 2.555551 2.264884 1.943605 1.593900 1.219308 0.824671 0.415964 0.000000 
50.000000 46.186474 42.412945 38.718152 35.138383 31.706410 28.450605 25.394267 22.555200 19.945535 17.571798 15.435193 13.532080 11.854586 10.391329 9.128182 8.049052 7.136622 6.373034 5.740480 5.221698 4.800348 4.461289 4.190750 3.976409 3.807395 3.674232 3.568725 3.483831 3.413495 3.352490 3.296255 3.240751 3.182332 3.117638 3.043525 2.957022 2.855328 2.735839 2.596220 2.434502 2.249207 2.039493 1.805289 1.547423 1.267705 0.968949 0.654923 0.330212 0.000000 
50.000000 46.133721 42.307992 38.562088 34.932800 31.453354 28.152513 25.053899 22.175562 19.529803 17.123236 14.957084 13.027655 11.326971 9.843492 8.562898 7.468877 6.543877 5.769800 5.128602 4.602794 4.175828 3.832379 3.558518 3.341797 3.171253 3.037352 2.931884 2.847829 2.779202 2.720893 2.668508 2.618229 2.566683 2.510843 2.447948 2.375458 2.291039 2.192575 2.078218 1.946450 1.796176 1.626817 1.438413 1.231695 1.008143 0.769985 0.520152 0.262170 0.000000 
50.000000 46.091897 42.224784 38.438360 34.769813 31.252730 27.916184 24.784053 21.874584 19.200209 16.767615 14.578038 12.627747 10.908678 9.409168 8.114744 7.008920 6.073958 5.291570 4.643525 4.112156 3.680751 3.333839 3.057369 2.838794 2.667080 2.532651 2.427290 2.343997 2.276849 2.220831 2.171688 2.125779 2.079953 2.031445 1.977794 1.916795 1.846473 1.765081 1.671129 1.563427 1.441145 1.303883 1.151727 0.985309 0.805830 0.615060 0.415291 0.209254 0.000000 
50.000000 46.059880 42.161085 38.343640 34.645039 31.099142 27.735263 24.577474 21.644172 18.947890 16.495371 14.287862 12.321601 10.588458 9.076677 7.771667 6.656808 5.714223 4.925476 4.272193 3.736572 3.301777 2.952227 2.673775 2.453802 2.281221 2.146427 2.041196 1.958551 1.892614 1.838450 1.791910 1.749493 1.708218 1.665519 1.619165 1.567201 1.507918 1.439839 1.361735 1.272645 1.171925 1.059283 0.934827 0.799095 0.653071 0.498174 0.336223 0.169368 0.000000 
50.000000 46.036726 42.115020 38.275143 34.554808 30.988075 27.604430 24.428087 21.477549 18.765426 16.298499 14.078022 12.100212 10.356892 8.836237 7.523572 6.402182 5.454085 4.660741 4.003674 3.464983 3.027741 2.676289 2.396414 2.175442 2.002252 1.867216 1.762107 1.679967 1.614953 1.562187 1.517600 1.477792 1.439905 1.401519 1.360565 1.315269 1.264106 1.205790 1.139269 1.063742 0.978681 0.883866 0.779408 0.665770 0.543776 0.414594 0.279710 0.140869 0.000000 
50.000000 46.021706 42.085138 38.230709 34.496276 30.916027 27.519559 24.331179 21.369462 18.647062 16.170789 13.941900 11.956599 10.206677 8.680266 7.362636 6.237009 5.285336 4.489012 3.829491 3.288810 2.849983 2.497301 2.216507 1.994895 1.821316 1.686134 1.581119 1.499324 1.434931 1.383099 1.339812 1.301735 1.266093 1.230556 1.193164 1.152254 1.106423 1.054502 0.995551 0.928866 0.853993 0.770751 0.679249 0.579898 0.473415 0.360811 0.243356 0.122538 0.000000 
50.000000 46.014323 42.070448 38.208866 34.467501 30.880607 27.477836 24.283540 21.316326 18.588874 16.108006 13.874982 11.885998 10.132832 8.603591 7.283520 6.155810 5.202380 4.404591 3.743864 3.202205 2.762600 2.409314 2.128070 1.906144 1.732378 1.597126 1.492162 1.410541 1.346460 1.295096 1.252458 1.215244 1.180719 1.146599 1.110974 1.072239 1.029047 0.980288 0.925075 0.862750 0.792894 0.715344 0.630205 0.537863 0.438984 0.334498 0.225573 0.113573 0.000000 
50.000000 46.014323 42.070448 38.208866 34.467501 30.880607 27.477836 24.283540 21.316326 18.588874 16.108006 13.874982 11.885998 10.132832 8.603591 7.283520 6.155810 5.202380 4.404591 3.743864 3.202205 2.762600 2.409314 2.128070 1.906144 1.732378 1.597126 1.492162 1.410541 1.346460 1.295096 1.252458 1.215244 1.180719 1.146599 1.110974 1.072239 1.029047 0.980288 0.925075 0.862750 0.792894 0.715344 0.630205 0.537863 0.438984 0.334498 0.225573 0.113573 0.000000 
50.000000 46.021706 42.085138 38.230709 34.496276 30.916027 27.519559 24.331179 21.369462 18.647062 16.170789 13.941900 11.956599 10.206677 8.680266 7.362636 6.237009 5.285336 4.489012 3.829491 3.288810 2.849983 2.497301 2.216507 1.994895 1.821316 1.686134 1.581119 1.499324 1.434931 1.383099 1.339812 1.301735 1.266093 1.230556 1.193164 1.152254 1.106423 1.054502 0.995551 0.928866 0.853993 0.770751 0.679249 0.579898 0.473415 0.360811 0.243356 0.122538 0.000000 
50.000000 46.036726 42.115020 38.275143 34.554808 30.988075 27.604430 24.428087 21.477549 18.765426 16.298499 14.078022 12.100212 10.356892 8.836237 7.523572 6.402182 5.454085 4.660741 4.003674 3.464983 3.027741 2.676289 2.396414 2.175442 2.002252 1.867216 1.762107 1.679967 1.614953 1.562187 1.517600 1.477792 1.439905 1.401519 1.360565 1.315269 1.264106 1.205790 1.139269 1.063742 0.978681 0.883866 0.779408 0.665770 0.543776 0.414594 0.279710 0.140869 0.000000 
50.000000 46.059880 42.161085 38.343640 34.645039 31.099142 27.735263 24.577474 21.644172 18.947890 16.495371 14.287862 12.321601 10.588458 9.076677 7.771667 6.656808 5.714223 4.925476 4.272193 3.736572 3.301777 2.952227 2.673775 2.453802 2.281221 2.146427 2.041196 1.958551 1.892614 1.838450 1.791910 1.749493 1.708218 1.665519 1.619165 1.567201 1.507918 1.439839 1.361735 1.272645 1.171925 1.059283 0.934827 0.799095 0.653071 0.498174 0.336223 0.169368 0.000000 
50.000000 46.091897 42.224784 38.438360 34.769813 31.252730 27.916184 24.784053 21.874584 19.200209 16.767615 14.578038 12.627747 10.908678 9.409168 8.114744 7.008920 6.073958 5.291570 4.643525 4.112156 3.680751 3.333839 3.057369 2.838794 2.667080 2.532651 2.427290 2.343997 2.276849 2.220831 2.171688 2.125779 2.079953 2.031445 1.977794 1.916795 1.846473 1.765081 1.671129 1.563427 1.441145 1.303883 1.151727 0.985309 0.805830 0.615060 0.415291 0.209254 0.000000 
50.000000 46.133721 42.307992 38.562088 34.932800 31.453354 28.152513 25.053899 22.175562 19.529803 17.123236 14.957084 13.027655 11.326971 9.843492 8.562898 7.468877 6.543877 5.769800 5.128602 4.602794 4.175828 3.832379 3.558518 3.341797 3.171253 3.037352 2.931884 2.847829 2.779202 2.720893 2.668508 2.618229 2.566683 2.510843 2.447948 2.375458 2.291039 2.192575 2.078218 1.946450 1.796176 1.626817 1.438413 1.231695 1.008143 0.769985 0.520152 0.262170 0.000000 
50.000000 46.186474 42.412945 38.718152 35.138383 31.706410 28.450605 25.394267 22.555200 19.945535 17.571798 15.435193 13.532080 11.854586 10.391329 9.128182 8.049052 7.136622 6.373034 5.740480 5.221698 4.800348 4.461289 4.190750 3.976409 3.807395 3.674232 3.568725 3.483831 3.413495 3.352490 3.296255 3.240751 3.182332 3.117638 3.043525 2.957022 2.855328 2.735839 2.596220 2.434502 2.249207 2.039493 1.805289 1.547423 1.267705 0.968949 0.654923 0.330212 0.000000 
50.000000 46.251428 42.542172 38.910310 35.391513 32.017994 28.817641 25.813357 23.022642 20.457421 18.124107 16.023885 14.153174 12.504237 11.065881 9.824220 8.763429 7.866481 7.115816 6.493918 5.983803 5.569389 5.235766 4.969358 4.758004 4.590951 4.458796 4.353375 4.267618 4.195395 4.131343 4.070706 4.009181 3.942787 3.867760 3.780481 3.677436 3.555227 3.410615 3.240621 3.042661 2.814719 2.555551 2.264884 1.943605 1.593900 1.219308 0.824671 0.415964 0.000000 
50.000000 46.329956 42.698403 39.142623 35.697539 32.394689 29.261376 26.320024 23.587765 21.076276 18.791834 16.735598 14.904063 13.289651 11.881403 10.665720 9.627106 8.748884 8.013852 7.404851 6.905234 6.499235 6.172223 5.910865 5.703196 5.538613 5.407810 5.302666 5.216094 5.141882 5.074518 5.009019 4.940776 4.865415 4.778689 4.676401 4.554368 4.408443 4.234576 4.028946 3.788139 3.509389 3.190852 2.831899 2.433396 1.997924 1.529893 1.035509 0.522555 0.000000 
50.000000 46.423476 42.884464 39.419292 36.061995 32.843307 29.789835 26.923431 24.260792 21.813294 19.587056 17.583207 15.798329 14.225037 12.852650 11.667910 10.655713 9.799801 9.083401 8.489777 8.002689 7.606747 7.287658 7.032381 6.829194 6.667679 6.538657 6.434067 6.346818 6.270616 6.199789 6.129103 6.053606 5.968471 5.868884 5.749961 5.606715 5.434072 5.226961 4.980470 4.690084 4.351993 3.963472 3.523296 3.032151 2.492983 1.911217 1.294761 0.653748 0.000000 
50.000000 46.533398 43.103154 39.744482 36.490368 33.370602 30.410973 27.632662 25.051852 22.679569 20.521744 18.579471 16.849436 15.324478 13.994244 12.845880 11.864742 11.035063 10.340577 9.765048 9.292717 8.908639 8.598922 8.350877 8.153072 7.995319 7.868600 7.764941 7.677264 7.599201 7.524915 7.448910 7.365850 7.270404 7.157115 7.020301 6.854017 6.652071 6.408122 6.115869 5.769341 5.363297 4.893730 4.358447 3.757672 3.094599 2.375779 1.611216 0.814084 0.000000 
50.000000 46.661049 43.357117 40.122121 36.987831 33.982943 31.132294 28.456284 25.970502 23.685567 21.607191 19.736427 18.070082 16.601259 15.319981 14.213867 13.268805 12.469603 11.800584 11.246095 10.790937 10.420686 10.121925 9.882378 9.690960 9.537763 9.413970 9.311732 9.224006 9.144370 9.066829 8.985614 8.894990 8.789078 8.661705 8.506288 8.315772 8.082637 7.798995 7.456797 7.048175 6.565943 6.004250 5.359373 4.630603 3.821097 2.938558 1.995527 1.009109 0.000000 
50.000000 46.807606 43.648693 40.555689 37.558972 34.685975 31.960447 29.401891 27.025212 24.840563 22.853405 21.064743 19.471524 18.067153 16.842088 15.784488 14.880855 14.116659 13.476899 12.946595 12.511194 12.156878 11.870778 11.641101 11.457176 11.309429 11.189295 11.089090 11.001844 10.921109 10.840752 10.754743 10.656941 10.540897 10.399671 10.225691 10.010650 9.745489 9.420472 9.025389 8.549942 7.984331 7.320084 6.551123 5.675025 4.694346 3.617783 2.460854 1.245736 0.000000 
50.000000 46.974021 43.979777 41.048007 38.207503 35.484269 32.900816 30.475631 28.222839 26.152066 24.268487 22.573055 21.062875 19.731692 18.570463 17.567959 16.711381 15.986950 15.380436 14.877626 14.464707 14.128550 13.856919 13.638580 13.463346 13.322038 13.206401 13.108970 13.022896 12.941745 12.859284 12.769252 12.665124 12.539884 12.385808 12.194274 11.955616 11.659042 11.292664 10.843666 10.298688 9.644481 8.868904 7.962319 6.919351 5.740907 4.436147 3.023893 1.532845 0.000000 
50.000000 47.160951 44.351678 41.601018 38.935986 36.380979 33.957116 31.681744 29.568115 27.625258 25.858030 24.267324 22.850422 21.601456 20.511939 19.571331 18.767622 18.087874 17.518730 17.046840 16.659223 16.343537 16.088261 15.882803 15.717532 15.583738 15.473540 15.379753 15.295707 15.215044 15.131488 15.038602 14.929529 14.796729 14.631721 14.424829 14.164968 13.839477 13.434048 12.932810 12.318645 11.573846 10.681240 9.625917 8.397624 6.993774 5.422720 3.706556 1.882272 0.000000 
50.000000 47.368694 44.764984 42.215598 39.745575 37.377524 35.131022 33.022143 31.063170 29.262474 27.624553 26.150235 24.837000 23.679410 22.669594 21.797783 21.052841 20.422771 19.895183 19.457692 19.098250 18.805390 18.568401 18.377415 18.223436 18.098297 17.994568 17.905412 17.824414 17.745366 17.662027 17.567872 17.455801 17.317844 17.144850 16.926161 16.649305 16.299704 15.860459 15.312259 14.633533 13.800981 12.790701 11.580171 10.151344 8.494984 6.615994 4.538756 2.310505 0.000000 
50.000000 47.597127 45.219454 42.891389 40.635796 38.473323 36.421845 34.496042 32.707132 31.062755 29.567022 28.220687 27.021449 25.964339 25.042169 24.246017 23.565708 22.990282 22.508416 22.108790 21.780384 21.512705 21.295939 21.121030 20.979700 20.864405 20.768241 20.684806 20.608019 20.531915 20.450397 20.356963 20.244408 20.104482 19.927528 19.702081 19.414435 19.048206 18.583897 17.998548 17.265565 16.354922 15.234028 13.869716 12.231899 10.299489 8.068745 5.563145 2.841689 0.000000 
50.000000 47.845667 45.713929 43.626666 41.604379 39.665580 37.826295 36.099685 34.495807 33.021512 31.680485 30.473401 29.398197 28.450418 27.623617 26.909792 26.299818 25.783865 25.351773 24.993384 24.698804 24.458605 24.263960 24.106711 23.979382 23.875134 23.787672 23.711114 23.639814 23.568155 23.490306 23.399945 23.289935 23.151965 22.976126 22.750434 22.460274 22.087777 21.611119 21.003799 20.233963 19.263981 18.050621 16.546461 14.703553 12.480718 9.855856 6.843406 3.513217 0.000000 
50.000000 48.113246 46.246280 44.418265 42.647156 40.949164 39.338326 37.826167 36.421497 35.130313 33.955844 32.898681 31.957016 31.126946 30.402825 29.777642 29.243404 28.791497 28.413019 28.099064 27.840957 27.630423 27.459710 27.321641 27.209623 27.117604 27.039985 26.971493 26.907018 26.841415 26.769264 26.684596 26.580570 26.449086 26.280332 26.062229 25.779770 25.414194 24.942000 24.333759 23.552755 22.553573 21.280946 19.669595 17.646499 15.138194 12.086894 8.479291 4.386815 0.000000 
50.000000 48.398299 46.813395 45.261559 43.758029 42.316571 40.949099 39.665398 38.472944 37.376832 36.379799 35.482349 34.682947 33.978277 33.363548 32.832805 32.379260 31.995600 31.674261 31.407679 31.188478 31.009625 30.864517 30.747040 30.651560 30.572893 30.506216 30.446959 30.390656 30.332755 30.268407 30.192196 30.097828 29.977746 29.822660 29.620956 29.357944 29.014879 28.567694 27.985339 27.227620 26.242487 24.962825 23.303269 21.158515 18.406783 14.925942 10.634822 5.572229 0.000000 
50.000000 48.698781 47.411209 46.150501 44.929037 43.757999 42.647067 41.604190 40.635442 39.744961 38.934972 38.205883 37.556447 36.983970 36.484559 36.053375 35.684903 35.373198 35.112115 34.895502 34.717363 34.571974 34.453959 34.358333 34.280496 34.216200 34.161480 34.112556 34.065705 34.017100 33.962616 33.897598 33.816570 33.712881 33.578249 33.402176 33.171173 32.867706 32.468742 31.943721 31.251664 30.337082 29.124229 27.509383 25.351559 22.464633 18.620931 13.592530 7.282713 0.000000 
50.000000 49.012208 48.034776 47.077736 46.150488 45.261520 44.418180 43.626502 42.891097 42.215107 41.600220 41.046747 40.553739 40.119153 39.740031 39.412702 39.132976 38.896340 38.698127 38.533665 38.398397 38.287973 38.198305 38.125598 38.066344 38.017296 37.975416 37.937791 37.901535 37.863662 37.820922 37.769618 37.705357 37.622754 37.515035 37.373512 37.186876 36.940188 36.613435 36.179391 35.600371 34.823187 33.771201 32.331655 30.335824 27.529720 23.538920 17.857414 9.979039 0.000000 
50.000000 49.335708 48.678383 48.034772 47.411196 46.813363 46.246214 45.713809 45.219248 44.764643 44.351129 43.978917 43.647367 43.355105 43.100143 42.880011 42.691891 42.532747 42.399439 42.288825 42.197839 42.123552 42.063211 42.014258 41.974327 41.941224 41.912890 41.887345 41.862619 41.836661 41.807227 41.771745 41.727141 41.669618 41.594361 41.495149 41.363795 41.189350 40.956920 40.645835 40.226722 39.656655 38.870768 37.767165 36.178700 33.818769 30.177424 24.339211 14.786102 0.000000 
50.000000 49.666103 49.335707 49.012205 48.698773 48.398281 48.113211 47.845605 47.597020 47.368519 47.160672 46.973584 46.806935 46.660034 46.531880 46.421232 46.326675 46.246682 46.179674 46.124072 46.078333 46.040985 46.010643 45.986020 45.965924 45.949249 45.934955 45.922041 45.909506 45.896307 45.881298 45.863159 45.840306 45.810775 45.772064 45.720922 45.653042 45.562623 45.441690 45.279032 45.058431 44.755607 44.332569 43.726516 42.826130 41.416111 39.033199 34.549624 24.833056 0.000000 
50.000000 50.000000 50.000000 50.000000 50.000000 50.000000 50.000000 50.000000 50.000000 50.000000 50.000000 50.000000 50.000000 50.000000 50.000000 50.000000 50.000000 50.000000 50.000000 50.000000 50.000000 50.000000 50.000000 50.000000 50.000000 50.000000 50.000000 50.000000 50.000000 50.000000 50.000000 50.000000 50.000000 50.000000 50.000000 50.000000 50.000000 50.000000 50.000000 50.000000 50.000000 50.000000 50.000000 50.000000 50.000000 50.000000 50.000000 50.000000 50.000000 50.000000 
