50.000000 50.000000 50.000000 50.000000 50.000000 50.000000 50.000000 50.000000 50.000000 50.000000 50.000000 50.000000 50.000000 50.000000 50.000000 50.000000 50.000000 50.000000 50.000000 50.000000 50.000000 50.000000 50.000000 50.000000 50.000000 50.000000 50.000000 50.000000 50.000000 50.000000 50.000000 50.000000 50.000000 50.000000 50.000000 50.000000 50.000000 50.000000 50.000000 50.000000 50.000000 50.000000 50.000000 50.000000 50.000000 50.000000 50.000000 50.000000 50.000000 50.000000 
50.000000 49.216222 48.451732 47.724396 47.049407 46.438359 45.898729 45.433794 45.042952 44.722351 44.465706 44.265185 44.112250 43.998373 43.915576 43.856785 43.816007 43.788376 43.770080 43.758240 43.750749 43.746114 43.743307 43.741638 43.740658 43.740074 43.739697 43.739391 43.739042 43.738523 43.737657 43.736173 43.733635 43.729351 43.722218 43.710514 43.691569 43.661281 43.613375 43.538246 43.421086 43.238697 42.953724 42.503429 41.775895 40.554500 38.373930 34.103680 24.608111 0.000000 
50.000000 48.451732 46.941566 45.504794 44.171429 42.964373 41.898395 40.979969 40.207908 39.574600 39.067629 38.671524 38.369421 38.144473 37.980919 37.864784 37.784234 37.729653 37.693513 37.670124 37.655327 37.646171 37.640626 37.637331 37.635396 37.634245 37.633504 37.632909 37.632236 37.631241 37.629587 37.626756 37.621922 37.613770 37.600222 37.578034 37.542207 37.485102 37.395127 37.254738 37.037297 36.701982 36.185153 35.385034 34.133307 32.140790 28.893541 23.470783 14.348052 0.000000 
50.000000 47.724396 45.504794 43.393065 41.433323 39.659228 38.092487 36.742616 35.607868 34.677057 33.931932 33.349756 32.905739 32.575123 32.334741 32.164053 32.045667 31.965447 31.912331 31.877956 31.856209 31.842753 31.834604 31.829763 31.826922 31.825237 31.824159 31.823304 31.822355 31.820965 31.818665 31.814739 31.808050 31.796794 31.778136 31.747675 31.698674 31.620938 31.499186 31.310664 31.021591 30.581784 29.916344 28.912672 27.400348 25.121686 21.696533 16.611253 9.350466 0.000000 
50.000000 47.049407 44.171429 41.433323 38.892288 36.591970 34.560513 32.810256 31.338934 30.132040 29.165911 28.411063 27.835355 27.406682 27.095008 26.873698 26.720202 26.616192 26.547324 26.502756 26.474560 26.457115 26.446551 26.440276 26.436597 26.434423 26.433044 26.431972 26.430807 26.429128 26.426369 26.421675 26.413703 26.400328 26.378231 26.342302 26.284786 26.194089 26.053092 25.836815 25.509146 25.018325 24.290759 23.222897 21.671615 19.446144 16.311637 12.030639 6.494907 0.000000 
50.000000 46.438359 42.964373 39.659228 36.591970 33.815283 31.363140 29.250435 27.474432 26.017619 24.851433 23.940281 23.245367 22.727934 22.351727 22.084598 21.899322 21.773779 21.690654 21.636860 21.602828 21.581772 21.569023 21.561454 21.557021 21.554410 21.552772 21.551530 21.550219 21.548367 21.545352 21.540249 21.531612 21.517173 21.493415 21.454969 21.393773 21.297933 21.150191 20.925901 20.590449 20.096043 19.378010 18.351143 16.907641 14.920355 12.258880 8.831067 4.662464 0.000000 
50.000000 45.898729 41.898395 38.092487 34.560513 31.363140 28.539487 26.106706 24.061644 22.384135 21.041285 19.992109 19.191931 18.596122 18.162934 17.855345 17.642010 17.497454 17.401741 17.339802 17.300617 17.276375 17.261697 17.252987 17.247892 17.244903 17.243052 17.241686 17.240298 17.238386 17.235312 17.230140 17.221423 17.206911 17.183140 17.144873 17.084340 16.990235 16.846446 16.630480 16.311643 15.849101 15.190188 14.269744 13.011997 11.337616 9.179815 6.513361 3.395300 0.000000 
50.000000 45.433794 40.979969 36.742616 32.810256 29.250435 26.106706 23.398164 21.121298 19.253653 17.758606 16.590524 15.699663 15.036336 14.554061 14.211620 13.974114 13.813182 13.706626 13.637672 13.594049 13.567062 13.550726 13.541034 13.535373 13.532067 13.530046 13.528601 13.527195 13.525321 13.522356 13.517403 13.509097 13.495331 13.472891 13.436967 13.380504 13.293389 13.161463 12.965398 12.679545 12.270973 11.699082 10.916519 9.872425 8.519497 6.826272 4.794816 2.480069 0.000000 
50.000000 45.042952 40.207908 35.607868 31.338934 27.474432 24.061644 21.121298 18.649580 16.622113 14.999136 13.731107 12.764026 12.043951 11.520419 11.148687 10.890868 10.716172 10.600505 10.525655 10.478304 10.449011 10.431281 10.420767 10.414633 10.411068 10.408918 10.407431 10.406056 10.404295 10.401565 10.397047 10.389511 10.377082 10.356923 10.324832 10.274722 10.197987 10.082789 9.913311 9.669110 9.324790 8.850325 8.212543 7.378389 6.320609 5.026084 3.505926 1.804255 0.000000 
50.000000 44.722351 39.574600 34.677057 30.132040 26.017619 22.384135 19.253653 16.622113 14.463558 12.735652 11.385651 10.356057 9.589441 9.032075 8.636322 8.361844 8.175862 8.052723 7.973039 7.922631 7.891449 7.872577 7.861390 7.854873 7.851100 7.848856 7.847356 7.846046 7.844448 7.842034 7.838084 7.831537 7.820793 7.803458 7.776017 7.733441 7.668717 7.572356 7.431934 7.231779 6.953003 6.574108 6.072492 5.427170 4.622894 3.655466 2.537303 1.301266 0.000000 
50.000000 44.465706 39.067629 33.931932 29.165911 24.851433 21.041285 17.758606 14.999136 12.735652 10.923761 9.508149 8.428522 7.624657 7.040213 6.625235 6.337426 6.142413 6.013296 5.929744 5.876890 5.844196 5.824412 5.812688 5.805866 5.801934 5.799624 5.798131 5.796904 5.795496 5.793434 5.790110 5.784641 5.775713 5.761381 5.738821 5.704034 5.651517 5.573940 5.461881 5.303719 5.085825 4.793209 4.410806 3.925532 3.329096 2.621269 1.812891 0.927461 0.000000 
50.000000 44.265185 38.671524 33.349756 28.411063 23.940281 19.992110 16.590524 13.731107 11.385651 9.508149 8.041282 6.922571 6.089609 5.484014 5.054021 4.755800 4.553734 4.419947 4.333375 4.278611 4.244737 4.224241 4.212099 4.205042 4.200988 4.198634 4.197162 4.196027 4.194810 4.193104 4.190401 4.185993 4.178838 4.167410 4.149519 4.122093 4.080961 4.020641 3.934210 3.813295 3.648318 3.429061 3.145664 2.790091 2.357971 1.850569 1.276397 0.651810 0.000000 
50.000000 44.112250 38.369421 32.905740 27.835356 23.245367 19.191932 15.699663 12.764027 10.356058 8.428523 6.922572 5.774059 4.918910 4.297188 3.855747 3.549588 3.342145 3.204799 3.115924 3.059705 3.024931 3.003893 2.991434 2.984198 2.980055 2.977675 2.976229 2.975183 2.974148 2.972771 2.970641 2.967204 2.961659 2.952849 2.939127 2.918210 2.887030 2.841612 2.777007 2.687342 2.566040 2.406275 2.201697 1.947434 1.641268 1.284802 0.884320 0.450969 0.000000 
50.000000 43.998373 38.144473 32.575123 27.406683 22.727935 18.596124 15.036338 12.043952 9.589442 7.624658 6.089610 4.918911 4.047247 3.413521 2.963559 2.651491 2.440046 2.300051 2.209463 2.152160 2.116718 2.095276 2.082581 2.075215 2.071009 2.068612 2.067194 2.066229 2.065354 2.064265 2.062633 2.060034 2.055870 2.049289 2.039091 2.023626 2.000704 1.967519 1.920626 1.856003 1.769232 1.655835 1.511785 1.334163 1.121898 0.876450 0.602267 0.306805 0.000000 
50.000000 43.915577 37.980920 32.334742 27.095009 22.351730 18.162936 14.554064 11.520423 9.032078 7.040216 5.484017 4.297191 3.413523 2.771071 2.314916 1.998555 1.784201 1.642282 1.550448 1.492359 1.456431 1.434696 1.421831 1.414371 1.410119 1.407715 1.406322 1.405426 1.404686 1.403836 1.402615 1.400705 1.397670 1.392899 1.385541 1.374439 1.358069 1.334502 1.301398 1.256065 1.195593 1.117100 1.018066 0.896763 0.752710 0.587069 0.402886 0.205064 0.000000 
50.000000 43.856786 37.864786 32.164056 26.873702 22.084603 17.855351 14.211627 11.148694 8.636329 6.625243 5.054029 3.855755 2.963565 2.314921 1.854369 1.534961 1.318543 1.175258 1.082541 1.023894 0.987621 0.965679 0.952693 0.945166 0.940884 0.938476 0.937106 0.936266 0.935633 0.934974 0.934078 0.932710 0.930559 0.927197 0.922037 0.914287 0.902915 0.886627 0.863869 0.832879 0.791778 0.738742 0.672217 0.591192 0.495476 0.385924 0.264567 0.134569 0.000000 
50.000000 43.816010 37.784239 32.045674 26.720211 21.899333 17.642022 13.974128 10.890883 8.361860 6.337443 4.755817 3.549605 2.651508 1.998569 1.534971 1.213450 0.995601 0.851369 0.758040 0.699006 0.662494 0.640409 0.627339 0.619767 0.615465 0.613056 0.611705 0.610908 0.610357 0.609843 0.609196 0.608238 0.606753 0.604447 0.600925 0.595659 0.587966 0.576998 0.561747 0.541082 0.513816 0.478811 0.435124 0.382171 0.319893 0.248887 0.170474 0.086662 0.000000 
50.000000 43.788381 37.729663 31.965462 26.616212 21.773803 17.497481 13.813212 10.716205 8.175897 6.142450 4.553771 3.342182 2.440083 1.784237 1.318574 0.995622 0.776805 0.631932 0.538189 0.478892 0.442219 0.420037 0.406911 0.399308 0.394993 0.392584 0.391247 0.390483 0.389994 0.389587 0.389120 0.388463 0.387462 0.385921 0.383579 0.380092 0.375019 0.367816 0.357845 0.344395 0.326726 0.304145 0.276086 0.242215 0.202529 0.157428 0.107752 0.054751 0.000000 
50.000000 43.770092 37.693535 31.912363 26.547366 21.690704 17.401799 13.706690 10.600574 8.052797 6.013373 4.420027 3.204880 2.300132 1.642361 1.175334 0.851435 0.631977 0.486680 0.392663 0.333193 0.296413 0.274166 0.261003 0.253381 0.249057 0.246649 0.245322 0.244582 0.244136 0.243805 0.243468 0.243022 0.242362 0.241357 0.239838 0.237585 0.234321 0.229705 0.223340 0.214787 0.203597 0.189351 0.171717 0.150506 0.125732 0.097657 0.066801 0.033930 0.000000 
50.000000 43.758263 37.670170 31.878024 26.502844 21.636965 17.339922 13.637805 10.525799 7.973192 5.929904 4.333540 3.116092 2.209633 1.550618 1.082708 0.758198 0.538325 0.392754 0.298560 0.238978 0.202129 0.179841 0.166654 0.159019 0.154690 0.152283 0.150964 0.150240 0.149824 0.149546 0.149297 0.148996 0.148568 0.147927 0.146964 0.145544 0.143492 0.140602 0.136630 0.131312 0.124379 0.115583 0.104731 0.091718 0.076562 0.059426 0.040629 0.020630 0.000000 
50.000000 43.750797 37.655421 31.856347 26.474739 21.603043 17.300863 13.594322 10.478598 7.922943 5.877216 4.278947 3.060048 2.152509 1.492709 1.024242 0.699346 0.479212 0.333468 0.239162 0.179510 0.142617 0.120303 0.107101 0.099458 0.095126 0.092720 0.091405 0.090693 0.090297 0.090054 0.089864 0.089659 0.089385 0.088983 0.088385 0.087508 0.086246 0.084474 0.082047 0.078807 0.074597 0.069273 0.062723 0.054890 0.045789 0.035520 0.024274 0.012322 0.000000 
50.000000 43.746210 37.646360 31.843029 26.457472 21.582202 17.276867 13.567608 10.449600 7.892073 5.844848 4.245410 3.025619 2.117416 1.457135 0.988325 0.663192 0.442898 0.297048 0.202673 0.142978 0.106058 0.083728 0.070517 0.062869 0.058535 0.056130 0.054819 0.054113 0.053731 0.053510 0.053358 0.053215 0.053038 0.052789 0.052424 0.051890 0.051126 0.050057 0.048596 0.046652 0.044134 0.040958 0.037061 0.032411 0.027021 0.020951 0.014312 0.007263 0.000000 
50.000000 43.743494 37.640996 31.835147 26.447252 21.569866 17.262664 13.551796 10.432437 7.873802 5.825691 4.225560 3.005242 2.096646 1.436080 0.967068 0.641795 0.421406 0.275493 0.181078 0.121357 0.084421 0.062082 0.048865 0.041214 0.036879 0.034474 0.033166 0.032465 0.032090 0.031884 0.031754 0.031649 0.031533 0.031377 0.031152 0.030828 0.030364 0.029718 0.028839 0.027671 0.026163 0.024266 0.021944 0.019180 0.015981 0.012385 0.008458 0.004291 0.000000 
50.000000 43.742000 37.638044 31.830809 26.441627 21.563077 17.254847 13.543094 10.422992 7.863747 5.815148 4.214636 2.994028 2.085216 1.424493 0.955370 0.630020 0.409578 0.263631 0.169193 0.109458 0.072514 0.050170 0.036950 0.029297 0.024962 0.022557 0.021250 0.020551 0.020181 0.019983 0.019867 0.019783 0.019700 0.019597 0.019452 0.019244 0.018949 0.018540 0.017983 0.017247 0.016299 0.015108 0.013655 0.011928 0.009934 0.007696 0.005253 0.002665 0.000000 
50.000000 43.741342 37.636744 31.828897 26.439149 21.560087 17.251404 13.539261 10.418831 7.859317 5.810503 4.209824 2.989088 2.080181 1.419389 0.950217 0.624832 0.404368 0.258406 0.163958 0.104217 0.067269 0.044922 0.031701 0.024048 0.019712 0.017308 0.016001 0.015303 0.014936 0.014740 0.014630 0.014556 0.014489 0.014409 0.014299 0.014143 0.013924 0.013619 0.013206 0.012662 0.011961 0.011083 0.010012 0.008743 0.007279 0.005637 0.003847 0.001951 0.000000 
50.000000 43.741342 37.636744 31.828897 26.439149 21.560087 17.251404 13.539261 10.418831 7.859317 5.810503 4.209824 2.989088 2.080181 1.419389 0.950217 0.624832 0.404368 0.258406 0.163958 0.104217 0.067269 0.044922 0.031701 0.024048 0.019712 0.017308 0.016001 0.015303 0.014936 0.014740 0.014630 0.014556 0.014489 0.014409 0.014299 0.014143 0.013924 0.013619 0.013206 0.012662 0.011961 0.011083 0.010012 0.008743 0.007279 0.005637 0.003847 0.001951 0.000000 
50.000000 43.742000 37.638044 31.830809 26.441627 21.563077 17.254847 13.543094 10.422992 7.863747 5.815148 4.214636 2.994028 2.085216 1.424493 0.955370 0.630020 0.409578 0.263631 0.169193 0.109458 0.072514 0.050170 0.036950 0.029297 0.024962 0.022557 0.021250 0.020551 0.020181 0.019983 0.019867 0.019783 0.019700 0.019597 0.019452 0.019244 0.018949 0.018540 0.017983 0.017247 0.016299 0.015108 0.013655 0.011928 0.009934 0.007696 0.005253 0.002665 0.000000 
50.000000 43.743494 37.640996 31.835147 26.447252 21.569866 17.262664 13.551796 10.432437 7.873802 5.825691 4.225560 3.005242 2.096646 1.436080 0.967068 0.641795 0.421406 0.275493 0.181078 0.121357 0.084421 0.062082 0.048865 0.041214 0.036879 0.034474 0.033166 0.032465 0.032090 0.031884 0.031754 0.031649 0.031533 0.031377 0.031152 0.030828 0.030364 0.029718 0.028839 0.027671 0.026163 0.024266 0.021944 0.019180 0.015981 0.012385 0.008458 0.004291 0.000000 
50.000000 43.746210 37.646360 31.843029 26.457472 21.582202 17.276867 13.567608 10.449600 7.892073 5.844848 4.245410 3.025619 2.117416 1.457135 0.988325 0.663192 0.442898 0.297048 0.202673 0.142978 0.106058 0.083728 0.070517 0.062869 0.058535 0.056130 0.054819 0.054113 0.053731 0.053510 0.053358 0.053215 0.053038 0.052789 0.052424 0.051890 0.051126 0.050057 0.048596 0.046652 0.044134 0.040958 0.037061 0.032411 0.027021 0.020951 0.014312 0.007263 0.000000 
50.000000 43.750797 37.655421 31.856347 26.474739 21.603043 17.300863 13.594322 10.478598 7.922943 5.877216 4.278947 3.060048 2.152509 1.492709 1.024242 0.699346 0.479212 0.333468 0.239162 0.179510 0.142617 0.120303 0.107101 0.099458 0.095126 0.092720 0.091405 0.090693 0.090297 0.090054 0.089864 0.089659 0.089385 0.088983 0.088385 0.087508 0.086246 0.084474 0.082047 0.078807 0.074597 0.069273 0.062723 0.054890 0.045789 0.035520 0.024274 0.012322 0.000000 
50.000000 43.758263 37.670170 31.878024 26.502844 21.636965 17.339922 13.637805 10.525799 7.973192 5.929904 4.333540 3.116092 2.209633 1.550618 1.082708 0.758198 0.538325 0.392754 0.298560 0.238978 0.202129 0.179841 0.166654 0.159019 0.154690 0.152283 0.150964 0.150240 0.149824 0.149546 0.149297 0.148996 0.148568 0.147927 0.146964 0.145544 0.143492 0.140602 0.136630 0.131312 0.124379 0.115583 0.104731 0.091718 0.076562 0.059426 0.040629 0.020630 0.000000 
50.000000 43.770092 37.693535 31.912363 26.547366 21.690704 17.401799 13.706690 10.600574 8.052797 6.013373 4.420027 3.204880 2.300132 1.642361 1.175334 0.851435 0.631977 0.486680 0.392663 0.333193 0.296413 0.274166 0.261003 0.253381 0.249057 0.246649 0.245322 0.244582 0.244136 0.243805 0.243468 0.243022 0.242362 0.241357 0.239838 0.237585 0.234321 0.229705 0.223340 0.214787 0.203597 0.189351 0.171717 0.150506 0.125732 0.097657 0.066801 0.033930 0.000000 
50.000000 43.788381 37.729663 31.965462 26.616212 21.773803 17.497481 13.813212 10.716205 8.175897 6.142450 4.553771 3.342182 2.440083 1.784237 1.318574 0.995622 0.776805 0.631932 0.538189 0.478892 0.442219 0.420037 0.406911 0.399308 0.394993 0.392584 0.391247 0.390483 0.389994 0.389587 0.389120 0.388463 0.387462 0.385921 0.383579 0.380092 0.375019 0.367816 0.357845 0.344395 0.326726 0.304145 0.276086 0.242215 0.202529 0.157428 0.107752 0.054751 0.000000 
50.000000 43.816010 37.784239 32.045674 26.720211 21.899333 17.642022 13.974128 10.890883 8.361860 6.337443 4.755817 3.549605 2.651508 1.998569 1.534971 1.213450 0.995601 0.851369 0.758040 0.699006 0.662494 0.640409 0.627339 0.619767 0.615465 0.613056 0.611705 0.610908 0.610357 0.609843 0.609196 0.608238 0.606753 0.604447 0.600925 0.595659 0.587966 0.576998 0.561747 0.541082 0.513816 0.478811 0.435124 0.382171 0.319893 0.248887 0.170474 0.086662 0.000000 
50.000000 43.856786 37.864786 32.164056 26.873702 22.084603 17.855351 14.211627 11.148694 8.636329 6.625243 5.054029 3.855755 2.963565 2.314921 1.854369 1.534961 1.318543 1.175258 1.082541 1.023894 0.987621 0.965679 0.952693 0.945166 0.940884 0.938476 0.937106 0.936266 0.935633 0.934974 0.934078 0.932710 0.930559 0.927197 0.922037 0.914287 0.902915 0.886627 0.863869 0.832879 0.791778 0.738742 0.672217 0.591192 0.495476 0.385924 0.264567 0.134569 0.000000 
50.000000 43.915577 37.980920 32.334742 27.095009 22.351730 18.162936 14.554064 11.520423 9.032078 7.040216 5.484017 4.297191 3.413523 2.771071 2.314916 1.998555 1.784201 1.642282 1.550448 1.492359 1.456431 1.434696 1.421831 1.414371 1.410119 1.407715 1.406322 1.405426 1.404686 1.403836 1.402615 1.400705 1.397670 1.392899 1.385541 1.374439 1.358069 1.334502 1.301398 1.256065 1.195593 1.117100 1.018066 0.896763 0.752710 0.587069 0.402886 0.205064 0.000000 
50.000000 43.998373 38.144473 32.575123 27.406683 22.727935 18.596124 15.036338 12.043952 9.589442 7.624658 6.089610 4.918911 4.047247 3.413521 2.963559 2.651491 2.440046 2.300051 2.209463 2.152160 2.116718 2.095276 2.082581 2.075215 2.071009 2.068612 2.067194 2.066229 2.065354 2.064265 2.062633 2.060034 2.055870 2.049289 2.039091 2.023626 2.000704 1.967519 1.920626 1.856003 1.769232 1.655835 1.511785 1.334163 1.121898 0.876450 0.602267 0.306805 0.000000 
50.000000 44.112250 38.369421 32.905740 27.835356 23.245367 19.191932 15.699663 12.764027 10.356058 8.428523 6.922572 5.774059 4.918910 4.297188 3.855747 3.549588 3.342145 3.204799 3.115924 3.059705 3.024931 3.003893 2.991434 2.984198 2.980055 2.977675 2.976229 2.975183 2.974148 2.972771 2.970641 2.967204 2.961659 2.952849 2.939127 2.918210 2.887030 2.841612 2.777007 2.687342 2.566040 2.406275 2.201697 1.947434 1.641268 1.284802 0.884320 0.450969 0.000000 
50.000000 44.265185 38.671524 33.349756 28.411063 23.940281 19.992110 16.590524 13.731107 11.385651 9.508149 8.041282 6.922571 6.089609 5.484014 5.054021 4.755800 4.553734 4.419947 4.333375 4.278611 4.244737 4.224241 4.212099 4.205042 4.200988 4.198634 4.197162 4.196027 4.194810 4.193104 4.190401 4.185993 4.178838 4.167410 4.149519 4.122093 4.080961 4.020641 3.934210 3.813295 3.648318 3.429061 3.145664 2.790091 2.357971 1.850569 1.276397 0.651810 0.000000 
50.000000 44.465706 39.067629 33.931932 29.165911 24.851433 21.041285 17.758606 14.999136 12.735652 10.923761 9.508149 8.428522 7.624657 7.040213 6.625235 6.337426 6.142413 6.013296 5.929744 5.876890 5.844196 5.824412 5.812688 5.805866 5.801934 5.799624 5.798131 5.796904 5.795496 5.793434 5.790110 5.784641 5.775713 5.761381 5.738821 5.704034 5.651517 5.573940 5.461881 5.303719 5.085825 4.793209 4.410806 3.925532 3.329096 2.621269 1.812891 0.927461 0.000000 
50.000000 44.722351 39.574600 34.677057 30.132040 26.017619 22.384135 19.253653 16.622113 14.463558 12.735652 11.385651 10.356057 9.589441 9.032075 8.636322 8.361844 8.175862 8.052723 7.973039 7.922631 7.891449 7.872577 7.861390 7.854873 7.851100 7.848856 7.847356 7.846046 7.844448 7.842034 7.838084 7.831537 7.820793 7.803458 7.776017 7.733441 7.668717 7.572356 7.431934 7.231779 6.953003 6.574108 6.072492 5.427170 4.622894 3.655466 2.537303 1.301266 0.000000 
50.000000 45.042952 40.207908 35.607868 31.338934 27.474432 24.061644 21.121298 18.649580 16.622113 14.999136 13.731107 12.764026 12.043951 11.520419 11.148687 10.890868 10.716172 10.600505 10.525655 10.478304 10.449011 10.431281 10.420767 10.414633 10.411068 10.408918 10.407431 10.406056 10.404295 10.401565 10.397047 10.389511 10.377082 10.356923 10.324832 10.274722 10.197987 10.082789 9.913311 9.669110 9.324790 8.850325 8.212543 7.378389 6.320609 5.026084 3.505926 1.804255 0.000000 
50.000000 45.433794 40.979969 36.742616 32.810256 29.250435 26.106706 23.398164 21.121298 19.253653 17.758606 16.590524 15.699663 15.036336 14.554061 14.211620 13.974114 13.813182 13.706626 13.637672 13.594049 13.567062 13.550726 13.541034 13.535373 13.532067 13.530046 13.528601 13.527195 13.525321 13.522356 13.517403 13.509097 13.495331 13.472891 13.436967 13.380504 13.293389 13.161463 12.965398 12.679545 12.270973 11.699082 10.916519 9.872425 8.519497 6.826272 4.794816 2.480069 0.000000 
50.000000 45.898729 41.898395 38.092487 34.560513 31.363140 28.539487 26.106706 24.061644 22.384135 21.041285 19.992109 19.191931 18.596122 18.162934 17.855345 17.642010 17.497454 17.401741 17.339802 17.300617 17.276375 17.261697 17.252987 17.247892 17.244903 17.243052 17.241686 17.240298 17.238386 17.235312 17.230140 17.221423 17.206911 17.183140 17.144873 17.084340 16.990235 16.846446 16.630480 16.311643 15.849101 15.190188 14.269744 13.011997 11.337616 9.179815 6.513361 3.395300 0.000000 
50.000000 46.438359 42.964373 39.659228 36.591970 33.815283 31.363140 29.250435 27.474432 26.017619 24.851433 23.940281 23.245367 22.727934 22.351727 22.084598 21.899322 21.773779 21.690654 21.636860 21.602828 21.581772 21.569023 21.561454 21.557021 21.554410 21.552772 21.551530 21.550219 21.548367 21.545352 21.540249 21.531612 21.517173 21.493415 21.454969 21.393773 21.297933 21.150191 20.925901 20.590449 20.096043 19.378010 18.351143 16.907641 14.920355 12.258880 8.831067 4.662464 0.000000 
50.000000 47.049407 44.171429 41.433323 38.892288 36.591970 34.560513 32.810256 31.338934 30.132040 29.165911 28.411063 27.835355 27.406682 27.095008 26.873698 26.720202 26.616192 26.547324 26.502756 26.474560 26.457115 26.446551 26.440276 26.436597 26.434423 26.433044 26.431972 26.430807 26.429128 26.426369 26.421675 26.413703 26.400328 26.378231 26.342302 26.284786 26.194089 26.053092 25.836815 25.509146 25.018325 24.290759 23.222897 21.671615 19.446144 16.311637 12.030639 6.494907 0.000000 
50.000000 47.724396 45.504794 43.393065 41.433323 39.659228 38.092487 36.742616 35.607868 34.677057 33.931932 33.349756 32.905739 32.575123 32.334741 32.164053 32.045667 31.965447 31.912331 31.877956 31.856209 31.842753 31.834604 31.829763 31.826922 31.825237 31.824159 31.823304 31.822355 31.820965 31.818665 31.814739 31.808050 31.796794 31.778136 31.747675 31.698674 31.620938 31.499186 31.310664 31.021591 30.581784 29.916344 28.912672 27.400348 25.121686 21.696533 16.611253 9.350466 0.000000 
50.000000 48.451732 46.941566 45.504794 44.171429 42.964373 41.898395 40.979969 40.207908 39.574600 39.067629 38.671524 38.369421 38.144473 37.980919 37.864784 37.784234 37.729653 37.693513 37.670124 37.655327 37.646171 37.640626 37.637331 37.635396 37.634245 37.633504 37.632909 37.632236 37.631241 37.629587 37.626756 37.621922 37.613770 37.600222 37.578034 37.542207 37.485102 37.395127 37.254738 37.037297 36.701982 36.185153 35.385034 34.133307 32.140790 28.893541 23.470783 14.348052 0.000000 
50.000000 49.216222 48.451732 47.724396 47.049407 46.438359 45.898729 45.433794 45.042952 44.722351 44.465706 44.265185 44.112250 43.998373 43.915576 43.856785 43.816007 43.788376 43.770080 43.758240 43.750749 43.746114 43.743307 43.741638 43.740658 43.740074 43.739697 43.739391 43.739042 43.738523 43.737657 43.736173 43.733635 43.729351 43.722218 43.710514 43.691569 43.661281 43.613375 43.538246 43.421086 43.238697 42.953724 42.503429 41.775895 40.554500 38.373930 34.103680 24.608111 0.000000 
50.000000 50.000000 50.000000 50.000000 50.000000 50.000000 50.000000 50.000000 50.000000 50.000000 50.000000 50.000000 50.000000 50.000000 50.000000 50.000000 50.000000 50.000000 50.000000 50.000000 50.000000 50.000000 50.000000 50.000000 50.000000 50.000000 50.000000 50.000000 50.000000 50.000000 50.000000 50.000000 50.000000 50.000000 50.000000 50.000000 50.000000 50.000000 50.000000 50.000000 50.000000 50.000000 50.000000 50.000000 50.000000 50.000000 50.000000 50.000000 50.000000 50.000000 
