50.000000 50.000000 50.000000 50.000000 50.000000 50.000000 50.000000 50.000000 50.000000 50.000000 50.000000 50.000000 50.000000 50.000000 50.000000 50.000000 50.000000 50.000000 50.000000 50.000000 50.000000 50.000000 50.000000 50.000000 50.000000 50.000000 50.000000 50.000000 50.000000 50.000000 50.000000 50.000000 50.000000 50.000000 50.000000 50.000000 50.000000 50.000000 50.000000 50.000000 50.000000 50.000000 50.000000 50.000000 50.000000 50.000000 50.000000 50.000000 50.000000 50.000000 
50.000000 49.762856 49.527478 49.295593 49.068850 48.848785 48.636791 48.434089 48.241712 48.060485 47.891026 47.733738 47.588817 47.456261 47.335889 47.227351 47.130158 47.043695 46.967250 46.900029 46.841180 46.789804 46.744971 46.705728 46.671099 46.640086 46.611661 46.584751 46.558212 46.530802 46.501133 46.467618 46.428388 46.381191 46.323244 46.251033 46.160016 46.044191 45.895429 45.702412 45.448877 45.110552 44.649523 44.003125 43.060241 41.605829 39.176938 34.646153 24.881534 0.000000 
50.000000 49.527487 49.058493 48.596459 48.144672 47.706191 47.283790 46.879905 46.496590 46.135495 45.797847 45.484450 45.195695 44.931581 44.691741 44.475485 44.281835 44.109570 43.957268 43.823354 43.706128 43.603803 43.514532 43.436417 43.367523 43.305872 43.249428 43.196066 43.143532 43.089383 43.030896 42.964968 42.887960 42.795503 42.682230 42.541394 42.364342 42.139733 41.852363 41.481353 40.997233 40.357101 39.496236 38.313014 36.640683 34.193147 30.461069 24.529694 14.881765 0.000000 
50.000000 49.295631 48.596508 47.907760 47.234286 46.580648 45.950982 45.348916 44.777516 44.239238 43.735913 43.268740 42.838303 42.444599 42.087085 41.764731 41.476081 41.219317 40.992326 40.792758 40.618087 40.465659 40.332725 40.216471 40.114030 40.022475 39.938800 39.859879 39.782409 39.702818 39.617155 39.520931 39.408924 39.274903 39.111272 38.908577 38.654817 38.334470 37.927068 37.405077 36.730666 35.850681 34.688694 33.132347 31.013487 28.078874 23.954980 18.136820 10.119358 0.000000 
50.000000 49.068948 48.144831 47.234428 46.344215 45.480222 44.647915 43.852092 43.096804 42.385299 41.719998 41.102486 40.533534 40.013142 39.540592 39.114526 38.733022 38.393680 38.093712 37.830021 37.599278 37.397983 37.222524 37.069203 36.934258 36.813862 36.704095 36.600898 36.500000 36.396811 36.286287 36.162743 36.019615 35.849151 35.641997 35.386654 35.068733 34.669937 34.166641 33.527880 32.712484 31.665002 30.309960 28.544145 26.227316 23.174307 19.158602 13.953602 7.464045 0.000000 
50.000000 48.848990 47.706553 46.581070 45.480547 44.412439 43.383503 42.399672 41.465953 40.586363 39.763895 39.000509 38.297160 37.653850 37.069694 36.543016 36.071444 35.652019 35.281300 34.955471 34.670430 34.421872 34.205354 34.016341 33.850229 33.702345 33.567924 33.442057 33.319606 33.195095 33.062550 32.915302 32.745732 32.544947 32.302352 32.005115 31.637452 31.179694 30.607051 29.887978 28.982046 27.837243 26.386778 24.545893 22.210172 19.258986 15.571591 11.068403 5.789975 0.000000 
50.000000 48.637166 47.284483 45.951875 44.648819 43.384146 42.165855 41.000970 39.895421 38.853966 37.880148 36.976290 36.143525 35.381857 34.690242 34.066701 33.508430 33.011935 32.573154 32.187582 31.850384 31.556488 31.300670 31.077607 30.881910 30.708129 30.550731 30.404049 30.262194 30.118938 29.967558 29.800626 29.609763 29.385314 29.115955 28.788194 28.385756 27.888807 27.273004 26.508343 25.557829 24.376083 22.908199 21.089588 18.848239 16.111998 12.824660 8.974728 4.635624 0.000000 
50.000000 48.434722 46.881103 45.350541 43.853923 42.401389 41.002128 39.664208 38.394442 37.198293 36.079833 35.041731 34.085293 33.210524 32.416231 31.700146 31.059059 30.488965 29.985215 29.542655 29.155754 28.818725 28.525613 28.270362 28.046862 27.848958 27.670433 27.504959 27.346012 27.186758 27.019895 26.837463 26.630597 26.389238 26.101783 25.754660 25.331836 24.814235 24.179088 23.399245 22.442532 21.271346 19.842843 18.110354 16.027037 13.553152 10.668332 7.389007 3.787217 0.000000 
50.000000 48.242719 46.498528 44.780223 43.100026 41.469321 39.898427 38.396399 36.970887 35.628028 34.372392 33.206981 32.133259 31.151240 30.259590 29.455768 28.736181 28.096347 27.531064 27.034569 26.600686 26.222958 25.894754 25.609348 25.359975 25.139850 24.942154 24.759998 24.586336 24.413866 24.234875 24.041067 23.823342 23.571540 23.274151 22.917973 22.487752 21.965784 21.331537 20.561336 19.628227 18.502197 17.151062 15.542448 13.647443 11.446488 8.937694 6.146662 3.134727 0.000000 
50.000000 48.062025 46.138485 44.243495 42.390531 40.592150 38.859730 37.203262 35.631181 34.150256 32.765530 31.480315 30.296232 29.213297 28.230048 27.343691 26.550275 25.844873 25.221769 24.674634 24.196695 23.780879 23.419935 23.106530 22.833312 22.592936 22.378069 22.181351 21.995325 21.812343 21.624431 21.423130 21.199309 20.942952 20.642918 20.286697 19.860154 19.347300 18.730124 17.988543 17.100588 16.042956 14.792153 13.326473 11.629087 9.692345 7.523075 5.147870 2.616396 0.000000 
50.000000 47.893304 45.802301 43.742332 41.728051 39.773105 37.889866 36.089194 34.380259 32.770422 31.265167 29.868096 28.580977 27.403833 26.335080 25.371691 24.509386 23.742825 23.065819 22.471520 21.952603 21.501436 21.110205 20.771032 20.476041 20.217406 19.987352 19.778138 19.581993 19.391032 19.197144 18.991849 18.766147 18.510339 18.213850 17.865054 17.451116 16.957888 16.369889 15.670427 14.841950 13.866727 12.727984 11.411631 9.908646 8.218055 6.350171 4.329336 2.195022 0.000000 
50.000000 47.737024 45.490906 43.278125 41.114421 39.014456 36.991520 35.057278 33.221584 31.492345 29.875455 28.374786 26.992241 25.727852 24.579925 23.545219 22.619151 21.796005 21.069158 20.431286 19.874569 19.390863 18.971852 18.609171 18.294486 18.019554 17.776235 17.556483 17.352295 17.155645 16.958382 16.752117 16.528092 16.277047 15.989084 15.653555 15.258978 14.793021 14.242570 13.593950 12.833332 11.947418 10.924447 9.755586 8.436681 6.970248 5.367401 3.649214 1.846867 0.000000 
50.000000 47.593462 45.204852 42.851694 40.550728 38.317547 36.166283 34.109344 32.157209 30.318289 28.598855 27.003028 25.532836 24.188319 22.967684 21.867498 20.882901 20.007835 19.235284 18.557497 17.966201 17.452799 17.008526 16.624587 16.292252 16.002922 15.748157 15.519673 15.309309 15.108969 14.910539 14.705798 14.486307 14.243309 13.967634 13.649631 13.279132 12.845496 12.337723 11.744712 11.055668 10.260711 9.351719 8.323392 7.174494 5.909156 4.537997 3.078746 1.556023 0.000000 
50.000000 47.462719 44.944339 42.463340 40.037369 37.682867 35.414735 33.246056 31.187880 29.249078 27.436261 25.753782 24.203780 22.786306 21.499479 20.339690 19.301831 18.379539 17.565441 16.851403 16.228753 15.688485 15.221441 14.818451 14.470443 14.168520 13.903997 13.668411 13.453499 13.251151 13.053348 12.852083 12.639279 12.406709 12.145930 11.848250 11.504723 11.106220 10.643566 10.107793 9.490509 8.784416 7.983977 7.086202 6.091521 5.004609 3.835027 2.597458 1.311375 0.000000 
50.000000 47.344739 44.709258 42.112896 39.574123 37.110144 34.736554 32.467045 30.313182 28.284251 26.387174 24.626508 23.004498 21.521204 20.174666 18.961121 17.875239 16.910380 16.058861 15.312204 14.661381 14.097032 13.609652 13.189745 12.827951 12.515123 12.242380 12.001128 11.783046 11.580053 11.384258 11.187896 10.983264 10.762661 10.518341 10.242495 9.927274 9.564863 9.147620 8.668305 8.120397 7.498509 6.798906 6.020074 5.163313 4.233259 3.238233 2.190289 1.104867 0.000000 
50.000000 47.239332 44.499230 41.799800 39.160247 36.598458 34.130650 31.771058 29.531709 27.422258 25.449905 23.619392 21.933058 20.390972 18.991106 17.729558 16.600803 15.597961 14.713069 13.937351 13.261466 12.675743 12.170379 11.735599 11.361797 11.039622 10.760038 10.514358 10.294235 10.091647 9.898848 9.708325 9.512744 9.304900 9.077688 8.824094 8.537227 8.210384 7.837186 7.411770 6.929045 6.385024 5.777206 5.104983 4.370042 3.576683 2.732000 1.845835 0.930465 0.000000 
50.000000 47.146202 44.313664 41.523171 38.794576 36.146371 33.595319 31.156138 28.841261 26.660671 24.621814 22.729595 20.986437 19.392418 17.945451 16.641513 15.474909 14.438547 13.524222 12.722896 12.024961 11.420475 10.899378 10.451662 10.067512 9.737410 9.452203 9.203137 8.981867 8.780439 8.591267 8.407081 8.220894 8.025956 7.815737 7.583918 7.324421 7.031474 6.699721 6.324375 5.901431 5.427909 4.902139 4.324048 3.695419 3.020089 2.304024 1.555239 0.783527 0.000000 
50.000000 47.064973 44.151812 41.281894 38.475636 35.752058 33.128401 30.619803 28.239052 25.996417 23.899559 21.953524 20.160812 18.521507 17.033470 15.692578 14.492986 13.427421 12.487469 11.663867 10.946775 10.326024 9.791336 9.332503 8.939542 8.602799 8.313029 8.061436 7.839689 7.639918 7.454684 7.276950 7.100044 6.917624 6.723657 6.512419 6.278516 6.016936 5.723137 5.393171 5.023841 4.612887 4.159189 3.662962 3.125928 2.551428 1.944438 1.311482 0.660400 0.000000 
50.000000 46.995220 44.012827 41.074705 38.201756 35.413455 32.727452 30.159245 27.721928 25.426016 23.279354 21.287111 19.451851 17.773666 16.250374 14.877763 13.649864 12.559248 11.597324 10.754640 10.021160 9.386523 8.840267 8.372021 7.971664 7.629432 7.336012 7.082581 6.860835 6.662982 6.481726 6.310238 6.142125 5.971396 5.792445 5.600046 5.389366 5.156004 4.896061 4.606229 4.283911 3.927354 3.535792 3.109578 2.650293 2.160800 1.645237 1.108922 0.558166 0.000000 
50.000000 46.936498 43.895819 40.900277 37.971184 35.128394 32.389903 29.771514 27.286577 24.945814 22.757225 20.726085 18.855010 17.144098 15.591134 14.191831 12.940116 11.828431 10.848037 9.989325 9.242096 8.595829 8.039913 7.563846 7.157389 6.810700 6.514409 6.259681 6.038240 5.842370 5.664903 5.499190 5.339078 5.178872 5.013322 4.837608 4.647349 4.438630 4.208046 3.952777 3.670662 3.360302 3.021154 2.653619 2.259103 1.840044 1.399887 0.942990 0.474472 0.000000 
50.000000 46.888364 43.799910 40.757304 37.782191 34.894738 32.113225 29.453703 26.929734 24.552208 22.329255 20.266234 18.365805 16.628073 15.050793 13.629620 12.358396 11.229456 10.233943 9.362118 8.603653 7.947899 7.384123 6.901716 6.490354 6.140126 5.841626 5.586013 5.365039 5.171054 4.996999 4.836381 4.683240 4.532129 4.378080 4.216600 4.043662 3.855726 3.649767 3.423322 3.174548 2.902288 2.606134 2.286483 1.944570 1.582473 1.203078 0.809992 0.407422 0.000000 
50.000000 46.850410 43.724287 40.644569 37.633169 34.710500 31.895064 29.203110 26.648364 24.241852 21.991805 19.903647 17.980074 16.221198 14.624750 13.186338 11.899737 10.757202 9.749781 8.867635 8.100334 7.437127 6.867192 6.379836 5.964667 5.611726 5.311580 5.055386 4.834920 4.642592 4.471429 4.315060 4.167684 4.024043 3.879392 3.729486 3.570570 3.399385 3.213184 3.009764 2.787507 2.545415 2.283162 2.001117 1.700364 1.382690 1.050548 0.706981 0.355510 0.000000 
50.000000 46.822282 43.668239 40.561018 37.522724 34.573955 31.733378 29.017387 26.439832 24.011838 21.741710 19.634923 17.694200 15.919654 14.309002 12.857817 11.559826 10.407220 9.390982 8.501198 7.727361 7.058650 6.484172 5.993177 5.575223 5.220316 4.919006 4.662449 4.442444 4.251442 4.082538 3.929454 3.786504 3.648570 3.511072 3.369944 3.221626 3.063058 2.891688 2.705496 2.503011 2.283343 2.046206 1.791940 1.521505 1.236474 0.938984 0.631670 0.317568 0.000000 
50.000000 46.803695 43.631203 40.505807 37.449743 34.483726 31.626536 28.894662 26.302035 23.859846 21.576449 19.457353 17.505297 15.720399 14.100362 12.640738 11.335222 10.175965 9.153904 8.259077 7.480928 6.808588 6.231120 5.737733 5.317956 4.961773 4.659721 4.402957 4.183295 3.993216 3.825861 3.675011 3.535058 3.400977 3.268293 3.133059 2.991838 2.841700 2.680218 2.505483 2.316117 2.111292 1.890746 1.654789 1.404302 1.140710 0.865945 0.582380 0.292741 0.000000 
50.000000 46.794451 43.612786 40.478352 37.413450 34.438857 31.573406 28.833633 26.233511 23.784264 21.494268 19.369051 17.411360 15.621313 13.996610 12.532790 11.223532 10.060969 9.036014 8.138680 7.358389 6.684247 6.105295 5.610724 5.190046 4.833234 4.530821 4.273964 4.054485 3.864880 3.698311 3.548591 3.410150 3.278009 3.147745 3.015469 2.877806 2.731887 2.575347 2.406331 2.223504 2.026068 1.813769 1.586904 1.346309 1.093339 0.829825 0.558010 0.280466 0.000000 
50.000000 46.794451 43.612786 40.478352 37.413450 34.438857 31.573406 28.833633 26.233511 23.784264 21.494268 19.369051 17.411360 15.621313 13.996610 12.532790 11.223532 10.060969 9.036014 8.138680 7.358389 6.684247 6.105295 5.610724 5.190046 4.833234 4.530821 4.273964 4.054485 3.864880 3.698311 3.548591 3.410150 3.278009 3.147745 3.015469 2.877806 2.731887 2.575347 2.406331 2.223504 2.026068 1.813769 1.586904 1.346309 1.093339 0.829825 0.558010 0.280466 0.000000 
50.000000 46.803695 43.631203 40.505807 37.449743 34.483726 31.626536 28.894662 26.302035 23.859846 21.576449 19.457353 17.505297 15.720399 14.100362 12.640738 11.335222 10.175965 9.153904 8.259077 7.480928 6.808588 6.231120 5.737733 5.317956 4.961773 4.659721 4.402957 4.183295 3.993216 3.825861 3.675011 3.535058 3.400977 3.268293 3.133059 2.991838 2.841700 2.680218 2.505483 2.316117 2.111292 1.890746 1.654789 1.404302 1.140710 0.865945 0.582380 0.292741 0.000000 
50.000000 46.822282 43.668239 40.561018 37.522724 34.573955 31.733378 29.017387 26.439832 24.011838 21.741710 19.634923 17.694200 15.919654 14.309002 12.857817 11.559826 10.407220 9.390982 8.501198 7.727361 7.058650 6.484172 5.993177 5.575223 5.220316 4.919006 4.662449 4.442444 4.251442 4.082538 3.929454 3.786504 3.648570 3.511072 3.369944 3.221626 3.063058 2.891688 2.705496 2.503011 2.283343 2.046206 1.791940 1.521505 1.236474 0.938984 0.631670 0.317568 0.000000 
50.000000 46.850410 43.724287 40.644569 37.633169 34.710500 31.895064 29.203110 26.648364 24.241852 21.991805 19.903647 17.980074 16.221198 14.624750 13.186338 11.899737 10.757202 9.749781 8.867635 8.100334 7.437127 6.867192 6.379836 5.964667 5.611726 5.311580 5.055386 4.834920 4.642592 4.471429 4.315060 4.167684 4.024043 3.879392 3.729486 3.570570 3.399385 3.213184 3.009764 2.787507 2.545415 2.283162 2.001117 1.700364 1.382690 1.050548 0.706981 0.355510 0.000000 
50.000000 46.888364 43.799910 40.757304 37.782191 34.894738 32.113225 29.453703 26.929734 24.552208 22.329255 20.266234 18.365805 16.628073 15.050793 13.629620 12.358396 11.229456 10.233943 9.362118 8.603653 7.947899 7.384123 6.901716 6.490354 6.140126 5.841626 5.586013 5.365039 5.171054 4.996999 4.836381 4.683240 4.532129 4.378080 4.216600 4.043662 3.855726 3.649767 3.423322 3.174548 2.902288 2.606134 2.286483 1.944570 1.582473 1.203078 0.809992 0.407422 0.000000 
50.000000 46.936498 43.895819 40.900277 37.971184 35.128394 32.389903 29.771514 27.286577 24.945814 22.757225 20.726085 18.855010 17.144098 15.591134 14.191831 12.940116 11.828431 10.848037 9.989325 9.242096 8.595829 8.039913 7.563846 7.157389 6.810700 6.514409 6.259681 6.038240 5.842370 5.664903 5.499190 5.339078 5.178872 5.013322 4.837608 4.647349 4.438630 4.208046 3.952777 3.670662 3.360302 3.021154 2.653619 2.259103 1.840044 1.399887 0.942990 0.474472 0.000000 
50.000000 46.995220 44.012827 41.074705 38.201756 35.413455 32.727452 30.159245 27.721928 25.426016 23.279354 21.287111 19.451851 17.773666 16.250374 14.877763 13.649864 12.559248 11.597324 10.754640 10.021160 9.386523 8.840267 8.372021 7.971664 7.629432 7.336012 7.082581 6.860835 6.662982 6.481726 6.310238 6.142125 5.971396 5.792445 5.600046 5.389366 5.156004 4.896061 4.606229 4.283911 3.927354 3.535792 3.109578 2.650293 2.160800 1.645237 1.108922 0.558166 0.000000 
50.000000 47.064973 44.151812 41.281894 38.475636 35.752058 33.128401 30.619803 28.239052 25.996417 23.899559 21.953524 20.160812 18.521507 17.033470 15.692578 14.492986 13.427421 12.487469 11.663867 10.946775 10.326024 9.791336 9.332503 8.939542 8.602799 8.313029 8.061436 7.839689 7.639918 7.454684 7.276950 7.100044 6.917624 6.723657 6.512419 6.278516 6.016936 5.723137 5.393171 5.023841 4.612887 4.159189 3.662962 3.125928 2.551428 1.944438 1.311482 0.660400 0.000000 
50.000000 47.146202 44.313664 41.523171 38.794576 36.146371 33.595319 31.156138 28.841261 26.660671 24.621814 22.729595 20.986437 19.392418 17.945451 16.641513 15.474909 14.438547 13.524222 12.722896 12.024961 11.420475 10.899378 10.451662 10.067512 9.737410 9.452203 9.203137 8.981867 8.780439 8.591267 8.407081 8.220894 8.025956 7.815737 7.583918 7.324421 7.031474 6.699721 6.324375 5.901431 5.427909 4.902139 4.324048 3.695419 3.020089 2.304024 1.555239 0.783527 0.000000 
50.000000 47.239332 44.499230 41.799800 39.160247 36.598458 34.130650 31.771058 29.531709 27.422258 25.449905 23.619392 21.933058 20.390972 18.991106 17.729558 16.600803 15.597961 14.713069 13.937351 13.261466 12.675743 12.170379 11.735599 11.361797 11.039622 10.760038 10.514358 10.294235 10.091647 9.898848 9.708325 9.512744 9.304900 9.077688 8.824094 8.537227 8.210384 7.837186 7.411770 6.929045 6.385024 5.777206 5.104983 4.370042 3.576683 2.732000 1.845835 0.930465 0.000000 
50.000000 47.344739 44.709258 42.112896 39.574123 37.110144 34.736554 32.467045 30.313182 28.284251 26.387174 24.626508 23.004498 21.521204 20.174666 18.961121 17.875239 16.910380 16.058861 15.312204 14.661381 14.097032 13.609652 13.189745 12.827951 12.515123 12.242380 12.001128 11.783046 11.580053 11.384258 11.187896 10.983264 10.762661 10.518341 10.242495 9.927274 9.564863 9.147620 8.668305 8.120397 7.498509 6.798906 6.020074 5.163313 4.233259 3.238233 2.190289 1.104867 0.000000 
50.000000 47.462719 44.944339 42.463340 40.037369 37.682867 35.414735 33.246056 31.187880 29.249078 27.436261 25.753782 24.203780 22.786306 21.499479 20.339690 19.301831 18.379539 17.565441 16.851403 16.228753 15.688485 15.221441 14.818451 14.470443 14.168520 13.903997 13.668411 13.453499 13.251151 13.053348 12.852083 12.639279 12.406709 12.145930 11.848250 11.504723 11.106220 10.643566 10.107793 9.490509 8.784416 7.983977 7.086202 6.091521 5.004609 3.835027 2.597458 1.311375 0.000000 
50.000000 47.593462 45.204852 42.851694 40.550728 38.317547 36.166283 34.109344 32.157209 30.318289 28.598855 27.003028 25.532836 24.188319 22.967684 21.867498 20.882901 20.007835 19.235284 18.557497 17.966201 17.452799 17.008526 16.624587 16.292252 16.002922 15.748157 15.519673 15.309309 15.108969 14.910539 14.705798 14.486307 14.243309 13.967634 13.649631 13.279132 12.845496 12.337723 11.744712 11.055668 10.260711 9.351719 8.323392 7.174494 5.909156 4.537997 3.078746 1.556023 0.000000 
50.000000 47.737024 45.490906 43.278125 41.114421 39.014456 36.991520 35.057278 33.221584 31.492345 29.875455 28.374786 26.992241 25.727852 24.579925 23.545219 22.619151 21.796005 21.069158 20.431286 19.874569 19.390863 18.971852 18.609171 18.294486 18.019554 17.776235 17.556483 17.352295 17.155645 16.958382 16.752117 16.528092 16.277047 15.989084 15.653555 15.258978 14.793021 14.242570 13.593950 12.833332 11.947418 10.924447 9.755586 8.436681 6.970248 5.367401 3.649214 1.846867 0.000000 
50.000000 47.893304 45.802301 43.742332 41.728051 39.773105 37.889866 36.089194 34.380259 32.770422 31.265167 29.868096 28.580977 27.403833 26.335080 25.371691 24.509386 23.742825 23.065819 22.471520 21.952603 21.501436 21.110205 20.771032 20.476041 20.217406 19.987352 19.778138 19.581993 19.391032 19.197144 18.991849 18.766147 18.510339 18.213850 17.865054 17.451116 16.957888 16.369889 15.670427 14.841950 13.866727 12.727984 11.411631 9.908646 8.218055 6.350171 4.329336 2.195022 0.000000 
50.000000 48.062025 46.138485 44.243495 42.390531 40.592150 38.859730 37.203262 35.631181 34.150256 32.765530 31.480315 30.296232 29.213297 28.230048 27.343691 26.550275 25.844873 25.221769 24.674634 24.196695 23.780879 23.419935 23.106530 22.833312 22.592936 22.378069 22.181351 21.995325 21.812343 21.624431 21.423130 21.199309 20.942952 20.642918 20.286697 19.860154 19.347300 18.730124 17.988543 17.100588 16.042956 14.792153 13.326473 11.629087 9.692345 7.523075 5.147870 2.616396 0.000000 
50.000000 48.242719 46.498528 44.780223 43.100026 41.469321 39.898427 38.396399 36.970887 35.628028 34.372392 33.206981 32.133259 31.151240 30.259590 29.455768 28.736181 28.096347 27.531064 27.034569 26.600686 26.222958 25.894754 25.609348 25.359975 25.139850 24.942154 24.759998 24.586336 24.413866 24.234875 24.041067 23.823342 23.571540 23.274151 22.917973 22.487752 21.965784 21.331537 20.561336 19.628227 18.502197 17.151062 15.542448 13.647443 11.446488 8.937694 6.146662 3.134727 0.000000 
50.000000 48.434722 46.881103 45.350541 43.853923 42.401389 41.002128 39.664208 38.394442 37.198293 36.079833 35.041731 34.085293 33.210524 32.416231 31.700146 31.059059 30.488965 29.985215 29.542655 29.155754 28.818725 28.525613 28.270362 28.046862 27.848958 27.670433 27.504959 27.346012 27.186758 27.019895 26.837463 26.630597 26.389238 26.101783 25.754660 25.331836 24.814235 24.179088 23.399245 22.442532 21.271346 19.842843 18.110354 16.027037 13.553152 10.668332 7.389007 3.787217 0.000000 
50.000000 48.637166 47.284483 45.951875 44.648819 43.384146 42.165855 41.000970 39.895421 38.853966 37.880148 36.976290 36.143525 35.381857 34.690242 34.066701 33.508430 33.011935 32.573154 32.187582 31.850384 31.556488 31.300670 31.077607 30.881910 30.708129 30.550731 30.404049 30.262194 30.118938 29.967558 29.800626 29.609763 29.385314 29.115955 28.788194 28.385756 27.888807 27.273004 26.508343 25.557829 24.376083 22.908199 21.089588 18.848239 16.111998 12.824660 8.974728 4.635624 0.000000 
50.000000 48.848990 47.706553 46.581070 45.480547 44.412439 43.383503 42.399672 41.465953 40.586363 39.763895 39.000509 38.297160 37.653850 37.069694 36.543016 36.071444 35.652019 35.281300 34.955471 34.670430 34.421872 34.205354 34.016341 33.850229 33.702345 33.567924 33.442057 33.319606 33.195095 33.062550 32.915302 32.745732 32.544947 32.302352 32.005115 31.637452 31.179694 30.607051 29.887978 28.982046 27.837243 26.386778 24.545893 22.210172 19.258986 15.571591 11.068403 5.789975 0.000000 
50.000000 49.068948 48.144831 47.234428 46.344215 45.480222 44.647915 43.852092 43.096804 42.385299 41.719998 41.102486 40.533534 40.013142 39.540592 39.114526 38.733022 38.393680 38.093712 37.830021 37.599278 37.397983 37.222524 37.069203 36.934258 36.813862 36.704095 36.600898 36.500000 36.396811 36.286287 36.162743 36.019615 35.849151 35.641997 35.386654 35.068733 34.669937 34.166641 33.527880 32.712484 31.665002 30.309960 28.544145 26.227316 23.174307 19.158602 13.953602 7.464045 0.000000 
50.000000 49.295631 48.596508 47.907760 47.234286 46.580648 45.950982 45.348916 44.777516 44.239238 43.735913 43.268740 42.838303 42.444599 42.087085 41.764731 41.476081 41.219317 40.992326 40.792758 40.618087 40.465659 40.332725 40.216471 40.114030 40.022475 39.938800 39.859879 39.782409 39.702818 39.617155 39.520931 39.408924 39.274903 39.111272 38.908577 38.654817 38.334470 37.927068 37.405077 36.730666 35.850681 34.688694 33.132347 31.013487 28.078874 23.954980 18.136820 10.119358 0.000000 
50.000000 49.527487 49.058493 48.596459 48.144672 47.706191 47.283790 46.879905 46.496590 46.135495 45.797847 45.484450 45.195695 44.931581 44.691741 44.475485 44.281835 44.109570 43.957268 43.823354 43.706128 43.603803 43.514532 43.436417 43.367523 43.305872 43.249428 43.196066 43.143532 43.089383 43.030896 42.964968 42.887960 42.795503 42.682230 42.541394 42.364342 42.139733 41.852363 41.481353 40.997233 40.357101 39.496236 38.313014 36.640683 34.193147 30.461069 24.529694 14.881765 0.000000 
50.000000 49.762856 49.527478 49.295593 49.068850 48.848785 48.636791 48.434089 48.241712 48.060485 47.891026 47.733738 47.588817 47.456261 47.335889 47.227351 47.130158 47.043695 46.967250 46.900029 46.841180 46.789804 46.744971 46.705728 46.671099 46.640086 46.611661 46.584751 46.558212 46.530802 46.501133 46.467618 46.428388 46.381191 46.323244 46.251033 46.160016 46.044191 45.895429 45.702412 45.448877 45.110552 44.649523 44.003125 43.060241 41.605829 39.176938 34.646153 24.881534 0.000000 
50.000000 50.000000 50.000000 50.000000 50.000000 50.000000 50.000000 50.000000 50.000000 50.000000 50.000000 50.000000 50.000000 50.000000 50.000000 50.000000 50.000000 50.000000 50.000000 50.000000 50.000000 50.000000 50.000000 50.000000 50.000000 50.000000 50.000000 50.000000 50.000000 50.000000 50.000000 50.000000 50.000000 50.000000 50.000000 50.000000 50.000000 50.000000 50.000000 50.000000 50.000000 50.000000 50.000000 50.000000 50.000000 50.000000 50.000000 50.000000 50.000000 50.000000 
