50.000000 50.000000 50.000000 50.000000 50.000000 50.000000 50.000000 50.000000 50.000000 50.000000 50.000000 50.000000 50.000000 50.000000 50.000000 50.000000 50.000000 50.000000 50.000000 50.000000 50.000000 50.000000 50.000000 50.000000 50.000000 50.000000 50.000000 50.000000 50.000000 50.000000 50.000000 50.000000 50.000000 50.000000 50.000000 50.000000 50.000000 50.000000 50.000000 50.000000 50.000000 50.000000 50.000000 50.000000 50.000000 50.000000 50.000000 50.000000 50.000000 50.000000 
50.000000 49.555627 49.117456 48.691429 48.282987 47.896863 47.536923 47.206060 46.906154 46.638082 46.401786 46.196384 46.020301 45.871434 45.747305 45.645223 45.562417 45.496159 45.443855 45.403110 45.371775 45.347962 45.330045 45.316647 45.306611 45.298964 45.292877 45.287615 45.282488 45.276790 45.269733 45.260372 45.247503 45.229545 45.204374 45.169107 45.119782 45.050913 44.954795 44.820426 44.631732 44.364486 43.980663 43.417319 42.562894 41.201738 38.870145 34.439814 24.777814 0.000000 
50.000000 49.117456 48.247229 47.401121 46.589937 45.823079 45.108222 44.451114 43.855487 43.323085 42.853793 42.445855 42.096148 41.800491 41.553967 41.351229 41.186774 41.055184 40.951307 40.870389 40.808159 40.760871 40.725296 40.698700 40.678788 40.663633 40.651594 40.641220 40.631153 40.620013 40.606264 40.588071 40.563111 40.528341 40.479694 40.411670 40.316761 40.184639 40.000938 39.745404 39.388941 38.888733 38.179842 37.160096 35.661871 33.397877 29.857291 24.123615 14.677642 0.000000 
50.000000 48.691429 47.401121 46.146574 44.943812 43.806771 42.746834 41.772525 40.889375 40.099969 39.404139 38.799281 38.280762 37.842386 37.476860 37.176256 36.932417 36.737309 36.583291 36.463317 36.371057 36.300953 36.248226 36.208824 36.179351 36.156958 36.139225 36.124027 36.109380 36.093283 36.073533 36.047511 36.011927 35.962499 35.893544 35.797431 35.663844 35.478743 35.222890 34.869664 34.381782 33.706222 32.766234 31.448667 29.584093 26.917533 23.073289 17.543832 9.821285 0.000000 
50.000000 48.282987 46.589938 44.943812 43.365634 41.873692 40.482921 39.204503 38.045699 37.009901 36.096885 35.303236 34.622876 34.047674 33.568061 33.173633 32.853690 32.597688 32.395604 32.238192 32.117150 32.025189 31.956040 31.904397 31.865812 31.836567 31.813511 31.793892 31.775164 31.754783 31.729980 31.697498 31.653283 31.592108 31.507093 31.389100 31.225912 31.001151 30.692775 30.270999 29.695361 28.910582 27.840778 26.381721 24.391534 21.682821 18.026285 13.192064 7.081251 0.000000 
50.000000 47.896864 45.823081 43.806773 41.873694 40.046243 38.342716 36.776810 35.357416 34.088690 32.970359 31.998237 31.164882 30.460332 29.872868 29.389747 28.997861 28.684297 28.436779 28.243984 28.095745 27.983138 27.898494 27.835323 27.788194 27.752577 27.724651 27.701101 27.678890 27.655024 27.626286 27.588946 27.538415 27.468842 27.372614 27.239734 27.057029 26.807130 26.467146 26.006948 25.386956 24.555367 23.444909 21.969616 20.023131 17.482172 14.222687 10.161214 5.333973 0.000000 
50.000000 47.536925 45.108225 42.746839 40.482926 38.342720 36.347647 34.513749 32.851438 31.365582 30.055860 28.917372 27.941399 27.116277 26.428279 25.862482 25.403535 25.036317 24.746452 24.520683 24.347104 24.215274 24.116217 24.042349 23.987333 23.945896 23.913613 23.886675 23.861634 23.835141 23.803658 23.763147 23.708717 23.634210 23.531718 23.390998 23.198756 22.937787 22.585914 22.114749 21.488268 20.661337 19.578513 18.173844 16.373131 14.101223 11.298184 7.948137 4.119609 0.000000 
50.000000 47.206064 44.451122 41.772535 39.204516 36.776822 34.513758 32.433519 30.547919 28.862476 27.376828 26.085416 24.978351 24.042399 23.261992 22.620202 22.099617 21.683085 21.354302 21.098231 20.901375 20.751896 20.639625 20.555978 20.493794 20.447132 20.411037 20.381274 20.354064 20.325798 20.292738 20.250697 20.194689 20.118533 20.014406 19.872323 19.679541 19.419875 19.072943 18.613370 18.010055 17.225672 16.216801 14.935300 13.331951 11.363764 9.006319 6.271291 3.225407 0.000000 
50.000000 46.906161 43.855502 40.889395 38.045725 35.357444 32.851465 30.547937 28.459942 26.593590 24.948481 23.518457 22.292568 21.256161 20.391995 19.681327 19.104875 18.643649 18.279595 17.996069 17.778128 17.612674 17.488461 17.396003 17.327404 17.276134 17.236773 17.204737 17.175989 17.146749 17.113182 17.071089 17.015567 16.940642 16.838872 16.700908 16.515022 16.266604 15.937675 15.506460 14.947153 14.230053 13.322376 12.190205 10.802133 9.135184 7.183202 4.966787 2.541684 0.000000 
50.000000 46.638095 43.323111 40.100007 37.009949 34.088745 31.365640 28.862529 26.593627 24.565574 22.777934 21.224015 19.891920 18.765725 17.826696 17.054465 16.428082 15.926911 15.531338 15.223281 14.986508 14.806797 14.671944 14.571663 14.497411 14.442142 14.400046 14.366252 14.336535 14.307016 14.273857 14.232953 14.179619 14.108256 14.012010 13.882414 13.709028 13.479100 13.177284 12.785487 12.282943 11.646688 10.852628 9.877485 8.701876 7.314652 5.718272 3.934201 2.006378 0.000000 
50.000000 46.401810 42.853840 39.404208 36.096973 32.970462 30.055974 27.376944 24.948585 22.778004 20.864733 19.201612 17.775906 16.570571 15.565558 14.739067 14.068676 13.532302 13.108954 12.779283 12.525926 12.333669 12.189469 12.082342 12.003180 11.944501 11.900163 11.865072 11.834871 11.805646 11.773619 11.734863 11.685001 11.618919 11.530471 11.412199 11.255067 11.048249 10.778996 10.432656 9.992919 9.442418 8.763796 7.941398 6.963650 5.826079 4.534621 3.108487 1.581410 0.000000 
50.000000 46.196425 42.445937 38.799400 35.303391 31.998422 28.917581 26.085639 23.518678 21.224209 19.201741 17.443701 15.936629 14.662506 13.600141 12.726489 12.017850 11.450881 11.003397 10.654949 10.387188 10.184046 10.031749 9.918716 9.835356 9.773813 9.727679 9.691684 9.661391 9.632892 9.602524 9.566583 9.521056 9.461366 9.382126 9.276918 9.138106 8.956710 8.722375 8.423483 8.047470 7.581423 7.013031 6.331938 5.531496 4.610790 3.576640 2.445085 1.241673 0.000000 
50.000000 46.020372 42.096288 38.280968 34.623144 31.165205 27.941769 24.978754 22.292987 19.892327 17.776258 15.936858 14.360042 13.026960 11.915437 11.001363 10.259941 9.666752 9.198584 8.834047 8.553951 8.341495 8.182286 8.064230 7.977329 7.913422 7.865880 7.829305 7.799213 7.771741 7.743363 7.710628 7.669906 7.617169 7.547781 7.456328 7.336485 7.180950 6.981472 6.728997 6.414000 6.027010 5.559399 5.004416 4.358433 3.622280 2.802441 1.911794 0.969531 0.000000 
50.000000 45.871552 41.800727 37.842734 34.048128 30.460883 27.116911 24.043102 21.256909 18.766487 16.571299 14.663127 13.027359 11.644440 10.491366 9.543126 8.773998 8.158647 7.673001 7.294871 7.004359 6.784045 6.619015 6.496746 6.406904 6.341074 6.292455 6.255552 6.225866 6.199596 6.173369 6.143990 6.108209 6.062524 6.003004 5.925158 5.823834 5.693196 5.526773 5.317618 5.058599 4.742851 4.364384 3.918857 3.404440 2.822689 2.179249 1.484207 0.751891 0.000000 
50.000000 45.747503 41.554360 37.477441 33.568819 29.873791 26.429347 23.263185 20.393284 17.828041 15.566905 13.601410 11.916505 10.492047 9.304340 8.327624 7.535402 6.901583 6.401372 6.011919 5.712732 5.485881 5.316017 5.190266 5.098015 5.030644 4.981220 4.944179 4.915022 4.890025 4.865968 4.839901 4.808930 4.770036 4.719926 4.654919 4.570884 4.463219 4.326923 4.156729 3.947361 3.693885 3.392179 3.039487 2.635016 2.180498 1.680601 1.143089 0.578597 0.000000 
50.000000 45.645549 41.351875 37.177212 33.174882 29.391269 25.864250 22.622186 19.683487 17.056752 14.741416 12.728810 11.003521 9.544924 8.328757 7.328638 6.517440 5.868445 5.356266 4.957511 4.651203 4.418989 4.245169 4.116578 4.022382 3.953797 3.903785 3.866738 3.838170 3.814433 3.792454 3.769509 3.743024 3.710407 3.668919 3.615578 3.547103 3.459915 3.350191 3.213984 3.047426 2.847000 2.609890 2.334370 2.020215 1.669059 1.284634 0.872832 0.441502 0.000000 
50.000000 45.562946 41.187824 36.933970 32.855720 29.000337 25.406417 22.102859 19.108422 16.431869 14.072622 12.021849 10.263845 8.777591 7.538366 6.519289 5.692718 5.031430 4.509559 4.103272 3.791200 3.554650 3.377637 3.246765 3.151020 3.081492 3.031063 2.994095 2.966123 2.943572 2.923502 2.903391 2.880940 2.853928 2.820081 2.776999 2.722101 2.652628 2.565688 2.458351 2.327803 2.171557 1.987697 1.775160 1.534011 1.265665 0.973035 0.660538 0.333933 0.000000 
50.000000 45.497008 41.056869 36.739801 32.600948 28.688274 25.040951 21.688305 18.649376 15.933056 13.538759 11.457520 9.673401 8.165072 6.907443 5.873235 5.034394 4.363295 3.833690 3.421393 3.104725 2.864721 2.685168 2.552490 2.455531 2.385281 2.334564 2.297724 2.270318 2.248837 2.230461 2.212837 2.193902 2.171741 2.144466 2.110149 2.066771 2.012221 1.944325 1.860925 1.759991 1.639769 1.498967 1.336939 1.153876 0.950946 0.730377 0.495447 0.250357 0.000000 
50.000000 45.445201 40.953977 36.587242 32.400773 28.443086 24.753804 21.362592 18.288706 15.541142 13.119307 11.014132 9.209497 7.683824 6.411736 5.365640 4.517160 3.838355 3.302675 2.885659 2.565383 2.322670 2.141130 2.007043 1.909146 1.838353 1.787444 1.750752 1.723856 1.703309 1.686387 1.670880 1.654919 1.636837 1.615060 1.588031 1.554174 1.511877 1.459518 1.395514 1.318405 1.226963 1.120317 0.998082 0.860488 0.708465 0.543694 0.368582 0.186177 0.000000 
50.000000 45.405219 40.874572 36.469506 32.246290 28.253865 24.532202 21.111227 18.010364 15.238689 12.795602 10.671956 8.851487 7.312431 6.029186 4.973916 4.117999 3.433247 2.892880 2.472225 2.149167 1.904367 1.721299 1.586133 1.487524 1.416329 1.365296 1.328752 1.302299 1.282537 1.266823 1.253064 1.239546 1.224798 1.207489 1.186357 1.160163 1.127675 1.087681 1.039024 0.980655 0.911715 0.831617 0.740138 0.637501 0.524428 0.402174 0.272496 0.137597 0.000000 
50.000000 45.375039 40.814634 36.380636 32.129682 28.111036 24.364932 20.921490 17.800265 15.010390 12.551262 10.413674 8.581255 7.032097 5.740431 4.678238 3.816707 3.127468 2.583564 2.160163 1.835007 1.588635 1.404417 1.268443 1.169305 1.097817 1.046707 1.010299 0.984212 0.965087 0.950344 0.937981 0.926405 0.914297 0.900511 0.884008 0.863800 0.838941 0.808518 0.771680 0.727673 0.675892 0.615940 0.547692 0.471344 0.387452 0.296943 0.201102 0.101516 0.000000 
50.000000 45.352955 40.770773 36.315603 32.044352 28.006518 24.242529 20.782647 17.646522 14.843330 12.372464 10.224674 8.383511 6.826961 5.529133 4.461874 3.596237 2.903714 2.357223 1.931813 1.605123 1.357602 1.172546 1.035984 0.936463 0.864770 0.813614 0.777321 0.751522 0.732891 0.718896 0.707604 0.697510 0.687410 0.676295 0.663287 0.647585 0.628444 0.605167 0.577118 0.543746 0.504620 0.459469 0.408223 0.351049 0.288372 0.220884 0.149529 0.075463 0.000000 
50.000000 45.337593 40.740264 36.270366 31.984995 27.933815 24.157384 20.686068 17.539578 14.727121 12.248092 10.093205 8.245960 6.684268 5.382154 4.311372 3.442878 2.748072 2.199781 1.772975 1.445219 1.196899 1.011261 0.874292 0.774509 0.702677 0.651496 0.615291 0.589705 0.571433 0.557980 0.547460 0.538433 0.529772 0.520567 0.510052 0.497553 0.482464 0.464235 0.442375 0.416468 0.386197 0.351371 0.311950 0.268076 0.220080 0.168490 0.114018 0.057528 0.000000 
50.000000 45.327923 40.721058 36.241890 31.947632 27.888050 24.103788 20.625273 17.472259 14.653972 12.169802 10.010450 8.159375 6.594448 5.289635 4.216635 3.346343 2.650100 2.100677 1.672992 1.344565 1.095744 0.909740 0.772516 0.672569 0.600651 0.549458 0.513312 0.487866 0.469829 0.456726 0.446705 0.438365 0.430631 0.422653 0.413735 0.403283 0.390779 0.375763 0.357833 0.336656 0.311982 0.283666 0.251687 0.216167 0.177377 0.135742 0.091829 0.046324 0.000000 
50.000000 45.323259 40.711796 36.228156 31.929611 27.865978 24.077938 20.595952 17.439791 14.618692 12.132044 9.970537 8.117616 6.551127 5.245014 4.170944 3.299785 2.602849 2.052880 1.624771 1.296020 1.046957 0.860777 0.723430 0.623405 0.551447 0.500248 0.464132 0.438756 0.420833 0.407903 0.398127 0.390123 0.382842 0.375462 0.367323 0.357868 0.346621 0.333165 0.317140 0.298252 0.276284 0.251112 0.222722 0.191226 0.156865 0.120016 0.081175 0.040945 0.000000 
50.000000 45.323259 40.711796 36.228156 31.929611 27.865978 24.077938 20.595952 17.439791 14.618692 12.132044 9.970537 8.117616 6.551127 5.245014 4.170944 3.299785 2.602849 2.052880 1.624771 1.296020 1.046957 0.860777 0.723430 0.623405 0.551447 0.500248 0.464132 0.438756 0.420833 0.407903 0.398127 0.390123 0.382842 0.375462 0.367323 0.357868 0.346621 0.333165 0.317140 0.298252 0.276284 0.251112 0.222722 0.191226 0.156865 0.120016 0.081175 0.040945 0.000000 
50.000000 45.327923 40.721058 36.241890 31.947632 27.888050 24.103788 20.625273 17.472259 14.653972 12.169802 10.010450 8.159375 6.594448 5.289635 4.216635 3.346343 2.650100 2.100677 1.672992 1.344565 1.095744 0.909740 0.772516 0.672569 0.600651 0.549458 0.513312 0.487866 0.469829 0.456726 0.446705 0.438365 0.430631 0.422653 0.413735 0.403283 0.390779 0.375763 0.357833 0.336656 0.311982 0.283666 0.251687 0.216167 0.177377 0.135742 0.091829 0.046324 0.000000 
50.000000 45.337593 40.740264 36.270366 31.984995 27.933815 24.157384 20.686068 17.539578 14.727121 12.248092 10.093205 8.245960 6.684268 5.382154 4.311372 3.442878 2.748072 2.199781 1.772975 1.445219 1.196899 1.011261 0.874292 0.774509 0.702677 0.651496 0.615291 0.589705 0.571433 0.557980 0.547460 0.538433 0.529772 0.520567 0.510052 0.497553 0.482464 0.464235 0.442375 0.416468 0.386197 0.351371 0.311950 0.268076 0.220080 0.168490 0.114018 0.057528 0.000000 
50.000000 45.352955 40.770773 36.315603 32.044352 28.006518 24.242529 20.782647 17.646522 14.843330 12.372464 10.224674 8.383511 6.826961 5.529133 4.461874 3.596237 2.903714 2.357223 1.931813 1.605123 1.357602 1.172546 1.035984 0.936463 0.864770 0.813614 0.777321 0.751522 0.732891 0.718896 0.707604 0.697510 0.687410 0.676295 0.663287 0.647585 0.628444 0.605167 0.577118 0.543746 0.504620 0.459469 0.408223 0.351049 0.288372 0.220884 0.149529 0.075463 0.000000 
50.000000 45.375039 40.814634 36.380636 32.129682 28.111036 24.364932 20.921490 17.800265 15.010390 12.551262 10.413674 8.581255 7.032097 5.740431 4.678238 3.816707 3.127468 2.583564 2.160163 1.835007 1.588635 1.404417 1.268443 1.169305 1.097817 1.046707 1.010299 0.984212 0.965087 0.950344 0.937981 0.926405 0.914297 0.900511 0.884008 0.863800 0.838941 0.808518 0.771680 0.727673 0.675892 0.615940 0.547692 0.471344 0.387452 0.296943 0.201102 0.101516 0.000000 
50.000000 45.405219 40.874572 36.469506 32.246290 28.253865 24.532202 21.111227 18.010364 15.238689 12.795602 10.671956 8.851487 7.312431 6.029186 4.973916 4.117999 3.433247 2.892880 2.472225 2.149167 1.904367 1.721299 1.586133 1.487524 1.416329 1.365296 1.328752 1.302299 1.282537 1.266823 1.253064 1.239546 1.224798 1.207489 1.186357 1.160163 1.127675 1.087681 1.039024 0.980655 0.911715 0.831617 0.740138 0.637501 0.524428 0.402174 0.272496 0.137597 0.000000 
50.000000 45.445201 40.953977 36.587242 32.400773 28.443086 24.753804 21.362592 18.288706 15.541142 13.119307 11.014132 9.209497 7.683824 6.411736 5.365640 4.517160 3.838355 3.302675 2.885659 2.565383 2.322670 2.141130 2.007043 1.909146 1.838353 1.787444 1.750752 1.723856 1.703309 1.686387 1.670880 1.654919 1.636837 1.615060 1.588031 1.554174 1.511877 1.459518 1.395514 1.318405 1.226963 1.120317 0.998082 0.860488 0.708465 0.543694 0.368582 0.186177 0.000000 
50.000000 45.497008 41.056869 36.739801 32.600948 28.688274 25.040951 21.688305 18.649376 15.933056 13.538759 11.457520 9.673401 8.165072 6.907443 5.873235 5.034394 4.363295 3.833690 3.421393 3.104725 2.864721 2.685168 2.552490 2.455531 2.385281 2.334564 2.297724 2.270318 2.248837 2.230461 2.212837 2.193902 2.171741 2.144466 2.110149 2.066771 2.012221 1.944325 1.860925 1.759991 1.639769 1.498967 1.336939 1.153876 0.950946 0.730377 0.495447 0.250357 0.000000 
50.000000 45.562946 41.187824 36.933970 32.855720 29.000337 25.406417 22.102859 19.108422 16.431869 14.072622 12.021849 10.263845 8.777591 7.538366 6.519289 5.692718 5.031430 4.509559 4.103272 3.791200 3.554650 3.377637 3.246765 3.151020 3.081492 3.031063 2.994095 2.966123 2.943572 2.923502 2.903391 2.880940 2.853928 2.820081 2.776999 2.722101 2.652628 2.565688 2.458351 2.327803 2.171557 1.987697 1.775160 1.534011 1.265665 0.973035 0.660538 0.333933 0.000000 
50.000000 45.645549 41.351875 37.177212 33.174882 29.391269 25.864250 22.622186 19.683487 17.056752 14.741416 12.728810 11.003521 9.544924 8.328757 7.328638 6.517440 5.868445 5.356266 4.957511 4.651203 4.418989 4.245169 4.116578 4.022382 3.953797 3.903785 3.866738 3.838170 3.814433 3.792454 3.769509 3.743024 3.710407 3.668919 3.615578 3.547103 3.459915 3.350191 3.213984 3.047426 2.847000 2.609890 2.334370 2.020215 1.669059 1.284634 0.872832 0.441502 0.000000 
50.000000 45.747503 41.554360 37.477441 33.568819 29.873791 26.429347 23.263185 20.393284 17.828041 15.566905 13.601410 11.916505 10.492047 9.304340 8.327624 7.535402 6.901583 6.401372 6.011919 5.712732 5.485881 5.316017 5.190266 5.098015 5.030644 4.981220 4.944179 4.915022 4.890025 4.865968 4.839901 4.808930 4.770036 4.719926 4.654919 4.570884 4.463219 4.326923 4.156729 3.947361 3.693885 3.392179 3.039487 2.635016 2.180498 1.680601 1.143089 0.578597 0.000000 
50.000000 45.871552 41.800727 37.842734 34.048128 30.460883 27.116911 24.043102 21.256909 18.766487 16.571299 14.663127 13.027359 11.644440 10.491366 9.543126 8.773998 8.158647 7.673001 7.294871 7.004359 6.784045 6.619015 6.496746 6.406904 6.341074 6.292455 6.255552 6.225866 6.199596 6.173369 6.143990 6.108209 6.062524 6.003004 5.925158 5.823834 5.693196 5.526773 5.317618 5.058599 4.742851 4.364384 3.918857 3.404440 2.822689 2.179249 1.484207 0.751891 0.000000 
50.000000 46.020372 42.096288 38.280968 34.623144 31.165205 27.941769 24.978754 22.292987 19.892327 17.776258 15.936858 14.360042 13.026960 11.915437 11.001363 10.259941 9.666752 9.198584 8.834047 8.553951 8.341495 8.182286 8.064230 7.977329 7.913422 7.865880 7.829305 7.799213 7.771741 7.743363 7.710628 7.669906 7.617169 7.547781 7.456328 7.336485 7.180950 6.981472 6.728997 6.414000 6.027010 5.559399 5.004416 4.358433 3.622280 2.802441 1.911794 0.969531 0.000000 
50.000000 46.196425 42.445937 38.799400 35.303391 31.998422 28.917581 26.085639 23.518678 21.224209 19.201741 17.443701 15.936629 14.662506 13.600141 12.726489 12.017850 11.450881 11.003397 10.654949 10.387188 10.184046 10.031749 9.918716 9.835356 9.773813 9.727679 9.691684 9.661391 9.632892 9.602524 9.566583 9.521056 9.461366 9.382126 9.276918 9.138106 8.956710 8.722375 8.423483 8.047470 7.581423 7.013031 6.331938 5.531496 4.610790 3.576640 2.445085 1.241673 0.000000 
50.000000 46.401810 42.853840 39.404208 36.096973 32.970462 30.055974 27.376944 24.948585 22.778004 20.864733 19.201612 17.775906 16.570571 15.565558 14.739067 14.068676 13.532302 13.108954 12.779283 12.525926 12.333669 12.189469 12.082342 12.003180 11.944501 11.900163 11.865072 11.834871 11.805646 11.773619 11.734863 11.685001 11.618919 11.530471 11.412199 11.255067 11.048249 10.778996 10.432656 9.992919 9.442418 8.763796 7.941398 6.963650 5.826079 4.534621 3.108487 1.581410 0.000000 
50.000000 46.638095 43.323111 40.100007 37.009949 34.088745 31.365640 28.862529 26.593627 24.565574 22.777934 21.224015 19.891920 18.765725 17.826696 17.054465 16.428082 15.926911 15.531338 15.223281 14.986508 14.806797 14.671944 14.571663 14.497411 14.442142 14.400046 14.366252 14.336535 14.307016 14.273857 14.232953 14.179619 14.108256 14.012010 13.882414 13.709028 13.479100 13.177284 12.785487 12.282943 11.646688 10.852628 9.877485 8.701876 7.314652 5.718272 3.934201 2.006378 0.000000 
50.000000 46.906161 43.855502 40.889395 38.045725 35.357444 32.851465 30.547937 28.459942 26.593590 24.948481 23.518457 22.292568 21.256161 20.391995 19.681327 19.104875 18.643649 18.279595 17.996069 17.778128 17.612674 17.488461 17.396003 17.327404 17.276134 17.236773 17.204737 17.175989 17.146749 17.113182 17.071089 17.015567 16.940642 16.838872 16.700908 16.515022 16.266604 15.937675 15.506460 14.947153 14.230053 13.322376 12.190205 10.802133 9.135184 7.183202 4.966787 2.541684 0.000000 
50.000000 47.206064 44.451122 41.772535 39.204516 36.776822 34.513758 32.433519 30.547919 28.862476 27.376828 26.085416 24.978351 24.042399 23.261992 22.620202 22.099617 21.683085 21.354302 21.098231 20.901375 20.751896 20.639625 20.555978 20.493794 20.447132 20.411037 20.381274 20.354064 20.325798 20.292738 20.250697 20.194689 20.118533 20.014406 19.872323 19.679541 19.419875 19.072943 18.613370 18.010055 17.225672 16.216801 14.935300 13.331951 11.363764 9.006319 6.271291 3.225407 0.000000 
50.000000 47.536925 45.108225 42.746839 40.482926 38.342720 36.347647 34.513749 32.851438 31.365582 30.055860 28.917372 27.941399 27.116277 26.428279 25.862482 25.403535 25.036317 24.746452 24.520683 24.347104 24.215274 24.116217 24.042349 23.987333 23.945896 23.913613 23.886675 23.861634 23.835141 23.803658 23.763147 23.708717 23.634210 23.531718 23.390998 23.198756 22.937787 22.585914 22.114749 21.488268 20.661337 19.578513 18.173844 16.373131 14.101223 11.298184 7.948137 4.119609 0.000000 
50.000000 47.896864 45.823081 43.806773 41.873694 40.046243 38.342716 36.776810 35.357416 34.088690 32.970359 31.998237 31.164882 30.460332 29.872868 29.389747 28.997861 28.684297 28.436779 28.243984 28.095745 27.983138 27.898494 27.835323 27.788194 27.752577 27.724651 27.701101 27.678890 27.655024 27.626286 27.588946 27.538415 27.468842 27.372614 27.239734 27.057029 26.807130 26.467146 26.006948 25.386956 24.555367 23.444909 21.969616 20.023131 17.482172 14.222687 10.161214 5.333973 0.000000 
50.000000 48.282987 46.589938 44.943812 43.365634 41.873692 40.482921 39.204503 38.045699 37.009901 36.096885 35.303236 34.622876 34.047674 33.568061 33.173633 32.853690 32.597688 32.395604 32.238192 32.117150 32.025189 31.956040 31.904397 31.865812 31.836567 31.813511 31.793892 31.775164 31.754783 31.729980 31.697498 31.653283 31.592108 31.507093 31.389100 31.225912 31.001151 30.692775 30.270999 29.695361 28.910582 27.840778 26.381721 24.391534 21.682821 18.026285 13.192064 7.081251 0.000000 
50.000000 48.691429 47.401121 46.146574 44.943812 43.806771 42.746834 41.772525 40.889375 40.099969 39.404139 38.799281 38.280762 37.842386 37.476860 37.176256 36.932417 36.737309 36.583291 36.463317 36.371057 36.300953 36.248226 36.208824 36.179351 36.156958 36.139225 36.124027 36.109380 36.093283 36.073533 36.047511 36.011927 35.962499 35.893544 35.797431 35.663844 35.478743 35.222890 34.869664 34.381782 33.706222 32.766234 31.448667 29.584093 26.917533 23.073289 17.543832 9.821285 0.000000 
50.000000 49.117456 48.247229 47.401121 46.589937 45.823079 45.108222 44.451114 43.855487 43.323085 42.853793 42.445855 42.096148 41.800491 41.553967 41.351229 41.186774 41.055184 40.951307 40.870389 40.808159 40.760871 40.725296 40.698700 40.678788 40.663633 40.651594 40.641220 40.631153 40.620013 40.606264 40.588071 40.563111 40.528341 40.479694 40.411670 40.316761 40.184639 40.000938 39.745404 39.388941 38.888733 38.179842 37.160096 35.661871 33.397877 29.857291 24.123615 14.677642 0.000000 
50.000000 49.555627 49.117456 48.691429 48.282987 47.896863 47.536923 47.206060 46.906154 46.638082 46.401786 46.196384 46.020301 45.871434 45.747305 45.645223 45.562417 45.496159 45.443855 45.403110 45.371775 45.347962 45.330045 45.316647 45.306611 45.298964 45.292877 45.287615 45.282488 45.276790 45.269733 45.260372 45.247503 45.229545 45.204374 45.169107 45.119782 45.050913 44.954795 44.820426 44.631732 44.364486 43.980663 43.417319 42.562894 41.201738 38.870145 34.439814 24.777814 0.000000 
50.000000 50.000000 50.000000 50.000000 50.000000 50.000000 50.000000 50.000000 50.000000 50.000000 50.000000 50.000000 50.000000 50.000000 50.000000 50.000000 50.000000 50.000000 50.000000 50.000000 50.000000 50.000000 50.000000 50.000000 50.000000 50.000000 50.000000 50.000000 50.000000 50.000000 50.000000 50.000000 50.000000 50.000000 50.000000 50.000000 50.000000 50.000000 50.000000 50.000000 50.000000 50.000000 50.000000 50.000000 50.000000 50.000000 50.000000 50.000000 50.000000 50.000000 
