50.000000 50.000000 50.000000 50.000000 50.000000 50.000000 50.000000 50.000000 50.000000 50.000000 50.000000 50.000000 50.000000 50.000000 50.000000 50.000000 50.000000 50.000000 50.000000 50.000000 50.000000 50.000000 50.000000 50.000000 50.000000 50.000000 50.000000 50.000000 50.000000 50.000000 50.000000 50.000000 50.000000 50.000000 50.000000 50.000000 50.000000 50.000000 50.000000 50.000000 50.000000 50.000000 50.000000 50.000000 50.000000 50.000000 50.000000 50.000000 50.000000 50.000000 
50.000000 49.577565 49.160735 48.754891 48.364983 47.995352 47.649582 47.330416 47.039700 46.778395 46.546623 46.343752 46.168513 46.019128 45.893447 45.789089 45.703561 45.634369 45.579107 45.535523 45.501559 45.475385 45.455396 45.440209 45.428640 45.419676 45.412437 45.406129 45.400000 45.393277 45.385105 45.374466 45.360086 45.340307 45.312933 45.275002 45.222481 45.149814 45.049233 44.909687 44.715061 44.441111 44.049809 43.478236 42.614879 41.244158 38.902461 34.461603 24.788783 0.000000 
50.000000 49.160735 48.332604 47.526301 46.751659 46.017300 45.330350 44.696251 44.118677 43.599535 43.139066 42.736017 42.387865 42.091076 41.841383 41.634052 41.464132 41.326668 41.216880 41.130291 41.062820 41.010826 40.971123 40.940966 40.918007 40.900236 40.885911 40.873466 40.861420 40.848259 40.832316 40.811615 40.783689 40.745350 40.692384 40.619139 40.517968 40.378404 40.185960 39.920282 39.552198 39.038854 38.315311 37.279444 35.763718 33.480985 29.920604 24.166303 14.699133 0.000000 
50.000000 48.754891 47.526301 46.330093 45.180858 44.091385 43.072246 42.131518 41.274646 40.504463 39.821327 39.223377 38.706870 38.266564 37.896129 37.588541 37.336455 37.132521 36.969648 36.841195 36.741107 36.663986 36.605109 36.560408 36.526406 36.500134 36.479020 36.460768 36.443211 36.424157 36.401205 36.371532 36.331638 36.277031 36.201809 36.098128 35.955462 35.759574 35.491048 35.123119 34.618395 33.923796 32.962574 31.621641 29.731704 27.037983 23.165050 17.605701 9.852431 0.000000 
50.000000 48.364984 46.751661 45.180859 43.671741 42.241099 40.902817 39.667500 38.542300 37.530935 36.633877 35.848681 35.170432 34.592247 34.105813 33.701907 33.370885 33.103095 32.889226 32.720561 32.589150 32.487907 32.410638 32.352008 32.307465 32.273127 32.245648 32.222050 32.199551 32.175359 32.146447 32.109297 32.059586 31.991814 31.898827 31.771210 31.596481 31.358009 31.033529 30.593068 29.996028 29.187056 28.090269 26.601520 24.579103 21.835878 18.142886 13.270681 7.120829 0.000000 
50.000000 47.995353 46.017303 44.091389 42.241102 40.487034 38.846206 37.331621 35.952048 34.712046 33.612191 32.649489 31.817911 31.109020 30.512621 30.017410 29.611559 29.283240 29.021034 28.814257 28.653166 28.529080 28.434411 28.362630 28.308176 28.266319 28.232995 28.204616 28.177858 28.149427 28.115798 28.072928 28.015907 27.938561 27.832949 27.688751 27.492478 27.226464 26.867553 26.385397 25.740255 24.880238 23.738073 22.227892 20.243535 17.662022 14.359700 10.253594 5.380479 0.000000 
50.000000 47.649586 45.330356 43.072255 40.902827 38.846214 36.922373 35.146551 33.529028 32.075151 30.785595 29.656848 28.681843 27.850687 27.151427 26.570807 26.094965 25.710028 25.402615 25.160198 24.971361 24.825931 24.715025 24.631004 24.567373 24.518624 24.480046 24.447515 24.417248 24.385551 24.348536 24.301807 24.240110 24.156923 24.043968 23.890639 23.683290 23.404383 23.031447 22.535848 21.881382 21.022818 19.904713 18.461224 16.618370 14.301339 11.450636 8.050926 4.171356 0.000000 
50.000000 47.330423 44.696265 42.131536 39.667521 37.331642 35.146566 33.129608 31.292446 29.641152 28.176493 26.894480 25.787086 24.843074 24.048870 23.389419 22.848974 22.411783 22.062648 21.787347 21.572916 21.407814 21.281963 21.186709 21.114706 21.059745 21.016544 20.980515 20.947505 20.913520 20.874435 20.825671 20.761847 20.676385 20.561064 20.405508 20.196592 19.917777 19.548363 19.062714 18.429534 17.611395 16.564877 15.241952 13.593637 11.577300 9.168995 6.380974 3.280623 0.000000 
50.000000 47.039712 44.118701 41.274681 38.542343 35.952095 33.529073 31.292477 29.255259 27.424150 25.800000 24.378388 23.150410 22.103607 21.222927 20.491675 19.892392 19.407611 19.020484 18.715242 18.477519 18.294526 18.155106 18.049687 17.970160 17.909692 17.862506 17.823626 17.788609 17.753257 17.713322 17.664185 17.600525 17.515949 17.402599 17.250717 17.048178 16.780005 16.427888 15.969781 15.379679 14.627771 13.681276 12.506393 11.071956 9.355359 7.350936 5.079880 2.598617 0.000000 
50.000000 46.778417 43.599578 40.504526 37.531015 34.712137 32.075247 29.641240 27.424209 25.431481 23.663982 22.116897 20.780540 19.641351 18.682948 17.887165 17.235002 16.707453 16.286186 15.954045 15.695406 15.496361 15.344787 15.230297 15.144104 15.078834 15.028284 14.987163 14.950811 14.914909 14.875179 14.827083 14.765502 14.684407 14.576520 14.432957 14.242877 13.993156 13.668115 13.249386 12.716005 12.044898 11.211971 10.194062 8.972031 7.535099 5.886212 4.047433 2.063382 0.000000 
50.000000 46.546661 43.139142 39.821438 36.634019 33.612359 30.785779 28.176679 25.800167 23.664093 21.769452 20.111083 18.678602 17.457473 16.430138 15.577123 14.878063 14.312588 13.861048 13.505062 13.227888 13.014633 12.852321 12.729846 12.637834 12.568441 12.515111 12.472299 12.435194 12.399421 12.360751 12.314811 12.256785 12.181127 12.081267 11.949330 11.775888 11.549744 11.257825 10.885206 10.415383 9.830881 9.114341 8.250223 7.227191 6.041128 4.698449 3.218946 1.637017 0.000000 
50.000000 46.343818 42.736147 39.223568 35.848928 32.649784 29.657181 26.894833 24.378735 22.117201 20.111283 18.355515 16.838905 15.546062 14.458397 13.555294 12.815192 12.216528 11.738501 11.361656 11.068277 10.842609 10.670935 10.541527 10.444506 10.371630 10.316049 10.272024 10.234643 10.199529 10.162556 10.119572 10.066127 9.997216 9.907035 9.788763 9.634381 9.434552 9.178608 8.854671 8.449987 7.951542 7.347022 6.626179 5.782590 4.815681 3.732730 2.550327 1.294655 0.000000 
50.000000 46.168624 42.388083 38.707191 35.170850 31.818415 28.682419 25.787713 23.151059 20.781168 18.679142 16.839254 15.249984 13.895205 12.755437 11.809077 11.033532 10.406208 9.905311 9.510461 9.203100 8.966733 8.787008 8.651663 8.550388 8.474614 8.417249 8.372409 8.335122 8.301046 8.266193 8.226663 8.178398 8.116951 8.037287 7.933603 7.799209 7.626467 7.406828 7.130995 6.789263 6.372066 5.870772 5.278730 4.592521 3.813295 2.947959 2.009907 1.018924 0.000000 
50.000000 46.019309 42.091436 38.267097 34.592941 31.109861 27.851656 24.844146 22.104747 19.642507 17.458573 15.546994 13.895801 12.488238 11.304067 10.320843 9.515095 8.863349 8.342968 7.932781 7.613517 7.368052 7.181493 7.041131 6.936297 6.858146 6.799399 6.754060 6.717133 6.684335 6.651831 6.615985 6.573128 6.519358 6.450362 6.361282 6.246626 6.100243 5.915386 5.684881 5.401432 5.058084 4.648843 4.169458 3.618293 2.997192 2.312188 1.573839 0.797014 0.000000 
50.000000 45.893743 41.841971 37.896998 34.106948 30.514002 27.153026 24.050654 21.224852 18.684953 16.432140 14.460274 12.757009 11.305060 10.083551 9.069329 8.238185 7.565906 7.029145 6.606068 6.276806 6.023706 5.831426 5.686881 5.579107 5.499037 5.439241 5.393647 5.357253 5.325849 5.295760 5.263605 5.226086 5.179802 5.121099 5.045957 4.949927 4.828120 4.675282 4.485939 4.254666 3.976447 3.647154 3.264113 2.826702 2.336912 1.799760 1.223430 0.619042 0.000000 
50.000000 45.789566 41.634998 37.589941 33.703738 30.019641 26.573401 23.392327 20.494841 17.890513 15.580555 13.558674 11.812208 10.323436 9.070950 8.031014 7.178802 6.489492 5.939145 5.505381 5.167833 4.908414 4.711407 4.563423 4.453255 4.371657 4.311084 4.265410 4.229642 4.199650 4.171912 4.143285 4.110807 4.071524 4.022362 3.960022 3.880937 3.781265 3.656954 3.503874 3.318020 3.095803 2.834399 2.532155 2.188995 1.806782 1.389554 0.943572 0.477115 0.000000 
50.000000 45.704320 41.465637 37.338683 33.373800 29.615117 26.099107 22.853634 19.897491 17.240444 14.883727 12.820921 11.039107 9.520204 8.242374 7.181398 6.311950 5.608706 5.047247 4.604743 4.260423 3.995843 3.794985 3.644211 3.532120 3.449323 3.388189 3.342553 3.307443 3.278805 3.253259 3.227876 3.199986 3.167028 3.126415 3.075460 3.011319 2.930999 2.831404 2.709438 2.562170 2.387045 2.182142 1.946459 1.680187 1.384943 1.063903 0.721804 0.364776 0.000000 
50.000000 45.635562 41.329035 37.136025 33.107682 29.288839 25.716556 22.419141 19.415688 16.716120 14.321690 12.225875 10.415552 8.872349 7.574078 6.496133 5.612784 4.898305 4.327886 3.878337 3.528561 3.259829 3.055878 2.902873 2.789258 2.705535 2.644005 2.598480 2.564012 2.536618 2.513042 2.490541 2.466698 2.439276 2.406101 2.364979 2.313657 2.249812 2.171094 2.075197 1.959985 1.823649 1.664887 1.483107 1.278606 1.052724 0.807913 0.547725 0.276674 0.000000 
50.000000 45.580961 41.220559 36.975093 32.896356 29.029740 25.412771 22.074109 19.033088 16.299754 13.875377 11.753352 9.920390 8.357891 7.043389 5.951971 5.057586 4.334185 3.756654 3.301515 2.947411 2.675387 2.468991 2.314229 2.199425 2.114998 2.053195 2.007819 1.973943 1.947648 1.925786 1.905768 1.885388 1.862676 1.835790 1.802935 1.762323 1.712154 1.650649 1.576098 1.486948 1.381920 1.260136 1.121255 0.965595 0.794231 0.609030 0.412634 0.208354 0.000000 
50.000000 45.538371 41.135943 36.849560 32.731513 28.827634 25.175807 21.804972 18.734647 15.974975 13.527239 11.384769 9.534149 7.956600 6.629438 5.527511 4.624518 3.894161 3.311084 2.851586 2.494110 2.219525 2.011228 1.855106 1.739391 1.654436 1.592453 1.547236 1.513881 1.488523 1.468104 1.450161 1.432656 1.413835 1.392119 1.366026 1.334125 1.295021 1.247361 1.189877 1.121440 1.041147 0.948402 0.843017 0.725289 0.596062 0.456744 0.309289 0.156119 0.000000 
50.000000 45.505885 41.071403 36.753811 32.605782 28.673480 24.995067 21.599691 18.507016 15.727255 13.261703 11.103640 9.239553 7.650524 6.313707 5.203765 4.294208 3.558546 2.971240 2.508419 2.148374 1.871838 1.662097 1.504946 1.388547 1.303204 1.241105 1.196040 1.163123 1.138535 1.119288 1.103020 1.087825 1.072118 1.054520 1.033788 1.008766 0.978355 0.941521 0.897317 0.844916 0.783674 0.713188 0.633358 0.544444 0.447099 0.342382 0.231738 0.116939 0.000000 
50.000000 45.481881 41.023713 36.683061 32.512877 28.559573 24.861514 21.448007 18.338815 15.544212 13.065495 10.895911 9.021872 7.424362 6.080411 4.964548 4.050140 3.310559 2.720129 2.254855 1.892912 1.614938 1.404133 1.246226 1.129328 1.043710 0.981539 0.936605 0.904038 0.880054 0.861719 0.846747 0.833334 0.820018 0.805571 0.788929 0.769131 0.745298 0.716625 0.682388 0.641974 0.594917 0.540937 0.479987 0.412285 0.338338 0.258948 0.175192 0.088382 0.000000 
50.000000 45.465041 40.990257 36.633426 32.447700 28.479662 24.767822 21.341594 18.220817 15.415801 12.927848 10.750181 8.869162 7.265702 5.916746 4.796729 3.878920 3.136589 2.543969 2.076974 1.713702 1.434719 1.223170 1.064736 0.947492 0.861686 0.799473 0.754643 0.722337 0.698796 0.681127 0.667099 0.654977 0.643390 0.631216 0.617512 0.601459 0.582327 0.559465 0.532305 0.500374 0.463324 0.420953 0.373243 0.320376 0.262754 0.200999 0.135936 0.068562 0.000000 
50.000000 45.454370 40.969056 36.601974 32.406399 28.429025 24.708451 21.274162 18.146044 15.334429 12.840624 10.657836 8.772393 7.165162 5.813036 4.690387 3.770422 3.026349 2.432341 1.964256 1.600141 1.320521 1.108501 0.949735 0.832274 0.746351 0.684116 0.639356 0.607223 0.583973 0.566738 0.553323 0.542040 0.531572 0.520866 0.509058 0.495414 0.479300 0.460161 0.437523 0.411002 0.380317 0.345315 0.305991 0.262503 0.215184 0.164543 0.111247 0.056099 0.000000 
50.000000 45.449201 40.958787 36.586740 32.386394 28.404498 24.679694 21.241501 18.109826 15.295015 12.798376 10.613107 8.725522 7.116465 5.762803 4.638879 3.717870 2.972954 2.378273 1.909660 1.545138 1.265209 1.052961 0.894034 0.776469 0.690491 0.628246 0.583521 0.551474 0.528368 0.511347 0.498234 0.487363 0.477444 0.467458 0.456578 0.444112 0.429470 0.412146 0.391710 0.367818 0.340224 0.308795 0.273531 0.234579 0.192239 0.146963 0.099344 0.050091 0.000000 
50.000000 45.449201 40.958787 36.586740 32.386394 28.404498 24.679694 21.241501 18.109826 15.295015 12.798376 10.613107 8.725522 7.116465 5.762803 4.638879 3.717870 2.972954 2.378273 1.909660 1.545138 1.265209 1.052961 0.894034 0.776469 0.690491 0.628246 0.583521 0.551474 0.528368 0.511347 0.498234 0.487363 0.477444 0.467458 0.456578 0.444112 0.429470 0.412146 0.391710 0.367818 0.340224 0.308795 0.273531 0.234579 0.192239 0.146963 0.099344 0.050091 0.000000 
50.000000 45.454370 40.969056 36.601974 32.406399 28.429025 24.708451 21.274162 18.146044 15.334429 12.840624 10.657836 8.772393 7.165162 5.813036 4.690387 3.770422 3.026349 2.432341 1.964256 1.600141 1.320521 1.108501 0.949735 0.832274 0.746351 0.684116 0.639356 0.607223 0.583973 0.566738 0.553323 0.542040 0.531572 0.520866 0.509058 0.495414 0.479300 0.460161 0.437523 0.411002 0.380317 0.345315 0.305991 0.262503 0.215184 0.164543 0.111247 0.056099 0.000000 
50.000000 45.465041 40.990257 36.633426 32.447700 28.479662 24.767822 21.341594 18.220817 15.415801 12.927848 10.750181 8.869162 7.265702 5.916746 4.796729 3.878920 3.136589 2.543969 2.076974 1.713702 1.434719 1.223170 1.064736 0.947492 0.861686 0.799473 0.754643 0.722337 0.698796 0.681127 0.667099 0.654977 0.643390 0.631216 0.617512 0.601459 0.582327 0.559465 0.532305 0.500374 0.463324 0.420953 0.373243 0.320376 0.262754 0.200999 0.135936 0.068562 0.000000 
50.000000 45.481881 41.023713 36.683061 32.512877 28.559573 24.861514 21.448007 18.338815 15.544212 13.065495 10.895911 9.021872 7.424362 6.080411 4.964548 4.050140 3.310559 2.720129 2.254855 1.892912 1.614938 1.404133 1.246226 1.129328 1.043710 0.981539 0.936605 0.904038 0.880054 0.861719 0.846747 0.833334 0.820018 0.805571 0.788929 0.769131 0.745298 0.716625 0.682388 0.641974 0.594917 0.540937 0.479987 0.412285 0.338338 0.258948 0.175192 0.088382 0.000000 
50.000000 45.505885 41.071403 36.753811 32.605782 28.673480 24.995067 21.599691 18.507016 15.727255 13.261703 11.103640 9.239553 7.650524 6.313707 5.203765 4.294208 3.558546 2.971240 2.508419 2.148374 1.871838 1.662097 1.504946 1.388547 1.303204 1.241105 1.196040 1.163123 1.138535 1.119288 1.103020 1.087825 1.072118 1.054520 1.033788 1.008766 0.978355 0.941521 0.897317 0.844916 0.783674 0.713188 0.633358 0.544444 0.447099 0.342382 0.231738 0.116939 0.000000 
50.000000 45.538371 41.135943 36.849560 32.731513 28.827634 25.175807 21.804972 18.734647 15.974975 13.527239 11.384769 9.534149 7.956600 6.629438 5.527511 4.624518 3.894161 3.311084 2.851586 2.494110 2.219525 2.011228 1.855106 1.739391 1.654436 1.592453 1.547236 1.513881 1.488523 1.468104 1.450161 1.432656 1.413835 1.392119 1.366026 1.334125 1.295021 1.247361 1.189877 1.121440 1.041147 0.948402 0.843017 0.725289 0.596062 0.456744 0.309289 0.156119 0.000000 
50.000000 45.580961 41.220559 36.975093 32.896356 29.029740 25.412771 22.074109 19.033088 16.299754 13.875377 11.753352 9.920390 8.357891 7.043389 5.951971 5.057586 4.334185 3.756654 3.301515 2.947411 2.675387 2.468991 2.314229 2.199425 2.114998 2.053195 2.007819 1.973943 1.947648 1.925786 1.905768 1.885388 1.862676 1.835790 1.802935 1.762323 1.712154 1.650649 1.576098 1.486948 1.381920 1.260136 1.121255 0.965595 0.794231 0.609030 0.412634 0.208354 0.000000 
50.000000 45.635562 41.329035 37.136025 33.107682 29.288839 25.716556 22.419141 19.415688 16.716120 14.321690 12.225875 10.415552 8.872349 7.574078 6.496133 5.612784 4.898305 4.327886 3.878337 3.528561 3.259829 3.055878 2.902873 2.789258 2.705535 2.644005 2.598480 2.564012 2.536618 2.513042 2.490541 2.466698 2.439276 2.406101 2.364979 2.313657 2.249812 2.171094 2.075197 1.959985 1.823649 1.664887 1.483107 1.278606 1.052724 0.807913 0.547725 0.276674 0.000000 
50.000000 45.704320 41.465637 37.338683 33.373800 29.615117 26.099107 22.853634 19.897491 17.240444 14.883727 12.820921 11.039107 9.520204 8.242374 7.181398 6.311950 5.608706 5.047247 4.604743 4.260423 3.995843 3.794985 3.644211 3.532120 3.449323 3.388189 3.342553 3.307443 3.278805 3.253259 3.227876 3.199986 3.167028 3.126415 3.075460 3.011319 2.930999 2.831404 2.709438 2.562170 2.387045 2.182142 1.946459 1.680187 1.384943 1.063903 0.721804 0.364776 0.000000 
50.000000 45.789566 41.634998 37.589941 33.703738 30.019641 26.573401 23.392327 20.494841 17.890513 15.580555 13.558674 11.812208 10.323436 9.070950 8.031014 7.178802 6.489492 5.939145 5.505381 5.167833 4.908414 4.711407 4.563423 4.453255 4.371657 4.311084 4.265410 4.229642 4.199650 4.171912 4.143285 4.110807 4.071524 4.022362 3.960022 3.880937 3.781265 3.656954 3.503874 3.318020 3.095803 2.834399 2.532155 2.188995 1.806782 1.389554 0.943572 0.477115 0.000000 
50.000000 45.893743 41.841971 37.896998 34.106948 30.514002 27.153026 24.050654 21.224852 18.684953 16.432140 14.460274 12.757009 11.305060 10.083551 9.069329 8.238185 7.565906 7.029145 6.606068 6.276806 6.023706 5.831426 5.686881 5.579107 5.499037 5.439241 5.393647 5.357253 5.325849 5.295760 5.263605 5.226086 5.179802 5.121099 5.045957 4.949927 4.828120 4.675282 4.485939 4.254666 3.976447 3.647154 3.264113 2.826702 2.336912 1.799760 1.223430 0.619042 0.000000 
50.000000 46.019309 42.091436 38.267097 34.592941 31.109861 27.851656 24.844146 22.104747 19.642507 17.458573 15.546994 13.895801 12.488238 11.304067 10.320843 9.515095 8.863349 8.342968 7.932781 7.613517 7.368052 7.181493 7.041131 6.936297 6.858146 6.799399 6.754060 6.717133 6.684335 6.651831 6.615985 6.573128 6.519358 6.450362 6.361282 6.246626 6.100243 5.915386 5.684881 5.401432 5.058084 4.648843 4.169458 3.618293 2.997192 2.312188 1.573839 0.797014 0.000000 
50.000000 46.168624 42.388083 38.707191 35.170850 31.818415 28.682419 25.787713 23.151059 20.781168 18.679142 16.839254 15.249984 13.895205 12.755437 11.809077 11.033532 10.406208 9.905311 9.510461 9.203100 8.966733 8.787008 8.651663 8.550388 8.474614 8.417249 8.372409 8.335122 8.301046 8.266193 8.226663 8.178398 8.116951 8.037287 7.933603 7.799209 7.626467 7.406828 7.130995 6.789263 6.372066 5.870772 5.278730 4.592521 3.813295 2.947959 2.009907 1.018924 0.000000 
50.000000 46.343818 42.736147 39.223568 35.848928 32.649784 29.657181 26.894833 24.378735 22.117201 20.111283 18.355515 16.838905 15.546062 14.458397 13.555294 12.815192 12.216528 11.738501 11.361656 11.068277 10.842609 10.670935 10.541527 10.444506 10.371630 10.316049 10.272024 10.234643 10.199529 10.162556 10.119572 10.066127 9.997216 9.907035 9.788763 9.634381 9.434552 9.178608 8.854671 8.449987 7.951542 7.347022 6.626179 5.782590 4.815681 3.732730 2.550327 1.294655 0.000000 
50.000000 46.546661 43.139142 39.821438 36.634019 33.612359 30.785779 28.176679 25.800167 23.664093 21.769452 20.111083 18.678602 17.457473 16.430138 15.577123 14.878063 14.312588 13.861048 13.505062 13.227888 13.014633 12.852321 12.729846 12.637834 12.568441 12.515111 12.472299 12.435194 12.399421 12.360751 12.314811 12.256785 12.181127 12.081267 11.949330 11.775888 11.549744 11.257825 10.885206 10.415383 9.830881 9.114341 8.250223 7.227191 6.041128 4.698449 3.218946 1.637017 0.000000 
50.000000 46.778417 43.599578 40.504526 37.531015 34.712137 32.075247 29.641240 27.424209 25.431481 23.663982 22.116897 20.780540 19.641351 18.682948 17.887165 17.235002 16.707453 16.286186 15.954045 15.695406 15.496361 15.344787 15.230297 15.144104 15.078834 15.028284 14.987163 14.950811 14.914909 14.875179 14.827083 14.765502 14.684407 14.576520 14.432957 14.242877 13.993156 13.668115 13.249386 12.716005 12.044898 11.211971 10.194062 8.972031 7.535099 5.886212 4.047433 2.063382 0.000000 
50.000000 47.039712 44.118701 41.274681 38.542343 35.952095 33.529073 31.292477 29.255259 27.424150 25.800000 24.378388 23.150410 22.103607 21.222927 20.491675 19.892392 19.407611 19.020484 18.715242 18.477519 18.294526 18.155106 18.049687 17.970160 17.909692 17.862506 17.823626 17.788609 17.753257 17.713322 17.664185 17.600525 17.515949 17.402599 17.250717 17.048178 16.780005 16.427888 15.969781 15.379679 14.627771 13.681276 12.506393 11.071956 9.355359 7.350936 5.079880 2.598617 0.000000 
50.000000 47.330423 44.696265 42.131536 39.667521 37.331642 35.146566 33.129608 31.292446 29.641152 28.176493 26.894480 25.787086 24.843074 24.048870 23.389419 22.848974 22.411783 22.062648 21.787347 21.572916 21.407814 21.281963 21.186709 21.114706 21.059745 21.016544 20.980515 20.947505 20.913520 20.874435 20.825671 20.761847 20.676385 20.561064 20.405508 20.196592 19.917777 19.548363 19.062714 18.429534 17.611395 16.564877 15.241952 13.593637 11.577300 9.168995 6.380974 3.280623 0.000000 
50.000000 47.649586 45.330356 43.072255 40.902827 38.846214 36.922373 35.146551 33.529028 32.075151 30.785595 29.656848 28.681843 27.850687 27.151427 26.570807 26.094965 25.710028 25.402615 25.160198 24.971361 24.825931 24.715025 24.631004 24.567373 24.518624 24.480046 24.447515 24.417248 24.385551 24.348536 24.301807 24.240110 24.156923 24.043968 23.890639 23.683290 23.404383 23.031447 22.535848 21.881382 21.022818 19.904713 18.461224 16.618370 14.301339 11.450636 8.050926 4.171356 0.000000 
50.000000 47.995353 46.017303 44.091389 42.241102 40.487034 38.846206 37.331621 35.952048 34.712046 33.612191 32.649489 31.817911 31.109020 30.512621 30.017410 29.611559 29.283240 29.021034 28.814257 28.653166 28.529080 28.434411 28.362630 28.308176 28.266319 28.232995 28.204616 28.177858 28.149427 28.115798 28.072928 28.015907 27.938561 27.832949 27.688751 27.492478 27.226464 26.867553 26.385397 25.740255 24.880238 23.738073 22.227892 20.243535 17.662022 14.359700 10.253594 5.380479 0.000000 
50.000000 48.364984 46.751661 45.180859 43.671741 42.241099 40.902817 39.667500 38.542300 37.530935 36.633877 35.848681 35.170432 34.592247 34.105813 33.701907 33.370885 33.103095 32.889226 32.720561 32.589150 32.487907 32.410638 32.352008 32.307465 32.273127 32.245648 32.222050 32.199551 32.175359 32.146447 32.109297 32.059586 31.991814 31.898827 31.771210 31.596481 31.358009 31.033529 30.593068 29.996028 29.187056 28.090269 26.601520 24.579103 21.835878 18.142886 13.270681 7.120829 0.000000 
50.000000 48.754891 47.526301 46.330093 45.180858 44.091385 43.072246 42.131518 41.274646 40.504463 39.821327 39.223377 38.706870 38.266564 37.896129 37.588541 37.336455 37.132521 36.969648 36.841195 36.741107 36.663986 36.605109 36.560408 36.526406 36.500134 36.479020 36.460768 36.443211 36.424157 36.401205 36.371532 36.331638 36.277031 36.201809 36.098128 35.955462 35.759574 35.491048 35.123119 34.618395 33.923796 32.962574 31.621641 29.731704 27.037983 23.165050 17.605701 9.852431 0.000000 
50.000000 49.160735 48.332604 47.526301 46.751659 46.017300 45.330350 44.696251 44.118677 43.599535 43.139066 42.736017 42.387865 42.091076 41.841383 41.634052 41.464132 41.326668 41.216880 41.130291 41.062820 41.010826 40.971123 40.940966 40.918007 40.900236 40.885911 40.873466 40.861420 40.848259 40.832316 40.811615 40.783689 40.745350 40.692384 40.619139 40.517968 40.378404 40.185960 39.920282 39.552198 39.038854 38.315311 37.279444 35.763718 33.480985 29.920604 24.166303 14.699133 0.000000 
50.000000 49.577565 49.160735 48.754891 48.364983 47.995352 47.649582 47.330416 47.039700 46.778395 46.546623 46.343752 46.168513 46.019128 45.893447 45.789089 45.703561 45.634369 45.579107 45.535523 45.501559 45.475385 45.455396 45.440209 45.428640 45.419676 45.412437 45.406129 45.400000 45.393277 45.385105 45.374466 45.360086 45.340307 45.312933 45.275002 45.222481 45.149814 45.049233 44.909687 44.715061 44.441111 44.049809 43.478236 42.614879 41.244158 38.902461 34.461603 24.788783 0.000000 
50.000000 50.000000 50.000000 50.000000 50.000000 50.000000 50.000000 50.000000 50.000000 50.000000 50.000000 50.000000 50.000000 50.000000 50.000000 50.000000 50.000000 50.000000 50.000000 50.000000 50.000000 50.000000 50.000000 50.000000 50.000000 50.000000 50.000000 50.000000 50.000000 50.000000 50.000000 50.000000 50.000000 50.000000 50.000000 50.000000 50.000000 50.000000 50.000000 50.000000 50.000000 50.000000 50.000000 50.000000 50.000000 50.000000 50.000000 50.000000 50.000000 50.000000 
