50.000000 50.000000 50.000000 50.000000 50.000000 50.000000 50.000000 50.000000 50.000000 50.000000 50.000000 50.000000 50.000000 50.000000 50.000000 50.000000 50.000000 50.000000 50.000000 50.000000 50.000000 50.000000 50.000000 50.000000 50.000000 50.000000 50.000000 50.000000 50.000000 50.000000 50.000000 50.000000 50.000000 50.000000 50.000000 50.000000 50.000000 50.000000 50.000000 50.000000 50.000000 50.000000 50.000000 50.000000 50.000000 50.000000 50.000000 50.000000 50.000000 50.000000 
50.000000 49.505971 49.019607 48.548216 48.098421 47.675882 47.285093 46.929254 46.610245 46.328660 46.083935 45.874510 45.698039 45.551609 45.431957 45.335672 45.259362 45.199793 45.153988 45.119286 45.093373 45.074287 45.060396 45.050372 45.043138 45.037830 45.033739 45.030260 45.026837 45.022902 45.017810 45.010763 45.000712 44.986238 44.965386 44.935444 44.892626 44.831613 44.744858 44.621495 44.445554 44.192874 43.825446 43.280287 42.445738 41.105987 38.797107 34.390523 24.752985 0.000000 
50.000000 49.019607 48.054424 47.118957 46.226346 45.387824 44.612309 43.906154 43.273084 42.714285 42.228632 41.813032 41.462829 41.172242 40.934796 40.743720 40.592285 40.474073 40.383175 40.314310 40.262888 40.225015 40.197456 40.177570 40.163229 40.152717 40.144634 40.137786 40.131082 40.123410 40.113519 40.099862 40.080421 40.052470 40.012272 39.954665 39.872484 39.755729 39.590342 39.356333 39.024813 38.553093 37.876267 36.892088 35.432736 33.210607 29.714444 24.027212 14.629083 0.000000 
50.000000 48.548216 47.118957 45.733699 44.411905 43.170209 42.021812 40.976126 40.038667 39.211189 38.492027 37.876602 37.358017 36.927712 36.576100 36.293153 36.068907 35.893860 35.759259 35.657286 35.581145 35.525070 35.484273 35.454846 35.433643 35.418130 35.406245 35.396239 35.386521 35.375489 35.361350 35.341909 35.314319 35.274757 35.218020 35.136969 35.021778 34.858888 34.629503 34.307386 33.855552 33.221163 32.327516 31.061350 29.252955 26.646895 22.866850 17.404513 9.751109 0.000000 
50.000000 48.098421 46.226346 44.411905 42.680591 41.054191 39.549998 38.180338 36.952436 35.868590 34.926620 34.120526 33.441276 32.877657 32.417111 32.046505 31.752786 31.523510 31.347211 31.213652 31.113930 31.040496 30.987082 30.948575 30.920860 30.900635 30.885217 30.872347 30.859987 30.846110 30.828475 30.804370 30.770304 30.721637 30.652102 30.553180 30.413283 30.216637 29.941763 29.559362 29.029350 28.296678 27.285526 25.891523 23.972437 21.340297 17.765011 13.015740 6.992434 0.000000 
50.000000 47.675883 45.387825 43.170209 41.054192 39.066401 37.227972 35.553973 34.053231 32.728555 31.577281 30.592075 29.761898 29.073047 28.510172 28.057221 27.698243 27.418026 27.202561 27.039334 26.917468 26.827739 26.762489 26.715480 26.681694 26.657114 26.638492 26.623111 26.608549 26.592434 26.572181 26.544707 26.506091 26.451176 26.373067 26.262499 26.107032 25.890007 25.589192 25.175028 24.608374 23.837703 22.795811 21.396569 19.533203 17.081757 13.917256 9.955090 5.230145 0.000000 
50.000000 47.285093 44.612310 42.021813 39.549999 37.227974 35.080426 33.124956 31.371878 29.824470 28.479623 27.328767 26.359008 25.554337 24.896825 24.367721 23.948391 23.621065 23.369381 23.178721 23.036383 22.931594 22.855419 22.800578 22.761228 22.732701 22.711242 22.693738 22.677448 22.659737 22.637787 22.608291 22.567109 22.508860 22.426436 22.310408 22.148300 21.923691 21.615136 21.194876 20.627376 19.867804 18.860796 17.540218 15.831412 13.658481 10.960466 7.720223 4.004807 0.000000 
50.000000 46.929256 43.906156 40.976129 38.180342 35.553976 33.124959 30.913196 28.930352 27.180138 25.659033 24.357347 23.260494 22.350367 21.606686 21.008243 20.533962 20.163745 19.879085 19.663453 19.502482 19.383995 19.297891 19.235953 19.191589 19.159552 19.135642 19.116410 19.098865 19.080187 19.057427 19.027194 18.985315 18.926446 18.843620 18.727723 18.566877 18.345738 18.044696 17.639048 17.098209 16.385175 15.456609 14.264178 12.758176 10.894823 8.648618 6.029892 3.103811 0.000000 
50.000000 46.610247 43.273089 40.038673 36.952444 34.053239 31.371886 28.930358 26.741533 24.809506 23.130390 21.693488 20.482699 19.478034 18.657107 17.996505 17.472964 17.064300 16.750083 16.512068 16.334403 16.203648 16.108666 16.040397 15.991591 15.956491 15.930514 15.909935 15.891576 15.872503 15.849725 15.819886 15.778935 15.721769 15.641833 15.530678 15.377468 15.168454 14.886453 14.510374 14.014945 13.370790 12.545214 11.504103 10.215552 8.655777 6.817519 4.720001 2.417375 0.000000 
50.000000 46.328664 42.714293 39.211201 35.868605 32.728573 29.824489 27.180156 24.809518 22.717012 20.898427 19.342176 18.030823 16.942715 16.053608 15.338144 14.771127 14.328530 13.988228 13.730464 13.538071 13.396501 13.293701 13.219877 13.167201 13.129475 13.101797 13.080220 13.061433 13.042449 13.020310 12.991782 12.953052 12.899404 12.824881 12.721916 12.580964 12.390132 12.134864 11.797750 11.358553 10.794637 10.081992 9.197147 8.120223 6.839275 5.355662 3.689490 1.883115 0.000000 
50.000000 46.083943 42.228648 38.492050 34.926649 31.577315 28.479661 25.659073 23.130426 20.898451 18.958658 17.298687 15.899937 14.739314 13.790956 13.027816 12.423018 11.950934 11.587966 11.313043 11.107859 10.956902 10.847327 10.768705 10.712711 10.672777 10.643733 10.621461 10.602563 10.584049 10.563045 10.536503 10.500921 10.452062 10.384663 10.292149 10.166355 9.997292 9.772978 9.479422 9.100827 8.620142 8.020093 7.284839 6.402330 5.367320 4.184688 2.872331 1.462456 0.000000 
50.000000 45.874524 41.813061 37.876643 34.120580 30.592140 27.328840 24.357426 21.693567 19.342247 17.298734 15.550009 14.076474 12.853800 11.854742 11.050807 10.413682 9.916368 9.534009 9.244409 9.028285 8.869307 8.753951 8.671249 8.612457 8.570698 8.540584 8.517869 8.499104 8.481332 8.461796 8.437671 8.405808 8.362483 8.303160 8.222270 8.113008 7.967187 7.775182 7.525999 7.207559 6.807250 6.312839 5.713794 5.003020 4.178875 3.247184 2.222748 1.129681 0.000000 
50.000000 45.698065 41.462880 37.358092 33.441374 29.762017 26.359144 23.260643 20.482855 18.030975 15.900071 14.076562 12.540016 11.265061 10.223286 9.384979 8.720618 8.202049 7.803355 7.501391 7.276057 7.110329 6.990117 6.904000 6.842887 6.799645 6.768715 6.745755 6.727295 6.710432 6.692546 6.671050 6.643153 6.605647 6.554702 6.485703 6.393102 6.270338 6.109832 5.903116 5.641107 5.314615 4.915085 4.435606 3.872137 3.224839 2.499281 1.707204 0.866477 0.000000 
50.000000 45.551654 41.172332 36.927846 32.877831 29.073258 25.554582 22.350638 19.478324 16.943012 14.739600 12.854047 11.265222 9.946892 8.869678 8.002856 7.315899 6.779698 6.367453 6.055236 5.822266 5.650946 5.526717 5.437786 5.374778 5.330351 5.298816 5.275759 5.257710 5.241832 5.225649 5.206809 5.182865 5.151090 5.108313 5.050777 4.974047 4.872962 4.741666 4.573740 4.362459 4.101207 3.784064 3.406543 2.966447 2.464727 1.906204 1.299940 0.659075 0.000000 
50.000000 45.432037 40.934954 36.576334 32.417417 28.510543 24.897256 21.607167 18.657627 16.054153 13.791505 11.855264 10.223731 8.869966 7.763800 6.873684 6.168269 5.617665 5.194352 4.873761 4.634557 4.458676 4.331176 4.239963 4.175430 4.130074 4.098100 4.075050 4.057464 4.042575 4.028047 4.011746 3.991542 3.965143 3.929955 3.882972 3.820707 3.739169 3.633905 3.500120 3.332899 3.127532 2.879958 2.587296 2.248425 1.864547 1.439602 0.980449 0.496674 0.000000 
50.000000 45.335810 40.743993 36.293557 32.047033 28.057864 24.368467 21.009079 17.997416 15.339111 13.028812 11.051797 9.385909 8.003640 6.874186 5.965333 5.245071 4.682883 4.250669 3.923345 3.679130 3.499585 3.369462 3.276425 3.210686 3.164612 3.132331 3.109355 3.092240 3.078289 3.065294 3.051318 3.034508 3.012951 2.984545 2.946916 2.897363 2.832845 2.750023 2.645363 2.515315 2.356558 2.166329 1.942795 1.685449 1.395464 1.075944 0.731996 0.370562 0.000000 
50.000000 45.259597 40.592751 36.069596 31.753686 27.699338 23.949664 20.535391 17.474528 14.772797 12.424761 10.415454 8.722358 7.317516 6.169620 5.245928 4.513911 3.942549 3.503287 3.170633 2.922453 2.740010 2.607817 2.513345 2.446666 2.400047 2.367558 2.344691 2.328024 2.314925 2.303297 2.291372 2.277535 2.260189 2.237644 2.208041 2.169313 2.119172 2.055146 1.974663 1.875183 1.754388 1.610409 1.442095 1.249267 1.032953 0.795530 0.540748 0.273594 0.000000 
50.000000 45.200188 40.474856 35.895017 31.525021 27.419867 23.623206 20.166152 17.066938 14.331358 11.953906 9.919430 8.205128 6.782691 5.620420 4.685164 3.943983 3.365472 2.920719 2.583912 2.332643 2.147945 2.014143 1.918561 1.851161 1.804135 1.771510 1.748767 1.732505 1.720149 1.709698 1.699524 1.688211 1.674417 1.656785 1.633871 1.604103 1.565779 1.517090 1.456182 1.381256 1.290706 1.183279 1.058256 0.915627 0.756234 0.581858 0.395219 0.199871 0.000000 
50.000000 45.154643 40.384473 35.761177 31.349717 27.205614 23.372931 19.883080 16.754465 13.992937 11.592935 9.539164 7.808605 6.372681 5.199391 4.255270 3.507066 2.923076 2.474113 2.134123 1.880488 1.694065 1.559033 1.462606 1.394661 1.347336 1.314626 1.292006 1.276096 1.264367 1.254897 1.246175 1.236940 1.226058 1.212432 1.194940 1.172394 1.143538 1.107057 1.061627 1.005986 0.939028 0.859917 0.768209 0.663969 0.547859 0.421189 0.285910 0.144535 0.000000 
50.000000 45.120358 40.316434 35.660426 31.217753 27.044329 23.184531 19.669991 16.519245 13.738183 11.321207 9.252912 7.510117 6.064041 4.882457 3.931664 3.178174 2.590059 2.137929 1.795545 1.540130 1.352409 1.216454 1.119395 1.051047 1.003506 0.970745 0.948238 0.932621 0.921404 0.912728 0.905173 0.897601 0.889038 0.878589 0.865374 0.848498 0.827034 0.800032 0.766554 0.725717 0.676763 0.619139 0.552572 0.477152 0.393383 0.302218 0.205042 0.103620 0.000000 
50.000000 45.095104 40.266320 35.586216 31.120553 26.925533 23.045763 19.513039 16.345992 13.550544 11.121066 9.042074 7.290266 5.836713 4.649022 3.693314 2.935931 2.344780 1.890317 1.546170 1.289445 1.100769 0.964137 0.866615 0.797974 0.750280 0.717492 0.695081 0.679699 0.668886 0.660832 0.654186 0.647904 0.641132 0.633126 0.623188 0.610636 0.594783 0.574945 0.550453 0.520693 0.485146 0.443444 0.395424 0.341173 0.281070 0.215800 0.146343 0.073934 0.000000 
50.000000 45.077047 40.230486 35.533152 31.051050 26.840588 22.946538 19.400812 16.222110 13.416375 10.977958 8.891317 7.133065 5.674167 4.482108 3.522887 2.762721 2.169399 1.713268 1.367861 1.110200 0.920843 0.783727 0.685877 0.617029 0.569230 0.536427 0.514094 0.498892 0.488384 0.480798 0.474833 0.469513 0.464073 0.457877 0.450359 0.440988 0.429248 0.414638 0.396680 0.374940 0.349062 0.318799 0.284051 0.244898 0.201622 0.154716 0.104875 0.052971 0.000000 
50.000000 45.064740 40.206063 35.496987 31.003681 26.782694 22.878911 19.324324 16.137678 13.324933 10.880424 8.788571 7.025927 5.563386 4.368351 3.406736 2.644673 2.049871 1.592604 1.246339 0.988041 0.798220 0.660775 0.562701 0.493714 0.445846 0.413037 0.390761 0.375689 0.365399 0.358144 0.352660 0.348019 0.343516 0.338589 0.332763 0.325608 0.316726 0.305737 0.292289 0.276069 0.256823 0.234383 0.208685 0.179799 0.147938 0.113465 0.076884 0.038824 0.000000 
50.000000 45.057118 40.190936 35.474588 30.974342 26.746838 22.837026 19.276951 16.085385 13.268298 10.820016 8.724935 6.959572 5.494774 4.297896 3.334798 2.571560 1.975842 1.517872 1.171075 0.912382 0.722274 0.584626 0.486414 0.417342 0.369432 0.336621 0.314383 0.299394 0.289244 0.282200 0.277023 0.272812 0.268903 0.264779 0.260019 0.254260 0.247172 0.238452 0.227824 0.215046 0.199927 0.182342 0.162251 0.139713 0.114898 0.088087 0.059670 0.030125 0.000000 
50.000000 45.053480 40.183717 35.463897 30.960340 26.729724 22.817036 19.254341 16.060428 13.241268 10.791185 8.694563 6.927902 5.462028 4.264270 3.300465 2.536666 1.940511 1.482205 1.135155 0.876273 0.686028 0.548283 0.450006 0.380893 0.332963 0.300152 0.277933 0.262985 0.252902 0.245962 0.240933 0.236931 0.233308 0.229572 0.225328 0.220241 0.214017 0.206388 0.197113 0.185985 0.172841 0.157577 0.140162 0.120650 0.099190 0.076025 0.051489 0.025992 0.000000 
50.000000 45.053480 40.183717 35.463897 30.960340 26.729724 22.817036 19.254341 16.060428 13.241268 10.791185 8.694563 6.927902 5.462028 4.264270 3.300465 2.536666 1.940511 1.482205 1.135155 0.876273 0.686028 0.548283 0.450006 0.380893 0.332963 0.300152 0.277933 0.262985 0.252902 0.245962 0.240933 0.236931 0.233308 0.229572 0.225328 0.220241 0.214017 0.206388 0.197113 0.185985 0.172841 0.157577 0.140162 0.120650 0.099190 0.076025 0.051489 0.025992 0.000000 
50.000000 45.057118 40.190936 35.474588 30.974342 26.746838 22.837026 19.276951 16.085385 13.268298 10.820016 8.724935 6.959572 5.494774 4.297896 3.334798 2.571560 1.975842 1.517872 1.171075 0.912382 0.722274 0.584626 0.486414 0.417342 0.369432 0.336621 0.314383 0.299394 0.289244 0.282200 0.277023 0.272812 0.268903 0.264779 0.260019 0.254260 0.247172 0.238452 0.227824 0.215046 0.199927 0.182342 0.162251 0.139713 0.114898 0.088087 0.059670 0.030125 0.000000 
50.000000 45.064740 40.206063 35.496987 31.003681 26.782694 22.878911 19.324324 16.137678 13.324933 10.880424 8.788571 7.025927 5.563386 4.368351 3.406736 2.644673 2.049871 1.592604 1.246339 0.988041 0.798220 0.660775 0.562701 0.493714 0.445846 0.413037 0.390761 0.375689 0.365399 0.358144 0.352660 0.348019 0.343516 0.338589 0.332763 0.325608 0.316726 0.305737 0.292289 0.276069 0.256823 0.234383 0.208685 0.179799 0.147938 0.113465 0.076884 0.038824 0.000000 
50.000000 45.077047 40.230486 35.533152 31.051050 26.840588 22.946538 19.400812 16.222110 13.416375 10.977958 8.891317 7.133065 5.674167 4.482108 3.522887 2.762721 2.169399 1.713268 1.367861 1.110200 0.920843 0.783727 0.685877 0.617029 0.569230 0.536427 0.514094 0.498892 0.488384 0.480798 0.474833 0.469513 0.464073 0.457877 0.450359 0.440988 0.429248 0.414638 0.396680 0.374940 0.349062 0.318799 0.284051 0.244898 0.201622 0.154716 0.104875 0.052971 0.000000 
50.000000 45.095104 40.266320 35.586216 31.120553 26.925533 23.045763 19.513039 16.345992 13.550544 11.121066 9.042074 7.290266 5.836713 4.649022 3.693314 2.935931 2.344780 1.890317 1.546170 1.289445 1.100769 0.964137 0.866615 0.797974 0.750280 0.717492 0.695081 0.679699 0.668886 0.660832 0.654186 0.647904 0.641132 0.633126 0.623188 0.610636 0.594783 0.574945 0.550453 0.520693 0.485146 0.443444 0.395424 0.341173 0.281070 0.215800 0.146343 0.073934 0.000000 
50.000000 45.120358 40.316434 35.660426 31.217753 27.044329 23.184531 19.669991 16.519245 13.738183 11.321207 9.252912 7.510117 6.064041 4.882457 3.931664 3.178174 2.590059 2.137929 1.795545 1.540130 1.352409 1.216454 1.119395 1.051047 1.003506 0.970745 0.948238 0.932621 0.921404 0.912728 0.905173 0.897601 0.889038 0.878589 0.865374 0.848498 0.827034 0.800032 0.766554 0.725717 0.676763 0.619139 0.552572 0.477152 0.393383 0.302218 0.205042 0.103620 0.000000 
50.000000 45.154643 40.384473 35.761177 31.349717 27.205614 23.372931 19.883080 16.754465 13.992937 11.592935 9.539164 7.808605 6.372681 5.199391 4.255270 3.507066 2.923076 2.474113 2.134123 1.880488 1.694065 1.559033 1.462606 1.394661 1.347336 1.314626 1.292006 1.276096 1.264367 1.254897 1.246175 1.236940 1.226058 1.212432 1.194940 1.172394 1.143538 1.107057 1.061627 1.005986 0.939028 0.859917 0.768209 0.663969 0.547859 0.421189 0.285910 0.144535 0.000000 
50.000000 45.200188 40.474856 35.895017 31.525021 27.419867 23.623206 20.166152 17.066938 14.331358 11.953906 9.919430 8.205128 6.782691 5.620420 4.685164 3.943983 3.365472 2.920719 2.583912 2.332643 2.147945 2.014143 1.918561 1.851161 1.804135 1.771510 1.748767 1.732505 1.720149 1.709698 1.699524 1.688211 1.674417 1.656785 1.633871 1.604103 1.565779 1.517090 1.456182 1.381256 1.290706 1.183279 1.058256 0.915627 0.756234 0.581858 0.395219 0.199871 0.000000 
50.000000 45.259597 40.592751 36.069596 31.753686 27.699338 23.949664 20.535391 17.474528 14.772797 12.424761 10.415454 8.722358 7.317516 6.169620 5.245928 4.513911 3.942549 3.503287 3.170633 2.922453 2.740010 2.607817 2.513345 2.446666 2.400047 2.367558 2.344691 2.328024 2.314925 2.303297 2.291372 2.277535 2.260189 2.237644 2.208041 2.169313 2.119172 2.055146 1.974663 1.875183 1.754388 1.610409 1.442095 1.249267 1.032953 0.795530 0.540748 0.273594 0.000000 
50.000000 45.335810 40.743993 36.293557 32.047033 28.057864 24.368467 21.009079 17.997416 15.339111 13.028812 11.051797 9.385909 8.003640 6.874186 5.965333 5.245071 4.682883 4.250669 3.923345 3.679130 3.499585 3.369462 3.276425 3.210686 3.164612 3.132331 3.109355 3.092240 3.078289 3.065294 3.051318 3.034508 3.012951 2.984545 2.946916 2.897363 2.832845 2.750023 2.645363 2.515315 2.356558 2.166329 1.942795 1.685449 1.395464 1.075944 0.731996 0.370562 0.000000 
50.000000 45.432037 40.934954 36.576334 32.417417 28.510543 24.897256 21.607167 18.657627 16.054153 13.791505 11.855264 10.223731 8.869966 7.763800 6.873684 6.168269 5.617665 5.194352 4.873761 4.634557 4.458676 4.331176 4.239963 4.175430 4.130074 4.098100 4.075050 4.057464 4.042575 4.028047 4.011746 3.991542 3.965143 3.929955 3.882972 3.820707 3.739169 3.633905 3.500120 3.332899 3.127532 2.879958 2.587296 2.248425 1.864547 1.439602 0.980449 0.496674 0.000000 
50.000000 45.551654 41.172332 36.927846 32.877831 29.073258 25.554582 22.350638 19.478324 16.943012 14.739600 12.854047 11.265222 9.946892 8.869678 8.002856 7.315899 6.779698 6.367453 6.055236 5.822266 5.650946 5.526717 5.437786 5.374778 5.330351 5.298816 5.275759 5.257710 5.241832 5.225649 5.206809 5.182865 5.151090 5.108313 5.050777 4.974047 4.872962 4.741666 4.573740 4.362459 4.101207 3.784064 3.406543 2.966447 2.464727 1.906204 1.299940 0.659075 0.000000 
50.000000 45.698065 41.462880 37.358092 33.441374 29.762017 26.359144 23.260643 20.482855 18.030975 15.900071 14.076562 12.540016 11.265061 10.223286 9.384979 8.720618 8.202049 7.803355 7.501391 7.276057 7.110329 6.990117 6.904000 6.842887 6.799645 6.768715 6.745755 6.727295 6.710432 6.692546 6.671050 6.643153 6.605647 6.554702 6.485703 6.393102 6.270338 6.109832 5.903116 5.641107 5.314615 4.915085 4.435606 3.872137 3.224839 2.499281 1.707204 0.866477 0.000000 
50.000000 45.874524 41.813061 37.876643 34.120580 30.592140 27.328840 24.357426 21.693567 19.342247 17.298734 15.550009 14.076474 12.853800 11.854742 11.050807 10.413682 9.916368 9.534009 9.244409 9.028285 8.869307 8.753951 8.671249 8.612457 8.570698 8.540584 8.517869 8.499104 8.481332 8.461796 8.437671 8.405808 8.362483 8.303160 8.222270 8.113008 7.967187 7.775182 7.525999 7.207559 6.807250 6.312839 5.713794 5.003020 4.178875 3.247184 2.222748 1.129681 0.000000 
50.000000 46.083943 42.228648 38.492050 34.926649 31.577315 28.479661 25.659073 23.130426 20.898451 18.958658 17.298687 15.899937 14.739314 13.790956 13.027816 12.423018 11.950934 11.587966 11.313043 11.107859 10.956902 10.847327 10.768705 10.712711 10.672777 10.643733 10.621461 10.602563 10.584049 10.563045 10.536503 10.500921 10.452062 10.384663 10.292149 10.166355 9.997292 9.772978 9.479422 9.100827 8.620142 8.020093 7.284839 6.402330 5.367320 4.184688 2.872331 1.462456 0.000000 
50.000000 46.328664 42.714293 39.211201 35.868605 32.728573 29.824489 27.180156 24.809518 22.717012 20.898427 19.342176 18.030823 16.942715 16.053608 15.338144 14.771127 14.328530 13.988228 13.730464 13.538071 13.396501 13.293701 13.219877 13.167201 13.129475 13.101797 13.080220 13.061433 13.042449 13.020310 12.991782 12.953052 12.899404 12.824881 12.721916 12.580964 12.390132 12.134864 11.797750 11.358553 10.794637 10.081992 9.197147 8.120223 6.839275 5.355662 3.689490 1.883115 0.000000 
50.000000 46.610247 43.273089 40.038673 36.952444 34.053239 31.371886 28.930358 26.741533 24.809506 23.130390 21.693488 20.482699 19.478034 18.657107 17.996505 17.472964 17.064300 16.750083 16.512068 16.334403 16.203648 16.108666 16.040397 15.991591 15.956491 15.930514 15.909935 15.891576 15.872503 15.849725 15.819886 15.778935 15.721769 15.641833 15.530678 15.377468 15.168454 14.886453 14.510374 14.014945 13.370790 12.545214 11.504103 10.215552 8.655777 6.817519 4.720001 2.417375 0.000000 
50.000000 46.929256 43.906156 40.976129 38.180342 35.553976 33.124959 30.913196 28.930352 27.180138 25.659033 24.357347 23.260494 22.350367 21.606686 21.008243 20.533962 20.163745 19.879085 19.663453 19.502482 19.383995 19.297891 19.235953 19.191589 19.159552 19.135642 19.116410 19.098865 19.080187 19.057427 19.027194 18.985315 18.926446 18.843620 18.727723 18.566877 18.345738 18.044696 17.639048 17.098209 16.385175 15.456609 14.264178 12.758176 10.894823 8.648618 6.029892 3.103811 0.000000 
50.000000 47.285093 44.612310 42.021813 39.549999 37.227974 35.080426 33.124956 31.371878 29.824470 28.479623 27.328767 26.359008 25.554337 24.896825 24.367721 23.948391 23.621065 23.369381 23.178721 23.036383 22.931594 22.855419 22.800578 22.761228 22.732701 22.711242 22.693738 22.677448 22.659737 22.637787 22.608291 22.567109 22.508860 22.426436 22.310408 22.148300 21.923691 21.615136 21.194876 20.627376 19.867804 18.860796 17.540218 15.831412 13.658481 10.960466 7.720223 4.004807 0.000000 
50.000000 47.675883 45.387825 43.170209 41.054192 39.066401 37.227972 35.553973 34.053231 32.728555 31.577281 30.592075 29.761898 29.073047 28.510172 28.057221 27.698243 27.418026 27.202561 27.039334 26.917468 26.827739 26.762489 26.715480 26.681694 26.657114 26.638492 26.623111 26.608549 26.592434 26.572181 26.544707 26.506091 26.451176 26.373067 26.262499 26.107032 25.890007 25.589192 25.175028 24.608374 23.837703 22.795811 21.396569 19.533203 17.081757 13.917256 9.955090 5.230145 0.000000 
50.000000 48.098421 46.226346 44.411905 42.680591 41.054191 39.549998 38.180338 36.952436 35.868590 34.926620 34.120526 33.441276 32.877657 32.417111 32.046505 31.752786 31.523510 31.347211 31.213652 31.113930 31.040496 30.987082 30.948575 30.920860 30.900635 30.885217 30.872347 30.859987 30.846110 30.828475 30.804370 30.770304 30.721637 30.652102 30.553180 30.413283 30.216637 29.941763 29.559362 29.029350 28.296678 27.285526 25.891523 23.972437 21.340297 17.765011 13.015740 6.992434 0.000000 
50.000000 48.548216 47.118957 45.733699 44.411905 43.170209 42.021812 40.976126 40.038667 39.211189 38.492027 37.876602 37.358017 36.927712 36.576100 36.293153 36.068907 35.893860 35.759259 35.657286 35.581145 35.525070 35.484273 35.454846 35.433643 35.418130 35.406245 35.396239 35.386521 35.375489 35.361350 35.341909 35.314319 35.274757 35.218020 35.136969 35.021778 34.858888 34.629503 34.307386 33.855552 33.221163 32.327516 31.061350 29.252955 26.646895 22.866850 17.404513 9.751109 0.000000 
50.000000 49.019607 48.054424 47.118957 46.226346 45.387824 44.612309 43.906154 43.273084 42.714285 42.228632 41.813032 41.462829 41.172242 40.934796 40.743720 40.592285 40.474073 40.383175 40.314310 40.262888 40.225015 40.197456 40.177570 40.163229 40.152717 40.144634 40.137786 40.131082 40.123410 40.113519 40.099862 40.080421 40.052470 40.012272 39.954665 39.872484 39.755729 39.590342 39.356333 39.024813 38.553093 37.876267 36.892088 35.432736 33.210607 29.714444 24.027212 14.629083 0.000000 
50.000000 49.505971 49.019607 48.548216 48.098421 47.675882 47.285093 46.929254 46.610245 46.328660 46.083935 45.874510 45.698039 45.551609 45.431957 45.335672 45.259362 45.199793 45.153988 45.119286 45.093373 45.074287 45.060396 45.050372 45.043138 45.037830 45.033739 45.030260 45.026837 45.022902 45.017810 45.010763 45.000712 44.986238 44.965386 44.935444 44.892626 44.831613 44.744858 44.621495 44.445554 44.192874 43.825446 43.280287 42.445738 41.105987 38.797107 34.390523 24.752985 0.000000 
50.000000 50.000000 50.000000 50.000000 50.000000 50.000000 50.000000 50.000000 50.000000 50.000000 50.000000 50.000000 50.000000 50.000000 50.000000 50.000000 50.000000 50.000000 50.000000 50.000000 50.000000 50.000000 50.000000 50.000000 50.000000 50.000000 50.000000 50.000000 50.000000 50.000000 50.000000 50.000000 50.000000 50.000000 50.000000 50.000000 50.000000 50.000000 50.000000 50.000000 50.000000 50.000000 50.000000 50.000000 50.000000 50.000000 50.000000 50.000000 50.000000 50.000000 
