50.000000 50.000000 50.000000 50.000000 50.000000 50.000000 50.000000 50.000000 50.000000 50.000000 50.000000 50.000000 50.000000 50.000000 50.000000 50.000000 50.000000 50.000000 50.000000 50.000000 50.000000 50.000000 50.000000 50.000000 50.000000 50.000000 50.000000 50.000000 50.000000 50.000000 50.000000 50.000000 50.000000 50.000000 50.000000 50.000000 50.000000 50.000000 50.000000 50.000000 50.000000 50.000000 50.000000 50.000000 50.000000 50.000000 50.000000 50.000000 50.000000 50.000000 
50.000000 49.812185 49.625478 49.440965 49.259695 49.082659 48.910773 48.744867 48.585668 48.433793 48.289744 48.153901 48.026520 47.907739 47.797577 47.695941 47.602632 47.517356 47.439726 47.369276 47.305468 47.247696 47.195291 47.147526 47.103615 47.062708 47.023885 46.986141 46.948367 46.909324 46.867601 46.821566 46.769289 46.708448 46.636188 46.548918 46.442031 46.309469 46.143057 45.931452 45.658383 45.299591 44.817197 44.148591 43.182734 41.704677 39.251582 34.696162 24.906613 0.000000 
50.000000 49.625507 49.253223 48.885314 48.523871 48.170871 47.828141 47.497334 47.179900 46.877073 46.589849 46.318988 46.065003 45.828168 45.608520 45.405876 45.219841 45.049826 44.895066 44.754633 44.627454 44.512326 44.407920 44.312793 44.225386 44.144013 44.066854 43.991924 43.917038 43.839755 43.757310 43.666508 43.563592 43.444054 43.302378 43.131672 42.923150 42.665355 42.342997 41.935145 41.412313 40.731623 39.828425 38.601202 36.883354 34.388974 30.608945 24.628765 14.931448 0.000000 
50.000000 49.441085 48.885465 48.336376 47.796938 47.270100 46.758591 46.264877 45.791123 45.339170 44.910508 44.506268 44.127219 43.773769 43.445978 43.143571 42.865963 42.612278 42.381377 42.171882 41.982199 41.810538 41.654931 41.513237 41.383147 41.262175 41.147635 41.036609 40.925896 40.811934 40.690702 40.557581 40.407170 40.233033 40.027354 39.780461 39.480155 39.110744 38.651630 38.075199 37.343596 36.403704 35.179192 33.557866 31.371792 28.368009 24.173315 18.283094 10.192713 0.000000 
50.000000 49.259999 48.524362 47.797372 47.083161 46.385632 45.708400 45.054730 44.427490 43.829116 43.261582 42.726389 42.224554 41.756621 41.322670 40.922343 40.554868 40.219091 39.913513 39.636316 39.385404 39.158423 38.952786 38.765688 38.594106 38.434792 38.284252 38.138702 37.994006 37.845590 37.688318 37.516333 37.322839 37.099813 36.837611 36.524448 36.145673 35.682764 35.111924 34.402080 33.512030 32.386366 30.949741 29.099152 26.694643 23.551410 19.443360 14.144375 7.559715 0.000000 
50.000000 49.083281 48.171967 47.271367 46.386597 45.522495 44.683539 43.873773 43.096753 42.355497 41.652452 40.989477 40.367837 39.788208 39.250693 38.754854 38.299741 37.883934 37.505585 37.162461 36.851980 36.571252 36.317105 36.086103 35.874554 35.678507 35.493720 35.315625 35.139255 34.959151 34.769231 34.562617 34.331403 34.066362 33.756546 33.388770 32.946925 32.411065 31.756185 30.950608 29.953859 28.713974 27.164315 25.220374 22.778080 19.717238 15.917619 11.300220 5.906227 0.000000 
50.000000 48.911891 47.830198 46.761222 45.711038 44.685387 43.689586 42.728436 41.806158 40.926336 40.091878 39.304992 38.567183 37.879256 37.241342 36.652926 36.112891 35.619563 35.170766 34.763867 34.395830 34.063258 33.762428 33.489319 33.239623 33.008741 32.791763 32.583427 32.378048 32.169422 31.950700 31.714210 31.451237 31.151734 30.803960 30.394009 29.905222 29.317436 28.606055 27.740912 26.684952 25.392851 23.809871 21.871709 19.506751 16.643341 13.225870 9.243509 4.770411 0.000000 
50.000000 48.746710 47.500811 46.269561 45.059956 43.878612 42.731652 41.624607 40.562342 39.548985 38.587889 37.681600 36.831857 36.039592 35.304963 34.627386 34.005588 33.437658 32.921106 32.452929 32.029662 31.647436 31.302020 30.988854 30.703067 30.439483 30.192602 29.956561 29.725074 29.491338 29.247913 28.986559 28.698032 28.371826 27.995863 27.556100 27.036062 26.416296 25.673741 24.781055 23.705989 22.410994 20.853407 18.986873 16.764990 14.148572 11.117912 7.690186 3.938248 0.000000 
50.000000 48.588530 47.185384 45.798737 44.436470 43.106033 41.814323 40.567572 39.371260 38.230038 37.147686 36.127077 35.170171 34.278028 33.450833 32.687943 31.987936 31.348679 30.767397 30.240736 29.764838 29.335397 28.947716 28.596745 28.277112 27.983128 27.708783 27.447712 27.193140 26.937804 26.673840 26.392645 26.084697 25.739343 25.344541 24.886564 24.349665 23.715717 22.963856 22.070187 21.007665 19.746325 18.254171 16.499165 14.452867 12.096317 9.428339 6.475342 3.299548 0.000000 
50.000000 48.438043 46.885299 45.350814 43.843310 42.371034 40.941619 39.561963 38.238131 36.975275 35.777581 34.648232 33.589406 32.602282 31.687078 30.843092 30.068773 29.361781 28.719075 28.136981 27.611277 27.137261 26.709813 26.323445 25.972339 25.650365 25.351078 25.067701 24.793081 24.519617 24.239174 23.942963 23.621394 23.263911 22.858796 22.392961 21.851732 21.218652 20.475340 19.601466 18.574950 17.372528 15.970898 14.348701 12.489601 10.386583 8.047229 5.498988 2.792465 0.000000 
50.000000 48.295841 46.601734 44.927551 43.282808 41.676503 40.116967 38.611728 37.167405 35.789623 34.482953 33.250874 32.095768 31.018934 30.020618 29.100073 28.255626 27.484750 26.784160 26.149892 25.577392 25.061599 24.597015 24.177764 23.797639 23.450130 23.128436 22.825451 22.533735 22.245467 21.952364 21.645596 21.315672 20.952313 20.544323 20.079453 19.544284 18.924161 18.203196 17.364422 16.390154 15.262687 13.965437 12.484665 10.811858 8.946695 6.900272 4.697824 2.379798 0.000000 
50.000000 48.162412 46.335663 44.530400 42.756885 41.024823 39.343197 37.720128 36.162756 34.677150 33.268242 31.939793 30.694377 29.533406 28.457159 27.464849 26.554692 25.723994 24.969248 24.286226 23.670078 23.115421 22.616420 22.166861 21.760201 21.389612 21.048000 20.728007 20.421992 20.122001 19.819711 19.506361 19.172678 18.808787 18.404128 17.947391 17.426470 16.828486 16.139887 15.346691 14.434917 13.391274 12.204184 10.865162 9.370567 7.723580 5.936114 4.030155 2.037883 0.000000 
50.000000 48.038142 46.087857 44.160512 42.267067 40.417882 38.622551 36.889746 35.227093 33.641075 32.136965 30.718782 29.389285 28.149991 27.001215 25.942133 24.970866 24.084568 23.279533 22.551298 21.894746 21.304211 20.773563 20.296291 19.865569 19.474305 19.115172 18.780621 18.462884 18.153949 17.845527 17.529012 17.195426 16.835367 16.438972 15.995886 15.495286 14.925947 14.276399 13.535207 12.691397 11.735082 10.658304 9.456105 8.127758 6.678060 5.118431 3.467522 1.750963 0.000000 
50.000000 47.923321 45.858894 43.818752 41.814496 39.857097 37.956711 36.122519 34.362598 32.683816 31.091756 29.590683 28.183526 26.871902 25.656159 24.535447 23.507799 22.570237 21.718878 20.949048 20.255397 19.632007 19.072492 18.570089 18.117733 17.708114 17.333723 16.986881 16.659741 16.344292 16.032340 15.715481 15.385081 15.032241 14.647798 14.222325 13.746186 13.209638 12.603006 11.916959 11.142902 10.273509 9.303388 8.229877 7.053904 5.780800 4.420924 2.989875 1.508136 0.000000 
50.000000 47.818150 45.649174 43.505715 41.399964 39.343448 37.346838 35.419786 33.570780 31.807038 30.134436 28.557458 27.079193 25.701351 24.424315 23.247210 22.167997 21.183579 20.289916 19.482151 18.754729 18.101512 17.515895 16.990900 16.519260 16.093494 15.705956 15.348872 15.014367 14.694470 14.381118 14.066142 13.741265 13.398095 13.028137 12.622825 12.173589 11.671972 11.109803 10.479452 9.774171 8.988521 8.118892 7.164076 6.125855 5.009505 3.824129 2.582687 1.301612 0.000000 
50.000000 47.722751 45.458939 43.221762 41.023946 38.877522 36.793632 34.782351 32.852542 31.011744 29.266093 27.620280 26.077535 24.639658 23.307063 22.078857 20.952938 19.926104 18.994182 18.152153 17.394281 16.714245 16.105248 15.560131 15.071466 14.631631 14.232879 13.867379 13.527256 13.204611 12.891528 12.580086 12.262364 11.930450 11.576470 11.192628 10.771287 10.305078 9.787067 9.210975 8.571458 7.864453 7.087559 6.240455 5.325282 4.346962 3.313349 2.235166 1.125667 0.000000 
50.000000 47.637173 45.288290 42.967046 40.686644 38.459572 36.297391 34.210557 32.208271 30.298358 28.487191 26.779643 25.179078 23.687374 22.304975 21.030975 19.863217 18.798411 17.832267 16.959627 16.174602 15.470709 14.840993 14.278146 13.774603 13.322636 12.914422 12.542104 12.197826 11.873775 11.562194 11.255405 10.945824 10.625982 10.288562 9.926443 9.532781 9.101115 8.625507 8.100735 7.522514 6.887763 6.194888 5.444074 4.637536 3.779703 2.877277 1.939127 0.975993 0.000000 
50.000000 47.561414 45.137219 42.741552 40.388040 38.089573 35.858085 33.704369 31.637924 29.666832 27.797674 26.035488 24.383752 22.844418 21.417958 20.103455 18.898708 17.800352 16.803994 15.904359 15.095429 14.370584 13.722738 13.144455 12.628066 12.165760 11.749661 11.371898 11.024656 10.700210 10.390962 10.089463 9.788438 9.480814 9.159759 8.818732 8.451553 8.052499 7.616430 7.138937 6.616521 6.046794 5.428689 4.762651 4.050808 3.297060 2.507092 1.688250 0.849290 0.000000 
50.000000 47.495423 45.005629 42.545135 40.127942 37.767287 35.475430 33.263460 31.141134 29.116757 27.197094 25.387324 23.691030 22.110225 20.645410 19.295659 18.058733 16.931203 15.908594 14.985531 14.155885 13.412925 12.749454 12.157937 11.630617 11.159621 10.737038 10.355000 10.005731 9.681602 9.375160 9.079164 8.786614 8.490783 8.185253 7.863966 7.521289 7.152095 6.751866 6.316812 5.844015 5.331568 4.778735 4.186071 3.555533 2.890517 2.195834 1.477595 0.742991 0.000000 
50.000000 47.439123 44.893362 42.377562 39.906039 37.492329 35.148970 32.887302 30.717304 28.647471 26.684725 24.834367 23.100069 21.483897 19.986377 18.606578 17.342230 16.189851 15.144898 14.201911 13.354674 12.596363 11.919690 11.317041 10.780593 10.302423 9.874600 9.489264 9.138684 8.815316 8.511840 8.221198 7.936626 7.651688 7.360313 7.056839 6.736072 6.393357 6.024654 5.626643 5.196822 4.733617 4.236489 3.706018 3.143957 2.553250 1.937981 1.303269 0.655083 0.000000 
50.000000 47.392418 44.800228 42.238547 39.721953 37.264231 34.878148 32.575253 30.365709 28.258170 26.259687 24.375665 22.609846 20.964346 19.439708 18.034999 16.747925 15.574961 14.511508 13.552041 12.690271 11.919299 11.231768 10.620000 10.076120 9.592172 9.160210 8.772386 8.421014 8.098623 7.798010 7.512269 7.234834 6.959507 6.680496 6.392457 6.090541 5.770455 5.428525 5.061775 4.668000 4.245852 3.794905 3.315711 2.809828 2.279812 1.729159 1.162209 0.583986 0.000000 
50.000000 47.355206 44.726025 42.127790 39.575287 37.082499 34.662378 32.326636 30.085587 27.948008 25.921056 24.010216 22.219290 20.550429 19.004195 17.579652 16.274485 15.085141 14.006974 13.034409 12.161099 11.380091 10.683971 10.065014 9.515308 9.026869 8.591747 8.202106 7.850296 7.528912 7.230841 6.949304 6.677889 6.410586 6.141822 5.866496 5.580021 5.278376 4.958155 4.616629 4.251803 3.862474 3.448277 3.009718 2.548181 2.065909 1.565943 1.052026 0.528474 0.000000 
50.000000 47.327394 44.670564 42.045008 39.465666 36.946670 34.501107 32.140817 29.876220 27.716191 25.667962 23.737079 21.927391 20.241074 18.678704 17.239343 15.920664 14.719089 13.629939 12.647602 11.765692 10.977211 10.274710 9.650425 9.096419 8.604692 8.167289 7.776386 7.424362 7.103862 6.807844 6.529621 6.262898 6.001804 5.740925 5.475336 5.200639 4.913006 4.609219 4.286719 3.943650 3.578901 3.192138 2.783817 2.355186 1.908251 1.445719 0.970904 0.487615 0.000000 
50.000000 47.308900 44.633687 41.989963 39.392775 36.856352 34.393873 32.017260 29.737007 27.562049 25.499674 23.555466 21.733302 20.035381 18.462284 17.013074 15.685415 14.475711 13.379266 12.390441 11.502824 10.709389 10.002662 9.374856 8.818018 8.324136 7.885256 7.493560 7.141448 6.821599 6.527018 6.251080 5.987567 5.730701 5.475171 5.216166 4.949411 4.671201 4.378437 4.068665 3.740116 3.391732 3.023190 2.634911 2.228046 1.804445 1.366593 0.917531 0.460738 0.000000 
50.000000 47.299668 44.615278 41.962485 39.356389 36.811267 34.340344 31.955582 29.667513 27.485104 25.415667 23.464807 21.636417 19.932703 18.354252 16.900127 15.567986 14.354227 13.254142 12.262081 11.371618 10.575715 9.866883 9.237327 8.679082 8.184135 7.744529 7.352451 7.000312 6.680806 6.386964 6.112191 5.850309 5.595582 5.342753 5.087068 4.824310 4.550835 4.263600 3.960205 3.638919 3.298709 2.939257 2.560963 2.164929 1.752927 1.327335 0.891055 0.447407 0.000000 
50.000000 47.299668 44.615278 41.962485 39.356389 36.811267 34.340344 31.955582 29.667513 27.485104 25.415667 23.464807 21.636417 19.932703 18.354252 16.900127 15.567986 14.354227 13.254142 12.262081 11.371618 10.575715 9.866883 9.237327 8.679082 8.184135 7.744529 7.352451 7.000312 6.680806 6.386964 6.112191 5.850309 5.595582 5.342753 5.087068 4.824310 4.550835 4.263600 3.960205 3.638919 3.298709 2.939257 2.560963 2.164929 1.752927 1.327335 0.891055 0.447407 0.000000 
50.000000 47.308900 44.633687 41.989963 39.392775 36.856352 34.393873 32.017260 29.737007 27.562049 25.499674 23.555466 21.733302 20.035381 18.462284 17.013074 15.685415 14.475711 13.379266 12.390441 11.502824 10.709389 10.002662 9.374856 8.818018 8.324136 7.885256 7.493560 7.141448 6.821599 6.527018 6.251080 5.987567 5.730701 5.475171 5.216166 4.949411 4.671201 4.378437 4.068665 3.740116 3.391732 3.023190 2.634911 2.228046 1.804445 1.366593 0.917531 0.460738 0.000000 
50.000000 47.327394 44.670564 42.045008 39.465666 36.946670 34.501107 32.140817 29.876220 27.716191 25.667962 23.737079 21.927391 20.241074 18.678704 17.239343 15.920664 14.719089 13.629939 12.647602 11.765692 10.977211 10.274710 9.650425 9.096419 8.604692 8.167289 7.776386 7.424362 7.103862 6.807844 6.529621 6.262898 6.001804 5.740925 5.475336 5.200639 4.913006 4.609219 4.286719 3.943650 3.578901 3.192138 2.783817 2.355186 1.908251 1.445719 0.970904 0.487615 0.000000 
50.000000 47.355206 44.726025 42.127790 39.575287 37.082499 34.662378 32.326636 30.085587 27.948008 25.921056 24.010216 22.219290 20.550429 19.004195 17.579652 16.274485 15.085141 14.006974 13.034409 12.161099 11.380091 10.683971 10.065014 9.515308 9.026869 8.591747 8.202106 7.850296 7.528912 7.230841 6.949304 6.677889 6.410586 6.141822 5.866496 5.580021 5.278376 4.958155 4.616629 4.251803 3.862474 3.448277 3.009718 2.548181 2.065909 1.565943 1.052026 0.528474 0.000000 
50.000000 47.392418 44.800228 42.238547 39.721953 37.264231 34.878148 32.575253 30.365709 28.258170 26.259687 24.375665 22.609846 20.964346 19.439708 18.034999 16.747925 15.574961 14.511508 13.552041 12.690271 11.919299 11.231768 10.620000 10.076120 9.592172 9.160210 8.772386 8.421014 8.098623 7.798010 7.512269 7.234834 6.959507 6.680496 6.392457 6.090541 5.770455 5.428525 5.061775 4.668000 4.245852 3.794905 3.315711 2.809828 2.279812 1.729159 1.162209 0.583986 0.000000 
50.000000 47.439123 44.893362 42.377562 39.906039 37.492329 35.148970 32.887302 30.717304 28.647471 26.684725 24.834367 23.100069 21.483897 19.986377 18.606578 17.342230 16.189851 15.144898 14.201911 13.354674 12.596363 11.919690 11.317041 10.780593 10.302423 9.874600 9.489264 9.138684 8.815316 8.511840 8.221198 7.936626 7.651688 7.360313 7.056839 6.736072 6.393357 6.024654 5.626643 5.196822 4.733617 4.236489 3.706018 3.143957 2.553250 1.937981 1.303269 0.655083 0.000000 
50.000000 47.495423 45.005629 42.545135 40.127942 37.767287 35.475430 33.263460 31.141134 29.116757 27.197094 25.387324 23.691030 22.110225 20.645410 19.295659 18.058733 16.931203 15.908594 14.985531 14.155885 13.412925 12.749454 12.157937 11.630617 11.159621 10.737038 10.355000 10.005731 9.681602 9.375160 9.079164 8.786614 8.490783 8.185253 7.863966 7.521289 7.152095 6.751866 6.316812 5.844015 5.331568 4.778735 4.186071 3.555533 2.890517 2.195834 1.477595 0.742991 0.000000 
50.000000 47.561414 45.137219 42.741552 40.388040 38.089573 35.858085 33.704369 31.637924 29.666832 27.797674 26.035488 24.383752 22.844418 21.417958 20.103455 18.898708 17.800352 16.803994 15.904359 15.095429 14.370584 13.722738 13.144455 12.628066 12.165760 11.749661 11.371898 11.024656 10.700210 10.390962 10.089463 9.788438 9.480814 9.159759 8.818732 8.451553 8.052499 7.616430 7.138937 6.616521 6.046794 5.428689 4.762651 4.050808 3.297060 2.507092 1.688250 0.849290 0.000000 
50.000000 47.637173 45.288290 42.967046 40.686644 38.459572 36.297391 34.210557 32.208271 30.298358 28.487191 26.779643 25.179078 23.687374 22.304975 21.030975 19.863217 18.798411 17.832267 16.959627 16.174602 15.470709 14.840993 14.278146 13.774603 13.322636 12.914422 12.542104 12.197826 11.873775 11.562194 11.255405 10.945824 10.625982 10.288562 9.926443 9.532781 9.101115 8.625507 8.100735 7.522514 6.887763 6.194888 5.444074 4.637536 3.779703 2.877277 1.939127 0.975993 0.000000 
50.000000 47.722751 45.458939 43.221762 41.023946 38.877522 36.793632 34.782351 32.852542 31.011744 29.266093 27.620280 26.077535 24.639658 23.307063 22.078857 20.952938 19.926104 18.994182 18.152153 17.394281 16.714245 16.105248 15.560131 15.071466 14.631631 14.232879 13.867379 13.527256 13.204611 12.891528 12.580086 12.262364 11.930450 11.576470 11.192628 10.771287 10.305078 9.787067 9.210975 8.571458 7.864453 7.087559 6.240455 5.325282 4.346962 3.313349 2.235166 1.125667 0.000000 
50.000000 47.818150 45.649174 43.505715 41.399964 39.343448 37.346838 35.419786 33.570780 31.807038 30.134436 28.557458 27.079193 25.701351 24.424315 23.247210 22.167997 21.183579 20.289916 19.482151 18.754729 18.101512 17.515895 16.990900 16.519260 16.093494 15.705956 15.348872 15.014367 14.694470 14.381118 14.066142 13.741265 13.398095 13.028137 12.622825 12.173589 11.671972 11.109803 10.479452 9.774171 8.988521 8.118892 7.164076 6.125855 5.009505 3.824129 2.582687 1.301612 0.000000 
50.000000 47.923321 45.858894 43.818752 41.814496 39.857097 37.956711 36.122519 34.362598 32.683816 31.091756 29.590683 28.183526 26.871902 25.656159 24.535447 23.507799 22.570237 21.718878 20.949048 20.255397 19.632007 19.072492 18.570089 18.117733 17.708114 17.333723 16.986881 16.659741 16.344292 16.032340 15.715481 15.385081 15.032241 14.647798 14.222325 13.746186 13.209638 12.603006 11.916959 11.142902 10.273509 9.303388 8.229877 7.053904 5.780800 4.420924 2.989875 1.508136 0.000000 
50.000000 48.038142 46.087857 44.160512 42.267067 40.417882 38.622551 36.889746 35.227093 33.641075 32.136965 30.718782 29.389285 28.149991 27.001215 25.942133 24.970866 24.084568 23.279533 22.551298 21.894746 21.304211 20.773563 20.296291 19.865569 19.474305 19.115172 18.780621 18.462884 18.153949 17.845527 17.529012 17.195426 16.835367 16.438972 15.995886 15.495286 14.925947 14.276399 13.535207 12.691397 11.735082 10.658304 9.456105 8.127758 6.678060 5.118431 3.467522 1.750963 0.000000 
50.000000 48.162412 46.335663 44.530400 42.756885 41.024823 39.343197 37.720128 36.162756 34.677150 33.268242 31.939793 30.694377 29.533406 28.457159 27.464849 26.554692 25.723994 24.969248 24.286226 23.670078 23.115421 22.616420 22.166861 21.760201 21.389612 21.048000 20.728007 20.421992 20.122001 19.819711 19.506361 19.172678 18.808787 18.404128 17.947391 17.426470 16.828486 16.139887 15.346691 14.434917 13.391274 12.204184 10.865162 9.370567 7.723580 5.936114 4.030155 2.037883 0.000000 
50.000000 48.295841 46.601734 44.927551 43.282808 41.676503 40.116967 38.611728 37.167405 35.789623 34.482953 33.250874 32.095768 31.018934 30.020618 29.100073 28.255626 27.484750 26.784160 26.149892 25.577392 25.061599 24.597015 24.177764 23.797639 23.450130 23.128436 22.825451 22.533735 22.245467 21.952364 21.645596 21.315672 20.952313 20.544323 20.079453 19.544284 18.924161 18.203196 17.364422 16.390154 15.262687 13.965437 12.484665 10.811858 8.946695 6.900272 4.697824 2.379798 0.000000 
50.000000 48.438043 46.885299 45.350814 43.843310 42.371034 40.941619 39.561963 38.238131 36.975275 35.777581 34.648232 33.589406 32.602282 31.687078 30.843092 30.068773 29.361781 28.719075 28.136981 27.611277 27.137261 26.709813 26.323445 25.972339 25.650365 25.351078 25.067701 24.793081 24.519617 24.239174 23.942963 23.621394 23.263911 22.858796 22.392961 21.851732 21.218652 20.475340 19.601466 18.574950 17.372528 15.970898 14.348701 12.489601 10.386583 8.047229 5.498988 2.792465 0.000000 
50.000000 48.588530 47.185384 45.798737 44.436470 43.106033 41.814323 40.567572 39.371260 38.230038 37.147686 36.127077 35.170171 34.278028 33.450833 32.687943 31.987936 31.348679 30.767397 30.240736 29.764838 29.335397 28.947716 28.596745 28.277112 27.983128 27.708783 27.447712 27.193140 26.937804 26.673840 26.392645 26.084697 25.739343 25.344541 24.886564 24.349665 23.715717 22.963856 22.070187 21.007665 19.746325 18.254171 16.499165 14.452867 12.096317 9.428339 6.475342 3.299548 0.000000 
50.000000 48.746710 47.500811 46.269561 45.059956 43.878612 42.731652 41.624607 40.562342 39.548985 38.587889 37.681600 36.831857 36.039592 35.304963 34.627386 34.005588 33.437658 32.921106 32.452929 32.029662 31.647436 31.302020 30.988854 30.703067 30.439483 30.192602 29.956561 29.725074 29.491338 29.247913 28.986559 28.698032 28.371826 27.995863 27.556100 27.036062 26.416296 25.673741 24.781055 23.705989 22.410994 20.853407 18.986873 16.764990 14.148572 11.117912 7.690186 3.938248 0.000000 
50.000000 48.911891 47.830198 46.761222 45.711038 44.685387 43.689586 42.728436 41.806158 40.926336 40.091878 39.304992 38.567183 37.879256 37.241342 36.652926 36.112891 35.619563 35.170766 34.763867 34.395830 34.063258 33.762428 33.489319 33.239623 33.008741 32.791763 32.583427 32.378048 32.169422 31.950700 31.714210 31.451237 31.151734 30.803960 30.394009 29.905222 29.317436 28.606055 27.740912 26.684952 25.392851 23.809871 21.871709 19.506751 16.643341 13.225870 9.243509 4.770411 0.000000 
50.000000 49.083281 48.171967 47.271367 46.386597 45.522495 44.683539 43.873773 43.096753 42.355497 41.652452 40.989477 40.367837 39.788208 39.250693 38.754854 38.299741 37.883934 37.505585 37.162461 36.851980 36.571252 36.317105 36.086103 35.874554 35.678507 35.493720 35.315625 35.139255 34.959151 34.769231 34.562617 34.331403 34.066362 33.756546 33.388770 32.946925 32.411065 31.756185 30.950608 29.953859 28.713974 27.164315 25.220374 22.778080 19.717238 15.917619 11.300220 5.906227 0.000000 
50.000000 49.259999 48.524362 47.797372 47.083161 46.385632 45.708400 45.054730 44.427490 43.829116 43.261582 42.726389 42.224554 41.756621 41.322670 40.922343 40.554868 40.219091 39.913513 39.636316 39.385404 39.158423 38.952786 38.765688 38.594106 38.434792 38.284252 38.138702 37.994006 37.845590 37.688318 37.516333 37.322839 37.099813 36.837611 36.524448 36.145673 35.682764 35.111924 34.402080 33.512030 32.386366 30.949741 29.099152 26.694643 23.551410 19.443360 14.144375 7.559715 0.000000 
50.000000 49.441085 48.885465 48.336376 47.796938 47.270100 46.758591 46.264877 45.791123 45.339170 44.910508 44.506268 44.127219 43.773769 43.445978 43.143571 42.865963 42.612278 42.381377 42.171882 41.982199 41.810538 41.654931 41.513237 41.383147 41.262175 41.147635 41.036609 40.925896 40.811934 40.690702 40.557581 40.407170 40.233033 40.027354 39.780461 39.480155 39.110744 38.651630 38.075199 37.343596 36.403704 35.179192 33.557866 31.371792 28.368009 24.173315 18.283094 10.192713 0.000000 
50.000000 49.625507 49.253223 48.885314 48.523871 48.170871 47.828141 47.497334 47.179900 46.877073 46.589849 46.318988 46.065003 45.828168 45.608520 45.405876 45.219841 45.049826 44.895066 44.754633 44.627454 44.512326 44.407920 44.312793 44.225386 44.144013 44.066854 43.991924 43.917038 43.839755 43.757310 43.666508 43.563592 43.444054 43.302378 43.131672 42.923150 42.665355 42.342997 41.935145 41.412313 40.731623 39.828425 38.601202 36.883354 34.388974 30.608945 24.628765 14.931448 0.000000 
50.000000 49.812185 49.625478 49.440965 49.259695 49.082659 48.910773 48.744867 48.585668 48.433793 48.289744 48.153901 48.026520 47.907739 47.797577 47.695941 47.602632 47.517356 47.439726 47.369276 47.305468 47.247696 47.195291 47.147526 47.103615 47.062708 47.023885 46.986141 46.948367 46.909324 46.867601 46.821566 46.769289 46.708448 46.636188 46.548918 46.442031 46.309469 46.143057 45.931452 45.658383 45.299591 44.817197 44.148591 43.182734 41.704677 39.251582 34.696162 24.906613 0.000000 
50.000000 50.000000 50.000000 50.000000 50.000000 50.000000 50.000000 50.000000 50.000000 50.000000 50.000000 50.000000 50.000000 50.000000 50.000000 50.000000 50.000000 50.000000 50.000000 50.000000 50.000000 50.000000 50.000000 50.000000 50.000000 50.000000 50.000000 50.000000 50.000000 50.000000 50.000000 50.000000 50.000000 50.000000 50.000000 50.000000 50.000000 50.000000 50.000000 50.000000 50.000000 50.000000 50.000000 50.000000 50.000000 50.000000 50.000000 50.000000 50.000000 50.000000 
