50.000000 50.000000 50.000000 50.000000 50.000000 50.000000 50.000000 50.000000 50.000000 50.000000 50.000000 50.000000 50.000000 50.000000 50.000000 50.000000 50.000000 50.000000 50.000000 50.000000 50.000000 50.000000 50.000000 50.000000 50.000000 50.000000 50.000000 50.000000 50.000000 50.000000 50.000000 50.000000 50.000000 50.000000 50.000000 50.000000 50.000000 50.000000 50.000000 50.000000 50.000000 50.000000 50.000000 50.000000 50.000000 50.000000 50.000000 50.000000 50.000000 50.000000 
50.000000 49.406489 48.824040 48.263097 47.732924 47.241154 46.793478 46.393502 46.042755 45.740859 45.485795 45.274255 45.102023 44.964353 44.856308 44.773047 44.710041 44.663216 44.629036 44.604526 44.587256 44.575292 44.567133 44.561636 44.557949 44.555436 44.553618 44.552111 44.550576 44.548663 44.545954 44.541889 44.535684 44.526211 44.511837 44.490202 44.457893 44.409974 44.339274 44.235278 44.082313 43.856435 43.519748 43.009254 42.213132 40.915258 38.651238 34.291891 24.703245 0.000000 
50.000000 48.824040 47.669998 46.558566 45.508102 44.533729 43.646723 42.854225 42.159270 41.561106 41.055733 40.636598 40.295346 40.022573 39.808499 39.643530 39.518693 39.425916 39.358194 39.309632 39.275415 39.251711 39.235546 39.224660 39.217360 39.212392 39.208806 39.205850 39.202859 39.199153 39.193920 39.186086 39.174148 39.155948 39.128380 39.086965 39.025266 38.934030 38.799934 38.603671 38.316927 37.897441 37.280525 36.363901 34.979437 32.838917 29.430176 23.834999 14.532149 0.000000 
50.000000 48.263097 46.558566 44.916973 43.365429 41.926272 40.616158 39.445635 38.419184 37.535693 36.789257 36.170193 35.666165 35.263281 34.947093 34.703436 34.519053 34.382023 34.281999 34.210275 34.159738 34.124731 34.100860 34.084789 34.074023 34.066709 34.061455 34.057160 34.052862 34.047584 34.040176 34.029127 34.012333 33.986794 33.948210 33.890428 33.804668 33.678444 33.494016 33.226128 32.838624 32.279275 31.471695 30.302578 28.601767 26.112945 22.458486 17.128391 9.611859 0.000000 
50.000000 47.732924 45.508102 43.365429 41.340293 39.461850 37.751841 36.224031 34.884271 33.731109 32.756837 31.948817 31.290945 30.765090 30.352395 30.034369 29.793708 29.614856 29.484303 29.390690 29.324732 29.279045 29.247897 29.226935 29.212908 29.203405 29.196622 29.191140 29.185736 29.179187 29.170074 29.156549 29.136068 29.105025 29.058292 28.988590 28.885643 28.735027 28.516589 28.202259 27.752995 27.114514 26.211390 24.939198 23.155142 20.670146 17.252484 12.669185 6.817666 0.000000 
50.000000 47.241154 44.533729 41.926272 39.461850 37.175943 35.095007 33.235794 31.605425 30.202131 29.016530 28.033246 27.232680 26.592766 26.090558 25.703553 25.410696 25.193052 25.034186 24.920272 24.840013 24.784424 24.746533 24.721046 24.704014 24.692514 24.684367 24.677878 24.671603 24.664129 24.653845 24.638685 24.615834 24.581339 24.529630 24.452878 24.340164 24.176392 23.940864 23.605440 23.132189 22.470464 21.553520 20.295165 18.587972 16.306708 13.324505 9.554292 5.028022 0.000000 
50.000000 46.793478 43.646723 40.616158 37.751841 35.095007 32.676407 30.515512 28.620594 26.989601 25.611628 24.468800 23.538339 22.794599 22.210910 21.761116 21.420745 21.167793 20.983155 20.850764 20.757489 20.692892 20.648870 20.619277 20.599530 20.586248 20.576920 20.569615 20.562715 20.554673 20.543763 20.527817 20.503915 20.468004 20.414431 20.335339 20.219915 20.053445 19.816161 19.481855 19.016306 18.375649 17.505015 16.338204 14.799843 12.812643 10.313580 7.282822 3.784225 0.000000 
50.000000 46.393502 42.854225 39.445635 36.224031 33.235795 30.515512 28.085081 25.953808 24.119383 22.569539 21.284172 20.237663 19.401165 18.744681 18.238793 17.855976 17.571480 17.363820 17.214923 17.110024 17.037383 16.987892 16.954642 16.932492 16.917655 16.907335 16.899404 16.892115 16.883839 16.872809 16.856855 16.833099 16.797599 16.744915 16.667580 16.555458 16.394986 16.168305 15.852328 15.417843 14.828855 14.042541 13.010497 11.682275 10.012642 7.973940 5.573701 2.873754 0.000000 
50.000000 46.042755 42.159271 38.419184 34.884272 31.605426 28.620595 25.953809 23.615278 21.602465 19.901911 18.491556 17.343289 16.425455 15.705141 15.150068 14.730034 14.417881 14.190035 14.026668 13.911579 13.831889 13.777610 13.741167 13.716931 13.700765 13.689635 13.681255 13.673786 13.665565 13.654844 13.639533 13.616910 13.583302 13.533703 13.461327 13.357093 13.209046 13.001760 12.715772 12.327187 11.807641 11.124957 10.244948 9.134963 7.769758 6.139910 4.261830 2.186320 0.000000 
50.000000 45.740859 41.561107 37.535694 33.731111 30.202132 26.989603 24.119385 21.602466 19.436117 17.605849 16.087921 14.852073 13.864238 13.088989 12.491586 12.039522 11.703568 11.458351 11.282532 11.158676 11.072925 11.014531 10.975352 10.949340 10.932065 10.920292 10.911615 10.904139 10.896202 10.886119 10.871939 10.851177 10.820533 10.775572 10.710356 10.617051 10.485514 10.302901 10.053383 9.718063 9.275285 8.701545 7.973301 7.069946 5.978118 4.697072 3.244181 1.658547 0.000000 
50.000000 45.485796 41.055735 36.789259 32.756840 29.016534 25.611632 22.569543 19.901915 17.605852 15.665999 14.057190 12.747354 11.700382 10.878726 10.245564 9.766442 9.410382 9.150493 8.964156 8.832898 8.742029 8.680166 8.638686 8.611191 8.593008 8.580742 8.571895 8.564541 8.557048 8.547826 8.535096 8.516655 8.489631 8.450220 8.393397 8.312624 8.199566 8.043860 7.833010 7.552482 7.186152 6.717222 6.129783 5.411098 4.554584 3.563134 2.452066 1.250518 0.000000 
50.000000 45.274257 40.636601 36.170199 31.948824 28.033254 24.468809 21.284182 18.491567 16.087930 14.057197 12.373021 11.001828 9.905815 9.045675 8.382859 7.881301 7.508570 7.236514 7.041458 6.904062 6.808954 6.744219 6.700840 6.672131 6.653220 6.640586 6.631666 6.624524 6.617571 6.609329 6.598209 6.582303 6.559180 6.525669 6.477640 6.409792 6.315468 6.186532 6.013364 5.785048 5.489822 5.115890 4.652658 4.092399 3.432241 2.676188 1.836671 0.934984 0.000000 
50.000000 45.102027 40.295353 35.666176 31.290959 27.232696 23.538358 20.237684 17.343310 14.852095 12.747374 11.001841 9.580696 8.444760 7.553292 6.866337 6.346514 5.960212 5.678254 5.476101 5.333711 5.235154 5.168087 5.123170 5.093485 5.074003 5.061104 5.052180 5.045298 5.038925 5.031695 5.022209 5.008848 4.989601 4.961891 4.922411 4.866973 4.790391 4.686429 4.547849 4.366613 4.134292 3.842721 3.484932 3.056321 2.555945 1.987742 1.361331 0.692056 0.000000 
50.000000 44.964360 40.022587 35.263301 30.765116 26.592798 22.794636 19.401206 16.425499 13.864283 11.700427 9.905854 8.444787 7.276943 6.360436 5.654190 5.119771 4.722624 4.432753 4.224929 4.078550 3.977240 3.908312 3.862171 3.831717 3.811795 3.798713 3.789830 3.783226 3.777426 3.771172 3.763242 3.752284 3.736663 3.714335 3.682710 3.638558 3.577929 3.496145 3.387869 3.247288 3.068456 2.845791 2.574759 2.252666 1.879500 1.458654 0.997335 0.506474 0.000000 
50.000000 44.856322 39.808525 34.947133 30.352446 26.090620 22.210981 18.744760 15.705227 13.089080 10.878818 9.045764 7.553369 6.360488 5.424335 4.702952 4.157081 3.751425 3.455344 3.243073 3.093564 2.990095 2.919711 2.872615 2.841566 2.821312 2.808107 2.799291 2.792960 2.787692 2.782331 2.775811 2.767011 2.754627 2.737062 2.712336 2.678005 2.631126 2.568258 2.485536 2.378826 2.243992 2.077263 1.875714 1.637804 1.363907 1.056744 0.721586 0.366133 0.000000 
50.000000 44.773073 39.643580 34.703510 30.034465 25.703670 21.761251 18.238944 15.150233 12.491761 10.245745 8.383041 6.866510 5.654339 4.703050 3.970005 3.415311 3.003101 2.702238 2.486540 2.334622 2.229491 2.157987 2.110159 2.078657 2.058159 2.044875 2.036137 2.030056 2.025261 2.020680 2.015384 2.008446 1.998834 1.985325 1.966427 1.940331 1.904883 1.857599 1.795728 1.716375 1.616700 1.494183 1.346957 1.174158 0.976269 0.755374 0.515251 0.261261 0.000000 
50.000000 44.710088 39.518786 34.519191 29.793888 25.410914 21.420998 17.856259 14.730342 12.039850 9.766785 7.881651 6.346862 5.120099 4.157361 3.415495 2.854127 2.436959 2.132479 1.914189 1.760450 1.654064 1.581714 1.533335 1.501496 1.480819 1.467488 1.458827 1.452966 1.448573 1.444650 1.440378 1.434988 1.427670 1.417495 1.403359 1.383943 1.357701 1.322869 1.277520 1.219657 1.147354 1.058945 0.953248 0.829794 0.689043 0.532536 0.362932 0.183925 0.000000 
50.000000 44.663303 39.426088 34.382277 29.615186 25.193454 21.168258 17.572001 14.418449 11.704174 9.411019 7.509226 5.960876 4.723276 3.752034 3.003616 2.437293 2.016443 1.709277 1.489064 1.333972 1.226654 1.153678 1.104893 1.072805 1.052002 1.038645 1.030055 1.024378 1.020315 1.016928 1.013485 1.009342 1.003861 0.996343 0.985979 0.971824 0.952784 0.927627 0.895024 0.853616 0.802112 0.739425 0.664809 0.578022 0.479449 0.370199 0.252113 0.127706 0.000000 
50.000000 44.629194 39.358506 34.282459 29.484902 25.034913 20.983996 17.364762 14.191063 11.459451 9.151650 7.237713 5.679477 4.433977 3.456537 2.703345 2.133409 1.709875 1.400752 1.179137 1.023060 0.915064 0.841631 0.792551 0.760286 0.739394 0.726024 0.717496 0.711966 0.708166 0.705203 0.702410 0.699241 0.695189 0.689727 0.682268 0.672141 0.658585 0.640751 0.617734 0.588623 0.552564 0.508851 0.457021 0.396954 0.328952 0.253791 0.172732 0.087462 0.000000 
50.000000 44.604807 39.310188 34.211095 29.391757 24.921566 20.852262 17.216601 14.028499 11.284493 8.966222 7.043604 5.478301 4.227154 3.245284 2.488678 1.916161 1.490709 1.180187 0.957570 0.800789 0.692308 0.618551 0.569261 0.536870 0.515917 0.502541 0.494064 0.488650 0.485053 0.482413 0.480116 0.477687 0.474714 0.470799 0.465514 0.458390 0.448900 0.436467 0.420485 0.400346 0.375493 0.345472 0.309998 0.269016 0.222751 0.171738 0.116825 0.059134 0.000000 
50.000000 44.587750 39.276392 34.161177 29.326605 24.842284 20.760118 17.112967 13.914792 11.162117 8.836523 6.907833 5.337589 4.082493 3.097524 2.338531 1.764208 1.337416 1.025916 0.802598 0.645325 0.536506 0.462521 0.413085 0.380608 0.359614 0.346237 0.337799 0.332473 0.329027 0.326627 0.324696 0.322811 0.320630 0.317844 0.314142 0.309193 0.302635 0.294081 0.283124 0.269367 0.252446 0.232074 0.208074 0.180426 0.149291 0.115032 0.078215 0.039580 0.000000 
50.000000 44.576145 39.253399 34.127218 29.282281 24.788348 20.697432 17.042465 13.837438 11.078865 8.748290 6.815470 5.241864 3.984082 2.997005 2.236389 1.660838 1.233134 0.920969 0.697175 0.539567 0.430517 0.356379 0.306844 0.274308 0.253288 0.239912 0.231503 0.226241 0.222903 0.220675 0.219004 0.217506 0.215885 0.213896 0.211306 0.207881 0.203370 0.197511 0.190034 0.180677 0.169206 0.155435 0.139258 0.120669 0.099782 0.076843 0.052228 0.026422 0.000000 
50.000000 44.568585 39.238419 34.105094 29.253404 24.753208 20.656592 16.996533 13.787041 11.024626 8.690807 6.755296 5.179500 3.919968 2.931518 2.169845 1.593495 1.165196 0.852597 0.628493 0.470668 0.361468 0.287230 0.237631 0.205057 0.184020 0.170646 0.162258 0.157038 0.153775 0.151663 0.150169 0.148931 0.147687 0.146233 0.144387 0.141978 0.138827 0.134754 0.129577 0.123118 0.115224 0.105773 0.094700 0.082005 0.067771 0.052166 0.035442 0.017927 0.000000 
50.000000 44.564071 39.229475 34.091883 29.236162 24.732226 20.632207 16.969108 13.756950 10.992242 8.656485 6.719368 5.142264 3.881687 2.892418 2.130114 1.553286 1.124632 0.811775 0.587486 0.429530 0.320242 0.245944 0.196306 0.163711 0.142664 0.129291 0.120916 0.115723 0.112505 0.110465 0.109079 0.108001 0.106987 0.105859 0.104467 0.102675 0.100349 0.097357 0.093566 0.088851 0.083104 0.076241 0.068218 0.059040 0.048767 0.037522 0.025485 0.012887 0.000000 
50.000000 44.561967 39.225308 34.085729 29.228129 24.722452 20.620847 16.956331 13.742932 10.977155 8.640495 6.702630 5.124917 3.863854 2.874203 2.111605 1.534554 1.105735 0.792758 0.568382 0.410366 0.301036 0.226710 0.177055 0.144449 0.123398 0.110026 0.101656 0.096477 0.093280 0.091274 0.089940 0.088937 0.088033 0.087059 0.085880 0.084379 0.082441 0.079956 0.076815 0.072917 0.068173 0.062518 0.055917 0.048376 0.039945 0.030726 0.020864 0.010550 0.000000 
50.000000 44.561967 39.225308 34.085729 29.228129 24.722452 20.620847 16.956331 13.742932 10.977155 8.640495 6.702630 5.124917 3.863854 2.874203 2.111605 1.534554 1.105735 0.792758 0.568382 0.410366 0.301036 0.226710 0.177055 0.144449 0.123398 0.110026 0.101656 0.096477 0.093280 0.091274 0.089940 0.088937 0.088033 0.087059 0.085880 0.084379 0.082441 0.079956 0.076815 0.072917 0.068173 0.062518 0.055917 0.048376 0.039945 0.030726 0.020864 0.010550 0.000000 
50.000000 44.564071 39.229475 34.091883 29.236162 24.732226 20.632207 16.969108 13.756950 10.992242 8.656485 6.719368 5.142264 3.881687 2.892418 2.130114 1.553286 1.124632 0.811775 0.587486 0.429530 0.320242 0.245944 0.196306 0.163711 0.142664 0.129291 0.120916 0.115723 0.112505 0.110465 0.109079 0.108001 0.106987 0.105859 0.104467 0.102675 0.100349 0.097357 0.093566 0.088851 0.083104 0.076241 0.068218 0.059040 0.048767 0.037522 0.025485 0.012887 0.000000 
50.000000 44.568585 39.238419 34.105094 29.253404 24.753208 20.656592 16.996533 13.787041 11.024626 8.690807 6.755296 5.179500 3.919968 2.931518 2.169845 1.593495 1.165196 0.852597 0.628493 0.470668 0.361468 0.287230 0.237631 0.205057 0.184020 0.170646 0.162258 0.157038 0.153775 0.151663 0.150169 0.148931 0.147687 0.146233 0.144387 0.141978 0.138827 0.134754 0.129577 0.123118 0.115224 0.105773 0.094700 0.082005 0.067771 0.052166 0.035442 0.017927 0.000000 
50.000000 44.576145 39.253399 34.127218 29.282281 24.788348 20.697432 17.042465 13.837438 11.078865 8.748290 6.815470 5.241864 3.984082 2.997005 2.236389 1.660838 1.233134 0.920969 0.697175 0.539567 0.430517 0.356379 0.306844 0.274308 0.253288 0.239912 0.231503 0.226241 0.222903 0.220675 0.219004 0.217506 0.215885 0.213896 0.211306 0.207881 0.203370 0.197511 0.190034 0.180677 0.169206 0.155435 0.139258 0.120669 0.099782 0.076843 0.052228 0.026422 0.000000 
50.000000 44.587750 39.276392 34.161177 29.326605 24.842284 20.760118 17.112967 13.914792 11.162117 8.836523 6.907833 5.337589 4.082493 3.097524 2.338531 1.764208 1.337416 1.025916 0.802598 0.645325 0.536506 0.462521 0.413085 0.380608 0.359614 0.346237 0.337799 0.332473 0.329027 0.326627 0.324696 0.322811 0.320630 0.317844 0.314142 0.309193 0.302635 0.294081 0.283124 0.269367 0.252446 0.232074 0.208074 0.180426 0.149291 0.115032 0.078215 0.039580 0.000000 
50.000000 44.604807 39.310188 34.211095 29.391757 24.921566 20.852262 17.216601 14.028499 11.284493 8.966222 7.043604 5.478301 4.227154 3.245284 2.488678 1.916161 1.490709 1.180187 0.957570 0.800789 0.692308 0.618551 0.569261 0.536870 0.515917 0.502541 0.494064 0.488650 0.485053 0.482413 0.480116 0.477687 0.474714 0.470799 0.465514 0.458390 0.448900 0.436467 0.420485 0.400346 0.375493 0.345472 0.309998 0.269016 0.222751 0.171738 0.116825 0.059134 0.000000 
50.000000 44.629194 39.358506 34.282459 29.484902 25.034913 20.983996 17.364762 14.191063 11.459451 9.151650 7.237713 5.679477 4.433977 3.456537 2.703345 2.133409 1.709875 1.400752 1.179137 1.023060 0.915064 0.841631 0.792551 0.760286 0.739394 0.726024 0.717496 0.711966 0.708166 0.705203 0.702410 0.699241 0.695189 0.689727 0.682268 0.672141 0.658585 0.640751 0.617734 0.588623 0.552564 0.508851 0.457021 0.396954 0.328952 0.253791 0.172732 0.087462 0.000000 
50.000000 44.663303 39.426088 34.382277 29.615186 25.193454 21.168258 17.572001 14.418449 11.704174 9.411019 7.509226 5.960876 4.723276 3.752034 3.003616 2.437293 2.016443 1.709277 1.489064 1.333972 1.226654 1.153678 1.104893 1.072805 1.052002 1.038645 1.030055 1.024378 1.020315 1.016928 1.013485 1.009342 1.003861 0.996343 0.985979 0.971824 0.952784 0.927627 0.895024 0.853616 0.802112 0.739425 0.664809 0.578022 0.479449 0.370199 0.252113 0.127706 0.000000 
50.000000 44.710088 39.518786 34.519191 29.793888 25.410914 21.420998 17.856259 14.730342 12.039850 9.766785 7.881651 6.346862 5.120099 4.157361 3.415495 2.854127 2.436959 2.132479 1.914189 1.760450 1.654064 1.581714 1.533335 1.501496 1.480819 1.467488 1.458827 1.452966 1.448573 1.444650 1.440378 1.434988 1.427670 1.417495 1.403359 1.383943 1.357701 1.322869 1.277520 1.219657 1.147354 1.058945 0.953248 0.829794 0.689043 0.532536 0.362932 0.183925 0.000000 
50.000000 44.773073 39.643580 34.703510 30.034465 25.703670 21.761251 18.238944 15.150233 12.491761 10.245745 8.383041 6.866510 5.654339 4.703050 3.970005 3.415311 3.003101 2.702238 2.486540 2.334622 2.229491 2.157987 2.110159 2.078657 2.058159 2.044875 2.036137 2.030056 2.025261 2.020680 2.015384 2.008446 1.998834 1.985325 1.966427 1.940331 1.904883 1.857599 1.795728 1.716375 1.616700 1.494183 1.346957 1.174158 0.976269 0.755374 0.515251 0.261261 0.000000 
50.000000 44.856322 39.808525 34.947133 30.352446 26.090620 22.210981 18.744760 15.705227 13.089080 10.878818 9.045764 7.553369 6.360488 5.424335 4.702952 4.157081 3.751425 3.455344 3.243073 3.093564 2.990095 2.919711 2.872615 2.841566 2.821312 2.808107 2.799291 2.792960 2.787692 2.782331 2.775811 2.767011 2.754627 2.737062 2.712336 2.678005 2.631126 2.568258 2.485536 2.378826 2.243992 2.077263 1.875714 1.637804 1.363907 1.056744 0.721586 0.366133 0.000000 
50.000000 44.964360 40.022587 35.263301 30.765116 26.592798 22.794636 19.401206 16.425499 13.864283 11.700427 9.905854 8.444787 7.276943 6.360436 5.654190 5.119771 4.722624 4.432753 4.224929 4.078550 3.977240 3.908312 3.862171 3.831717 3.811795 3.798713 3.789830 3.783226 3.777426 3.771172 3.763242 3.752284 3.736663 3.714335 3.682710 3.638558 3.577929 3.496145 3.387869 3.247288 3.068456 2.845791 2.574759 2.252666 1.879500 1.458654 0.997335 0.506474 0.000000 
50.000000 45.102027 40.295353 35.666176 31.290959 27.232696 23.538358 20.237684 17.343310 14.852095 12.747374 11.001841 9.580696 8.444760 7.553292 6.866337 6.346514 5.960212 5.678254 5.476101 5.333711 5.235154 5.168087 5.123170 5.093485 5.074003 5.061104 5.052180 5.045298 5.038925 5.031695 5.022209 5.008848 4.989601 4.961891 4.922411 4.866973 4.790391 4.686429 4.547849 4.366613 4.134292 3.842721 3.484932 3.056321 2.555945 1.987742 1.361331 0.692056 0.000000 
50.000000 45.274257 40.636601 36.170199 31.948824 28.033254 24.468809 21.284182 18.491567 16.087930 14.057197 12.373021 11.001828 9.905815 9.045675 8.382859 7.881301 7.508570 7.236514 7.041458 6.904062 6.808954 6.744219 6.700840 6.672131 6.653220 6.640586 6.631666 6.624524 6.617571 6.609329 6.598209 6.582303 6.559180 6.525669 6.477640 6.409792 6.315468 6.186532 6.013364 5.785048 5.489822 5.115890 4.652658 4.092399 3.432241 2.676188 1.836671 0.934984 0.000000 
50.000000 45.485796 41.055735 36.789259 32.756840 29.016534 25.611632 22.569543 19.901915 17.605852 15.665999 14.057190 12.747354 11.700382 10.878726 10.245564 9.766442 9.410382 9.150493 8.964156 8.832898 8.742029 8.680166 8.638686 8.611191 8.593008 8.580742 8.571895 8.564541 8.557048 8.547826 8.535096 8.516655 8.489631 8.450220 8.393397 8.312624 8.199566 8.043860 7.833010 7.552482 7.186152 6.717222 6.129783 5.411098 4.554584 3.563134 2.452066 1.250518 0.000000 
50.000000 45.740859 41.561107 37.535694 33.731111 30.202132 26.989603 24.119385 21.602466 19.436117 17.605849 16.087921 14.852073 13.864238 13.088989 12.491586 12.039522 11.703568 11.458351 11.282532 11.158676 11.072925 11.014531 10.975352 10.949340 10.932065 10.920292 10.911615 10.904139 10.896202 10.886119 10.871939 10.851177 10.820533 10.775572 10.710356 10.617051 10.485514 10.302901 10.053383 9.718063 9.275285 8.701545 7.973301 7.069946 5.978118 4.697072 3.244181 1.658547 0.000000 
50.000000 46.042755 42.159271 38.419184 34.884272 31.605426 28.620595 25.953809 23.615278 21.602465 19.901911 18.491556 17.343289 16.425455 15.705141 15.150068 14.730034 14.417881 14.190035 14.026668 13.911579 13.831889 13.777610 13.741167 13.716931 13.700765 13.689635 13.681255 13.673786 13.665565 13.654844 13.639533 13.616910 13.583302 13.533703 13.461327 13.357093 13.209046 13.001760 12.715772 12.327187 11.807641 11.124957 10.244948 9.134963 7.769758 6.139910 4.261830 2.186320 0.000000 
50.000000 46.393502 42.854225 39.445635 36.224031 33.235795 30.515512 28.085081 25.953808 24.119383 22.569539 21.284172 20.237663 19.401165 18.744681 18.238793 17.855976 17.571480 17.363820 17.214923 17.110024 17.037383 16.987892 16.954642 16.932492 16.917655 16.907335 16.899404 16.892115 16.883839 16.872809 16.856855 16.833099 16.797599 16.744915 16.667580 16.555458 16.394986 16.168305 15.852328 15.417843 14.828855 14.042541 13.010497 11.682275 10.012642 7.973940 5.573701 2.873754 0.000000 
50.000000 46.793478 43.646723 40.616158 37.751841 35.095007 32.676407 30.515512 28.620594 26.989601 25.611628 24.468800 23.538339 22.794599 22.210910 21.761116 21.420745 21.167793 20.983155 20.850764 20.757489 20.692892 20.648870 20.619277 20.599530 20.586248 20.576920 20.569615 20.562715 20.554673 20.543763 20.527817 20.503915 20.468004 20.414431 20.335339 20.219915 20.053445 19.816161 19.481855 19.016306 18.375649 17.505015 16.338204 14.799843 12.812643 10.313580 7.282822 3.784225 0.000000 
50.000000 47.241154 44.533729 41.926272 39.461850 37.175943 35.095007 33.235794 31.605425 30.202131 29.016530 28.033246 27.232680 26.592766 26.090558 25.703553 25.410696 25.193052 25.034186 24.920272 24.840013 24.784424 24.746533 24.721046 24.704014 24.692514 24.684367 24.677878 24.671603 24.664129 24.653845 24.638685 24.615834 24.581339 24.529630 24.452878 24.340164 24.176392 23.940864 23.605440 23.132189 22.470464 21.553520 20.295165 18.587972 16.306708 13.324505 9.554292 5.028022 0.000000 
50.000000 47.732924 45.508102 43.365429 41.340293 39.461850 37.751841 36.224031 34.884271 33.731109 32.756837 31.948817 31.290945 30.765090 30.352395 30.034369 29.793708 29.614856 29.484303 29.390690 29.324732 29.279045 29.247897 29.226935 29.212908 29.203405 29.196622 29.191140 29.185736 29.179187 29.170074 29.156549 29.136068 29.105025 29.058292 28.988590 28.885643 28.735027 28.516589 28.202259 27.752995 27.114514 26.211390 24.939198 23.155142 20.670146 17.252484 12.669185 6.817666 0.000000 
50.000000 48.263097 46.558566 44.916973 43.365429 41.926272 40.616158 39.445635 38.419184 37.535693 36.789257 36.170193 35.666165 35.263281 34.947093 34.703436 34.519053 34.382023 34.281999 34.210275 34.159738 34.124731 34.100860 34.084789 34.074023 34.066709 34.061455 34.057160 34.052862 34.047584 34.040176 34.029127 34.012333 33.986794 33.948210 33.890428 33.804668 33.678444 33.494016 33.226128 32.838624 32.279275 31.471695 30.302578 28.601767 26.112945 22.458486 17.128391 9.611859 0.000000 
50.000000 48.824040 47.669998 46.558566 45.508102 44.533729 43.646723 42.854225 42.159270 41.561106 41.055733 40.636598 40.295346 40.022573 39.808499 39.643530 39.518693 39.425916 39.358194 39.309632 39.275415 39.251711 39.235546 39.224660 39.217360 39.212392 39.208806 39.205850 39.202859 39.199153 39.193920 39.186086 39.174148 39.155948 39.128380 39.086965 39.025266 38.934030 38.799934 38.603671 38.316927 37.897441 37.280525 36.363901 34.979437 32.838917 29.430176 23.834999 14.532149 0.000000 
50.000000 49.406489 48.824040 48.263097 47.732924 47.241154 46.793478 46.393502 46.042755 45.740859 45.485795 45.274255 45.102023 44.964353 44.856308 44.773047 44.710041 44.663216 44.629036 44.604526 44.587256 44.575292 44.567133 44.561636 44.557949 44.555436 44.553618 44.552111 44.550576 44.548663 44.545954 44.541889 44.535684 44.526211 44.511837 44.490202 44.457893 44.409974 44.339274 44.235278 44.082313 43.856435 43.519748 43.009254 42.213132 40.915258 38.651238 34.291891 24.703245 0.000000 
50.000000 50.000000 50.000000 50.000000 50.000000 50.000000 50.000000 50.000000 50.000000 50.000000 50.000000 50.000000 50.000000 50.000000 50.000000 50.000000 50.000000 50.000000 50.000000 50.000000 50.000000 50.000000 50.000000 50.000000 50.000000 50.000000 50.000000 50.000000 50.000000 50.000000 50.000000 50.000000 50.000000 50.000000 50.000000 50.000000 50.000000 50.000000 50.000000 50.000000 50.000000 50.000000 50.000000 50.000000 50.000000 50.000000 50.000000 50.000000 50.000000 50.000000 
