50.000000 50.000000 50.000000 50.000000 50.000000 50.000000 50.000000 50.000000 50.000000 50.000000 50.000000 50.000000 50.000000 50.000000 50.000000 50.000000 50.000000 50.000000 50.000000 50.000000 50.000000 50.000000 50.000000 50.000000 50.000000 50.000000 50.000000 50.000000 50.000000 50.000000 50.000000 50.000000 50.000000 50.000000 50.000000 50.000000 50.000000 50.000000 50.000000 50.000000 50.000000 50.000000 50.000000 50.000000 50.000000 50.000000 50.000000 50.000000 50.000000 50.000000 
50.000000 49.663988 49.331522 49.006036 48.690746 48.388553 48.101966 47.833044 47.583354 47.353959 47.145425 46.957844 46.790879 46.643817 46.515634 46.405065 46.310671 46.230901 46.164157 46.108842 46.063399 46.026346 45.996289 45.971936 45.952093 45.935656 45.921586 45.908886 45.896562 45.883575 45.868785 45.850882 45.828288 45.799046 45.760662 45.709890 45.642431 45.552487 45.432090 45.270029 45.050090 44.747992 44.325743 43.720538 42.821055 41.411989 39.030069 34.547520 24.831998 0.000000 
50.000000 49.331523 48.670100 48.022564 47.395312 46.794115 46.223968 45.688962 45.192218 44.735851 44.320984 43.947803 43.615636 43.323064 43.068053 42.848085 42.660294 42.501600 42.368822 42.258783 42.168389 42.094689 42.034916 41.986501 41.947076 41.914446 41.886557 41.861438 41.837128 41.811589 41.782590 41.747574 41.703481 41.646527 41.571914 41.473432 41.342906 41.169397 40.938022 40.628113 40.210303 39.641665 38.857330 37.755397 36.168711 33.810654 30.171264 24.335068 14.784020 0.000000 
50.000000 49.006039 48.022568 47.059745 46.127082 45.233161 44.385407 43.589906 42.851296 42.172723 41.555859 41.000976 40.507076 40.072053 39.692879 39.365812 39.086591 38.850636 38.653221 38.489622 38.355242 38.245697 38.156877 38.084973 38.026471 37.978127 37.936907 37.899912 37.864272 37.827016 37.784917 37.734297 37.670785 37.589017 37.482239 37.341784 37.156359 36.911040 36.585827 36.153502 35.576384 34.801289 33.751570 32.314465 30.321231 27.517865 23.529921 17.851362 9.975997 0.000000 
50.000000 48.690754 47.395325 46.127093 44.898588 43.721116 42.604454 41.556620 40.583723 39.689907 38.877374 38.146484 37.495922 36.922912 36.423470 35.992663 35.624884 35.314100 35.054087 34.838628 34.661670 34.517447 34.400557 34.305993 34.229149 34.165779 34.111928 34.063830 34.017782 33.969981 33.916329 33.852196 33.772136 33.669523 33.536104 33.361405 33.131959 32.830252 32.433267 31.910455 31.220844 30.308944 29.099006 27.487295 25.332810 22.449402 18.609368 13.584755 7.278805 0.000000 
50.000000 48.388570 46.794146 45.233198 43.721145 42.271904 40.897509 39.607828 38.410380 37.310267 36.310198 35.410616 34.609904 33.904645 33.289936 32.759707 32.307058 31.924566 31.604574 31.339435 31.121708 30.944305 30.800592 30.684428 30.590175 30.512647 30.447036 30.388789 30.333464 30.276539 30.213196 30.138050 30.044843 29.926050 29.772415 29.572352 29.311199 28.970233 28.525409 27.945688 27.190885 26.208949 24.932762 23.276943 21.136168 18.388629 14.912161 10.625554 5.567571 0.000000 
50.000000 48.101999 46.224029 44.385488 42.604538 40.897570 39.278759 37.759728 36.349334 35.053583 33.875669 32.816114 31.873011 31.042341 30.318325 29.693818 29.160693 28.710213 28.333363 28.021142 27.764796 27.555992 27.386935 27.250423 27.139854 27.049178 26.972809 26.905497 26.842160 26.777685 26.706691 26.623245 26.520546 26.390531 26.223425 26.007186 25.726835 25.363639 24.894120 24.288862 23.511160 22.515599 21.246907 19.639787 17.621197 15.117639 12.071290 8.468798 4.381541 0.000000 
50.000000 47.833103 45.689075 43.590062 41.556800 39.608001 37.759849 36.025613 34.415406 32.936087 31.591298 30.381637 29.304930 28.356586 27.530011 26.817048 26.208423 25.694163 25.263984 24.907618 24.615083 24.376885 24.184150 24.028692 23.903023 23.800308 23.714268 23.639045 23.569025 23.498628 23.422065 23.333056 23.224507 23.088150 22.914116 22.690460 22.402602 22.032701 21.558959 20.954890 20.188653 19.222617 18.013542 16.513991 14.675991 12.458328 9.838860 6.831976 3.507472 0.000000 
50.000000 47.583455 45.192413 42.851574 40.584059 38.410741 36.349665 34.415631 32.619915 30.970167 29.470451 28.121433 26.920688 25.863098 24.941310 24.146231 23.467521 22.894064 22.414397 22.017081 21.690999 21.425585 21.210971 21.038074 20.898604 20.785019 20.690433 20.608471 20.533089 20.458360 20.378233 20.286254 20.175262 20.037055 19.862019 19.638731 19.353522 18.990039 18.528812 17.946899 17.217718 16.311242 15.194874 13.835430 12.202796 10.275846 8.050798 5.551076 2.835622 0.000000 
50.000000 47.354125 44.736175 42.173191 39.690492 37.310928 35.054259 32.936688 30.970564 29.164260 27.522228 26.045197 24.730513 23.572573 22.563328 21.692825 20.949746 20.321926 19.796824 19.361926 19.005078 18.714736 18.480132 18.291368 18.139433 18.016167 17.914157 17.826597 17.747109 17.669527 17.587663 17.495037 17.384599 17.248430 17.077423 16.860967 16.586626 16.239856 15.803786 15.259124 14.584310 13.756047 12.750423 11.544901 10.121406 8.470664 6.597532 4.526341 2.304265 0.000000 
50.000000 47.145691 44.321507 41.556620 38.878342 36.311324 33.876885 31.592501 29.471496 27.522904 25.751525 24.158147 22.739909 21.490766 20.402039 19.462992 18.661421 17.984209 17.417834 16.948813 16.564053 16.251126 15.998456 15.795415 15.632360 15.500585 15.392232 15.300146 15.217697 15.138574 15.056551 14.965243 14.857844 14.726865 14.563874 14.359240 14.101918 13.779281 13.377050 12.879373 12.269144 11.528658 10.640737 9.590450 8.367519 6.969318 5.404156 3.694072 1.875997 0.000000 
50.000000 46.958261 43.948626 41.002181 38.148033 35.412453 32.818157 30.383772 28.123495 26.046953 24.159263 22.461266 20.949912 19.618761 18.458567 17.457892 16.603734 15.882122 15.278658 14.778986 14.369173 14.036006 13.767186 13.551446 13.378584 13.239429 13.125747 13.030106 12.945699 12.866141 12.785251 12.696821 12.594380 12.470963 12.318896 12.129603 11.893457 11.599705 11.236484 10.791000 10.249904 9.599949 8.828990 7.927369 6.889684 5.716808 4.417853 3.011591 1.526661 0.000000 
50.000000 46.791521 43.616906 40.508944 37.498341 34.612806 31.876300 29.308472 26.924298 24.733933 22.742773 20.951708 19.357519 17.953418 16.729651 15.674158 14.773228 14.012133 13.375695 12.848785 12.416729 12.065618 11.782521 11.555609 11.374199 11.228723 11.110639 11.012298 10.926774 10.847668 10.768901 10.684497 10.588369 10.474122 10.334865 10.163071 9.950475 9.688055 9.366099 8.974420 8.502733 7.941240 7.281462 6.517305 5.646320 4.671028 3.600082 2.448951 1.239753 0.000000 
50.000000 46.644791 43.324995 40.074901 36.926619 33.909124 31.047476 28.362221 25.869019 23.578491 21.496281 19.623318 17.956239 16.487946 15.208240 14.104515 13.162437 12.366610 11.701174 11.150324 10.698734 10.331889 10.036307 9.799677 9.610902 9.460080 9.338419 9.238105 9.152140 9.074155 8.998206 8.918581 8.829598 8.725433 8.599962 8.446646 8.258473 8.027957 7.747237 7.408284 7.003244 6.524933 5.967494 5.327190 4.603286 3.798907 2.921714 1.984200 1.003415 0.000000 
50.000000 46.517095 43.070949 39.697160 36.429057 33.296721 30.326163 27.538714 24.950628 22.572931 20.411483 18.467248 16.736736 15.212580 13.884197 12.738501 11.760621 10.934580 10.243926 9.672264 9.203709 8.823221 8.516845 8.271854 8.076805 7.921518 7.796998 7.695312 7.609424 7.533019 7.460315 7.385869 7.304403 7.210637 7.099161 6.964341 6.800270 6.600790 6.359589 6.070385 5.727218 5.324853 4.859276 4.328280 3.732067 3.073800 2.359991 1.600599 0.808748 0.000000 
50.000000 46.407228 42.852376 39.372163 36.000971 32.769829 29.705569 26.830195 24.160475 21.707782 19.478161 17.472607 15.687522 14.115307 12.745047 11.563247 10.554571 9.702546 8.990209 8.400664 7.917543 7.525359 7.209755 6.957655 6.757322 6.598351 6.471587 6.369006 6.283563 6.209018 6.139750 6.070585 5.996621 5.913084 5.815209 5.698155 5.556974 5.386626 5.182066 4.938401 4.651127 4.316441 3.931612 3.495401 3.008475 2.473751 1.896619 1.284944 0.648814 0.000000 
50.000000 46.313838 42.666582 39.095906 35.637085 32.321955 29.178047 26.227935 23.488824 20.972383 18.684814 16.627139 14.795667 13.182603 11.776750 10.564265 9.529418 8.655314 7.924559 7.319830 6.824353 6.422263 6.098866 5.840791 5.636064 5.474091 5.345593 5.242485 5.157728 5.085163 5.019330 4.955303 4.888526 4.814676 4.729552 4.628999 4.508874 4.365060 4.193535 3.990494 3.752536 3.476900 3.161738 2.806410 2.411763 1.980353 1.516556 1.026540 0.518047 0.000000 
50.000000 46.235493 42.510718 38.864152 35.331818 31.946231 28.735505 25.722695 22.925372 20.355453 18.019273 15.917875 14.047491 12.400159 10.964450 9.726227 8.669431 7.776812 7.030617 6.413165 5.907343 5.496972 5.167077 4.904046 4.695708 4.531321 4.401508 4.298142 4.214204 4.143612 4.081060 4.021843 3.961713 3.896738 3.823201 3.737522 3.636225 3.515942 3.373460 3.205817 3.010440 2.785320 2.529208 2.241822 1.924033 1.578002 1.207241 0.816556 0.411886 0.000000 
50.000000 46.170748 42.381913 38.672631 35.079548 31.635735 28.369792 25.305169 22.459741 19.845629 17.469277 15.331748 13.429207 11.753560 10.293180 9.033691 7.958759 7.050847 6.291899 5.663946 5.149591 4.732399 4.397166 4.130084 3.918822 3.752520 3.621728 3.518292 3.435214 3.366491 3.306949 3.252084 3.197905 3.140816 3.077502 3.004858 2.919948 2.820001 2.702437 2.564939 2.405547 2.222791 2.015824 1.784570 1.529840 1.253424 0.958109 0.647634 0.326549 0.000000 
50.000000 46.118213 42.277397 38.517226 34.874848 31.383789 28.073041 24.966376 22.081914 19.431943 17.022995 14.856148 12.927516 11.228894 9.748497 8.471754 7.382111 6.461793 5.692505 5.056038 4.534772 4.112064 3.772523 3.502186 3.288596 3.120801 2.989294 2.885905 2.803662 2.736629 2.679750 2.628685 2.579665 2.529366 2.474804 2.413255 2.342215 2.259376 2.162648 2.050198 1.920519 1.772521 1.605625 1.419862 1.215953 0.995358 0.760281 0.513626 0.258890 0.000000 
50.000000 46.076598 42.194605 38.394123 34.712697 31.184213 27.837974 24.698006 21.782625 19.104248 16.669481 14.479411 12.530112 10.813292 9.317040 8.026631 6.925337 5.995195 5.217720 4.574516 4.047785 3.620718 3.277783 3.004892 2.789489 2.620554 2.488538 2.385261 2.303773 2.238200 2.183581 2.135713 2.091005 2.046351 1.999029 1.946616 1.886940 1.818052 1.738227 1.645993 1.540169 1.419933 1.284880 1.135095 0.971195 0.794368 0.606360 0.409441 0.206314 0.000000 
50.000000 46.044763 42.131273 38.299954 34.588658 31.031545 27.658156 24.492714 21.553680 18.853575 16.399057 14.191222 12.226115 10.495374 8.986995 7.686134 6.575928 5.638274 4.854539 4.206186 3.675280 3.244888 2.899367 2.624538 2.407770 2.237990 2.105621 2.002478 1.921631 1.857253 1.804461 1.759158 1.717892 1.677726 1.636137 1.590930 1.540182 1.482210 1.415558 1.339013 1.251626 1.152757 1.042114 0.919801 0.786345 0.642716 0.490315 0.330938 0.166712 0.000000 
50.000000 46.021757 42.085504 38.231900 34.499017 30.921215 27.528205 24.344352 21.388225 18.672417 16.203626 13.982954 12.006422 10.265621 8.748478 7.440064 6.323419 5.380337 4.592081 3.940009 3.406089 2.973299 2.625917 2.349695 2.131953 1.961580 1.828978 1.725959 1.645611 1.582143 1.530728 1.487348 1.448651 1.411825 1.374490 1.334613 1.290449 1.240502 1.183504 1.118420 1.044458 0.961098 0.868118 0.765627 0.654077 0.534279 0.407387 0.274864 0.138433 0.000000 
50.000000 46.006840 42.055828 38.187775 34.440896 30.849678 27.443947 24.248157 21.280947 18.554959 16.076912 13.847917 11.863978 10.116655 8.593830 7.280519 6.159700 5.213099 4.421912 3.767430 3.231558 2.797216 2.448629 2.171510 1.953142 1.782392 1.649649 1.546725 1.466717 1.403860 1.353365 1.311264 1.274273 1.239658 1.205131 1.168767 1.128933 1.084252 1.033575 0.975977 0.910765 0.837490 0.755972 0.666316 0.568925 0.464504 0.354048 0.238809 0.120253 0.000000 
50.000000 45.999510 42.041244 38.166089 34.412332 30.814522 27.402539 24.200883 21.228226 18.497234 16.014639 13.781553 11.793974 10.043446 8.517828 7.202111 6.079240 5.130910 4.338283 3.682617 3.145786 2.710682 2.361505 2.083945 1.865272 1.694339 1.561530 1.458656 1.378822 1.316272 1.266236 1.224774 1.188632 1.155117 1.121987 1.087366 1.049678 1.007603 0.960050 0.906148 0.845248 0.776939 0.701056 0.617702 0.527256 0.430370 0.327960 0.221177 0.111364 0.000000 
50.000000 45.999510 42.041244 38.166089 34.412332 30.814522 27.402539 24.200883 21.228226 18.497234 16.014639 13.781553 11.793974 10.043446 8.517828 7.202111 6.079240 5.130910 4.338283 3.682617 3.145786 2.710682 2.361505 2.083945 1.865272 1.694339 1.561530 1.458656 1.378822 1.316272 1.266236 1.224774 1.188632 1.155117 1.121987 1.087366 1.049678 1.007603 0.960050 0.906148 0.845248 0.776939 0.701056 0.617702 0.527256 0.430370 0.327960 0.221177 0.111364 0.000000 
50.000000 46.006840 42.055828 38.187775 34.440896 30.849678 27.443947 24.248157 21.280947 18.554959 16.076912 13.847917 11.863978 10.116655 8.593830 7.280519 6.159700 5.213099 4.421912 3.767430 3.231558 2.797216 2.448629 2.171510 1.953142 1.782392 1.649649 1.546725 1.466717 1.403860 1.353365 1.311264 1.274273 1.239658 1.205131 1.168767 1.128933 1.084252 1.033575 0.975977 0.910765 0.837490 0.755972 0.666316 0.568925 0.464504 0.354048 0.238809 0.120253 0.000000 
50.000000 46.021757 42.085504 38.231900 34.499017 30.921215 27.528205 24.344352 21.388225 18.672417 16.203626 13.982954 12.006422 10.265621 8.748478 7.440064 6.323419 5.380337 4.592081 3.940009 3.406089 2.973299 2.625917 2.349695 2.131953 1.961580 1.828978 1.725959 1.645611 1.582143 1.530728 1.487348 1.448651 1.411825 1.374490 1.334613 1.290449 1.240502 1.183504 1.118420 1.044458 0.961098 0.868118 0.765627 0.654077 0.534279 0.407387 0.274864 0.138433 0.000000 
50.000000 46.044763 42.131273 38.299954 34.588658 31.031545 27.658156 24.492714 21.553680 18.853575 16.399057 14.191222 12.226115 10.495374 8.986995 7.686134 6.575928 5.638274 4.854539 4.206186 3.675280 3.244888 2.899367 2.624538 2.407770 2.237990 2.105621 2.002478 1.921631 1.857253 1.804461 1.759158 1.717892 1.677726 1.636137 1.590930 1.540182 1.482210 1.415558 1.339013 1.251626 1.152757 1.042114 0.919801 0.786345 0.642716 0.490315 0.330938 0.166712 0.000000 
50.000000 46.076598 42.194605 38.394123 34.712697 31.184213 27.837974 24.698006 21.782625 19.104248 16.669481 14.479411 12.530112 10.813292 9.317040 8.026631 6.925337 5.995195 5.217720 4.574516 4.047785 3.620718 3.277783 3.004892 2.789489 2.620554 2.488538 2.385261 2.303773 2.238200 2.183581 2.135713 2.091005 2.046351 1.999029 1.946616 1.886940 1.818052 1.738227 1.645993 1.540169 1.419933 1.284880 1.135095 0.971195 0.794368 0.606360 0.409441 0.206314 0.000000 
50.000000 46.118213 42.277397 38.517226 34.874848 31.383789 28.073041 24.966376 22.081914 19.431943 17.022995 14.856148 12.927516 11.228894 9.748497 8.471754 7.382111 6.461793 5.692505 5.056038 4.534772 4.112064 3.772523 3.502186 3.288596 3.120801 2.989294 2.885905 2.803662 2.736629 2.679750 2.628685 2.579665 2.529366 2.474804 2.413255 2.342215 2.259376 2.162648 2.050198 1.920519 1.772521 1.605625 1.419862 1.215953 0.995358 0.760281 0.513626 0.258890 0.000000 
50.000000 46.170748 42.381913 38.672631 35.079548 31.635735 28.369792 25.305169 22.459741 19.845629 17.469277 15.331748 13.429207 11.753560 10.293180 9.033691 7.958759 7.050847 6.291899 5.663946 5.149591 4.732399 4.397166 4.130084 3.918822 3.752520 3.621728 3.518292 3.435214 3.366491 3.306949 3.252084 3.197905 3.140816 3.077502 3.004858 2.919948 2.820001 2.702437 2.564939 2.405547 2.222791 2.015824 1.784570 1.529840 1.253424 0.958109 0.647634 0.326549 0.000000 
50.000000 46.235493 42.510718 38.864152 35.331818 31.946231 28.735505 25.722695 22.925372 20.355453 18.019273 15.917875 14.047491 12.400159 10.964450 9.726227 8.669431 7.776812 7.030617 6.413165 5.907343 5.496972 5.167077 4.904046 4.695708 4.531321 4.401508 4.298142 4.214204 4.143612 4.081060 4.021843 3.961713 3.896738 3.823201 3.737522 3.636225 3.515942 3.373460 3.205817 3.010440 2.785320 2.529208 2.241822 1.924033 1.578002 1.207241 0.816556 0.411886 0.000000 
50.000000 46.313838 42.666582 39.095906 35.637085 32.321955 29.178047 26.227935 23.488824 20.972383 18.684814 16.627139 14.795667 13.182603 11.776750 10.564265 9.529418 8.655314 7.924559 7.319830 6.824353 6.422263 6.098866 5.840791 5.636064 5.474091 5.345593 5.242485 5.157728 5.085163 5.019330 4.955303 4.888526 4.814676 4.729552 4.628999 4.508874 4.365060 4.193535 3.990494 3.752536 3.476900 3.161738 2.806410 2.411763 1.980353 1.516556 1.026540 0.518047 0.000000 
50.000000 46.407228 42.852376 39.372163 36.000971 32.769829 29.705569 26.830195 24.160475 21.707782 19.478161 17.472607 15.687522 14.115307 12.745047 11.563247 10.554571 9.702546 8.990209 8.400664 7.917543 7.525359 7.209755 6.957655 6.757322 6.598351 6.471587 6.369006 6.283563 6.209018 6.139750 6.070585 5.996621 5.913084 5.815209 5.698155 5.556974 5.386626 5.182066 4.938401 4.651127 4.316441 3.931612 3.495401 3.008475 2.473751 1.896619 1.284944 0.648814 0.000000 
50.000000 46.517095 43.070949 39.697160 36.429057 33.296721 30.326163 27.538714 24.950628 22.572931 20.411483 18.467248 16.736736 15.212580 13.884197 12.738501 11.760621 10.934580 10.243926 9.672264 9.203709 8.823221 8.516845 8.271854 8.076805 7.921518 7.796998 7.695312 7.609424 7.533019 7.460315 7.385869 7.304403 7.210637 7.099161 6.964341 6.800270 6.600790 6.359589 6.070385 5.727218 5.324853 4.859276 4.328280 3.732067 3.073800 2.359991 1.600599 0.808748 0.000000 
50.000000 46.644791 43.324995 40.074901 36.926619 33.909124 31.047476 28.362221 25.869019 23.578491 21.496281 19.623318 17.956239 16.487946 15.208240 14.104515 13.162437 12.366610 11.701174 11.150324 10.698734 10.331889 10.036307 9.799677 9.610902 9.460080 9.338419 9.238105 9.152140 9.074155 8.998206 8.918581 8.829598 8.725433 8.599962 8.446646 8.258473 8.027957 7.747237 7.408284 7.003244 6.524933 5.967494 5.327190 4.603286 3.798907 2.921714 1.984200 1.003415 0.000000 
50.000000 46.791521 43.616906 40.508944 37.498341 34.612806 31.876300 29.308472 26.924298 24.733933 22.742773 20.951708 19.357519 17.953418 16.729651 15.674158 14.773228 14.012133 13.375695 12.848785 12.416729 12.065618 11.782521 11.555609 11.374199 11.228723 11.110639 11.012298 10.926774 10.847668 10.768901 10.684497 10.588369 10.474122 10.334865 10.163071 9.950475 9.688055 9.366099 8.974420 8.502733 7.941240 7.281462 6.517305 5.646320 4.671028 3.600082 2.448951 1.239753 0.000000 
50.000000 46.958261 43.948626 41.002181 38.148033 35.412453 32.818157 30.383772 28.123495 26.046953 24.159263 22.461266 20.949912 19.618761 18.458567 17.457892 16.603734 15.882122 15.278658 14.778986 14.369173 14.036006 13.767186 13.551446 13.378584 13.239429 13.125747 13.030106 12.945699 12.866141 12.785251 12.696821 12.594380 12.470963 12.318896 12.129603 11.893457 11.599705 11.236484 10.791000 10.249904 9.599949 8.828990 7.927369 6.889684 5.716808 4.417853 3.011591 1.526661 0.000000 
50.000000 47.145691 44.321507 41.556620 38.878342 36.311324 33.876885 31.592501 29.471496 27.522904 25.751525 24.158147 22.739909 21.490766 20.402039 19.462992 18.661421 17.984209 17.417834 16.948813 16.564053 16.251126 15.998456 15.795415 15.632360 15.500585 15.392232 15.300146 15.217697 15.138574 15.056551 14.965243 14.857844 14.726865 14.563874 14.359240 14.101918 13.779281 13.377050 12.879373 12.269144 11.528658 10.640737 9.590450 8.367519 6.969318 5.404156 3.694072 1.875997 0.000000 
50.000000 47.354125 44.736175 42.173191 39.690492 37.310928 35.054259 32.936688 30.970564 29.164260 27.522228 26.045197 24.730513 23.572573 22.563328 21.692825 20.949746 20.321926 19.796824 19.361926 19.005078 18.714736 18.480132 18.291368 18.139433 18.016167 17.914157 17.826597 17.747109 17.669527 17.587663 17.495037 17.384599 17.248430 17.077423 16.860967 16.586626 16.239856 15.803786 15.259124 14.584310 13.756047 12.750423 11.544901 10.121406 8.470664 6.597532 4.526341 2.304265 0.000000 
50.000000 47.583455 45.192413 42.851574 40.584059 38.410741 36.349665 34.415631 32.619915 30.970167 29.470451 28.121433 26.920688 25.863098 24.941310 24.146231 23.467521 22.894064 22.414397 22.017081 21.690999 21.425585 21.210971 21.038074 20.898604 20.785019 20.690433 20.608471 20.533089 20.458360 20.378233 20.286254 20.175262 20.037055 19.862019 19.638731 19.353522 18.990039 18.528812 17.946899 17.217718 16.311242 15.194874 13.835430 12.202796 10.275846 8.050798 5.551076 2.835622 0.000000 
50.000000 47.833103 45.689075 43.590062 41.556800 39.608001 37.759849 36.025613 34.415406 32.936087 31.591298 30.381637 29.304930 28.356586 27.530011 26.817048 26.208423 25.694163 25.263984 24.907618 24.615083 24.376885 24.184150 24.028692 23.903023 23.800308 23.714268 23.639045 23.569025 23.498628 23.422065 23.333056 23.224507 23.088150 22.914116 22.690460 22.402602 22.032701 21.558959 20.954890 20.188653 19.222617 18.013542 16.513991 14.675991 12.458328 9.838860 6.831976 3.507472 0.000000 
50.000000 48.101999 46.224029 44.385488 42.604538 40.897570 39.278759 37.759728 36.349334 35.053583 33.875669 32.816114 31.873011 31.042341 30.318325 29.693818 29.160693 28.710213 28.333363 28.021142 27.764796 27.555992 27.386935 27.250423 27.139854 27.049178 26.972809 26.905497 26.842160 26.777685 26.706691 26.623245 26.520546 26.390531 26.223425 26.007186 25.726835 25.363639 24.894120 24.288862 23.511160 22.515599 21.246907 19.639787 17.621197 15.117639 12.071290 8.468798 4.381541 0.000000 
50.000000 48.388570 46.794146 45.233198 43.721145 42.271904 40.897509 39.607828 38.410380 37.310267 36.310198 35.410616 34.609904 33.904645 33.289936 32.759707 32.307058 31.924566 31.604574 31.339435 31.121708 30.944305 30.800592 30.684428 30.590175 30.512647 30.447036 30.388789 30.333464 30.276539 30.213196 30.138050 30.044843 29.926050 29.772415 29.572352 29.311199 28.970233 28.525409 27.945688 27.190885 26.208949 24.932762 23.276943 21.136168 18.388629 14.912161 10.625554 5.567571 0.000000 
50.000000 48.690754 47.395325 46.127093 44.898588 43.721116 42.604454 41.556620 40.583723 39.689907 38.877374 38.146484 37.495922 36.922912 36.423470 35.992663 35.624884 35.314100 35.054087 34.838628 34.661670 34.517447 34.400557 34.305993 34.229149 34.165779 34.111928 34.063830 34.017782 33.969981 33.916329 33.852196 33.772136 33.669523 33.536104 33.361405 33.131959 32.830252 32.433267 31.910455 31.220844 30.308944 29.099006 27.487295 25.332810 22.449402 18.609368 13.584755 7.278805 0.000000 
50.000000 49.006039 48.022568 47.059745 46.127082 45.233161 44.385407 43.589906 42.851296 42.172723 41.555859 41.000976 40.507076 40.072053 39.692879 39.365812 39.086591 38.850636 38.653221 38.489622 38.355242 38.245697 38.156877 38.084973 38.026471 37.978127 37.936907 37.899912 37.864272 37.827016 37.784917 37.734297 37.670785 37.589017 37.482239 37.341784 37.156359 36.911040 36.585827 36.153502 35.576384 34.801289 33.751570 32.314465 30.321231 27.517865 23.529921 17.851362 9.975997 0.000000 
50.000000 49.331523 48.670100 48.022564 47.395312 46.794115 46.223968 45.688962 45.192218 44.735851 44.320984 43.947803 43.615636 43.323064 43.068053 42.848085 42.660294 42.501600 42.368822 42.258783 42.168389 42.094689 42.034916 41.986501 41.947076 41.914446 41.886557 41.861438 41.837128 41.811589 41.782590 41.747574 41.703481 41.646527 41.571914 41.473432 41.342906 41.169397 40.938022 40.628113 40.210303 39.641665 38.857330 37.755397 36.168711 33.810654 30.171264 24.335068 14.784020 0.000000 
50.000000 49.663988 49.331522 49.006036 48.690746 48.388553 48.101966 47.833044 47.583354 47.353959 47.145425 46.957844 46.790879 46.643817 46.515634 46.405065 46.310671 46.230901 46.164157 46.108842 46.063399 46.026346 45.996289 45.971936 45.952093 45.935656 45.921586 45.908886 45.896562 45.883575 45.868785 45.850882 45.828288 45.799046 45.760662 45.709890 45.642431 45.552487 45.432090 45.270029 45.050090 44.747992 44.325743 43.720538 42.821055 41.411989 39.030069 34.547520 24.831998 0.000000 
50.000000 50.000000 50.000000 50.000000 50.000000 50.000000 50.000000 50.000000 50.000000 50.000000 50.000000 50.000000 50.000000 50.000000 50.000000 50.000000 50.000000 50.000000 50.000000 50.000000 50.000000 50.000000 50.000000 50.000000 50.000000 50.000000 50.000000 50.000000 50.000000 50.000000 50.000000 50.000000 50.000000 50.000000 50.000000 50.000000 50.000000 50.000000 50.000000 50.000000 50.000000 50.000000 50.000000 50.000000 50.000000 50.000000 50.000000 50.000000 50.000000 50.000000 
