50.000000 50.000000 50.000000 50.000000 50.000000 50.000000 50.000000 50.000000 50.000000 50.000000 50.000000 50.000000 50.000000 50.000000 50.000000 50.000000 50.000000 50.000000 50.000000 50.000000 50.000000 50.000000 50.000000 50.000000 50.000000 50.000000 50.000000 50.000000 50.000000 50.000000 50.000000 50.000000 50.000000 50.000000 50.000000 50.000000 50.000000 50.000000 50.000000 50.000000 50.000000 50.000000 50.000000 50.000000 50.000000 50.000000 50.000000 50.000000 50.000000 50.000000 
50.000000 49.034042 48.097377 47.216635 46.413524 45.703288 45.094064 44.587122 44.177845 43.857192 43.613354 43.433337 43.304280 43.214408 43.153601 43.113616 43.088053 43.072161 43.062548 43.056891 43.053649 43.051840 43.050856 43.050334 43.050061 43.049918 43.049833 43.049764 43.049673 43.049512 43.049206 43.048621 43.047519 43.045484 43.041798 43.035247 43.023816 43.004211 42.971105 42.915956 42.825067 42.676314 42.433267 42.033837 41.366356 40.213943 38.110459 33.924002 24.517021 0.000000 
50.000000 48.097377 46.252452 44.517679 42.935814 41.536885 40.336917 39.338412 38.532276 37.900701 37.420426 37.065856 36.811659 36.634646 36.514879 36.436123 36.385775 36.354473 36.335540 36.324397 36.318013 36.314450 36.312512 36.311483 36.310947 36.310664 36.310500 36.310366 36.310191 36.309886 36.309307 36.308202 36.306123 36.302288 36.295352 36.283050 36.261636 36.225021 36.163436 36.061369 35.894314 35.623508 35.187086 34.484514 33.347951 31.487722 28.388299 23.126226 14.173375 0.000000 
50.000000 47.216635 44.517679 41.979867 39.665748 37.619251 35.863820 34.403112 33.223823 32.299901 31.597317 31.078626 30.706771 30.447825 30.272625 30.157417 30.083766 30.037977 30.010282 29.993982 29.984643 29.979431 29.976597 29.975093 29.974308 29.973896 29.973658 29.973469 29.973228 29.972809 29.972017 29.970508 29.967677 29.962463 29.953059 29.936432 29.907600 29.858534 29.776501 29.641590 29.423003 29.073433 28.520463 27.653232 26.301984 24.208340 20.989933 16.129380 9.106176 0.000000 
50.000000 46.413524 42.935814 39.665748 36.683924 34.046948 31.785027 29.902871 28.383335 27.192851 26.287568 25.619237 25.140106 24.806460 24.580719 24.432279 24.337383 24.278386 24.242705 24.221703 24.209670 24.202956 24.199305 24.197367 24.196357 24.195829 24.195528 24.195295 24.195006 24.194512 24.193584 24.191820 24.188518 24.182456 24.171558 24.152367 24.119252 24.063237 23.970285 23.818850 23.576423 23.194726 22.603159 21.700273 20.343742 18.341962 15.457408 11.448091 6.199581 0.000000 
50.000000 45.703288 41.536885 37.619251 34.046948 30.887791 28.177967 25.923120 24.102706 22.676506 21.591984 20.791333 20.217346 19.817650 19.547223 19.369401 19.255722 19.185049 19.142305 19.117148 19.102734 19.094691 19.090318 19.087997 19.086790 19.086161 19.085807 19.085543 19.085228 19.084701 19.083716 19.081852 19.078372 19.072007 19.060610 19.040634 19.006361 18.948784 18.854036 18.701264 18.459819 18.085744 17.517667 16.672691 15.443896 13.703206 11.317267 8.188933 4.336932 0.000000 
50.000000 45.094064 40.336917 35.863820 31.785027 28.177967 25.083960 22.509446 20.430966 18.802595 17.564345 16.650212 15.994876 15.538535 15.229788 15.026769 14.896984 14.816299 14.767500 14.738780 14.722325 14.713143 14.708151 14.705503 14.704126 14.703412 14.703017 14.702735 14.702414 14.701890 14.700921 14.699096 14.695701 14.689515 14.678487 14.659258 14.626470 14.571789 14.482595 14.340296 14.118280 13.779655 13.275149 12.541980 11.505277 10.084754 8.210588 5.852403 3.060227 0.000000 
50.000000 44.587122 39.338412 34.403112 29.902871 25.923120 22.509446 19.668952 17.375753 15.579174 14.213025 13.204480 12.481466 11.978004 11.637379 11.413401 11.270220 11.181207 11.127373 11.095689 11.077537 11.067408 11.061901 11.058981 11.057464 11.056681 11.056255 11.055965 11.055655 11.055165 11.054269 11.052590 11.049481 11.043840 11.033829 11.016469 10.987056 10.938369 10.859649 10.735363 10.543838 10.255975 9.834476 9.234296 8.405453 7.299711 5.882649 4.151327 2.153855 0.000000 
50.000000 44.177845 38.532276 33.223823 28.383335 24.102706 20.430966 17.375753 14.909220 12.976859 11.507471 10.422718 9.645080 9.103586 8.737233 8.496341 8.342349 8.246616 8.188719 8.154645 8.135123 8.124231 8.118309 8.115169 8.113541 8.112703 8.112256 8.111966 8.111677 8.111240 8.110455 8.108993 8.106298 8.101428 8.092828 8.077997 8.053029 8.012003 7.946238 7.843436 7.686840 7.454610 7.119778 6.651310 6.016961 5.188610 4.150389 2.908768 1.501531 0.000000 
50.000000 43.857192 37.900701 32.299901 27.192851 22.676506 18.802595 15.579174 12.976859 10.938134 9.387878 8.243435 7.423012 6.851732 6.465232 6.211094 6.048637 5.947642 5.886564 5.850618 5.830024 5.818534 5.812288 5.808977 5.807261 5.806382 5.805920 5.805636 5.805375 5.805002 5.804345 5.803132 5.800907 5.796904 5.789870 5.777807 5.757624 5.724697 5.672343 5.591265 5.469067 5.290018 5.035336 4.684315 4.216687 3.616428 2.876898 2.006387 1.032125 0.000000 
50.000000 43.613354 37.420426 31.597317 26.287568 21.591984 17.564345 14.213025 11.507471 9.387878 7.776139 6.586318 5.733372 5.139450 4.737634 4.473429 4.304538 4.199546 4.136050 4.098682 4.077273 4.065329 4.058836 4.055395 4.053613 4.052705 4.052234 4.051958 4.051726 4.051419 4.050892 4.049929 4.048173 4.045027 4.039526 4.030141 4.014533 3.989243 3.949339 3.888070 3.796612 3.664034 3.477662 3.224049 2.890720 2.468719 1.955726 1.359056 0.697398 0.000000 
50.000000 43.433337 37.065856 31.078626 25.619237 20.791333 16.650212 13.204480 10.422718 8.243435 6.586318 5.363005 4.486056 3.875425 3.462309 3.190676 3.017039 2.909096 2.843817 2.805400 2.783390 2.771111 2.764437 2.760900 2.759071 2.758140 2.757665 2.757398 2.757195 2.756948 2.756541 2.755807 2.754476 2.752105 2.747976 2.740970 2.729384 2.710729 2.681503 2.636979 2.571092 2.476480 2.344831 2.167617 1.937297 1.648952 1.302125 0.902419 0.462232 0.000000 
50.000000 43.304280 36.811659 30.706771 25.140106 20.217346 15.994876 12.481466 9.645080 7.423012 5.733372 4.486056 3.591906 2.969302 2.548089 2.271134 2.094095 1.984040 1.917483 1.878315 1.855875 1.843356 1.836552 1.832947 1.831083 1.830138 1.829660 1.829402 1.829224 1.829029 1.828725 1.828186 1.827217 1.825497 1.822516 1.817483 1.809204 1.795953 1.775327 1.744129 1.698316 1.633076 1.543098 1.423086 1.268562 1.076868 0.848237 0.586638 0.300069 0.000000 
50.000000 43.214408 36.634646 30.447825 24.806460 19.817650 15.538535 11.978004 9.103586 6.851733 5.139450 3.875426 2.969302 2.338365 1.911516 1.630857 1.451453 1.339927 1.272482 1.232790 1.210052 1.197366 1.190471 1.186819 1.184931 1.183976 1.183497 1.183247 1.183090 1.182937 1.182716 1.182334 1.181653 1.180450 1.178376 1.174889 1.169183 1.160098 1.146042 1.124917 1.094109 1.050557 0.990948 0.912065 0.811289 0.687207 0.540225 0.373009 0.190592 0.000000 
50.000000 43.153601 36.514879 30.272625 24.580719 19.547224 15.229788 11.637379 8.737234 6.465232 4.737635 3.462310 2.548089 1.911516 1.480857 1.197694 1.016689 0.904170 0.836124 0.796080 0.773139 0.760340 0.753385 0.749700 0.747797 0.746835 0.746356 0.746113 0.745971 0.745851 0.745694 0.745431 0.744968 0.744156 0.742762 0.740429 0.736627 0.730606 0.721340 0.707494 0.687425 0.659237 0.620910 0.570530 0.506590 0.428353 0.336193 0.231830 0.118355 0.000000 
50.000000 43.113616 36.436123 30.157417 24.432279 19.369401 15.026769 11.413401 8.496342 6.211094 4.473430 3.190677 2.271134 1.630857 1.197694 0.912886 0.730830 0.617658 0.549218 0.508941 0.485867 0.472995 0.465999 0.462294 0.460380 0.459415 0.458936 0.458697 0.458567 0.458471 0.458360 0.458184 0.457880 0.457350 0.456443 0.454933 0.452482 0.448618 0.442701 0.433905 0.421224 0.403514 0.379573 0.348282 0.308791 0.260722 0.204358 0.140771 0.071818 0.000000 
50.000000 43.088054 36.385775 30.083767 24.337384 19.255723 14.896985 11.270221 8.342350 6.048638 4.304539 3.017040 2.094096 1.451454 1.016690 0.730831 0.548104 0.434515 0.365823 0.325398 0.302240 0.289320 0.282299 0.278580 0.276660 0.275692 0.275213 0.274978 0.274856 0.274778 0.274699 0.274584 0.274389 0.274054 0.273483 0.272535 0.271004 0.268601 0.264936 0.259514 0.251735 0.240924 0.226382 0.207471 0.183716 0.154929 0.121304 0.083487 0.042569 0.000000 
50.000000 43.072161 36.354473 30.037978 24.278388 19.185050 14.816301 11.181209 8.246619 5.947645 4.199548 2.909099 1.984042 1.339929 0.904172 0.617660 0.434516 0.320668 0.251819 0.211303 0.188092 0.175143 0.168106 0.164379 0.162455 0.161485 0.161007 0.160774 0.160658 0.160590 0.160533 0.160459 0.160338 0.160132 0.159783 0.159207 0.158279 0.156828 0.154625 0.151378 0.146741 0.140324 0.131730 0.120602 0.106680 0.089872 0.070302 0.048351 0.024642 0.000000 
50.000000 43.062549 36.335542 30.010285 24.242708 19.142310 14.767505 11.127378 8.188725 5.886570 4.136056 2.843824 1.917490 1.272488 0.836131 0.549224 0.365829 0.251824 0.182881 0.142309 0.119066 0.106099 0.099053 0.095321 0.093394 0.092423 0.091946 0.091714 0.091602 0.091542 0.091499 0.091451 0.091377 0.091254 0.091047 0.090707 0.090161 0.089310 0.088023 0.086133 0.083444 0.079738 0.074794 0.068415 0.060463 0.050892 0.039780 0.027342 0.013930 0.000000 
50.000000 43.056893 36.324402 29.993989 24.221712 19.117159 14.738792 11.095702 8.154659 5.850633 4.098697 2.805415 1.878331 1.232806 0.796096 0.508957 0.325413 0.211316 0.142318 0.101713 0.078452 0.065475 0.058423 0.054688 0.052760 0.051789 0.051311 0.051081 0.050971 0.050915 0.050881 0.050849 0.050805 0.050733 0.050614 0.050419 0.050107 0.049622 0.048890 0.047820 0.046303 0.044218 0.041447 0.037883 0.033453 0.028137 0.021979 0.015099 0.007690 0.000000 
50.000000 43.053655 36.318024 29.984659 24.209691 19.102759 14.722353 11.077567 8.135156 5.830058 4.077308 2.783427 1.855912 1.210089 0.773176 0.485905 0.302277 0.188127 0.119097 0.078474 0.055201 0.042219 0.035163 0.031427 0.029498 0.028526 0.028049 0.027819 0.027711 0.027658 0.027629 0.027607 0.027580 0.027539 0.027472 0.027363 0.027190 0.026920 0.026516 0.025925 0.025091 0.023948 0.022433 0.020490 0.018082 0.015199 0.011866 0.008148 0.004149 0.000000 
50.000000 43.051853 36.314475 29.979468 24.203003 19.094747 14.713207 11.067478 8.124305 5.818612 4.065410 2.771194 1.843441 1.197451 0.760426 0.473081 0.289406 0.175227 0.106179 0.065546 0.042267 0.029281 0.022224 0.018487 0.016557 0.015586 0.015108 0.014879 0.014771 0.014720 0.014695 0.014678 0.014662 0.014639 0.014602 0.014542 0.014448 0.014302 0.014083 0.013764 0.013316 0.012703 0.011893 0.010856 0.009575 0.008043 0.006277 0.004308 0.002193 0.000000 
50.000000 43.050885 36.312568 29.976678 24.199409 19.090443 14.708293 11.062057 8.118475 5.812462 4.059017 2.764622 1.836740 1.190662 0.753577 0.466192 0.282491 0.168297 0.099240 0.058600 0.035319 0.022331 0.015273 0.011535 0.009605 0.008634 0.008156 0.007928 0.007820 0.007770 0.007746 0.007733 0.007722 0.007709 0.007688 0.007656 0.007605 0.007527 0.007410 0.007240 0.007001 0.006676 0.006247 0.005700 0.005024 0.004218 0.003290 0.002258 0.001149 0.000000 
50.000000 43.050396 36.311605 29.975270 24.197595 19.088269 14.705812 11.059320 8.115532 5.809358 4.055790 2.761304 1.833358 1.187234 0.750118 0.462714 0.279000 0.164798 0.095736 0.055094 0.031811 0.018822 0.011764 0.008025 0.006096 0.005124 0.004647 0.004418 0.004311 0.004261 0.004238 0.004227 0.004219 0.004210 0.004199 0.004181 0.004152 0.004109 0.004044 0.003950 0.003818 0.003639 0.003404 0.003104 0.002735 0.002295 0.001789 0.001227 0.000625 0.000000 
50.000000 43.050194 36.311207 29.974687 24.196844 19.087370 14.704785 11.058187 8.114314 5.808072 4.054454 2.759931 1.831958 1.185815 0.748687 0.461274 0.277555 0.163350 0.094286 0.053643 0.030359 0.017370 0.010311 0.006573 0.004643 0.003671 0.003194 0.002965 0.002858 0.002809 0.002786 0.002775 0.002769 0.002763 0.002755 0.002742 0.002723 0.002694 0.002651 0.002589 0.002502 0.002384 0.002229 0.002032 0.001789 0.001501 0.001170 0.000802 0.000408 0.000000 
50.000000 43.050194 36.311207 29.974687 24.196844 19.087370 14.704785 11.058187 8.114314 5.808072 4.054454 2.759931 1.831958 1.185815 0.748687 0.461274 0.277555 0.163350 0.094286 0.053643 0.030359 0.017370 0.010311 0.006573 0.004643 0.003671 0.003194 0.002965 0.002858 0.002809 0.002786 0.002775 0.002769 0.002763 0.002755 0.002742 0.002723 0.002694 0.002651 0.002589 0.002502 0.002384 0.002229 0.002032 0.001789 0.001501 0.001170 0.000802 0.000408 0.000000 
50.000000 43.050396 36.311605 29.975270 24.197595 19.088269 14.705812 11.059320 8.115532 5.809358 4.055790 2.761304 1.833358 1.187234 0.750118 0.462714 0.279000 0.164798 0.095736 0.055094 0.031811 0.018822 0.011764 0.008025 0.006096 0.005124 0.004647 0.004418 0.004311 0.004261 0.004238 0.004227 0.004219 0.004210 0.004199 0.004181 0.004152 0.004109 0.004044 0.003950 0.003818 0.003639 0.003404 0.003104 0.002735 0.002295 0.001789 0.001227 0.000625 0.000000 
50.000000 43.050885 36.312568 29.976678 24.199409 19.090443 14.708293 11.062057 8.118475 5.812462 4.059017 2.764622 1.836740 1.190662 0.753577 0.466192 0.282491 0.168297 0.099240 0.058600 0.035319 0.022331 0.015273 0.011535 0.009605 0.008634 0.008156 0.007928 0.007820 0.007770 0.007746 0.007733 0.007722 0.007709 0.007688 0.007656 0.007605 0.007527 0.007410 0.007240 0.007001 0.006676 0.006247 0.005700 0.005024 0.004218 0.003290 0.002258 0.001149 0.000000 
50.000000 43.051853 36.314475 29.979468 24.203003 19.094747 14.713207 11.067478 8.124305 5.818612 4.065410 2.771194 1.843441 1.197451 0.760426 0.473081 0.289406 0.175227 0.106179 0.065546 0.042267 0.029281 0.022224 0.018487 0.016557 0.015586 0.015108 0.014879 0.014771 0.014720 0.014695 0.014678 0.014662 0.014639 0.014602 0.014542 0.014448 0.014302 0.014083 0.013764 0.013316 0.012703 0.011893 0.010856 0.009575 0.008043 0.006277 0.004308 0.002193 0.000000 
50.000000 43.053655 36.318024 29.984659 24.209691 19.102759 14.722353 11.077567 8.135156 5.830058 4.077308 2.783427 1.855912 1.210089 0.773176 0.485905 0.302277 0.188127 0.119097 0.078474 0.055201 0.042219 0.035163 0.031427 0.029498 0.028526 0.028049 0.027819 0.027711 0.027658 0.027629 0.027607 0.027580 0.027539 0.027472 0.027363 0.027190 0.026920 0.026516 0.025925 0.025091 0.023948 0.022433 0.020490 0.018082 0.015199 0.011866 0.008148 0.004149 0.000000 
50.000000 43.056893 36.324402 29.993989 24.221712 19.117159 14.738792 11.095702 8.154659 5.850633 4.098697 2.805415 1.878331 1.232806 0.796096 0.508957 0.325413 0.211316 0.142318 0.101713 0.078452 0.065475 0.058423 0.054688 0.052760 0.051789 0.051311 0.051081 0.050971 0.050915 0.050881 0.050849 0.050805 0.050733 0.050614 0.050419 0.050107 0.049622 0.048890 0.047820 0.046303 0.044218 0.041447 0.037883 0.033453 0.028137 0.021979 0.015099 0.007690 0.000000 
50.000000 43.062549 36.335542 30.010285 24.242708 19.142310 14.767505 11.127378 8.188725 5.886570 4.136056 2.843824 1.917490 1.272488 0.836131 0.549224 0.365829 0.251824 0.182881 0.142309 0.119066 0.106099 0.099053 0.095321 0.093394 0.092423 0.091946 0.091714 0.091602 0.091542 0.091499 0.091451 0.091377 0.091254 0.091047 0.090707 0.090161 0.089310 0.088023 0.086133 0.083444 0.079738 0.074794 0.068415 0.060463 0.050892 0.039780 0.027342 0.013930 0.000000 
50.000000 43.072161 36.354473 30.037978 24.278388 19.185050 14.816301 11.181209 8.246619 5.947645 4.199548 2.909099 1.984042 1.339929 0.904172 0.617660 0.434516 0.320668 0.251819 0.211303 0.188092 0.175143 0.168106 0.164379 0.162455 0.161485 0.161007 0.160774 0.160658 0.160590 0.160533 0.160459 0.160338 0.160132 0.159783 0.159207 0.158279 0.156828 0.154625 0.151378 0.146741 0.140324 0.131730 0.120602 0.106680 0.089872 0.070302 0.048351 0.024642 0.000000 
50.000000 43.088054 36.385775 30.083767 24.337384 19.255723 14.896985 11.270221 8.342350 6.048638 4.304539 3.017040 2.094096 1.451454 1.016690 0.730831 0.548104 0.434515 0.365823 0.325398 0.302240 0.289320 0.282299 0.278580 0.276660 0.275692 0.275213 0.274978 0.274856 0.274778 0.274699 0.274584 0.274389 0.274054 0.273483 0.272535 0.271004 0.268601 0.264936 0.259514 0.251735 0.240924 0.226382 0.207471 0.183716 0.154929 0.121304 0.083487 0.042569 0.000000 
50.000000 43.113616 36.436123 30.157417 24.432279 19.369401 15.026769 11.413401 8.496342 6.211094 4.473430 3.190677 2.271134 1.630857 1.197694 0.912886 0.730830 0.617658 0.549218 0.508941 0.485867 0.472995 0.465999 0.462294 0.460380 0.459415 0.458936 0.458697 0.458567 0.458471 0.458360 0.458184 0.457880 0.457350 0.456443 0.454933 0.452482 0.448618 0.442701 0.433905 0.421224 0.403514 0.379573 0.348282 0.308791 0.260722 0.204358 0.140771 0.071818 0.000000 
50.000000 43.153601 36.514879 30.272625 24.580719 19.547224 15.229788 11.637379 8.737234 6.465232 4.737635 3.462310 2.548089 1.911516 1.480857 1.197694 1.016689 0.904170 0.836124 0.796080 0.773139 0.760340 0.753385 0.749700 0.747797 0.746835 0.746356 0.746113 0.745971 0.745851 0.745694 0.745431 0.744968 0.744156 0.742762 0.740429 0.736627 0.730606 0.721340 0.707494 0.687425 0.659237 0.620910 0.570530 0.506590 0.428353 0.336193 0.231830 0.118355 0.000000 
50.000000 43.214408 36.634646 30.447825 24.806460 19.817650 15.538535 11.978004 9.103586 6.851733 5.139450 3.875426 2.969302 2.338365 1.911516 1.630857 1.451453 1.339927 1.272482 1.232790 1.210052 1.197366 1.190471 1.186819 1.184931 1.183976 1.183497 1.183247 1.183090 1.182937 1.182716 1.182334 1.181653 1.180450 1.178376 1.174889 1.169183 1.160098 1.146042 1.124917 1.094109 1.050557 0.990948 0.912065 0.811289 0.687207 0.540225 0.373009 0.190592 0.000000 
50.000000 43.304280 36.811659 30.706771 25.140106 20.217346 15.994876 12.481466 9.645080 7.423012 5.733372 4.486056 3.591906 2.969302 2.548089 2.271134 2.094095 1.984040 1.917483 1.878315 1.855875 1.843356 1.836552 1.832947 1.831083 1.830138 1.829660 1.829402 1.829224 1.829029 1.828725 1.828186 1.827217 1.825497 1.822516 1.817483 1.809204 1.795953 1.775327 1.744129 1.698316 1.633076 1.543098 1.423086 1.268562 1.076868 0.848237 0.586638 0.300069 0.000000 
50.000000 43.433337 37.065856 31.078626 25.619237 20.791333 16.650212 13.204480 10.422718 8.243435 6.586318 5.363005 4.486056 3.875425 3.462309 3.190676 3.017039 2.909096 2.843817 2.805400 2.783390 2.771111 2.764437 2.760900 2.759071 2.758140 2.757665 2.757398 2.757195 2.756948 2.756541 2.755807 2.754476 2.752105 2.747976 2.740970 2.729384 2.710729 2.681503 2.636979 2.571092 2.476480 2.344831 2.167617 1.937297 1.648952 1.302125 0.902419 0.462232 0.000000 
50.000000 43.613354 37.420426 31.597317 26.287568 21.591984 17.564345 14.213025 11.507471 9.387878 7.776139 6.586318 5.733372 5.139450 4.737634 4.473429 4.304538 4.199546 4.136050 4.098682 4.077273 4.065329 4.058836 4.055395 4.053613 4.052705 4.052234 4.051958 4.051726 4.051419 4.050892 4.049929 4.048173 4.045027 4.039526 4.030141 4.014533 3.989243 3.949339 3.888070 3.796612 3.664034 3.477662 3.224049 2.890720 2.468719 1.955726 1.359056 0.697398 0.000000 
50.000000 43.857192 37.900701 32.299901 27.192851 22.676506 18.802595 15.579174 12.976859 10.938134 9.387878 8.243435 7.423012 6.851732 6.465232 6.211094 6.048637 5.947642 5.886564 5.850618 5.830024 5.818534 5.812288 5.808977 5.807261 5.806382 5.805920 5.805636 5.805375 5.805002 5.804345 5.803132 5.800907 5.796904 5.789870 5.777807 5.757624 5.724697 5.672343 5.591265 5.469067 5.290018 5.035336 4.684315 4.216687 3.616428 2.876898 2.006387 1.032125 0.000000 
50.000000 44.177845 38.532276 33.223823 28.383335 24.102706 20.430966 17.375753 14.909220 12.976859 11.507471 10.422718 9.645080 9.103586 8.737233 8.496341 8.342349 8.246616 8.188719 8.154645 8.135123 8.124231 8.118309 8.115169 8.113541 8.112703 8.112256 8.111966 8.111677 8.111240 8.110455 8.108993 8.106298 8.101428 8.092828 8.077997 8.053029 8.012003 7.946238 7.843436 7.686840 7.454610 7.119778 6.651310 6.016961 5.188610 4.150389 2.908768 1.501531 0.000000 
50.000000 44.587122 39.338412 34.403112 29.902871 25.923120 22.509446 19.668952 17.375753 15.579174 14.213025 13.204480 12.481466 11.978004 11.637379 11.413401 11.270220 11.181207 11.127373 11.095689 11.077537 11.067408 11.061901 11.058981 11.057464 11.056681 11.056255 11.055965 11.055655 11.055165 11.054269 11.052590 11.049481 11.043840 11.033829 11.016469 10.987056 10.938369 10.859649 10.735363 10.543838 10.255975 9.834476 9.234296 8.405453 7.299711 5.882649 4.151327 2.153855 0.000000 
50.000000 45.094064 40.336917 35.863820 31.785027 28.177967 25.083960 22.509446 20.430966 18.802595 17.564345 16.650212 15.994876 15.538535 15.229788 15.026769 14.896984 14.816299 14.767500 14.738780 14.722325 14.713143 14.708151 14.705503 14.704126 14.703412 14.703017 14.702735 14.702414 14.701890 14.700921 14.699096 14.695701 14.689515 14.678487 14.659258 14.626470 14.571789 14.482595 14.340296 14.118280 13.779655 13.275149 12.541980 11.505277 10.084754 8.210588 5.852403 3.060227 0.000000 
50.000000 45.703288 41.536885 37.619251 34.046948 30.887791 28.177967 25.923120 24.102706 22.676506 21.591984 20.791333 20.217346 19.817650 19.547223 19.369401 19.255722 19.185049 19.142305 19.117148 19.102734 19.094691 19.090318 19.087997 19.086790 19.086161 19.085807 19.085543 19.085228 19.084701 19.083716 19.081852 19.078372 19.072007 19.060610 19.040634 19.006361 18.948784 18.854036 18.701264 18.459819 18.085744 17.517667 16.672691 15.443896 13.703206 11.317267 8.188933 4.336932 0.000000 
50.000000 46.413524 42.935814 39.665748 36.683924 34.046948 31.785027 29.902871 28.383335 27.192851 26.287568 25.619237 25.140106 24.806460 24.580719 24.432279 24.337383 24.278386 24.242705 24.221703 24.209670 24.202956 24.199305 24.197367 24.196357 24.195829 24.195528 24.195295 24.195006 24.194512 24.193584 24.191820 24.188518 24.182456 24.171558 24.152367 24.119252 24.063237 23.970285 23.818850 23.576423 23.194726 22.603159 21.700273 20.343742 18.341962 15.457408 11.448091 6.199581 0.000000 
50.000000 47.216635 44.517679 41.979867 39.665748 37.619251 35.863820 34.403112 33.223823 32.299901 31.597317 31.078626 30.706771 30.447825 30.272625 30.157417 30.083766 30.037977 30.010282 29.993982 29.984643 29.979431 29.976597 29.975093 29.974308 29.973896 29.973658 29.973469 29.973228 29.972809 29.972017 29.970508 29.967677 29.962463 29.953059 29.936432 29.907600 29.858534 29.776501 29.641590 29.423003 29.073433 28.520463 27.653232 26.301984 24.208340 20.989933 16.129380 9.106176 0.000000 
50.000000 48.097377 46.252452 44.517679 42.935814 41.536885 40.336917 39.338412 38.532276 37.900701 37.420426 37.065856 36.811659 36.634646 36.514879 36.436123 36.385775 36.354473 36.335540 36.324397 36.318013 36.314450 36.312512 36.311483 36.310947 36.310664 36.310500 36.310366 36.310191 36.309886 36.309307 36.308202 36.306123 36.302288 36.295352 36.283050 36.261636 36.225021 36.163436 36.061369 35.894314 35.623508 35.187086 34.484514 33.347951 31.487722 28.388299 23.126226 14.173375 0.000000 
50.000000 49.034042 48.097377 47.216635 46.413524 45.703288 45.094064 44.587122 44.177845 43.857192 43.613354 43.433337 43.304280 43.214408 43.153601 43.113616 43.088053 43.072161 43.062548 43.056891 43.053649 43.051840 43.050856 43.050334 43.050061 43.049918 43.049833 43.049764 43.049673 43.049512 43.049206 43.048621 43.047519 43.045484 43.041798 43.035247 43.023816 43.004211 42.971105 42.915956 42.825067 42.676314 42.433267 42.033837 41.366356 40.213943 38.110459 33.924002 24.517021 0.000000 
50.000000 50.000000 50.000000 50.000000 50.000000 50.000000 50.000000 50.000000 50.000000 50.000000 50.000000 50.000000 50.000000 50.000000 50.000000 50.000000 50.000000 50.000000 50.000000 50.000000 50.000000 50.000000 50.000000 50.000000 50.000000 50.000000 50.000000 50.000000 50.000000 50.000000 50.000000 50.000000 50.000000 50.000000 50.000000 50.000000 50.000000 50.000000 50.000000 50.000000 50.000000 50.000000 50.000000 50.000000 50.000000 50.000000 50.000000 50.000000 50.000000 50.000000 
