50.000000 50.000000 50.000000 50.000000 50.000000 50.000000 50.000000 50.000000 50.000000 50.000000 50.000000 50.000000 50.000000 50.000000 50.000000 50.000000 50.000000 50.000000 50.000000 50.000000 50.000000 50.000000 50.000000 50.000000 50.000000 50.000000 50.000000 50.000000 50.000000 50.000000 50.000000 50.000000 50.000000 50.000000 50.000000 50.000000 50.000000 50.000000 50.000000 50.000000 50.000000 50.000000 50.000000 50.000000 50.000000 50.000000 50.000000 50.000000 50.000000 50.000000 
50.000000 49.774163 49.549928 49.328863 49.112467 48.902144 48.699170 48.504675 48.319622 48.144792 47.980783 47.828003 47.686672 47.556833 47.438364 47.330988 47.234293 47.147751 47.070732 47.002527 46.942359 46.889401 46.842783 46.801601 46.764921 46.731776 46.701154 46.671991 46.643144 46.613364 46.581251 46.545199 46.503318 46.453332 46.392438 46.317096 46.222746 46.103370 45.950825 45.753785 45.495984 45.153152 44.687385 44.036031 43.087992 41.628252 39.193887 34.657516 24.887234 0.000000 
50.000000 49.549941 49.103074 48.662523 48.231278 47.812135 47.407639 47.020039 46.651255 46.302847 45.976003 45.671536 45.389887 45.131142 44.895056 44.681078 44.488390 44.315938 44.162471 44.026575 43.906705 43.801214 43.708375 43.626392 43.553410 43.487508 43.426688 43.368843 43.311721 43.252863 43.189522 43.118558 43.036290 42.938305 42.819188 42.672150 42.488498 42.256857 41.961996 41.583021 41.090457 40.441405 39.571163 38.378132 36.695600 34.237519 30.494608 24.552180 14.893046 0.000000 
50.000000 49.328913 48.662586 48.005678 47.362646 46.737659 46.134512 45.556561 45.006665 44.487154 43.999798 43.545810 43.125848 42.740041 42.388025 42.068980 41.781687 41.524578 41.295789 41.093217 40.914565 40.757383 40.619107 40.497071 40.388526 40.290634 40.200442 40.114855 40.030567 39.943989 39.851128 39.747445 39.627654 39.485459 39.313194 39.101340 38.837837 38.507114 38.088663 37.554926 36.868065 35.974931 34.799120 33.228315 31.094420 28.144266 24.004408 18.169958 10.135984 0.000000 
50.000000 49.112596 48.231487 47.362832 46.512527 45.686083 44.888521 44.124275 43.397131 42.710165 42.065723 41.465406 40.910087 40.399938 39.934478 39.512627 39.132776 38.792853 38.490403 38.222651 37.986569 37.778933 37.596367 37.435372 37.292345 37.163570 37.045202 36.933219 36.823351 36.710982 36.591016 36.457700 36.304388 36.123240 35.904813 35.637521 35.306898 34.894581 34.376895 33.722841 32.891238 31.826643 30.453612 28.668986 26.332596 23.259369 19.222898 13.996708 7.485672 0.000000 
50.000000 48.902411 47.812607 46.738207 45.686505 44.664315 43.677849 42.732592 41.833225 40.983556 40.186484 39.443994 38.757165 38.126213 37.550545 37.028830 36.559080 36.138744 35.764790 35.433799 35.142042 34.885552 34.660179 34.461633 34.285503 34.127258 33.982224 33.845537 33.712063 33.576290 33.432185 33.272993 33.090996 32.877192 32.620879 32.309116 31.926026 31.451856 30.861756 30.124140 29.198563 28.033021 26.560762 24.697090 22.337676 19.362002 15.649456 11.120605 5.816165 0.000000 
50.000000 48.699657 47.408537 46.135667 44.889688 43.678675 42.509984 41.390118 40.324621 39.318005 38.373707 37.494079 36.680402 35.932936 35.250980 34.632964 34.076540 33.578693 33.135846 32.743963 32.398647 32.095228 31.828828 31.594411 31.386818 31.200765 31.030829 30.871395 30.716578 30.560113 30.395203 30.214324 30.008977 29.769382 29.484086 29.139474 28.719157 28.203207 27.567205 26.781101 25.807879 24.602168 23.109107 21.264174 18.995463 16.230943 12.914564 9.035001 4.665863 0.000000 
50.000000 48.505491 47.021584 45.558652 44.126626 42.734789 41.391595 40.104518 38.879932 37.723022 36.637742 35.626795 34.691659 33.832633 33.048918 32.338717 31.699340 31.127334 30.618603 30.168530 29.772090 29.423951 29.118553 28.850175 28.612966 28.400963 28.208074 28.028031 27.854317 27.680055 27.497863 27.299666 27.076468 26.818067 26.512713 26.146694 25.703847 25.164989 24.507264 23.703468 22.721402 21.523471 20.066876 18.305027 16.191193 13.685773 10.768571 7.456207 3.820930 0.000000 
50.000000 48.320914 46.653738 45.010129 43.401244 41.837513 40.328434 38.882405 37.506588 36.206812 34.987518 33.851748 32.801164 31.836108 30.955688 30.157893 29.439713 28.797282 28.226018 27.720759 27.275895 26.885477 26.543319 26.243066 25.978245 25.742285 25.528509 25.330095 25.140006 24.950892 24.754952 24.543765 24.308084 24.037593 23.720615 23.343797 22.891738 22.346613 21.687797 20.891550 19.930889 18.775809 17.394171 15.753685 13.825557 11.590382 9.046451 6.219571 3.171305 0.000000 
50.000000 48.146752 46.306651 44.492561 42.716798 40.990874 39.325273 37.729266 36.210757 34.776182 33.430446 32.176908 31.017407 29.952326 28.980689 28.100284 27.307803 26.598996 25.968829 25.411635 24.921259 24.491189 24.114663 23.784753 23.494428 23.236583 23.004037 22.789506 22.585544 22.384454 22.178162 21.958079 21.714912 21.438473 21.117446 20.739149 20.289291 19.751752 19.108412 18.339121 17.421874 16.333375 15.050173 13.550652 11.818103 9.845040 7.638481 5.225235 2.655208 0.000000 
50.000000 47.983661 45.981626 44.007892 42.075860 40.198053 38.385882 36.649432 34.997305 33.436505 31.972372 30.608564 29.347085 28.188359 27.131333 26.173610 25.311607 24.540720 23.855495 23.249802 22.716989 22.250026 21.841630 21.484363 21.170698 20.893063 20.643854 20.415413 20.199979 19.989619 19.776114 19.550846 19.304642 19.027619 18.709014 18.337016 17.898625 17.379548 16.764189 16.035779 15.176728 14.169304 12.996780 11.645154 10.105530 8.377098 6.470369 4.409912 2.235445 0.000000 
50.000000 47.832121 45.679620 43.557550 41.480315 39.461384 37.513024 35.646080 33.869803 32.191724 30.617587 29.151329 27.795111 26.549394 25.413056 24.383532 23.456986 22.628488 21.892205 21.241580 20.669510 20.168499 19.730797 19.348508 19.013674 18.718324 18.454500 18.214246 17.989575 17.772406 17.554480 17.327259 17.081805 16.808663 16.497735 16.138179 15.718337 15.225721 14.647097 13.968702 13.176666 12.257686 11.200045 9.994997 8.638514 7.133281 5.490610 3.731806 1.888300 0.000000 
50.000000 47.692443 45.401257 43.142461 40.931393 38.782386 36.708500 34.721281 32.830576 31.044404 29.368882 27.808206 26.364680 25.038803 23.829391 22.733726 21.747741 20.866214 20.082964 19.391051 18.782964 18.250789 17.786362 17.381384 17.027523 16.716470 16.439977 16.189858 15.957969 15.736158 15.516202 15.289721 15.048092 14.782351 14.483122 14.140547 13.744276 13.283502 12.747098 12.123870 11.402972 10.574519 9.630427 8.565479 7.378567 6.073988 4.662560 3.162244 1.597910 0.000000 
50.000000 47.564785 45.146847 42.763093 40.429707 38.161819 35.973211 33.876068 31.880785 29.995827 28.227653 26.580693 25.057386 23.658268 22.382096 21.226018 20.185760 19.255832 18.429745 17.700213 17.059362 16.498908 16.010319 15.584949 15.214140 14.889303 14.601954 14.343736 14.106404 13.881794 13.661772 13.438170 13.202717 12.946976 12.662287 12.339747 11.970216 11.544395 11.052973 10.486883 9.837678 9.098047 8.262488 7.328091 6.295410 5.169281 3.959462 2.680867 1.353217 0.000000 
50.000000 47.449163 44.916423 42.419491 39.975320 37.599760 35.307247 33.110546 31.020549 29.046123 27.194038 25.468939 23.873387 22.407950 21.071338 19.860576 18.771206 17.797502 16.932696 16.169198 15.498812 14.912928 14.402692 13.959157 13.573394 13.236574 12.940031 12.675280 12.434021 12.208121 11.989570 11.770439 11.542828 11.298817 11.030438 10.729666 10.388450 9.998798 9.552928 9.043493 8.463911 7.808779 7.074390 6.259304 5.364940 4.396092 3.361272 2.272759 1.146237 0.000000 
50.000000 47.345471 44.709776 42.111345 39.567822 37.095701 34.710006 32.424024 30.249088 28.194431 26.267100 24.471934 22.811603 21.286707 19.895913 18.636140 17.502766 16.489856 15.590398 14.796533 14.099783 13.491252 12.961811 12.502254 12.103420 11.756289 11.452048 11.182124 10.938197 10.712188 10.496235 10.282658 10.063920 9.832595 9.581349 9.302949 8.990293 8.636500 8.235042 7.779945 7.266051 6.689351 6.047367 5.339558 4.567725 3.736317 2.852615 1.926676 0.971017 0.000000 
50.000000 47.253508 44.526502 41.838053 39.206415 36.648655 34.180319 31.815154 29.564889 27.439080 25.445019 23.587718 21.869946 20.292329 18.853501 17.550286 16.377920 15.330285 14.400155 13.579439 12.859412 12.230933 11.684637 11.211097 10.800960 10.445050 10.134441 9.860501 9.614912 9.389668 9.177063 8.969659 8.760263 8.541902 8.307813 8.051451 7.766527 7.447083 7.087610 6.683207 6.229793 5.724363 5.165262 4.552478 3.887900 3.175508 2.421447 1.633937 0.823003 0.000000 
50.000000 47.172995 44.366048 41.598789 38.890008 36.257273 33.716587 31.282100 28.965889 26.777789 24.725312 22.813619 21.045566 19.421806 17.940940 16.599714 15.393240 14.315243 13.358312 12.514155 11.773837 11.128008 10.567101 10.081506 9.661711 9.298414 8.982604 8.705610 8.459134 8.235250 8.026402 7.825384 7.625316 7.419629 7.202056 6.966644 6.707783 6.420272 6.099412 5.741134 5.342164 4.900207 4.414154 3.884276 3.312390 2.701972 2.058170 1.387703 0.698632 0.000000 
50.000000 47.103606 44.227763 41.392583 38.617318 35.919968 33.316928 30.822699 28.449654 26.207873 24.105054 22.146489 20.335110 18.671591 17.154510 15.780542 14.544696 13.440563 12.460575 11.596269 10.838535 10.177844 9.604462 9.108627 8.680697 8.311270 7.991271 7.712008 7.465208 7.243028 7.038056 6.843291 6.652131 6.458358 6.256130 6.039987 5.804879 5.546214 5.259930 4.942596 4.591532 4.204945 3.782073 3.323319 2.830351 2.306159 1.755043 1.182508 0.595075 0.000000 
50.000000 47.044990 44.110947 41.218392 38.386965 35.635031 32.979319 30.434624 28.013570 25.726444 23.581102 21.582947 19.734973 18.037876 16.490212 15.088600 13.827961 12.701773 11.702340 10.821056 10.048663 9.375487 8.791657 8.287285 7.852626 7.478200 7.154883 6.873974 6.627231 6.406888 6.205659 6.016725 5.833724 5.650733 5.462262 5.263257 5.049119 4.815736 4.559542 4.277586 3.967622 3.628205 3.258792 2.859824 2.432790 1.980248 1.505791 1.013957 0.510066 0.000000 
50.000000 46.996796 44.014900 41.075169 38.197566 35.400753 32.701734 30.115546 27.655020 25.330612 23.150309 21.119605 19.241547 17.516848 15.944045 14.519713 13.238702 12.094398 11.079001 10.183787 9.399381 8.715991 8.123634 7.612325 7.172236 6.793827 6.467942 6.185873 5.939410 5.720856 5.523034 5.339278 5.163423 4.989790 4.813172 4.628840 4.432549 4.220559 3.989679 3.737316 3.461536 3.161133 2.835692 2.485646 2.112305 1.717858 1.305334 0.878512 0.441788 0.000000 
50.000000 46.958692 43.938963 40.961935 38.047823 35.215528 32.482270 29.863277 27.371544 25.017662 22.809720 20.753283 18.851443 17.104924 15.512251 14.069963 12.772855 11.614241 10.586236 9.680031 8.886153 8.194721 7.595666 7.078926 6.634613 6.253141 5.925328 5.642470 5.396382 5.179425 4.984511 4.805097 4.635175 4.469255 4.302354 4.129991 3.948188 3.753486 3.542972 3.314310 3.065785 2.796350 2.505666 2.194132 1.862902 1.513869 1.149622 0.773365 0.388804 0.000000 
50.000000 46.930390 43.882560 40.877828 37.936599 35.077950 32.319260 29.675901 27.160990 24.785215 22.556744 20.481196 18.561693 16.798969 15.191541 13.735920 12.426860 11.257624 10.220265 9.305907 8.505009 7.807624 7.203620 6.682880 6.235469 5.851771 5.522588 5.239218 4.993498 4.777834 4.585204 4.409159 4.243807 4.083797 3.924310 3.761045 3.590216 3.408566 3.213372 3.002479 2.774320 2.527948 2.263065 1.980036 1.679887 1.364289 1.035512 0.696346 0.350005 0.000000 
50.000000 46.911657 43.845228 40.822161 37.862983 34.986890 32.211368 29.551882 27.021629 24.631366 22.389308 20.301111 18.369918 16.596469 14.979276 13.514833 12.197865 11.021602 9.978056 9.058308 8.252772 7.551456 6.944188 6.420815 5.971374 5.586227 5.256167 4.972494 4.727060 4.512302 4.321243 4.147496 3.985245 3.829233 3.674745 3.517598 3.354132 3.181216 2.996251 2.797194 2.582567 2.351486 2.103672 1.839458 1.559787 1.266181 0.960699 0.645866 0.324580 0.000000 
50.000000 46.902333 43.826645 40.794450 37.826339 34.941563 32.157662 29.490148 26.952259 24.554782 22.305961 20.211469 18.274456 16.495670 14.873617 13.404782 12.083879 10.904119 9.857495 8.935065 8.127222 7.423953 6.815064 6.290386 5.839939 5.454078 5.123591 4.839777 4.594499 4.380207 4.189948 4.017365 3.856680 3.702683 3.550711 3.396638 3.236867 3.068326 2.888480 2.695336 2.487461 2.263998 2.024676 1.769813 1.500307 1.217607 0.923669 0.620885 0.311999 0.000000 
50.000000 46.902333 43.826645 40.794450 37.826339 34.941563 32.157662 29.490148 26.952259 24.554782 22.305961 20.211469 18.274456 16.495670 14.873617 13.404782 12.083879 10.904119 9.857495 8.935065 8.127222 7.423953 6.815064 6.290386 5.839939 5.454078 5.123591 4.839777 4.594499 4.380207 4.189948 4.017365 3.856680 3.702683 3.550711 3.396638 3.236867 3.068326 2.888480 2.695336 2.487461 2.263998 2.024676 1.769813 1.500307 1.217607 0.923669 0.620885 0.311999 0.000000 
50.000000 46.911657 43.845228 40.822161 37.862983 34.986890 32.211368 29.551882 27.021629 24.631366 22.389308 20.301111 18.369918 16.596469 14.979276 13.514833 12.197865 11.021602 9.978056 9.058308 8.252772 7.551456 6.944188 6.420815 5.971374 5.586227 5.256167 4.972494 4.727060 4.512302 4.321243 4.147496 3.985245 3.829233 3.674745 3.517598 3.354132 3.181216 2.996251 2.797194 2.582567 2.351486 2.103672 1.839458 1.559787 1.266181 0.960699 0.645866 0.324580 0.000000 
50.000000 46.930390 43.882560 40.877828 37.936599 35.077950 32.319260 29.675901 27.160990 24.785215 22.556744 20.481196 18.561693 16.798969 15.191541 13.735920 12.426860 11.257624 10.220265 9.305907 8.505009 7.807624 7.203620 6.682880 6.235469 5.851771 5.522588 5.239218 4.993498 4.777834 4.585204 4.409159 4.243807 4.083797 3.924310 3.761045 3.590216 3.408566 3.213372 3.002479 2.774320 2.527948 2.263065 1.980036 1.679887 1.364289 1.035512 0.696346 0.350005 0.000000 
50.000000 46.958692 43.938963 40.961935 38.047823 35.215528 32.482270 29.863277 27.371544 25.017662 22.809720 20.753283 18.851443 17.104924 15.512251 14.069963 12.772855 11.614241 10.586236 9.680031 8.886153 8.194721 7.595666 7.078926 6.634613 6.253141 5.925328 5.642470 5.396382 5.179425 4.984511 4.805097 4.635175 4.469255 4.302354 4.129991 3.948188 3.753486 3.542972 3.314310 3.065785 2.796350 2.505666 2.194132 1.862902 1.513869 1.149622 0.773365 0.388804 0.000000 
50.000000 46.996796 44.014900 41.075169 38.197566 35.400753 32.701734 30.115546 27.655020 25.330612 23.150309 21.119605 19.241547 17.516848 15.944045 14.519713 13.238702 12.094398 11.079001 10.183787 9.399381 8.715991 8.123634 7.612325 7.172236 6.793827 6.467942 6.185873 5.939410 5.720856 5.523034 5.339278 5.163423 4.989790 4.813172 4.628840 4.432549 4.220559 3.989679 3.737316 3.461536 3.161133 2.835692 2.485646 2.112305 1.717858 1.305334 0.878512 0.441788 0.000000 
50.000000 47.044990 44.110947 41.218392 38.386965 35.635031 32.979319 30.434624 28.013570 25.726444 23.581102 21.582947 19.734973 18.037876 16.490212 15.088600 13.827961 12.701773 11.702340 10.821056 10.048663 9.375487 8.791657 8.287285 7.852626 7.478200 7.154883 6.873974 6.627231 6.406888 6.205659 6.016725 5.833724 5.650733 5.462262 5.263257 5.049119 4.815736 4.559542 4.277586 3.967622 3.628205 3.258792 2.859824 2.432790 1.980248 1.505791 1.013957 0.510066 0.000000 
50.000000 47.103606 44.227763 41.392583 38.617318 35.919968 33.316928 30.822699 28.449654 26.207873 24.105054 22.146489 20.335110 18.671591 17.154510 15.780542 14.544696 13.440563 12.460575 11.596269 10.838535 10.177844 9.604462 9.108627 8.680697 8.311270 7.991271 7.712008 7.465208 7.243028 7.038056 6.843291 6.652131 6.458358 6.256130 6.039987 5.804879 5.546214 5.259930 4.942596 4.591532 4.204945 3.782073 3.323319 2.830351 2.306159 1.755043 1.182508 0.595075 0.000000 
50.000000 47.172995 44.366048 41.598789 38.890008 36.257273 33.716587 31.282100 28.965889 26.777789 24.725312 22.813619 21.045566 19.421806 17.940940 16.599714 15.393240 14.315243 13.358312 12.514155 11.773837 11.128008 10.567101 10.081506 9.661711 9.298414 8.982604 8.705610 8.459134 8.235250 8.026402 7.825384 7.625316 7.419629 7.202056 6.966644 6.707783 6.420272 6.099412 5.741134 5.342164 4.900207 4.414154 3.884276 3.312390 2.701972 2.058170 1.387703 0.698632 0.000000 
50.000000 47.253508 44.526502 41.838053 39.206415 36.648655 34.180319 31.815154 29.564889 27.439080 25.445019 23.587718 21.869946 20.292329 18.853501 17.550286 16.377920 15.330285 14.400155 13.579439 12.859412 12.230933 11.684637 11.211097 10.800960 10.445050 10.134441 9.860501 9.614912 9.389668 9.177063 8.969659 8.760263 8.541902 8.307813 8.051451 7.766527 7.447083 7.087610 6.683207 6.229793 5.724363 5.165262 4.552478 3.887900 3.175508 2.421447 1.633937 0.823003 0.000000 
50.000000 47.345471 44.709776 42.111345 39.567822 37.095701 34.710006 32.424024 30.249088 28.194431 26.267100 24.471934 22.811603 21.286707 19.895913 18.636140 17.502766 16.489856 15.590398 14.796533 14.099783 13.491252 12.961811 12.502254 12.103420 11.756289 11.452048 11.182124 10.938197 10.712188 10.496235 10.282658 10.063920 9.832595 9.581349 9.302949 8.990293 8.636500 8.235042 7.779945 7.266051 6.689351 6.047367 5.339558 4.567725 3.736317 2.852615 1.926676 0.971017 0.000000 
50.000000 47.449163 44.916423 42.419491 39.975320 37.599760 35.307247 33.110546 31.020549 29.046123 27.194038 25.468939 23.873387 22.407950 21.071338 19.860576 18.771206 17.797502 16.932696 16.169198 15.498812 14.912928 14.402692 13.959157 13.573394 13.236574 12.940031 12.675280 12.434021 12.208121 11.989570 11.770439 11.542828 11.298817 11.030438 10.729666 10.388450 9.998798 9.552928 9.043493 8.463911 7.808779 7.074390 6.259304 5.364940 4.396092 3.361272 2.272759 1.146237 0.000000 
50.000000 47.564785 45.146847 42.763093 40.429707 38.161819 35.973211 33.876068 31.880785 29.995827 28.227653 26.580693 25.057386 23.658268 22.382096 21.226018 20.185760 19.255832 18.429745 17.700213 17.059362 16.498908 16.010319 15.584949 15.214140 14.889303 14.601954 14.343736 14.106404 13.881794 13.661772 13.438170 13.202717 12.946976 12.662287 12.339747 11.970216 11.544395 11.052973 10.486883 9.837678 9.098047 8.262488 7.328091 6.295410 5.169281 3.959462 2.680867 1.353217 0.000000 
50.000000 47.692443 45.401257 43.142461 40.931393 38.782386 36.708500 34.721281 32.830576 31.044404 29.368882 27.808206 26.364680 25.038803 23.829391 22.733726 21.747741 20.866214 20.082964 19.391051 18.782964 18.250789 17.786362 17.381384 17.027523 16.716470 16.439977 16.189858 15.957969 15.736158 15.516202 15.289721 15.048092 14.782351 14.483122 14.140547 13.744276 13.283502 12.747098 12.123870 11.402972 10.574519 9.630427 8.565479 7.378567 6.073988 4.662560 3.162244 1.597910 0.000000 
50.000000 47.832121 45.679620 43.557550 41.480315 39.461384 37.513024 35.646080 33.869803 32.191724 30.617587 29.151329 27.795111 26.549394 25.413056 24.383532 23.456986 22.628488 21.892205 21.241580 20.669510 20.168499 19.730797 19.348508 19.013674 18.718324 18.454500 18.214246 17.989575 17.772406 17.554480 17.327259 17.081805 16.808663 16.497735 16.138179 15.718337 15.225721 14.647097 13.968702 13.176666 12.257686 11.200045 9.994997 8.638514 7.133281 5.490610 3.731806 1.888300 0.000000 
50.000000 47.983661 45.981626 44.007892 42.075860 40.198053 38.385882 36.649432 34.997305 33.436505 31.972372 30.608564 29.347085 28.188359 27.131333 26.173610 25.311607 24.540720 23.855495 23.249802 22.716989 22.250026 21.841630 21.484363 21.170698 20.893063 20.643854 20.415413 20.199979 19.989619 19.776114 19.550846 19.304642 19.027619 18.709014 18.337016 17.898625 17.379548 16.764189 16.035779 15.176728 14.169304 12.996780 11.645154 10.105530 8.377098 6.470369 4.409912 2.235445 0.000000 
50.000000 48.146752 46.306651 44.492561 42.716798 40.990874 39.325273 37.729266 36.210757 34.776182 33.430446 32.176908 31.017407 29.952326 28.980689 28.100284 27.307803 26.598996 25.968829 25.411635 24.921259 24.491189 24.114663 23.784753 23.494428 23.236583 23.004037 22.789506 22.585544 22.384454 22.178162 21.958079 21.714912 21.438473 21.117446 20.739149 20.289291 19.751752 19.108412 18.339121 17.421874 16.333375 15.050173 13.550652 11.818103 9.845040 7.638481 5.225235 2.655208 0.000000 
50.000000 48.320914 46.653738 45.010129 43.401244 41.837513 40.328434 38.882405 37.506588 36.206812 34.987518 33.851748 32.801164 31.836108 30.955688 30.157893 29.439713 28.797282 28.226018 27.720759 27.275895 26.885477 26.543319 26.243066 25.978245 25.742285 25.528509 25.330095 25.140006 24.950892 24.754952 24.543765 24.308084 24.037593 23.720615 23.343797 22.891738 22.346613 21.687797 20.891550 19.930889 18.775809 17.394171 15.753685 13.825557 11.590382 9.046451 6.219571 3.171305 0.000000 
50.000000 48.505491 47.021584 45.558652 44.126626 42.734789 41.391595 40.104518 38.879932 37.723022 36.637742 35.626795 34.691659 33.832633 33.048918 32.338717 31.699340 31.127334 30.618603 30.168530 29.772090 29.423951 29.118553 28.850175 28.612966 28.400963 28.208074 28.028031 27.854317 27.680055 27.497863 27.299666 27.076468 26.818067 26.512713 26.146694 25.703847 25.164989 24.507264 23.703468 22.721402 21.523471 20.066876 18.305027 16.191193 13.685773 10.768571 7.456207 3.820930 0.000000 
50.000000 48.699657 47.408537 46.135667 44.889688 43.678675 42.509984 41.390118 40.324621 39.318005 38.373707 37.494079 36.680402 35.932936 35.250980 34.632964 34.076540 33.578693 33.135846 32.743963 32.398647 32.095228 31.828828 31.594411 31.386818 31.200765 31.030829 30.871395 30.716578 30.560113 30.395203 30.214324 30.008977 29.769382 29.484086 29.139474 28.719157 28.203207 27.567205 26.781101 25.807879 24.602168 23.109107 21.264174 18.995463 16.230943 12.914564 9.035001 4.665863 0.000000 
50.000000 48.902411 47.812607 46.738207 45.686505 44.664315 43.677849 42.732592 41.833225 40.983556 40.186484 39.443994 38.757165 38.126213 37.550545 37.028830 36.559080 36.138744 35.764790 35.433799 35.142042 34.885552 34.660179 34.461633 34.285503 34.127258 33.982224 33.845537 33.712063 33.576290 33.432185 33.272993 33.090996 32.877192 32.620879 32.309116 31.926026 31.451856 30.861756 30.124140 29.198563 28.033021 26.560762 24.697090 22.337676 19.362002 15.649456 11.120605 5.816165 0.000000 
50.000000 49.112596 48.231487 47.362832 46.512527 45.686083 44.888521 44.124275 43.397131 42.710165 42.065723 41.465406 40.910087 40.399938 39.934478 39.512627 39.132776 38.792853 38.490403 38.222651 37.986569 37.778933 37.596367 37.435372 37.292345 37.163570 37.045202 36.933219 36.823351 36.710982 36.591016 36.457700 36.304388 36.123240 35.904813 35.637521 35.306898 34.894581 34.376895 33.722841 32.891238 31.826643 30.453612 28.668986 26.332596 23.259369 19.222898 13.996708 7.485672 0.000000 
50.000000 49.328913 48.662586 48.005678 47.362646 46.737659 46.134512 45.556561 45.006665 44.487154 43.999798 43.545810 43.125848 42.740041 42.388025 42.068980 41.781687 41.524578 41.295789 41.093217 40.914565 40.757383 40.619107 40.497071 40.388526 40.290634 40.200442 40.114855 40.030567 39.943989 39.851128 39.747445 39.627654 39.485459 39.313194 39.101340 38.837837 38.507114 38.088663 37.554926 36.868065 35.974931 34.799120 33.228315 31.094420 28.144266 24.004408 18.169958 10.135984 0.000000 
50.000000 49.549941 49.103074 48.662523 48.231278 47.812135 47.407639 47.020039 46.651255 46.302847 45.976003 45.671536 45.389887 45.131142 44.895056 44.681078 44.488390 44.315938 44.162471 44.026575 43.906705 43.801214 43.708375 43.626392 43.553410 43.487508 43.426688 43.368843 43.311721 43.252863 43.189522 43.118558 43.036290 42.938305 42.819188 42.672150 42.488498 42.256857 41.961996 41.583021 41.090457 40.441405 39.571163 38.378132 36.695600 34.237519 30.494608 24.552180 14.893046 0.000000 
50.000000 49.774163 49.549928 49.328863 49.112467 48.902144 48.699170 48.504675 48.319622 48.144792 47.980783 47.828003 47.686672 47.556833 47.438364 47.330988 47.234293 47.147751 47.070732 47.002527 46.942359 46.889401 46.842783 46.801601 46.764921 46.731776 46.701154 46.671991 46.643144 46.613364 46.581251 46.545199 46.503318 46.453332 46.392438 46.317096 46.222746 46.103370 45.950825 45.753785 45.495984 45.153152 44.687385 44.036031 43.087992 41.628252 39.193887 34.657516 24.887234 0.000000 
50.000000 50.000000 50.000000 50.000000 50.000000 50.000000 50.000000 50.000000 50.000000 50.000000 50.000000 50.000000 50.000000 50.000000 50.000000 50.000000 50.000000 50.000000 50.000000 50.000000 50.000000 50.000000 50.000000 50.000000 50.000000 50.000000 50.000000 50.000000 50.000000 50.000000 50.000000 50.000000 50.000000 50.000000 50.000000 50.000000 50.000000 50.000000 50.000000 50.000000 50.000000 50.000000 50.000000 50.000000 50.000000 50.000000 50.000000 50.000000 50.000000 50.000000 
