50.000000 50.000000 50.000000 50.000000 50.000000 50.000000 50.000000 50.000000 50.000000 50.000000 50.000000 50.000000 50.000000 50.000000 50.000000 50.000000 50.000000 50.000000 50.000000 50.000000 50.000000 50.000000 50.000000 50.000000 50.000000 50.000000 50.000000 50.000000 50.000000 50.000000 50.000000 50.000000 50.000000 50.000000 50.000000 50.000000 50.000000 50.000000 50.000000 50.000000 50.000000 50.000000 50.000000 50.000000 50.000000 50.000000 50.000000 50.000000 50.000000 50.000000 
50.000000 49.444598 48.898882 48.372035 47.872267 47.406440 46.979801 46.595839 46.256274 45.961168 45.709127 45.497573 45.323049 45.181538 45.068752 44.980387 44.912327 44.860788 44.822413 44.794313 44.774070 44.759717 44.749684 44.742746 44.737962 44.734609 44.732124 44.730046 44.727963 44.725450 44.722012 44.717006 44.709554 44.698421 44.681856 44.657362 44.621381 44.568824 44.492366 44.381346 44.219963 43.984177 43.636035 43.112533 42.301907 40.988148 38.707045 34.329656 24.722299 0.000000 
50.000000 48.898882 47.816970 46.772465 45.781646 44.858119 44.012283 43.251055 42.577849 41.992786 41.493102 41.073683 40.727681 40.447128 40.223525 40.048337 39.913405 39.811227 39.735148 39.679438 39.639308 39.610853 39.590965 39.577216 39.567740 39.561106 39.556202 39.552121 39.548053 39.543172 39.536516 39.526848 39.512482 39.491053 39.459219 39.412241 39.343396 39.243135 39.097834 38.887902 38.584779 38.146013 37.506806 36.564872 35.152183 32.980753 29.538769 23.908485 14.569227 0.000000 
50.000000 48.372035 46.772465 45.228200 43.763309 42.397906 41.147368 40.021921 39.026611 38.161618 37.422855 36.802762 36.291212 35.876428 35.545840 35.286834 35.087343 34.936280 34.823800 34.741438 34.682110 34.640045 34.610649 34.590334 34.576343 34.566569 34.559373 34.553431 34.547565 34.540587 34.531130 34.517447 34.497169 34.467000 34.422302 34.356547 34.260547 34.121389 33.920905 33.633430 33.222454 32.635477 31.795955 30.590569 28.849311 26.316195 22.614100 17.233696 9.664990 0.000000 
50.000000 47.872267 45.781646 43.763309 41.848712 40.064147 38.429711 36.958767 35.657912 34.527380 33.561829 32.751380 32.082795 31.540681 31.108611 30.770097 30.509369 30.311934 30.164929 30.057286 29.979751 29.924781 29.886373 29.859843 29.841593 29.828875 29.819568 29.811960 29.804551 29.795847 29.784152 29.767321 29.742476 29.705637 29.651255 29.571579 29.455824 29.289031 29.050510 28.711682 28.233061 27.560025 26.616950 25.299394 23.464752 20.924356 17.447114 12.800893 6.884119 0.000000 
50.000000 47.406440 44.858119 42.397906 40.064148 37.888890 35.896629 34.103656 32.518010 31.139977 29.963045 28.975171 28.160221 27.499429 26.972773 26.560155 26.242351 26.001698 25.822514 25.691311 25.596810 25.529817 25.483019 25.450712 25.428518 25.413103 25.401900 25.392860 25.384208 25.374208 25.360921 25.341936 25.314048 25.272873 25.212352 25.124114 24.996652 24.814253 24.555601 24.191972 23.684920 22.983409 22.020468 20.709883 18.944445 16.599397 13.548595 9.705935 5.104534 0.000000 
50.000000 46.979802 44.012283 41.147368 38.429711 35.896629 33.576648 31.488740 29.642265 28.037557 26.667031 25.516663 24.567665 23.798184 23.184902 22.704418 22.334344 22.054111 21.845459 21.692682 21.582647 21.504650 21.450179 21.412598 21.386823 21.368985 21.356128 21.345907 21.336328 21.325479 21.311268 21.291143 21.261758 21.218587 21.155444 21.063882 20.932448 20.745761 20.483378 20.118457 19.616222 18.932383 18.011825 16.788325 15.186748 13.130318 10.556800 7.447411 3.867268 0.000000 
50.000000 46.595839 43.251056 40.021922 36.958768 34.103657 31.488741 29.135404 27.054195 25.245490 23.700740 22.404138 21.334505 20.467212 19.775975 19.234417 18.817306 18.501456 18.266287 18.094099 17.970088 17.882195 17.820830 17.778523 17.749554 17.729587 17.715323 17.704175 17.693978 17.682705 17.668200 17.647879 17.618420 17.575382 17.512773 17.422512 17.293798 17.112374 16.859685 16.511984 16.039485 15.405750 14.567704 13.476919 12.083191 10.341820 8.225968 5.744250 2.959805 0.000000 
50.000000 46.256274 42.577850 39.026613 35.657914 32.518012 29.642267 27.054196 24.765400 22.776291 21.077469 19.651547 18.475235 17.521444 16.761271 16.165706 15.707000 15.359655 15.101040 14.911688 14.775323 14.678686 14.611236 14.564766 14.533004 14.511204 14.495777 14.483939 14.473402 14.462084 14.447827 14.428117 14.399780 14.358641 14.299139 14.213871 14.093094 13.924160 13.690947 13.373335 12.946856 12.382705 11.648453 10.709889 9.534606 8.097892 6.391138 4.431838 2.272098 0.000000 
50.000000 45.961169 41.992788 38.161621 34.527384 31.139982 28.037562 25.245494 22.776295 20.630408 18.797690 17.259386 15.990367 14.961409 14.141330 13.498834 13.003984 12.629271 12.350283 12.146019 11.998922 11.894693 11.821965 11.771895 11.737733 11.714387 11.698024 11.685707 11.675068 11.664009 11.650430 11.631955 11.605651 11.567730 11.513211 11.435564 11.326314 11.174646 10.967047 10.687053 10.315215 9.829453 9.206019 8.421347 7.455068 6.294328 4.939171 3.408011 1.741207 0.000000 
50.000000 45.709129 41.493106 37.422860 33.561837 29.963054 26.667041 23.700750 21.077478 18.797697 16.850629 15.216347 13.868155 12.775005 11.903767 11.221192 10.695476 10.297393 10.001009 9.784013 9.627755 9.517048 9.439822 9.386694 9.350508 9.325882 9.308788 9.296170 9.285611 9.275037 9.262441 9.245629 9.221967 9.188114 9.139754 9.071302 8.975618 8.843740 8.664676 8.425338 8.110674 7.704164 7.188782 6.548597 5.771093 4.850163 3.789437 2.605208 1.327786 0.000000 
50.000000 45.497576 41.073691 36.802773 32.751395 28.975189 25.516684 22.404160 19.651569 17.259406 15.216361 13.501525 12.086883 10.939856 10.025681 9.309470 8.757849 8.340154 8.029171 7.801492 7.637549 7.521410 7.440418 7.384736 7.346874 7.321211 7.303561 7.290782 7.280437 7.270493 7.259061 7.244152 7.223451 7.194092 7.152429 7.093820 7.012413 6.900979 6.750810 6.551748 6.292404 5.960658 5.544503 5.033329 4.419607 3.700901 2.881880 1.975865 1.005214 0.000000 
50.000000 45.323056 40.727696 36.291234 32.082824 28.160256 24.567705 21.334549 18.475281 15.990412 13.868196 12.086911 10.617455 9.425987 8.476395 7.732438 7.159452 6.725580 6.402556 6.166067 5.995788 5.875173 5.791081 5.733306 5.694080 5.667592 5.649532 5.636698 5.626648 5.617407 5.607211 5.594281 5.576619 5.551815 5.516867 5.468007 5.400556 5.308821 5.186057 5.024547 4.815838 4.551180 4.222225 3.821987 3.346038 2.793823 2.169867 1.484576 0.754240 0.000000 
50.000000 45.181552 40.447157 35.876469 31.540735 27.499495 23.798260 20.467296 17.521534 14.961502 12.775096 10.939936 9.426040 8.198541 7.220237 6.453787 5.863478 5.416493 5.083710 4.840079 4.664666 4.540427 4.453828 4.394363 4.354048 4.326915 4.308563 4.295747 4.286033 4.277508 4.268533 4.257527 4.242790 4.222332 4.193728 4.153987 4.099451 4.025728 3.927702 3.799620 3.635308 3.428544 3.173589 2.865891 2.502910 2.084967 1.615964 1.103789 0.560185 0.000000 
50.000000 45.068778 40.223577 35.545917 31.108712 26.972895 23.185044 19.776133 16.761442 14.141510 11.903949 10.025856 8.476546 7.220336 6.219151 5.434778 4.830667 4.373233 4.032673 3.783354 3.603851 3.476726 3.388134 3.327333 3.286161 3.258535 3.239982 3.227228 3.217856 3.210016 3.202181 3.192953 3.180896 3.164387 3.141504 3.109915 3.066816 3.008886 2.932314 2.832882 2.706152 2.547755 2.353786 2.121307 1.848904 1.537234 1.189448 0.811388 0.411442 0.000000 
50.000000 44.980435 40.048433 35.286975 30.770281 26.560378 22.704677 19.234707 16.166022 13.499169 11.221538 9.309816 7.732767 6.454068 5.434961 4.636550 4.021629 3.556012 3.209362 2.955588 2.772883 2.643501 2.553352 2.491509 2.449676 2.421680 2.402992 2.390325 2.381279 2.374060 2.367244 2.359592 2.349889 2.336829 2.318905 2.294332 2.260994 2.216427 2.157838 2.082185 1.986321 1.867213 1.722231 1.549496 1.348251 1.119212 0.864814 0.589310 0.298628 0.000000 
50.000000 44.912414 39.913578 35.087598 30.509702 26.242755 22.334812 18.817830 15.707573 13.004594 10.696114 8.758500 7.160095 5.864082 4.831178 4.021959 3.398717 2.926800 2.575462 2.318260 2.133092 2.001974 1.910630 1.847989 1.805655 1.777384 1.758612 1.746039 1.737286 1.730609 1.724670 1.718361 1.710657 1.700505 1.686735 1.668001 1.642731 1.609124 1.565165 1.508692 1.437503 1.349518 1.242979 1.116696 0.970287 0.804397 0.620854 0.422698 0.214080 0.000000 
50.000000 44.860943 39.811534 34.936732 30.312524 26.002414 22.054942 18.502388 15.360674 12.630362 10.298539 8.341336 6.726772 5.417660 4.374318 3.556922 2.927384 2.450702 2.095818 1.836023 1.648992 1.516562 1.424315 1.361074 1.318366 1.289897 1.271074 1.258593 1.250093 1.243870 1.238661 1.233462 1.227399 1.219622 1.209229 1.195211 1.176417 1.151548 1.119172 1.077773 1.025830 0.961928 0.884908 0.794019 0.689085 0.570639 0.440016 0.299359 0.151544 0.000000 
50.000000 44.822684 39.735685 34.824592 30.165962 25.823768 21.846915 18.267920 15.102826 12.352198 10.003025 8.031262 6.404689 5.085841 4.034742 3.211270 2.577053 2.096829 1.739311 1.477589 1.289175 1.155771 1.062854 0.999170 0.956188 0.927577 0.908726 0.896328 0.888037 0.882184 0.877563 0.873253 0.868499 0.862608 0.854880 0.844566 0.830829 0.812745 0.789308 0.759468 0.722185 0.676510 0.621681 0.557231 0.483089 0.399674 0.307938 0.209373 0.105950 0.000000 
50.000000 44.794781 39.680364 34.742805 30.059068 25.693476 21.695193 18.096916 14.914771 12.149325 9.787501 7.805119 6.169789 4.843841 3.787085 2.959182 2.321553 1.838748 1.479308 1.216181 1.026759 0.892646 0.799242 0.735237 0.692058 0.663348 0.644482 0.632155 0.624031 0.618470 0.614307 0.610690 0.606950 0.602512 0.596831 0.589346 0.579456 0.566504 0.549794 0.528604 0.502230 0.470041 0.431541 0.386439 0.334721 0.276699 0.213042 0.144775 0.073237 0.000000 
50.000000 44.774866 39.640884 34.684435 29.982782 25.600490 21.586915 17.974876 14.780563 12.004544 9.633690 7.643732 6.002152 4.671138 3.610345 2.779280 2.139218 1.654570 1.293759 1.029630 0.839489 0.704870 0.611120 0.546886 0.503568 0.474790 0.455919 0.443649 0.435654 0.430315 0.426501 0.423405 0.420426 0.417075 0.412920 0.407536 0.400488 0.391314 0.379529 0.364644 0.346185 0.323733 0.296967 0.265708 0.229965 0.189965 0.146174 0.099289 0.050212 0.000000 
50.000000 44.761052 39.613496 34.643943 29.929860 25.535984 21.511800 17.890216 14.687461 11.904107 9.526991 7.531776 5.885861 4.551334 3.487740 2.654483 2.012732 1.526806 1.165046 0.900222 0.709582 0.574612 0.480623 0.416231 0.372818 0.343995 0.325123 0.312895 0.304996 0.299820 0.296260 0.293543 0.291115 0.288550 0.285491 0.281613 0.276595 0.270107 0.261813 0.251378 0.238482 0.222848 0.204266 0.182626 0.157946 0.130389 0.100277 0.068085 0.034423 0.000000 
50.000000 44.751889 39.595331 34.617087 29.894761 25.493202 21.461982 17.834066 14.625713 11.837495 9.456225 7.457525 5.808735 4.471877 3.406427 2.571716 1.928845 1.442072 1.079681 0.814397 0.623427 0.488225 0.394076 0.329581 0.286106 0.257253 0.238382 0.226186 0.218353 0.213290 0.209905 0.207449 0.205399 0.203371 0.201062 0.198209 0.194568 0.189898 0.183958 0.176515 0.167347 0.156266 0.143134 0.127881 0.110527 0.091189 0.070095 0.047575 0.024048 0.000000 
50.000000 44.746338 39.584325 34.600816 29.873494 25.467281 21.431798 17.800046 14.588302 11.797137 9.413350 7.412538 5.762007 4.423737 3.357162 2.521570 1.878021 1.390735 1.027962 0.762399 0.571229 0.435886 0.341641 0.277083 0.233570 0.204701 0.185830 0.173654 0.165864 0.160871 0.157595 0.155302 0.153488 0.151793 0.149947 0.147727 0.144935 0.141383 0.136887 0.131274 0.124382 0.116075 0.106254 0.094874 0.081952 0.067579 0.051925 0.035231 0.017805 0.000000 
50.000000 44.743726 39.579147 34.593161 29.863490 25.455087 21.417599 17.784043 14.570702 11.778151 9.393180 7.391375 5.740025 4.401091 3.333987 2.497981 1.854113 1.366585 1.003633 0.737938 0.546674 0.411265 0.316975 0.252387 0.208857 0.179980 0.161110 0.148943 0.141173 0.136215 0.132991 0.130776 0.129074 0.127538 0.125913 0.123995 0.121606 0.118584 0.114773 0.110027 0.104210 0.097212 0.088952 0.079393 0.068555 0.056513 0.043411 0.029448 0.014881 0.000000 
50.000000 44.743726 39.579147 34.593161 29.863490 25.455087 21.417599 17.784043 14.570702 11.778151 9.393180 7.391375 5.740025 4.401091 3.333987 2.497981 1.854113 1.366585 1.003633 0.737938 0.546674 0.411265 0.316975 0.252387 0.208857 0.179980 0.161110 0.148943 0.141173 0.136215 0.132991 0.130776 0.129074 0.127538 0.125913 0.123995 0.121606 0.118584 0.114773 0.110027 0.104210 0.097212 0.088952 0.079393 0.068555 0.056513 0.043411 0.029448 0.014881 0.000000 
50.000000 44.746338 39.584325 34.600816 29.873494 25.467281 21.431798 17.800046 14.588302 11.797137 9.413350 7.412538 5.762007 4.423737 3.357162 2.521570 1.878021 1.390735 1.027962 0.762399 0.571229 0.435886 0.341641 0.277083 0.233570 0.204701 0.185830 0.173654 0.165864 0.160871 0.157595 0.155302 0.153488 0.151793 0.149947 0.147727 0.144935 0.141383 0.136887 0.131274 0.124382 0.116075 0.106254 0.094874 0.081952 0.067579 0.051925 0.035231 0.017805 0.000000 
50.000000 44.751889 39.595331 34.617087 29.894761 25.493202 21.461982 17.834066 14.625713 11.837495 9.456225 7.457525 5.808735 4.471877 3.406427 2.571716 1.928845 1.442072 1.079681 0.814397 0.623427 0.488225 0.394076 0.329581 0.286106 0.257253 0.238382 0.226186 0.218353 0.213290 0.209905 0.207449 0.205399 0.203371 0.201062 0.198209 0.194568 0.189898 0.183958 0.176515 0.167347 0.156266 0.143134 0.127881 0.110527 0.091189 0.070095 0.047575 0.024048 0.000000 
50.000000 44.761052 39.613496 34.643943 29.929860 25.535984 21.511800 17.890216 14.687461 11.904107 9.526991 7.531776 5.885861 4.551334 3.487740 2.654483 2.012732 1.526806 1.165046 0.900222 0.709582 0.574612 0.480623 0.416231 0.372818 0.343995 0.325123 0.312895 0.304996 0.299820 0.296260 0.293543 0.291115 0.288550 0.285491 0.281613 0.276595 0.270107 0.261813 0.251378 0.238482 0.222848 0.204266 0.182626 0.157946 0.130389 0.100277 0.068085 0.034423 0.000000 
50.000000 44.774866 39.640884 34.684435 29.982782 25.600490 21.586915 17.974876 14.780563 12.004544 9.633690 7.643732 6.002152 4.671138 3.610345 2.779280 2.139218 1.654570 1.293759 1.029630 0.839489 0.704870 0.611120 0.546886 0.503568 0.474790 0.455919 0.443649 0.435654 0.430315 0.426501 0.423405 0.420426 0.417075 0.412920 0.407536 0.400488 0.391314 0.379529 0.364644 0.346185 0.323733 0.296967 0.265708 0.229965 0.189965 0.146174 0.099289 0.050212 0.000000 
50.000000 44.794781 39.680364 34.742805 30.059068 25.693476 21.695193 18.096916 14.914771 12.149325 9.787501 7.805119 6.169789 4.843841 3.787085 2.959182 2.321553 1.838748 1.479308 1.216181 1.026759 0.892646 0.799242 0.735237 0.692058 0.663348 0.644482 0.632155 0.624031 0.618470 0.614307 0.610690 0.606950 0.602512 0.596831 0.589346 0.579456 0.566504 0.549794 0.528604 0.502230 0.470041 0.431541 0.386439 0.334721 0.276699 0.213042 0.144775 0.073237 0.000000 
50.000000 44.822684 39.735685 34.824592 30.165962 25.823768 21.846915 18.267920 15.102826 12.352198 10.003025 8.031262 6.404689 5.085841 4.034742 3.211270 2.577053 2.096829 1.739311 1.477589 1.289175 1.155771 1.062854 0.999170 0.956188 0.927577 0.908726 0.896328 0.888037 0.882184 0.877563 0.873253 0.868499 0.862608 0.854880 0.844566 0.830829 0.812745 0.789308 0.759468 0.722185 0.676510 0.621681 0.557231 0.483089 0.399674 0.307938 0.209373 0.105950 0.000000 
50.000000 44.860943 39.811534 34.936732 30.312524 26.002414 22.054942 18.502388 15.360674 12.630362 10.298539 8.341336 6.726772 5.417660 4.374318 3.556922 2.927384 2.450702 2.095818 1.836023 1.648992 1.516562 1.424315 1.361074 1.318366 1.289897 1.271074 1.258593 1.250093 1.243870 1.238661 1.233462 1.227399 1.219622 1.209229 1.195211 1.176417 1.151548 1.119172 1.077773 1.025830 0.961928 0.884908 0.794019 0.689085 0.570639 0.440016 0.299359 0.151544 0.000000 
50.000000 44.912414 39.913578 35.087598 30.509702 26.242755 22.334812 18.817830 15.707573 13.004594 10.696114 8.758500 7.160095 5.864082 4.831178 4.021959 3.398717 2.926800 2.575462 2.318260 2.133092 2.001974 1.910630 1.847989 1.805655 1.777384 1.758612 1.746039 1.737286 1.730609 1.724670 1.718361 1.710657 1.700505 1.686735 1.668001 1.642731 1.609124 1.565165 1.508692 1.437503 1.349518 1.242979 1.116696 0.970287 0.804397 0.620854 0.422698 0.214080 0.000000 
50.000000 44.980435 40.048433 35.286975 30.770281 26.560378 22.704677 19.234707 16.166022 13.499169 11.221538 9.309816 7.732767 6.454068 5.434961 4.636550 4.021629 3.556012 3.209362 2.955588 2.772883 2.643501 2.553352 2.491509 2.449676 2.421680 2.402992 2.390325 2.381279 2.374060 2.367244 2.359592 2.349889 2.336829 2.318905 2.294332 2.260994 2.216427 2.157838 2.082185 1.986321 1.867213 1.722231 1.549496 1.348251 1.119212 0.864814 0.589310 0.298628 0.000000 
50.000000 45.068778 40.223577 35.545917 31.108712 26.972895 23.185044 19.776133 16.761442 14.141510 11.903949 10.025856 8.476546 7.220336 6.219151 5.434778 4.830667 4.373233 4.032673 3.783354 3.603851 3.476726 3.388134 3.327333 3.286161 3.258535 3.239982 3.227228 3.217856 3.210016 3.202181 3.192953 3.180896 3.164387 3.141504 3.109915 3.066816 3.008886 2.932314 2.832882 2.706152 2.547755 2.353786 2.121307 1.848904 1.537234 1.189448 0.811388 0.411442 0.000000 
50.000000 45.181552 40.447157 35.876469 31.540735 27.499495 23.798260 20.467296 17.521534 14.961502 12.775096 10.939936 9.426040 8.198541 7.220237 6.453787 5.863478 5.416493 5.083710 4.840079 4.664666 4.540427 4.453828 4.394363 4.354048 4.326915 4.308563 4.295747 4.286033 4.277508 4.268533 4.257527 4.242790 4.222332 4.193728 4.153987 4.099451 4.025728 3.927702 3.799620 3.635308 3.428544 3.173589 2.865891 2.502910 2.084967 1.615964 1.103789 0.560185 0.000000 
50.000000 45.323056 40.727696 36.291234 32.082824 28.160256 24.567705 21.334549 18.475281 15.990412 13.868196 12.086911 10.617455 9.425987 8.476395 7.732438 7.159452 6.725580 6.402556 6.166067 5.995788 5.875173 5.791081 5.733306 5.694080 5.667592 5.649532 5.636698 5.626648 5.617407 5.607211 5.594281 5.576619 5.551815 5.516867 5.468007 5.400556 5.308821 5.186057 5.024547 4.815838 4.551180 4.222225 3.821987 3.346038 2.793823 2.169867 1.484576 0.754240 0.000000 
50.000000 45.497576 41.073691 36.802773 32.751395 28.975189 25.516684 22.404160 19.651569 17.259406 15.216361 13.501525 12.086883 10.939856 10.025681 9.309470 8.757849 8.340154 8.029171 7.801492 7.637549 7.521410 7.440418 7.384736 7.346874 7.321211 7.303561 7.290782 7.280437 7.270493 7.259061 7.244152 7.223451 7.194092 7.152429 7.093820 7.012413 6.900979 6.750810 6.551748 6.292404 5.960658 5.544503 5.033329 4.419607 3.700901 2.881880 1.975865 1.005214 0.000000 
50.000000 45.709129 41.493106 37.422860 33.561837 29.963054 26.667041 23.700750 21.077478 18.797697 16.850629 15.216347 13.868155 12.775005 11.903767 11.221192 10.695476 10.297393 10.001009 9.784013 9.627755 9.517048 9.439822 9.386694 9.350508 9.325882 9.308788 9.296170 9.285611 9.275037 9.262441 9.245629 9.221967 9.188114 9.139754 9.071302 8.975618 8.843740 8.664676 8.425338 8.110674 7.704164 7.188782 6.548597 5.771093 4.850163 3.789437 2.605208 1.327786 0.000000 
50.000000 45.961169 41.992788 38.161621 34.527384 31.139982 28.037562 25.245494 22.776295 20.630408 18.797690 17.259386 15.990367 14.961409 14.141330 13.498834 13.003984 12.629271 12.350283 12.146019 11.998922 11.894693 11.821965 11.771895 11.737733 11.714387 11.698024 11.685707 11.675068 11.664009 11.650430 11.631955 11.605651 11.567730 11.513211 11.435564 11.326314 11.174646 10.967047 10.687053 10.315215 9.829453 9.206019 8.421347 7.455068 6.294328 4.939171 3.408011 1.741207 0.000000 
50.000000 46.256274 42.577850 39.026613 35.657914 32.518012 29.642267 27.054196 24.765400 22.776291 21.077469 19.651547 18.475235 17.521444 16.761271 16.165706 15.707000 15.359655 15.101040 14.911688 14.775323 14.678686 14.611236 14.564766 14.533004 14.511204 14.495777 14.483939 14.473402 14.462084 14.447827 14.428117 14.399780 14.358641 14.299139 14.213871 14.093094 13.924160 13.690947 13.373335 12.946856 12.382705 11.648453 10.709889 9.534606 8.097892 6.391138 4.431838 2.272098 0.000000 
50.000000 46.595839 43.251056 40.021922 36.958768 34.103657 31.488741 29.135404 27.054195 25.245490 23.700740 22.404138 21.334505 20.467212 19.775975 19.234417 18.817306 18.501456 18.266287 18.094099 17.970088 17.882195 17.820830 17.778523 17.749554 17.729587 17.715323 17.704175 17.693978 17.682705 17.668200 17.647879 17.618420 17.575382 17.512773 17.422512 17.293798 17.112374 16.859685 16.511984 16.039485 15.405750 14.567704 13.476919 12.083191 10.341820 8.225968 5.744250 2.959805 0.000000 
50.000000 46.979802 44.012283 41.147368 38.429711 35.896629 33.576648 31.488740 29.642265 28.037557 26.667031 25.516663 24.567665 23.798184 23.184902 22.704418 22.334344 22.054111 21.845459 21.692682 21.582647 21.504650 21.450179 21.412598 21.386823 21.368985 21.356128 21.345907 21.336328 21.325479 21.311268 21.291143 21.261758 21.218587 21.155444 21.063882 20.932448 20.745761 20.483378 20.118457 19.616222 18.932383 18.011825 16.788325 15.186748 13.130318 10.556800 7.447411 3.867268 0.000000 
50.000000 47.406440 44.858119 42.397906 40.064148 37.888890 35.896629 34.103656 32.518010 31.139977 29.963045 28.975171 28.160221 27.499429 26.972773 26.560155 26.242351 26.001698 25.822514 25.691311 25.596810 25.529817 25.483019 25.450712 25.428518 25.413103 25.401900 25.392860 25.384208 25.374208 25.360921 25.341936 25.314048 25.272873 25.212352 25.124114 24.996652 24.814253 24.555601 24.191972 23.684920 22.983409 22.020468 20.709883 18.944445 16.599397 13.548595 9.705935 5.104534 0.000000 
50.000000 47.872267 45.781646 43.763309 41.848712 40.064147 38.429711 36.958767 35.657912 34.527380 33.561829 32.751380 32.082795 31.540681 31.108611 30.770097 30.509369 30.311934 30.164929 30.057286 29.979751 29.924781 29.886373 29.859843 29.841593 29.828875 29.819568 29.811960 29.804551 29.795847 29.784152 29.767321 29.742476 29.705637 29.651255 29.571579 29.455824 29.289031 29.050510 28.711682 28.233061 27.560025 26.616950 25.299394 23.464752 20.924356 17.447114 12.800893 6.884119 0.000000 
50.000000 48.372035 46.772465 45.228200 43.763309 42.397906 41.147368 40.021921 39.026611 38.161618 37.422855 36.802762 36.291212 35.876428 35.545840 35.286834 35.087343 34.936280 34.823800 34.741438 34.682110 34.640045 34.610649 34.590334 34.576343 34.566569 34.559373 34.553431 34.547565 34.540587 34.531130 34.517447 34.497169 34.467000 34.422302 34.356547 34.260547 34.121389 33.920905 33.633430 33.222454 32.635477 31.795955 30.590569 28.849311 26.316195 22.614100 17.233696 9.664990 0.000000 
50.000000 48.898882 47.816970 46.772465 45.781646 44.858119 44.012283 43.251055 42.577849 41.992786 41.493102 41.073683 40.727681 40.447128 40.223525 40.048337 39.913405 39.811227 39.735148 39.679438 39.639308 39.610853 39.590965 39.577216 39.567740 39.561106 39.556202 39.552121 39.548053 39.543172 39.536516 39.526848 39.512482 39.491053 39.459219 39.412241 39.343396 39.243135 39.097834 38.887902 38.584779 38.146013 37.506806 36.564872 35.152183 32.980753 29.538769 23.908485 14.569227 0.000000 
50.000000 49.444598 48.898882 48.372035 47.872267 47.406440 46.979801 46.595839 46.256274 45.961168 45.709127 45.497573 45.323049 45.181538 45.068752 44.980387 44.912327 44.860788 44.822413 44.794313 44.774070 44.759717 44.749684 44.742746 44.737962 44.734609 44.732124 44.730046 44.727963 44.725450 44.722012 44.717006 44.709554 44.698421 44.681856 44.657362 44.621381 44.568824 44.492366 44.381346 44.219963 43.984177 43.636035 43.112533 42.301907 40.988148 38.707045 34.329656 24.722299 0.000000 
50.000000 50.000000 50.000000 50.000000 50.000000 50.000000 50.000000 50.000000 50.000000 50.000000 50.000000 50.000000 50.000000 50.000000 50.000000 50.000000 50.000000 50.000000 50.000000 50.000000 50.000000 50.000000 50.000000 50.000000 50.000000 50.000000 50.000000 50.000000 50.000000 50.000000 50.000000 50.000000 50.000000 50.000000 50.000000 50.000000 50.000000 50.000000 50.000000 50.000000 50.000000 50.000000 50.000000 50.000000 50.000000 50.000000 50.000000 50.000000 50.000000 50.000000 
