50.000000 50.000000 50.000000 50.000000 50.000000 50.000000 50.000000 50.000000 50.000000 50.000000 50.000000 50.000000 50.000000 50.000000 50.000000 50.000000 50.000000 50.000000 50.000000 50.000000 50.000000 50.000000 50.000000 50.000000 50.000000 50.000000 50.000000 50.000000 50.000000 50.000000 50.000000 50.000000 50.000000 50.000000 50.000000 50.000000 50.000000 50.000000 50.000000 50.000000 50.000000 50.000000 50.000000 50.000000 50.000000 50.000000 50.000000 50.000000 50.000000 50.000000 
50.000000 49.368580 48.749681 48.155076 47.595127 47.078246 46.610544 46.195686 45.834940 45.527403 45.270354 45.059694 44.890405 44.756993 44.653882 44.575716 44.517592 44.475190 44.444841 44.423525 44.408829 44.398878 44.392254 44.387905 44.385066 44.383183 44.381852 44.380757 44.379622 44.378159 44.376013 44.372700 44.367520 44.359444 44.346955 44.327826 44.298790 44.255072 44.189663 44.092206 43.947171 43.730730 43.405058 42.907177 42.125224 40.842961 38.595812 34.254347 24.684290 0.000000 
50.000000 48.749681 47.524153 46.346734 45.237940 44.214426 43.288297 42.466809 41.752471 41.143496 40.634497 40.217356 39.882135 39.617960 39.413783 39.259003 39.143908 39.059946 38.999851 38.957641 38.928541 38.908839 38.895724 38.887114 38.881496 38.877777 38.875154 38.873010 38.870802 38.867972 38.863837 38.857466 38.847519 38.832034 38.808127 38.771580 38.716238 38.633161 38.509341 38.325779 38.054439 37.653281 37.057760 36.165636 34.808693 32.698494 29.322521 23.762077 14.495334 0.000000 
50.000000 48.155076 46.346734 44.609380 42.973286 41.463031 40.096473 38.884318 37.830273 36.931696 36.180641 35.565127 35.070493 34.680690 34.379417 34.151033 33.981206 33.857318 33.768645 33.706364 33.663427 33.634357 33.615009 33.602311 33.594032 33.588562 33.584726 33.581617 33.578455 33.574440 33.568608 33.559653 33.545706 33.524046 33.490695 33.439866 33.363189 33.248621 33.078874 32.829130 32.463632 31.930467 31.153453 30.019337 28.357841 25.912336 22.304690 17.024213 9.559264 0.000000 
50.000000 47.595127 45.237940 42.973286 40.840627 38.872001 37.090686 35.510639 34.136689 32.965394 31.986396 31.184077 30.539325 30.031220 29.638515 29.340821 29.119454 28.957969 28.842386 28.761206 28.705240 28.667352 28.642138 28.625598 28.614824 28.607727 28.602782 28.598826 28.594869 28.589914 28.582776 28.571867 28.554938 28.528729 28.488513 28.427471 28.335837 28.199737 27.999581 27.707848 27.285989 26.680118 25.815059 24.586456 22.851363 20.420314 17.060950 12.539445 6.752166 0.000000 
50.000000 47.078246 44.214426 41.463031 38.872001 36.480261 34.316094 32.396455 30.727211 29.304179 28.114775 27.140025 26.356707 25.739405 25.262305 24.900634 24.631696 24.435508 24.295089 24.196465 24.128476 24.082451 24.051827 24.031747 24.018686 24.010110 24.004184 23.999520 23.994953 23.989336 23.981333 23.969181 23.950404 23.921449 23.877205 23.810370 23.710611 23.563461 23.348866 23.039317 22.597446 21.973060 21.099703 19.891260 18.240130 16.020638 13.105190 9.405733 4.953022 0.000000 
50.000000 46.610544 43.288297 40.096473 37.090686 34.316094 31.805505 29.578591 27.642155 25.991345 24.611561 23.480793 22.572100 21.855996 21.302537 20.882982 20.571003 20.343419 20.180528 20.066123 19.987258 19.933874 19.898361 19.875087 19.859971 19.850084 19.843316 19.838089 19.833101 19.827107 19.818686 19.805999 19.786500 19.756568 19.711047 19.642649 19.541192 19.392643 19.177928 18.871517 18.439799 17.839397 17.015754 15.902753 14.424834 12.504230 10.077136 7.122661 3.703367 0.000000 
50.000000 46.195686 42.466809 38.884319 35.510639 32.396455 29.578591 27.079124 24.905691 23.052846 21.504201 20.235049 19.215153 18.411418 17.790232 17.319339 16.969187 16.713756 16.530938 16.402538 16.314027 16.254120 16.214275 16.188178 16.171254 16.160231 16.152764 16.147116 16.141889 16.135779 16.127347 16.114767 16.095552 16.066206 16.021804 15.955465 15.857704 15.715655 15.512176 15.224877 14.825172 14.277567 13.539562 12.562837 11.296752 9.695581 7.730866 5.409049 2.790629 0.000000 
50.000000 45.834940 41.752471 37.830273 34.136690 30.727211 27.642155 24.905691 22.526181 20.497661 18.802186 17.412708 16.296122 15.416192 14.736120 14.220590 13.837247 13.557607 13.357462 13.216896 13.120001 13.054426 13.010820 12.982276 12.963796 12.951812 12.943780 12.937842 12.932531 12.926529 12.918422 12.906474 12.888354 12.860835 12.819424 12.757913 12.667866 12.538018 12.353651 12.095990 11.741760 11.263091 10.628125 9.802759 8.754151 7.456572 5.899806 4.099190 2.104211 0.000000 
50.000000 45.527403 41.143496 36.931696 32.965395 29.304180 25.991346 23.052847 20.497661 18.319383 16.498743 15.006694 13.807685 12.862806 12.132538 11.578960 11.167327 10.867051 10.652139 10.501204 10.397165 10.326760 10.279953 10.249332 10.229539 10.216759 10.208287 10.202169 10.196902 10.191176 10.183647 10.172711 10.156266 10.131443 10.094297 10.039449 9.959678 9.845500 9.684747 9.462247 9.159693 8.755904 8.227676 7.551548 6.706735 5.679406 4.468065 3.089058 1.580232 0.000000 
50.000000 45.270354 40.634497 36.180642 31.986397 28.114777 24.611563 21.504203 18.802188 16.498745 14.573495 12.995721 11.727827 10.728667 9.956450 9.371075 8.935800 8.618280 8.391028 8.231428 8.121421 8.046983 7.997505 7.965156 7.944277 7.930853 7.922048 7.915840 7.910706 7.905371 7.898580 7.888892 7.874467 7.852838 7.820658 7.773420 7.705156 7.608140 7.472636 7.286752 7.036504 6.706202 6.279329 5.740049 5.075461 4.278550 3.351513 2.308720 1.178149 0.000000 
50.000000 45.059695 40.217357 35.565130 31.184080 27.140028 23.480797 20.235053 17.412713 15.006699 12.995724 11.347701 10.023360 8.979720 8.173129 7.561699 7.107053 6.775404 6.538042 6.371344 6.256448 6.178707 6.127044 6.093284 6.071528 6.057593 6.048545 6.042313 6.037371 6.032489 6.026512 6.018173 6.005902 5.987638 5.960628 5.921208 5.864590 5.784665 5.673860 5.523100 5.321960 5.059069 4.722883 4.302874 3.791166 3.184502 2.486258 1.708018 0.870033 0.000000 
50.000000 44.890406 39.882139 35.070498 30.539332 26.356715 22.572108 19.215163 16.296132 13.807695 11.727836 10.023366 8.653668 7.574289 6.740079 6.107716 5.637506 5.294505 5.049020 4.876620 4.757797 4.677405 4.623990 4.589102 4.566648 4.552317 4.543099 4.536888 4.532167 4.527753 4.522597 4.515598 4.505447 4.490464 4.468443 4.436487 4.390859 4.326854 4.238727 4.119715 3.962211 3.758127 3.499518 3.179475 2.793262 2.339601 1.821882 1.248981 0.635336 0.000000 
50.000000 44.756997 39.617967 34.680700 30.031233 25.739421 21.856015 18.411438 15.416214 12.862828 10.728689 8.979739 7.574302 6.466761 5.610790 4.961933 4.479461 4.127517 3.875632 3.698741 3.576825 3.494345 3.439552 3.403779 3.380782 3.366152 3.356819 3.350656 3.346159 3.342197 3.337815 3.332068 3.323880 3.311912 3.294438 3.269223 3.233422 3.183497 3.115189 3.023564 2.903177 2.748372 2.553755 2.314841 2.028825 1.695409 1.317521 0.901735 0.458210 0.000000 
50.000000 44.653889 39.413796 34.379437 29.638541 25.262336 21.302573 17.790273 14.736164 12.132584 9.956497 8.173174 6.740119 5.610817 4.738030 4.076428 3.584481 3.225627 2.968798 2.788436 2.664132 2.580040 2.524184 2.487730 2.464320 2.449466 2.440059 2.433958 2.429674 2.426122 2.422434 2.417799 2.411343 2.402016 2.388497 2.369099 2.341706 2.303714 2.252032 2.183133 2.093186 1.978296 1.834849 1.659961 1.451998 1.211097 0.939592 0.642230 0.326070 0.000000 
50.000000 44.575730 39.259030 34.151073 29.340871 24.900696 20.883054 17.319419 14.220676 11.579052 9.371169 7.561795 6.107807 4.962012 4.076481 3.405220 2.906092 2.542001 2.281427 2.098435 1.972321 1.887009 1.830348 1.793382 1.769661 1.754646 1.745193 1.739157 1.735062 1.731867 1.728774 1.725086 1.720096 1.712991 1.702777 1.688208 1.667740 1.639498 1.601283 1.550616 1.484850 1.401341 1.297696 1.172078 1.023553 0.852409 0.660417 0.450929 0.228788 0.000000 
50.000000 44.517618 39.143959 33.981282 29.119553 24.631815 20.571141 16.969341 13.837415 11.167505 8.935986 7.107244 5.637695 4.479640 3.584635 2.906194 2.401729 2.033746 1.770387 1.585442 1.457983 1.371764 1.314507 1.277160 1.253213 1.238081 1.228603 1.222628 1.218695 1.215797 1.213195 1.210284 1.206490 1.201189 1.193642 1.182945 1.167993 1.147463 1.119817 1.083345 1.036245 0.976749 0.903290 0.814711 0.710486 0.590922 0.457311 0.311977 0.158200 0.000000 
50.000000 44.475240 39.060044 33.857461 28.958155 24.435735 20.343680 16.714049 13.557925 10.867391 8.618636 6.775772 5.294877 4.127882 3.225970 2.542295 2.033939 1.663118 1.397730 1.211360 1.082921 0.996042 0.938351 0.900729 0.876617 0.861405 0.851914 0.845992 0.842191 0.839532 0.837322 0.835027 0.832178 0.828294 0.822831 0.815144 0.804455 0.789845 0.770258 0.744536 0.711470 0.669892 0.618790 0.557442 0.485557 0.403405 0.311899 0.212623 0.107769 0.000000 
50.000000 44.444934 39.000033 33.768914 28.842736 24.295512 20.181017 16.531484 13.358058 10.652775 8.391696 6.538734 5.049726 3.876340 2.969490 2.282072 1.770934 1.398085 1.131246 0.943858 0.814718 0.727368 0.669366 0.631548 0.607321 0.592053 0.582557 0.576680 0.572983 0.570510 0.568602 0.566782 0.564656 0.561852 0.557971 0.552555 0.545067 0.534877 0.521274 0.503482 0.480705 0.452182 0.417265 0.375508 0.326755 0.271218 0.209530 0.142750 0.072326 0.000000 
50.000000 44.423695 38.957977 33.706858 28.761849 24.197244 20.067023 16.403543 13.217991 10.502374 8.232659 6.372621 4.877929 3.700064 2.789754 2.099714 1.586627 1.212357 0.944501 0.756401 0.626771 0.539090 0.480872 0.442917 0.418610 0.403305 0.393807 0.387965 0.384348 0.382015 0.380334 0.378868 0.377279 0.375274 0.372559 0.368811 0.363660 0.356683 0.347406 0.335319 0.319902 0.300667 0.277203 0.249237 0.216689 0.179716 0.138745 0.094476 0.047852 0.000000 
50.000000 44.409136 38.929149 33.664322 28.706404 24.129885 19.988885 16.315846 13.121983 10.399283 8.123649 6.258761 4.760173 3.579240 2.666558 1.974721 1.460299 1.085056 0.816503 0.627914 0.497948 0.410041 0.351675 0.313627 0.289266 0.273936 0.264439 0.258624 0.255066 0.252834 0.251319 0.250108 0.248907 0.247477 0.245596 0.243037 0.239545 0.234839 0.228607 0.220515 0.210229 0.197439 0.181887 0.163407 0.141958 0.117654 0.090778 0.061786 0.031285 0.000000 
50.000000 44.399426 38.909923 33.635953 28.669425 24.084960 19.936772 16.257357 13.057952 10.330528 8.050947 6.182825 4.681640 3.498660 2.584397 1.891362 1.376049 1.000157 0.731140 0.542225 0.412036 0.323978 0.265513 0.227403 0.203006 0.187661 0.178166 0.172370 0.168853 0.166693 0.165293 0.164262 0.163331 0.162299 0.160995 0.159255 0.156903 0.153751 0.149593 0.144214 0.137399 0.128950 0.118707 0.106569 0.092517 0.076630 0.059094 0.040204 0.020352 0.000000 
50.000000 44.393215 38.897623 33.617805 28.645771 24.056223 19.903436 16.219944 13.016993 10.286547 8.004441 6.134252 4.631404 3.447116 2.531842 1.838041 1.322159 0.945851 0.676538 0.487414 0.357081 0.268928 0.210400 0.172250 0.147830 0.132475 0.122982 0.117199 0.113711 0.111599 0.110276 0.109363 0.108611 0.107842 0.106919 0.105717 0.104111 0.101974 0.099167 0.095548 0.090978 0.085328 0.078497 0.070424 0.061099 0.050577 0.038984 0.026513 0.013419 0.000000 
50.000000 44.389562 38.890390 33.607133 28.631860 24.039323 19.883832 16.197942 12.992906 10.260684 7.977093 6.105687 4.601863 3.416804 2.500936 1.806685 1.290468 0.913916 0.644428 0.455182 0.324765 0.236555 0.177990 0.139817 0.115384 0.100024 0.090532 0.084757 0.081286 0.079203 0.077927 0.077086 0.076441 0.075832 0.075137 0.074258 0.073099 0.071568 0.069566 0.066993 0.063753 0.059759 0.054942 0.049262 0.042715 0.035341 0.027229 0.018512 0.009367 0.000000 
50.000000 44.387878 38.887055 33.602211 28.625445 24.031530 19.874792 16.187795 12.981799 10.248757 7.964482 6.092515 4.588240 3.402827 2.486684 1.792225 1.275854 0.899190 0.629621 0.440319 0.309863 0.221627 0.163045 0.124861 0.100423 0.085060 0.075568 0.069798 0.066334 0.064266 0.063011 0.062204 0.061610 0.061075 0.060487 0.059758 0.058808 0.057559 0.055931 0.053844 0.051221 0.047993 0.044106 0.039530 0.034264 0.028339 0.021828 0.014837 0.007507 0.000000 
50.000000 44.387878 38.887055 33.602211 28.625445 24.031530 19.874792 16.187795 12.981799 10.248757 7.964482 6.092515 4.588240 3.402827 2.486684 1.792225 1.275854 0.899190 0.629621 0.440319 0.309863 0.221627 0.163045 0.124861 0.100423 0.085060 0.075568 0.069798 0.066334 0.064266 0.063011 0.062204 0.061610 0.061075 0.060487 0.059758 0.058808 0.057559 0.055931 0.053844 0.051221 0.047993 0.044106 0.039530 0.034264 0.028339 0.021828 0.014837 0.007507 0.000000 
50.000000 44.389562 38.890390 33.607133 28.631860 24.039323 19.883832 16.197942 12.992906 10.260684 7.977093 6.105687 4.601863 3.416804 2.500936 1.806685 1.290468 0.913916 0.644428 0.455182 0.324765 0.236555 0.177990 0.139817 0.115384 0.100024 0.090532 0.084757 0.081286 0.079203 0.077927 0.077086 0.076441 0.075832 0.075137 0.074258 0.073099 0.071568 0.069566 0.066993 0.063753 0.059759 0.054942 0.049262 0.042715 0.035341 0.027229 0.018512 0.009367 0.000000 
50.000000 44.393215 38.897623 33.617805 28.645771 24.056223 19.903436 16.219944 13.016993 10.286547 8.004441 6.134252 4.631404 3.447116 2.531842 1.838041 1.322159 0.945851 0.676538 0.487414 0.357081 0.268928 0.210400 0.172250 0.147830 0.132475 0.122982 0.117199 0.113711 0.111599 0.110276 0.109363 0.108611 0.107842 0.106919 0.105717 0.104111 0.101974 0.099167 0.095548 0.090978 0.085328 0.078497 0.070424 0.061099 0.050577 0.038984 0.026513 0.013419 0.000000 
50.000000 44.399426 38.909923 33.635953 28.669425 24.084960 19.936772 16.257357 13.057952 10.330528 8.050947 6.182825 4.681640 3.498660 2.584397 1.891362 1.376049 1.000157 0.731140 0.542225 0.412036 0.323978 0.265513 0.227403 0.203006 0.187661 0.178166 0.172370 0.168853 0.166693 0.165293 0.164262 0.163331 0.162299 0.160995 0.159255 0.156903 0.153751 0.149593 0.144214 0.137399 0.128950 0.118707 0.106569 0.092517 0.076630 0.059094 0.040204 0.020352 0.000000 
50.000000 44.409136 38.929149 33.664322 28.706404 24.129885 19.988885 16.315846 13.121983 10.399283 8.123649 6.258761 4.760173 3.579240 2.666558 1.974721 1.460299 1.085056 0.816503 0.627914 0.497948 0.410041 0.351675 0.313627 0.289266 0.273936 0.264439 0.258624 0.255066 0.252834 0.251319 0.250108 0.248907 0.247477 0.245596 0.243037 0.239545 0.234839 0.228607 0.220515 0.210229 0.197439 0.181887 0.163407 0.141958 0.117654 0.090778 0.061786 0.031285 0.000000 
50.000000 44.423695 38.957977 33.706858 28.761849 24.197244 20.067023 16.403543 13.217991 10.502374 8.232659 6.372621 4.877929 3.700064 2.789754 2.099714 1.586627 1.212357 0.944501 0.756401 0.626771 0.539090 0.480872 0.442917 0.418610 0.403305 0.393807 0.387965 0.384348 0.382015 0.380334 0.378868 0.377279 0.375274 0.372559 0.368811 0.363660 0.356683 0.347406 0.335319 0.319902 0.300667 0.277203 0.249237 0.216689 0.179716 0.138745 0.094476 0.047852 0.000000 
50.000000 44.444934 39.000033 33.768914 28.842736 24.295512 20.181017 16.531484 13.358058 10.652775 8.391696 6.538734 5.049726 3.876340 2.969490 2.282072 1.770934 1.398085 1.131246 0.943858 0.814718 0.727368 0.669366 0.631548 0.607321 0.592053 0.582557 0.576680 0.572983 0.570510 0.568602 0.566782 0.564656 0.561852 0.557971 0.552555 0.545067 0.534877 0.521274 0.503482 0.480705 0.452182 0.417265 0.375508 0.326755 0.271218 0.209530 0.142750 0.072326 0.000000 
50.000000 44.475240 39.060044 33.857461 28.958155 24.435735 20.343680 16.714049 13.557925 10.867391 8.618636 6.775772 5.294877 4.127882 3.225970 2.542295 2.033939 1.663118 1.397730 1.211360 1.082921 0.996042 0.938351 0.900729 0.876617 0.861405 0.851914 0.845992 0.842191 0.839532 0.837322 0.835027 0.832178 0.828294 0.822831 0.815144 0.804455 0.789845 0.770258 0.744536 0.711470 0.669892 0.618790 0.557442 0.485557 0.403405 0.311899 0.212623 0.107769 0.000000 
50.000000 44.517618 39.143959 33.981282 29.119553 24.631815 20.571141 16.969341 13.837415 11.167505 8.935986 7.107244 5.637695 4.479640 3.584635 2.906194 2.401729 2.033746 1.770387 1.585442 1.457983 1.371764 1.314507 1.277160 1.253213 1.238081 1.228603 1.222628 1.218695 1.215797 1.213195 1.210284 1.206490 1.201189 1.193642 1.182945 1.167993 1.147463 1.119817 1.083345 1.036245 0.976749 0.903290 0.814711 0.710486 0.590922 0.457311 0.311977 0.158200 0.000000 
50.000000 44.575730 39.259030 34.151073 29.340871 24.900696 20.883054 17.319419 14.220676 11.579052 9.371169 7.561795 6.107807 4.962012 4.076481 3.405220 2.906092 2.542001 2.281427 2.098435 1.972321 1.887009 1.830348 1.793382 1.769661 1.754646 1.745193 1.739157 1.735062 1.731867 1.728774 1.725086 1.720096 1.712991 1.702777 1.688208 1.667740 1.639498 1.601283 1.550616 1.484850 1.401341 1.297696 1.172078 1.023553 0.852409 0.660417 0.450929 0.228788 0.000000 
50.000000 44.653889 39.413796 34.379437 29.638541 25.262336 21.302573 17.790273 14.736164 12.132584 9.956497 8.173174 6.740119 5.610817 4.738030 4.076428 3.584481 3.225627 2.968798 2.788436 2.664132 2.580040 2.524184 2.487730 2.464320 2.449466 2.440059 2.433958 2.429674 2.426122 2.422434 2.417799 2.411343 2.402016 2.388497 2.369099 2.341706 2.303714 2.252032 2.183133 2.093186 1.978296 1.834849 1.659961 1.451998 1.211097 0.939592 0.642230 0.326070 0.000000 
50.000000 44.756997 39.617967 34.680700 30.031233 25.739421 21.856015 18.411438 15.416214 12.862828 10.728689 8.979739 7.574302 6.466761 5.610790 4.961933 4.479461 4.127517 3.875632 3.698741 3.576825 3.494345 3.439552 3.403779 3.380782 3.366152 3.356819 3.350656 3.346159 3.342197 3.337815 3.332068 3.323880 3.311912 3.294438 3.269223 3.233422 3.183497 3.115189 3.023564 2.903177 2.748372 2.553755 2.314841 2.028825 1.695409 1.317521 0.901735 0.458210 0.000000 
50.000000 44.890406 39.882139 35.070498 30.539332 26.356715 22.572108 19.215163 16.296132 13.807695 11.727836 10.023366 8.653668 7.574289 6.740079 6.107716 5.637506 5.294505 5.049020 4.876620 4.757797 4.677405 4.623990 4.589102 4.566648 4.552317 4.543099 4.536888 4.532167 4.527753 4.522597 4.515598 4.505447 4.490464 4.468443 4.436487 4.390859 4.326854 4.238727 4.119715 3.962211 3.758127 3.499518 3.179475 2.793262 2.339601 1.821882 1.248981 0.635336 0.000000 
50.000000 45.059695 40.217357 35.565130 31.184080 27.140028 23.480797 20.235053 17.412713 15.006699 12.995724 11.347701 10.023360 8.979720 8.173129 7.561699 7.107053 6.775404 6.538042 6.371344 6.256448 6.178707 6.127044 6.093284 6.071528 6.057593 6.048545 6.042313 6.037371 6.032489 6.026512 6.018173 6.005902 5.987638 5.960628 5.921208 5.864590 5.784665 5.673860 5.523100 5.321960 5.059069 4.722883 4.302874 3.791166 3.184502 2.486258 1.708018 0.870033 0.000000 
50.000000 45.270354 40.634497 36.180642 31.986397 28.114777 24.611563 21.504203 18.802188 16.498745 14.573495 12.995721 11.727827 10.728667 9.956450 9.371075 8.935800 8.618280 8.391028 8.231428 8.121421 8.046983 7.997505 7.965156 7.944277 7.930853 7.922048 7.915840 7.910706 7.905371 7.898580 7.888892 7.874467 7.852838 7.820658 7.773420 7.705156 7.608140 7.472636 7.286752 7.036504 6.706202 6.279329 5.740049 5.075461 4.278550 3.351513 2.308720 1.178149 0.000000 
50.000000 45.527403 41.143496 36.931696 32.965395 29.304180 25.991346 23.052847 20.497661 18.319383 16.498743 15.006694 13.807685 12.862806 12.132538 11.578960 11.167327 10.867051 10.652139 10.501204 10.397165 10.326760 10.279953 10.249332 10.229539 10.216759 10.208287 10.202169 10.196902 10.191176 10.183647 10.172711 10.156266 10.131443 10.094297 10.039449 9.959678 9.845500 9.684747 9.462247 9.159693 8.755904 8.227676 7.551548 6.706735 5.679406 4.468065 3.089058 1.580232 0.000000 
50.000000 45.834940 41.752471 37.830273 34.136690 30.727211 27.642155 24.905691 22.526181 20.497661 18.802186 17.412708 16.296122 15.416192 14.736120 14.220590 13.837247 13.557607 13.357462 13.216896 13.120001 13.054426 13.010820 12.982276 12.963796 12.951812 12.943780 12.937842 12.932531 12.926529 12.918422 12.906474 12.888354 12.860835 12.819424 12.757913 12.667866 12.538018 12.353651 12.095990 11.741760 11.263091 10.628125 9.802759 8.754151 7.456572 5.899806 4.099190 2.104211 0.000000 
50.000000 46.195686 42.466809 38.884319 35.510639 32.396455 29.578591 27.079124 24.905691 23.052846 21.504201 20.235049 19.215153 18.411418 17.790232 17.319339 16.969187 16.713756 16.530938 16.402538 16.314027 16.254120 16.214275 16.188178 16.171254 16.160231 16.152764 16.147116 16.141889 16.135779 16.127347 16.114767 16.095552 16.066206 16.021804 15.955465 15.857704 15.715655 15.512176 15.224877 14.825172 14.277567 13.539562 12.562837 11.296752 9.695581 7.730866 5.409049 2.790629 0.000000 
50.000000 46.610544 43.288297 40.096473 37.090686 34.316094 31.805505 29.578591 27.642155 25.991345 24.611561 23.480793 22.572100 21.855996 21.302537 20.882982 20.571003 20.343419 20.180528 20.066123 19.987258 19.933874 19.898361 19.875087 19.859971 19.850084 19.843316 19.838089 19.833101 19.827107 19.818686 19.805999 19.786500 19.756568 19.711047 19.642649 19.541192 19.392643 19.177928 18.871517 18.439799 17.839397 17.015754 15.902753 14.424834 12.504230 10.077136 7.122661 3.703367 0.000000 
50.000000 47.078246 44.214426 41.463031 38.872001 36.480261 34.316094 32.396455 30.727211 29.304179 28.114775 27.140025 26.356707 25.739405 25.262305 24.900634 24.631696 24.435508 24.295089 24.196465 24.128476 24.082451 24.051827 24.031747 24.018686 24.010110 24.004184 23.999520 23.994953 23.989336 23.981333 23.969181 23.950404 23.921449 23.877205 23.810370 23.710611 23.563461 23.348866 23.039317 22.597446 21.973060 21.099703 19.891260 18.240130 16.020638 13.105190 9.405733 4.953022 0.000000 
50.000000 47.595127 45.237940 42.973286 40.840627 38.872001 37.090686 35.510639 34.136689 32.965394 31.986396 31.184077 30.539325 30.031220 29.638515 29.340821 29.119454 28.957969 28.842386 28.761206 28.705240 28.667352 28.642138 28.625598 28.614824 28.607727 28.602782 28.598826 28.594869 28.589914 28.582776 28.571867 28.554938 28.528729 28.488513 28.427471 28.335837 28.199737 27.999581 27.707848 27.285989 26.680118 25.815059 24.586456 22.851363 20.420314 17.060950 12.539445 6.752166 0.000000 
50.000000 48.155076 46.346734 44.609380 42.973286 41.463031 40.096473 38.884318 37.830273 36.931696 36.180641 35.565127 35.070493 34.680690 34.379417 34.151033 33.981206 33.857318 33.768645 33.706364 33.663427 33.634357 33.615009 33.602311 33.594032 33.588562 33.584726 33.581617 33.578455 33.574440 33.568608 33.559653 33.545706 33.524046 33.490695 33.439866 33.363189 33.248621 33.078874 32.829130 32.463632 31.930467 31.153453 30.019337 28.357841 25.912336 22.304690 17.024213 9.559264 0.000000 
50.000000 48.749681 47.524153 46.346734 45.237940 44.214426 43.288297 42.466809 41.752471 41.143496 40.634497 40.217356 39.882135 39.617960 39.413783 39.259003 39.143908 39.059946 38.999851 38.957641 38.928541 38.908839 38.895724 38.887114 38.881496 38.877777 38.875154 38.873010 38.870802 38.867972 38.863837 38.857466 38.847519 38.832034 38.808127 38.771580 38.716238 38.633161 38.509341 38.325779 38.054439 37.653281 37.057760 36.165636 34.808693 32.698494 29.322521 23.762077 14.495334 0.000000 
50.000000 49.368580 48.749681 48.155076 47.595127 47.078246 46.610544 46.195686 45.834940 45.527403 45.270354 45.059694 44.890405 44.756993 44.653882 44.575716 44.517592 44.475190 44.444841 44.423525 44.408829 44.398878 44.392254 44.387905 44.385066 44.383183 44.381852 44.380757 44.379622 44.378159 44.376013 44.372700 44.367520 44.359444 44.346955 44.327826 44.298790 44.255072 44.189663 44.092206 43.947171 43.730730 43.405058 42.907177 42.125224 40.842961 38.595812 34.254347 24.684290 0.000000 
50.000000 50.000000 50.000000 50.000000 50.000000 50.000000 50.000000 50.000000 50.000000 50.000000 50.000000 50.000000 50.000000 50.000000 50.000000 50.000000 50.000000 50.000000 50.000000 50.000000 50.000000 50.000000 50.000000 50.000000 50.000000 50.000000 50.000000 50.000000 50.000000 50.000000 50.000000 50.000000 50.000000 50.000000 50.000000 50.000000 50.000000 50.000000 50.000000 50.000000 50.000000 50.000000 50.000000 50.000000 50.000000 50.000000 50.000000 50.000000 50.000000 50.000000 
