50.000000 50.000000 50.000000 50.000000 50.000000 50.000000 50.000000 50.000000 50.000000 50.000000 50.000000 50.000000 50.000000 50.000000 50.000000 50.000000 50.000000 50.000000 50.000000 50.000000 50.000000 50.000000 50.000000 50.000000 50.000000 50.000000 50.000000 50.000000 50.000000 50.000000 50.000000 50.000000 50.000000 50.000000 50.000000 50.000000 50.000000 50.000000 50.000000 50.000000 50.000000 50.000000 50.000000 50.000000 50.000000 50.000000 50.000000 50.000000 50.000000 50.000000 
50.000000 49.681984 49.367144 49.058562 48.759134 48.471488 48.197919 47.940332 47.700210 47.478599 47.276106 47.092919 46.928841 46.783332 46.655560 46.544463 46.448800 46.367212 46.298272 46.240533 46.192562 46.152971 46.120439 46.093715 46.071628 46.053071 46.036991 46.022357 46.008135 45.993233 45.976457 45.956435 45.931527 45.899715 45.858446 45.804418 45.733282 45.639197 45.514160 45.346935 45.121295 44.812959 44.383948 43.771482 42.864281 41.447091 39.056708 34.565430 24.840999 0.000000 
50.000000 49.367145 48.740612 48.126531 47.530667 46.958250 46.413845 45.901245 45.423401 44.982394 44.579431 44.214888 43.888373 43.598809 43.344545 43.123462 42.933095 42.770738 42.633554 42.518661 42.423212 42.344446 42.279734 42.226594 42.182697 42.145850 42.113965 42.085008 42.056935 42.027605 41.994678 41.955474 41.906814 41.844792 41.764492 41.659594 41.521823 41.340157 41.099641 40.779562 40.350525 39.769602 38.971951 37.855719 36.253833 33.879779 30.223722 24.370339 14.801746 0.000000 
50.000000 49.058567 48.126538 47.213034 46.326628 45.475102 44.665247 43.902705 43.191867 42.535826 41.936381 41.394090 40.908368 40.477616 40.099377 39.770500 39.487317 39.245807 39.041748 38.870857 38.728899 38.611774 38.515576 38.436622 38.371460 38.316845 38.269693 38.227011 38.185806 38.142958 38.095074 38.038300 37.968087 37.878890 37.763783 37.613938 37.417915 37.160665 36.822087 36.374892 35.781361 34.988307 33.919120 32.461114 30.445660 27.618910 23.606603 17.902919 10.001908 0.000000 
50.000000 48.759147 47.530688 46.326647 45.158322 44.035972 42.968545 41.963478 41.026561 40.161869 39.371774 38.657011 38.016810 37.449063 36.950533 36.517067 36.143832 35.825529 35.556597 35.331395 35.144347 34.990056 34.863384 34.759493 34.673855 34.602222 34.540572 34.485020 34.431699 34.376611 34.315443 34.243336 34.154610 34.042407 33.898249 33.711453 33.468363 33.151300 32.737120 32.195179 31.484455 30.549458 29.314481 27.675890 25.492829 22.579347 18.707982 13.651058 7.312126 0.000000 
50.000000 48.471516 46.958299 45.475160 44.036017 42.653505 41.338648 40.100608 38.946514 37.881388 36.908150 36.027708 35.239113 34.539769 33.925688 33.391759 32.932028 32.539972 32.208744 31.931402 31.701086 31.511159 31.355310 31.227603 31.122492 31.034790 30.959605 30.892239 30.828050 30.762279 30.689846 30.605090 30.501466 30.371172 30.204677 29.990146 29.712685 29.353378 28.888021 28.285464 27.505462 26.495959 25.189890 23.501993 21.327118 18.543691 15.029836 10.704672 5.607333 0.000000 
50.000000 48.197971 46.413942 44.665374 42.968676 41.338744 39.788576 38.328971 36.968337 35.712594 34.565185 33.527181 32.597462 31.772970 31.049004 30.419540 29.877562 29.415382 29.024936 28.698045 28.426633 28.202894 28.019409 27.869211 27.745806 27.643141 27.555532 27.477557 27.403902 27.329180 27.247705 27.153223 27.038605 26.895465 26.713715 26.481022 26.182145 25.798127 25.305307 24.674144 23.867860 22.841035 21.538458 19.894963 17.837707 15.293457 12.204715 8.558506 4.426625 0.000000 
50.000000 47.940424 45.901421 43.902947 41.963756 40.100874 38.329156 36.660946 35.105852 33.670642 32.359249 31.172899 30.110313 29.167998 28.340580 27.621178 27.001776 26.473593 26.027420 25.653920 25.343876 25.088388 24.879004 24.707803 24.567419 24.451009 24.352183 24.264888 24.183248 24.101376 24.013140 23.911902 23.790202 23.639409 23.449310 23.207636 22.899516 22.506859 22.007668 21.375314 20.577878 19.577720 18.331667 16.792423 14.912231 12.650167 9.984443 6.929858 3.556664 0.000000 
50.000000 47.700365 45.423702 43.192291 41.027074 38.947061 36.968838 35.106189 33.369841 31.767350 30.303112 28.978492 27.792065 26.739931 25.816094 25.012871 24.321318 23.731635 23.233550 22.816648 22.470658 22.185665 21.952268 21.761671 21.605713 21.476846 21.368058 21.272759 21.184616 21.097367 21.004585 20.899425 20.774328 20.620702 20.428558 20.186121 19.879412 19.491807 19.003621 18.391759 17.629552 16.686964 15.531465 14.130019 12.452743 10.478815 8.204826 5.654636 2.887668 0.000000 
50.000000 47.478851 44.982885 42.536532 40.162749 37.882378 35.713602 33.671534 31.767935 30.011088 28.405812 26.953607 25.652909 24.499445 23.486643 22.606085 21.847969 21.201559 20.655601 20.198695 19.819598 19.507470 19.252043 19.043728 18.873652 18.733642 18.616150 18.514135 18.420910 18.329946 18.234654 18.128136 18.002921 17.850673 17.661888 17.425585 17.128999 16.757303 16.293396 15.717827 15.008943 14.143434 13.097457 11.848626 10.379101 8.679922 6.756333 4.633109 2.357923 0.000000 
50.000000 47.276502 44.580210 41.937512 39.373209 36.909816 34.566977 32.361015 30.304636 28.406790 26.672683 25.103934 23.698856 22.452835 21.358774 20.407583 19.588678 18.890469 18.300812 17.807406 17.398129 17.061302 16.785875 16.561550 16.378822 16.228972 16.103994 15.996484 15.899483 15.806295 15.710274 15.604596 15.482014 15.334605 15.153522 14.928754 14.648912 14.301077 13.870734 13.341863 12.697263 11.919212 10.990598 9.896644 8.627306 7.180273 5.564243 3.801705 1.930090 0.000000 
50.000000 47.093531 44.216094 41.395853 38.659275 36.030386 33.530151 31.175990 28.981464 26.956122 25.105522 23.431392 21.931934 20.602224 19.434692 18.419641 17.545782 16.800756 16.171613 15.645244 15.208736 14.849658 14.556265 14.317628 14.123689 13.965257 13.833944 13.722053 13.622433 13.528298 13.433031 13.329969 13.212185 13.072269 12.902125 12.692784 12.434272 12.115536 11.724475 11.248123 10.673031 9.985933 9.174747 8.229964 7.146414 5.925278 4.576053 3.117955 1.580116 0.000000 
50.000000 46.929767 43.890204 40.911059 38.020291 35.243281 32.602174 30.115374 27.797203 25.657752 23.702890 21.934445 20.350518 18.945910 17.712627 16.640430 15.717400 14.930491 14.266035 13.710202 13.249377 12.870462 12.561097 12.309802 12.106038 11.940214 11.803624 11.688343 11.587089 11.493049 11.399695 11.300588 11.189177 11.058612 10.901578 10.710151 10.475716 10.188950 9.839904 9.418214 8.913494 8.315925 7.617086 6.811025 5.895515 4.873377 3.753636 2.552190 1.291637 0.000000 
50.000000 46.784714 43.601546 40.481652 37.454310 34.546102 31.780219 29.175933 26.748246 24.507724 22.460514 20.608532 18.949790 17.478845 16.187330 15.064524 14.097954 13.273963 12.578253 11.996358 11.514044 11.117629 10.794216 10.531844 10.319566 10.147451 10.006533 9.888715 9.786632 9.693491 9.602896 9.508661 9.404638 9.284547 9.141836 8.969574 8.760398 8.506526 8.199857 7.832189 7.395566 6.882777 6.288019 5.607688 4.841258 3.992140 3.068348 2.082786 1.052961 0.000000 
50.000000 46.657596 43.348580 40.105340 36.958313 33.935129 31.059899 28.352656 25.828995 23.499900 21.371762 19.446574 17.722271 16.193197 14.850655 13.683507 12.678791 11.822320 11.099243 10.494540 9.993438 9.581749 9.246110 8.974152 8.754576 8.577169 8.432758 8.313116 8.210834 8.119171 8.031882 7.943052 7.846935 7.737798 7.609807 7.456938 7.272940 7.051363 6.785658 6.469373 6.096444 5.661608 5.160896 4.592223 3.955988 3.255620 2.497963 1.693361 0.855366 0.000000 
50.000000 46.547426 43.129342 39.779201 36.528445 33.405616 30.435617 27.639144 25.032305 22.626448 20.428175 18.439543 16.658423 15.078973 13.692212 12.486641 11.448874 10.564267 9.817492 9.193049 8.675703 8.250829 7.904669 7.624505 7.398743 7.216938 7.069752 6.948863 6.846849 6.757034 6.673340 6.590117 6.502000 6.403766 6.290232 6.156176 5.996310 5.805310 5.577899 5.309019 4.994062 4.629190 4.211714 3.740504 3.216405 2.642584 2.024733 1.371078 0.692101 0.000000 
50.000000 46.453067 42.941566 39.499867 36.160268 32.952094 29.900928 27.028031 24.349953 21.878351 19.620008 17.577040 15.747258 14.124665 12.700036 11.461561 10.395496 9.486803 8.719747 8.078420 7.547193 7.111072 6.755964 6.468855 6.237911 6.052496 5.903140 5.781458 5.680027 5.592256 5.512223 5.434534 5.354171 5.266371 5.166522 5.050098 4.912625 4.749710 4.557105 4.330843 4.067422 3.764042 3.418888 3.031416 2.602638 2.135332 1.634156 1.105603 0.557781 0.000000 
50.000000 46.373296 42.782820 39.263716 35.849010 32.568684 29.448899 26.511393 23.773089 21.245907 18.936782 16.847879 14.976961 13.317897 11.861258 10.594971 9.504989 8.575943 7.791755 7.136173 6.593239 6.147646 5.785022 5.492114 5.256882 5.068540 4.917516 4.795379 4.694725 4.609041 4.532559 4.460113 4.386998 4.308850 4.221551 4.121158 4.003878 3.866071 3.704309 3.515471 3.296882 3.046495 2.763083 2.446451 2.097614 1.718936 1.314181 0.888452 0.448017 0.000000 
50.000000 46.306862 42.650617 39.067052 35.589797 32.249384 29.072454 26.081144 23.292685 20.719216 18.367802 16.240646 14.335472 12.646037 11.162743 9.873299 8.763405 7.817417 7.018972 6.351535 5.798871 5.345419 4.976578 4.678893 4.440164 4.249482 4.097198 3.974851 3.875060 3.791389 3.718208 3.650554 3.583990 3.514495 3.438362 3.352135 3.252571 3.136635 3.001541 2.844814 2.664397 2.458777 2.227124 1.969433 1.686647 1.380733 1.054709 0.712577 0.359185 0.000000 
50.000000 46.252550 42.542536 38.906270 35.377879 31.988343 28.764695 25.729396 22.899934 20.288625 17.902638 15.744209 13.811030 12.096768 10.591685 9.283312 8.157143 7.197311 6.387219 5.710101 5.149499 4.689644 4.315750 4.014200 3.772667 3.580145 3.426927 3.304534 3.205607 3.123784 3.053555 2.990126 2.929289 2.867306 2.800809 2.726734 2.642277 2.544879 2.432248 2.302398 2.153727 1.985098 1.795944 1.586358 1.357172 1.110007 0.847272 0.572108 0.288280 0.000000 
50.000000 46.209223 42.456314 38.778007 35.208821 31.780098 28.519180 25.448791 22.586619 19.945123 17.531556 15.348180 13.392661 11.658595 10.136131 8.812660 7.673510 6.702638 5.883261 5.198428 4.631505 4.166559 3.788655 3.484052 3.240321 3.046384 2.892488 2.770145 2.672021 2.591813 2.524112 2.464267 2.408254 2.352563 2.294095 2.230096 2.158105 2.075927 1.981644 1.873635 1.750623 1.611739 1.456584 1.285292 1.098582 0.897784 0.684826 0.462190 0.232822 0.000000 
50.000000 46.175868 42.389938 38.679265 35.078676 31.619784 28.330175 25.232772 22.345419 19.680685 17.245886 15.043306 13.070590 11.321277 9.785435 8.450342 7.301202 6.321834 5.495312 4.804546 4.232765 3.763910 3.382933 3.076000 2.830603 2.635610 2.481238 2.358991 2.261558 2.182685 2.117044 2.060095 2.007959 1.957300 1.905231 1.849229 1.787092 1.716897 1.637001 1.546044 1.442984 1.327131 1.198194 1.056320 0.902124 0.736704 0.561625 0.378876 0.190803 0.000000 
50.000000 46.151634 42.341711 38.607524 34.984117 31.503307 28.192853 25.075822 22.170174 19.488556 17.038331 14.821798 12.836587 11.076199 9.530636 8.187101 7.030704 6.045164 5.213455 4.518381 3.943074 3.471385 3.088185 2.779570 2.532978 2.337238 2.182546 2.060403 1.963515 1.885665 1.821586 1.766820 1.717594 1.670702 1.623403 1.573348 1.518515 1.457175 1.387875 1.309439 1.220981 1.121930 1.012062 0.891520 0.760839 0.620944 0.473139 0.319065 0.160645 0.000000 
50.000000 46.135857 42.310315 38.560819 34.922558 31.427479 28.103453 24.973645 22.056086 19.363477 16.903210 14.677593 12.684249 10.916650 9.364760 8.015728 6.854607 5.865051 5.029965 4.332089 3.754489 3.280958 2.896315 2.586610 2.339248 2.143031 1.988143 1.866084 1.769571 1.692412 1.629381 1.576074 1.528787 1.484397 1.440262 1.394141 1.344130 1.288623 1.226288 1.156063 1.077158 0.989076 0.891628 0.784954 0.669529 0.546168 0.416004 0.280457 0.141182 0.000000 
50.000000 46.128084 42.294846 38.537808 34.892228 31.390118 28.059406 24.923303 21.999875 19.301850 16.836636 14.606544 12.609192 10.838040 9.283032 7.931293 6.767845 5.776310 4.939561 4.240304 3.661575 3.187138 2.801785 2.491545 2.243805 2.047357 1.892376 1.770363 1.674040 1.597230 1.534724 1.482147 1.435829 1.392687 1.350129 1.305965 1.258349 1.205736 1.146852 1.080689 1.006504 0.923835 0.832509 0.732661 0.624738 0.509498 0.387992 0.261532 0.131643 0.000000 
50.000000 46.128084 42.294846 38.537808 34.892228 31.390118 28.059406 24.923303 21.999875 19.301850 16.836636 14.606544 12.609192 10.838040 9.283032 7.931293 6.767845 5.776310 4.939561 4.240304 3.661575 3.187138 2.801785 2.491545 2.243805 2.047357 1.892376 1.770363 1.674040 1.597230 1.534724 1.482147 1.435829 1.392687 1.350129 1.305965 1.258349 1.205736 1.146852 1.080689 1.006504 0.923835 0.832509 0.732661 0.624738 0.509498 0.387992 0.261532 0.131643 0.000000 
50.000000 46.135857 42.310315 38.560819 34.922558 31.427479 28.103453 24.973645 22.056086 19.363477 16.903210 14.677593 12.684249 10.916650 9.364760 8.015728 6.854607 5.865051 5.029965 4.332089 3.754489 3.280958 2.896315 2.586610 2.339248 2.143031 1.988143 1.866084 1.769571 1.692412 1.629381 1.576074 1.528787 1.484397 1.440262 1.394141 1.344130 1.288623 1.226288 1.156063 1.077158 0.989076 0.891628 0.784954 0.669529 0.546168 0.416004 0.280457 0.141182 0.000000 
50.000000 46.151634 42.341711 38.607524 34.984117 31.503307 28.192853 25.075822 22.170174 19.488556 17.038331 14.821798 12.836587 11.076199 9.530636 8.187101 7.030704 6.045164 5.213455 4.518381 3.943074 3.471385 3.088185 2.779570 2.532978 2.337238 2.182546 2.060403 1.963515 1.885665 1.821586 1.766820 1.717594 1.670702 1.623403 1.573348 1.518515 1.457175 1.387875 1.309439 1.220981 1.121930 1.012062 0.891520 0.760839 0.620944 0.473139 0.319065 0.160645 0.000000 
50.000000 46.175868 42.389938 38.679265 35.078676 31.619784 28.330175 25.232772 22.345419 19.680685 17.245886 15.043306 13.070590 11.321277 9.785435 8.450342 7.301202 6.321834 5.495312 4.804546 4.232765 3.763910 3.382933 3.076000 2.830603 2.635610 2.481238 2.358991 2.261558 2.182685 2.117044 2.060095 2.007959 1.957300 1.905231 1.849229 1.787092 1.716897 1.637001 1.546044 1.442984 1.327131 1.198194 1.056320 0.902124 0.736704 0.561625 0.378876 0.190803 0.000000 
50.000000 46.209223 42.456314 38.778007 35.208821 31.780098 28.519180 25.448791 22.586619 19.945123 17.531556 15.348180 13.392661 11.658595 10.136131 8.812660 7.673510 6.702638 5.883261 5.198428 4.631505 4.166559 3.788655 3.484052 3.240321 3.046384 2.892488 2.770145 2.672021 2.591813 2.524112 2.464267 2.408254 2.352563 2.294095 2.230096 2.158105 2.075927 1.981644 1.873635 1.750623 1.611739 1.456584 1.285292 1.098582 0.897784 0.684826 0.462190 0.232822 0.000000 
50.000000 46.252550 42.542536 38.906270 35.377879 31.988343 28.764695 25.729396 22.899934 20.288625 17.902638 15.744209 13.811030 12.096768 10.591685 9.283312 8.157143 7.197311 6.387219 5.710101 5.149499 4.689644 4.315750 4.014200 3.772667 3.580145 3.426927 3.304534 3.205607 3.123784 3.053555 2.990126 2.929289 2.867306 2.800809 2.726734 2.642277 2.544879 2.432248 2.302398 2.153727 1.985098 1.795944 1.586358 1.357172 1.110007 0.847272 0.572108 0.288280 0.000000 
50.000000 46.306862 42.650617 39.067052 35.589797 32.249384 29.072454 26.081144 23.292685 20.719216 18.367802 16.240646 14.335472 12.646037 11.162743 9.873299 8.763405 7.817417 7.018972 6.351535 5.798871 5.345419 4.976578 4.678893 4.440164 4.249482 4.097198 3.974851 3.875060 3.791389 3.718208 3.650554 3.583990 3.514495 3.438362 3.352135 3.252571 3.136635 3.001541 2.844814 2.664397 2.458777 2.227124 1.969433 1.686647 1.380733 1.054709 0.712577 0.359185 0.000000 
50.000000 46.373296 42.782820 39.263716 35.849010 32.568684 29.448899 26.511393 23.773089 21.245907 18.936782 16.847879 14.976961 13.317897 11.861258 10.594971 9.504989 8.575943 7.791755 7.136173 6.593239 6.147646 5.785022 5.492114 5.256882 5.068540 4.917516 4.795379 4.694725 4.609041 4.532559 4.460113 4.386998 4.308850 4.221551 4.121158 4.003878 3.866071 3.704309 3.515471 3.296882 3.046495 2.763083 2.446451 2.097614 1.718936 1.314181 0.888452 0.448017 0.000000 
50.000000 46.453067 42.941566 39.499867 36.160268 32.952094 29.900928 27.028031 24.349953 21.878351 19.620008 17.577040 15.747258 14.124665 12.700036 11.461561 10.395496 9.486803 8.719747 8.078420 7.547193 7.111072 6.755964 6.468855 6.237911 6.052496 5.903140 5.781458 5.680027 5.592256 5.512223 5.434534 5.354171 5.266371 5.166522 5.050098 4.912625 4.749710 4.557105 4.330843 4.067422 3.764042 3.418888 3.031416 2.602638 2.135332 1.634156 1.105603 0.557781 0.000000 
50.000000 46.547426 43.129342 39.779201 36.528445 33.405616 30.435617 27.639144 25.032305 22.626448 20.428175 18.439543 16.658423 15.078973 13.692212 12.486641 11.448874 10.564267 9.817492 9.193049 8.675703 8.250829 7.904669 7.624505 7.398743 7.216938 7.069752 6.948863 6.846849 6.757034 6.673340 6.590117 6.502000 6.403766 6.290232 6.156176 5.996310 5.805310 5.577899 5.309019 4.994062 4.629190 4.211714 3.740504 3.216405 2.642584 2.024733 1.371078 0.692101 0.000000 
50.000000 46.657596 43.348580 40.105340 36.958313 33.935129 31.059899 28.352656 25.828995 23.499900 21.371762 19.446574 17.722271 16.193197 14.850655 13.683507 12.678791 11.822320 11.099243 10.494540 9.993438 9.581749 9.246110 8.974152 8.754576 8.577169 8.432758 8.313116 8.210834 8.119171 8.031882 7.943052 7.846935 7.737798 7.609807 7.456938 7.272940 7.051363 6.785658 6.469373 6.096444 5.661608 5.160896 4.592223 3.955988 3.255620 2.497963 1.693361 0.855366 0.000000 
50.000000 46.784714 43.601546 40.481652 37.454310 34.546102 31.780219 29.175933 26.748246 24.507724 22.460514 20.608532 18.949790 17.478845 16.187330 15.064524 14.097954 13.273963 12.578253 11.996358 11.514044 11.117629 10.794216 10.531844 10.319566 10.147451 10.006533 9.888715 9.786632 9.693491 9.602896 9.508661 9.404638 9.284547 9.141836 8.969574 8.760398 8.506526 8.199857 7.832189 7.395566 6.882777 6.288019 5.607688 4.841258 3.992140 3.068348 2.082786 1.052961 0.000000 
50.000000 46.929767 43.890204 40.911059 38.020291 35.243281 32.602174 30.115374 27.797203 25.657752 23.702890 21.934445 20.350518 18.945910 17.712627 16.640430 15.717400 14.930491 14.266035 13.710202 13.249377 12.870462 12.561097 12.309802 12.106038 11.940214 11.803624 11.688343 11.587089 11.493049 11.399695 11.300588 11.189177 11.058612 10.901578 10.710151 10.475716 10.188950 9.839904 9.418214 8.913494 8.315925 7.617086 6.811025 5.895515 4.873377 3.753636 2.552190 1.291637 0.000000 
50.000000 47.093531 44.216094 41.395853 38.659275 36.030386 33.530151 31.175990 28.981464 26.956122 25.105522 23.431392 21.931934 20.602224 19.434692 18.419641 17.545782 16.800756 16.171613 15.645244 15.208736 14.849658 14.556265 14.317628 14.123689 13.965257 13.833944 13.722053 13.622433 13.528298 13.433031 13.329969 13.212185 13.072269 12.902125 12.692784 12.434272 12.115536 11.724475 11.248123 10.673031 9.985933 9.174747 8.229964 7.146414 5.925278 4.576053 3.117955 1.580116 0.000000 
50.000000 47.276502 44.580210 41.937512 39.373209 36.909816 34.566977 32.361015 30.304636 28.406790 26.672683 25.103934 23.698856 22.452835 21.358774 20.407583 19.588678 18.890469 18.300812 17.807406 17.398129 17.061302 16.785875 16.561550 16.378822 16.228972 16.103994 15.996484 15.899483 15.806295 15.710274 15.604596 15.482014 15.334605 15.153522 14.928754 14.648912 14.301077 13.870734 13.341863 12.697263 11.919212 10.990598 9.896644 8.627306 7.180273 5.564243 3.801705 1.930090 0.000000 
50.000000 47.478851 44.982885 42.536532 40.162749 37.882378 35.713602 33.671534 31.767935 30.011088 28.405812 26.953607 25.652909 24.499445 23.486643 22.606085 21.847969 21.201559 20.655601 20.198695 19.819598 19.507470 19.252043 19.043728 18.873652 18.733642 18.616150 18.514135 18.420910 18.329946 18.234654 18.128136 18.002921 17.850673 17.661888 17.425585 17.128999 16.757303 16.293396 15.717827 15.008943 14.143434 13.097457 11.848626 10.379101 8.679922 6.756333 4.633109 2.357923 0.000000 
50.000000 47.700365 45.423702 43.192291 41.027074 38.947061 36.968838 35.106189 33.369841 31.767350 30.303112 28.978492 27.792065 26.739931 25.816094 25.012871 24.321318 23.731635 23.233550 22.816648 22.470658 22.185665 21.952268 21.761671 21.605713 21.476846 21.368058 21.272759 21.184616 21.097367 21.004585 20.899425 20.774328 20.620702 20.428558 20.186121 19.879412 19.491807 19.003621 18.391759 17.629552 16.686964 15.531465 14.130019 12.452743 10.478815 8.204826 5.654636 2.887668 0.000000 
50.000000 47.940424 45.901421 43.902947 41.963756 40.100874 38.329156 36.660946 35.105852 33.670642 32.359249 31.172899 30.110313 29.167998 28.340580 27.621178 27.001776 26.473593 26.027420 25.653920 25.343876 25.088388 24.879004 24.707803 24.567419 24.451009 24.352183 24.264888 24.183248 24.101376 24.013140 23.911902 23.790202 23.639409 23.449310 23.207636 22.899516 22.506859 22.007668 21.375314 20.577878 19.577720 18.331667 16.792423 14.912231 12.650167 9.984443 6.929858 3.556664 0.000000 
50.000000 48.197971 46.413942 44.665374 42.968676 41.338744 39.788576 38.328971 36.968337 35.712594 34.565185 33.527181 32.597462 31.772970 31.049004 30.419540 29.877562 29.415382 29.024936 28.698045 28.426633 28.202894 28.019409 27.869211 27.745806 27.643141 27.555532 27.477557 27.403902 27.329180 27.247705 27.153223 27.038605 26.895465 26.713715 26.481022 26.182145 25.798127 25.305307 24.674144 23.867860 22.841035 21.538458 19.894963 17.837707 15.293457 12.204715 8.558506 4.426625 0.000000 
50.000000 48.471516 46.958299 45.475160 44.036017 42.653505 41.338648 40.100608 38.946514 37.881388 36.908150 36.027708 35.239113 34.539769 33.925688 33.391759 32.932028 32.539972 32.208744 31.931402 31.701086 31.511159 31.355310 31.227603 31.122492 31.034790 30.959605 30.892239 30.828050 30.762279 30.689846 30.605090 30.501466 30.371172 30.204677 29.990146 29.712685 29.353378 28.888021 28.285464 27.505462 26.495959 25.189890 23.501993 21.327118 18.543691 15.029836 10.704672 5.607333 0.000000 
50.000000 48.759147 47.530688 46.326647 45.158322 44.035972 42.968545 41.963478 41.026561 40.161869 39.371774 38.657011 38.016810 37.449063 36.950533 36.517067 36.143832 35.825529 35.556597 35.331395 35.144347 34.990056 34.863384 34.759493 34.673855 34.602222 34.540572 34.485020 34.431699 34.376611 34.315443 34.243336 34.154610 34.042407 33.898249 33.711453 33.468363 33.151300 32.737120 32.195179 31.484455 30.549458 29.314481 27.675890 25.492829 22.579347 18.707982 13.651058 7.312126 0.000000 
50.000000 49.058567 48.126538 47.213034 46.326628 45.475102 44.665247 43.902705 43.191867 42.535826 41.936381 41.394090 40.908368 40.477616 40.099377 39.770500 39.487317 39.245807 39.041748 38.870857 38.728899 38.611774 38.515576 38.436622 38.371460 38.316845 38.269693 38.227011 38.185806 38.142958 38.095074 38.038300 37.968087 37.878890 37.763783 37.613938 37.417915 37.160665 36.822087 36.374892 35.781361 34.988307 33.919120 32.461114 30.445660 27.618910 23.606603 17.902919 10.001908 0.000000 
50.000000 49.367145 48.740612 48.126531 47.530667 46.958250 46.413845 45.901245 45.423401 44.982394 44.579431 44.214888 43.888373 43.598809 43.344545 43.123462 42.933095 42.770738 42.633554 42.518661 42.423212 42.344446 42.279734 42.226594 42.182697 42.145850 42.113965 42.085008 42.056935 42.027605 41.994678 41.955474 41.906814 41.844792 41.764492 41.659594 41.521823 41.340157 41.099641 40.779562 40.350525 39.769602 38.971951 37.855719 36.253833 33.879779 30.223722 24.370339 14.801746 0.000000 
50.000000 49.681984 49.367144 49.058562 48.759134 48.471488 48.197919 47.940332 47.700210 47.478599 47.276106 47.092919 46.928841 46.783332 46.655560 46.544463 46.448800 46.367212 46.298272 46.240533 46.192562 46.152971 46.120439 46.093715 46.071628 46.053071 46.036991 46.022357 46.008135 45.993233 45.976457 45.956435 45.931527 45.899715 45.858446 45.804418 45.733282 45.639197 45.514160 45.346935 45.121295 44.812959 44.383948 43.771482 42.864281 41.447091 39.056708 34.565430 24.840999 0.000000 
50.000000 50.000000 50.000000 50.000000 50.000000 50.000000 50.000000 50.000000 50.000000 50.000000 50.000000 50.000000 50.000000 50.000000 50.000000 50.000000 50.000000 50.000000 50.000000 50.000000 50.000000 50.000000 50.000000 50.000000 50.000000 50.000000 50.000000 50.000000 50.000000 50.000000 50.000000 50.000000 50.000000 50.000000 50.000000 50.000000 50.000000 50.000000 50.000000 50.000000 50.000000 50.000000 50.000000 50.000000 50.000000 50.000000 50.000000 50.000000 50.000000 50.000000 
