50.000000 50.000000 50.000000 50.000000 50.000000 50.000000 50.000000 50.000000 50.000000 50.000000 50.000000 50.000000 50.000000 50.000000 50.000000 50.000000 50.000000 50.000000 50.000000 50.000000 50.000000 50.000000 50.000000 50.000000 50.000000 50.000000 50.000000 50.000000 50.000000 50.000000 50.000000 50.000000 50.000000 50.000000 50.000000 50.000000 50.000000 50.000000 50.000000 50.000000 50.000000 50.000000 50.000000 50.000000 50.000000 50.000000 50.000000 50.000000 50.000000 50.000000 
50.000000 48.710968 47.474087 46.335183 45.328715 44.474916 43.779461 43.235357 42.826324 42.530737 42.325305 42.187924 42.099475 42.044619 42.011826 41.992920 41.982401 41.976749 41.973815 41.972342 41.971627 41.971291 41.971138 41.971070 41.971041 41.971028 41.971022 41.971016 41.971006 41.970983 41.970930 41.970811 41.970548 41.969985 41.968809 41.966416 41.961671 41.952490 41.935141 41.903061 41.844869 41.740954 41.557366 41.234139 40.661005 39.621394 37.648098 33.606643 24.355484 0.000000 
50.000000 47.474087 45.050366 42.818641 40.846431 39.173388 37.810627 36.744448 35.942944 35.363743 34.961203 34.692010 34.518696 34.411209 34.346954 34.309910 34.289299 34.278225 34.272476 34.269590 34.268188 34.267529 34.267229 34.267097 34.267040 34.267015 34.267002 34.266992 34.266972 34.266930 34.266832 34.266610 34.266123 34.265080 34.262904 34.258487 34.249748 34.232894 34.201174 34.142826 34.037729 33.851879 33.528103 32.969888 32.012043 30.365474 27.512630 22.525183 13.867444 0.000000 
50.000000 46.335183 42.818641 39.580668 36.719232 34.291860 32.314680 30.767808 29.604952 28.764628 28.180616 27.790069 27.538629 27.382689 27.289472 27.235730 27.205829 27.189764 27.181425 27.177238 27.175205 27.174249 27.173814 27.173622 27.173539 27.173503 27.173486 27.173470 27.173445 27.173388 27.173258 27.172964 27.172319 27.170940 27.168073 27.162268 27.150830 27.128877 27.087809 27.012855 26.879221 26.646118 26.247548 25.578156 24.471806 22.670912 19.790334 15.306011 8.687085 0.000000 
50.000000 45.328715 40.846431 36.719232 33.071992 29.978035 27.457917 25.486286 24.004134 22.933086 22.188733 21.690969 21.370504 21.171759 21.052957 20.984465 20.946359 20.925886 20.915258 20.909923 20.907333 20.906115 20.905560 20.905315 20.905209 20.905164 20.905142 20.905124 20.905095 20.905031 20.904884 20.904554 20.903830 20.902289 20.899093 20.892650 20.880017 20.855917 20.811170 20.730268 20.587755 20.342997 19.932933 19.262566 18.193815 16.535996 14.048320 10.480958 5.707321 0.000000 
50.000000 44.474916 39.173388 34.291860 29.978035 26.318638 23.337977 21.006060 19.253087 17.986351 17.106013 16.517321 16.138323 15.903282 15.762785 15.681788 15.636725 15.612516 15.599948 15.593639 15.590576 15.589136 15.588480 15.588190 15.588065 15.588012 15.587987 15.587968 15.587938 15.587873 15.587725 15.587393 15.586668 15.585127 15.581947 15.575566 15.563124 15.539549 15.496139 15.418456 15.283340 15.054953 14.679918 14.082182 13.159319 11.784221 9.820054 7.161345 3.813911 0.000000 
50.000000 43.779461 37.810627 32.314680 27.457917 23.337977 19.982222 17.356880 15.383353 13.957261 12.966190 12.303461 11.876806 11.612215 11.454058 11.362882 11.312157 11.284906 11.270759 11.263659 11.260211 11.258590 11.257852 11.257526 11.257386 11.257326 11.257299 11.257279 11.257251 11.257190 11.257054 11.256748 11.256081 11.254671 11.251773 11.245987 11.234773 11.213679 11.175171 11.106972 10.989841 10.794872 10.480649 9.991111 9.255795 8.195351 6.736524 4.840739 2.545323 0.000000 
50.000000 43.235357 36.744448 30.767808 25.486286 21.006060 17.356880 14.502009 12.355967 10.805235 9.727561 9.006933 8.543012 8.255316 8.083351 7.984218 7.929067 7.899439 7.884059 7.876340 7.872592 7.870830 7.870027 7.869673 7.869520 7.869456 7.869427 7.869408 7.869383 7.869331 7.869213 7.868951 7.868382 7.867183 7.864729 7.859857 7.850472 7.832946 7.801225 7.745613 7.651245 7.496392 7.251004 6.876231 6.326142 5.553353 4.520260 3.216345 1.677992 0.000000 
50.000000 42.826324 35.942944 29.604952 24.004134 19.253087 15.383353 12.355967 10.080269 8.435870 7.293119 6.528987 6.037068 5.732015 5.549679 5.444569 5.386095 5.354682 5.338376 5.330192 5.326218 5.324350 5.323499 5.323124 5.322962 5.322895 5.322865 5.322847 5.322825 5.322783 5.322688 5.322477 5.322022 5.321066 5.319119 5.315272 5.307910 5.294257 5.269751 5.227199 5.155795 5.040135 4.859575 4.588481 4.198133 3.661137 2.958834 2.091065 1.085370 0.000000 
50.000000 42.530737 35.363743 28.764628 22.933086 17.986351 13.957261 10.805235 8.435870 6.723807 5.534051 4.738499 4.226361 3.908774 3.718951 3.609526 3.548653 3.515952 3.498978 3.490459 3.486322 3.484378 3.483492 3.483101 3.482934 3.482863 3.482833 3.482817 3.482799 3.482766 3.482694 3.482534 3.482190 3.481471 3.480014 3.477149 3.471698 3.461659 3.443780 3.413011 3.361904 3.280075 3.153990 2.967420 2.703011 2.345331 1.885407 1.326014 0.685868 0.000000 
50.000000 42.325305 34.961203 28.180616 22.188733 17.106013 12.966190 9.727561 7.293119 5.534051 4.311644 3.494269 2.968089 2.641799 2.446777 2.334358 2.271819 2.238225 2.220787 2.212035 2.207786 2.205788 2.204879 2.204477 2.204305 2.204233 2.204203 2.204187 2.204173 2.204149 2.204097 2.203982 2.203736 2.203224 2.202189 2.200167 2.196340 2.189337 2.176955 2.155822 2.121040 2.065920 1.981948 1.859218 1.687558 1.458465 1.167761 0.818377 0.422244 0.000000 
50.000000 42.187924 34.692010 27.790069 21.690969 16.517321 12.303461 9.006933 6.528987 4.738499 3.494269 2.662310 2.126747 1.794644 1.596149 1.481729 1.418079 1.383888 1.366140 1.357234 1.352909 1.350876 1.349950 1.349542 1.349367 1.349294 1.349263 1.349249 1.349238 1.349221 1.349185 1.349106 1.348939 1.348591 1.347893 1.346534 1.343977 1.339325 1.331155 1.317313 1.294720 1.259237 1.205709 1.128291 1.021182 0.879798 0.702260 0.490836 0.252784 0.000000 
50.000000 42.099475 34.518696 27.538629 21.370504 16.138323 11.876806 8.543012 6.037068 4.226361 2.968089 2.126747 1.585150 1.249307 1.048579 0.932873 0.868508 0.833933 0.815987 0.806980 0.802607 0.800552 0.799616 0.799203 0.799026 0.798952 0.798921 0.798908 0.798899 0.798887 0.798864 0.798813 0.798704 0.798479 0.798029 0.797158 0.795526 0.792575 0.787422 0.778751 0.764702 0.742811 0.710067 0.663127 0.598774 0.514586 0.409752 0.285802 0.146985 0.000000 
50.000000 42.044619 34.411209 27.382689 21.171759 15.903282 11.612215 8.255316 5.732015 3.908774 2.641799 1.794644 1.249307 0.911147 0.709036 0.592534 0.527726 0.492914 0.474845 0.465776 0.461374 0.459304 0.458362 0.457946 0.457767 0.457693 0.457663 0.457650 0.457643 0.457635 0.457620 0.457588 0.457521 0.457382 0.457104 0.456570 0.455574 0.453780 0.450667 0.445460 0.437076 0.424105 0.404844 0.377441 0.340158 0.291742 0.231859 0.161461 0.082948 0.000000 
50.000000 42.011826 34.346954 27.289472 21.052957 15.762785 11.454058 8.083351 5.549679 3.718951 2.446777 1.596149 1.048579 0.709036 0.506099 0.389122 0.324050 0.289096 0.270953 0.261849 0.257428 0.255350 0.254404 0.253986 0.253807 0.253733 0.253703 0.253690 0.253684 0.253679 0.253669 0.253650 0.253610 0.253528 0.253364 0.253050 0.252466 0.251421 0.249615 0.246611 0.241802 0.234407 0.223495 0.208071 0.187219 0.160307 0.127204 0.088468 0.045410 0.000000 
50.000000 41.992920 34.309910 27.235730 20.984465 15.681788 11.362882 7.984218 5.444569 3.609526 2.334358 1.481729 0.932873 0.592534 0.389122 0.271871 0.206647 0.171611 0.153427 0.144300 0.139869 0.137787 0.136838 0.136420 0.136241 0.136166 0.136136 0.136124 0.136118 0.136114 0.136109 0.136098 0.136075 0.136028 0.135935 0.135758 0.135429 0.134844 0.133836 0.132169 0.129513 0.125450 0.119489 0.111109 0.099841 0.085373 0.067657 0.047005 0.024111 0.000000 
50.000000 41.982401 34.289299 27.205829 20.946359 15.636725 11.312157 7.929067 5.386095 3.548653 2.271819 1.418079 0.868508 0.527726 0.324050 0.206647 0.141339 0.106258 0.088050 0.078912 0.074476 0.072390 0.071441 0.071021 0.070842 0.070767 0.070737 0.070725 0.070720 0.070717 0.070714 0.070708 0.070695 0.070670 0.070619 0.070523 0.070345 0.070029 0.069488 0.068596 0.067182 0.065029 0.061884 0.057485 0.051598 0.044071 0.034889 0.024219 0.012416 0.000000 
50.000000 41.976749 34.278225 27.189765 20.925886 15.612516 11.284906 7.899439 5.354682 3.515952 2.238225 1.383888 0.833933 0.492914 0.289096 0.171612 0.106258 0.071153 0.052932 0.043788 0.039349 0.037262 0.036311 0.035892 0.035712 0.035638 0.035608 0.035596 0.035591 0.035589 0.035587 0.035583 0.035577 0.035563 0.035537 0.035486 0.035393 0.035229 0.034949 0.034489 0.033762 0.032660 0.031057 0.028824 0.025848 0.022056 0.017446 0.012101 0.006201 0.000000 
50.000000 41.973815 34.272476 27.181425 20.915258 15.599948 11.270760 7.884059 5.338376 3.498978 2.220787 1.366140 0.815987 0.474845 0.270954 0.153427 0.088050 0.052932 0.034705 0.025558 0.021116 0.019029 0.018078 0.017659 0.017479 0.017404 0.017374 0.017362 0.017358 0.017356 0.017354 0.017353 0.017349 0.017342 0.017329 0.017303 0.017257 0.017174 0.017034 0.016805 0.016444 0.015899 0.015109 0.014012 0.012555 0.010704 0.008461 0.005865 0.003004 0.000000 
50.000000 41.972342 34.269590 27.177238 20.909923 15.593640 11.263659 7.876340 5.330192 3.490459 2.212036 1.357234 0.806981 0.465777 0.261849 0.144301 0.078913 0.043789 0.025558 0.016409 0.011967 0.009879 0.008928 0.008508 0.008329 0.008254 0.008224 0.008212 0.008208 0.008206 0.008205 0.008204 0.008202 0.008199 0.008192 0.008180 0.008157 0.008117 0.008049 0.007939 0.007766 0.007505 0.007128 0.006606 0.005915 0.005040 0.003981 0.002758 0.001412 0.000000 
50.000000 41.971627 34.268189 27.175206 20.907333 15.590577 11.260212 7.872592 5.326219 3.486323 2.207787 1.352910 0.802608 0.461374 0.257429 0.139870 0.074476 0.039349 0.021117 0.011967 0.007525 0.005437 0.004486 0.004066 0.003887 0.003812 0.003782 0.003770 0.003766 0.003764 0.003763 0.003762 0.003762 0.003760 0.003757 0.003751 0.003740 0.003722 0.003690 0.003638 0.003558 0.003437 0.003263 0.003022 0.002704 0.002303 0.001818 0.001259 0.000645 0.000000 
50.000000 41.971291 34.267530 27.174251 20.906116 15.589138 11.258592 7.870832 5.324352 3.484380 2.205791 1.350879 0.800554 0.459306 0.255352 0.137789 0.072393 0.037264 0.019031 0.009881 0.005438 0.003350 0.002399 0.001980 0.001800 0.001725 0.001695 0.001683 0.001679 0.001677 0.001677 0.001676 0.001676 0.001675 0.001674 0.001671 0.001666 0.001658 0.001643 0.001620 0.001584 0.001529 0.001451 0.001343 0.001202 0.001023 0.000807 0.000559 0.000286 0.000000 
50.000000 41.971139 34.267232 27.173817 20.905564 15.588485 11.257858 7.870033 5.323506 3.483499 2.204886 1.349957 0.799623 0.458369 0.254411 0.136845 0.071448 0.036318 0.018085 0.008935 0.004492 0.002404 0.001453 0.001033 0.000854 0.000779 0.000749 0.000737 0.000733 0.000731 0.000730 0.000730 0.000730 0.000729 0.000729 0.000728 0.000725 0.000722 0.000715 0.000705 0.000689 0.000665 0.000631 0.000584 0.000522 0.000444 0.000350 0.000242 0.000124 0.000000 
50.000000 41.971073 34.267103 27.173631 20.905326 15.588203 11.257541 7.869689 5.323141 3.483119 2.204495 1.349560 0.799221 0.457964 0.254005 0.136439 0.071040 0.035911 0.017677 0.008527 0.004084 0.001996 0.001045 0.000625 0.000446 0.000371 0.000341 0.000329 0.000325 0.000323 0.000322 0.000322 0.000322 0.000322 0.000322 0.000321 0.000320 0.000318 0.000316 0.000311 0.000304 0.000293 0.000278 0.000257 0.000230 0.000195 0.000154 0.000107 0.000055 0.000000 
50.000000 41.971049 34.267056 27.173562 20.905239 15.588100 11.257425 7.869563 5.323007 3.482980 2.204352 1.349415 0.799074 0.457816 0.253856 0.136289 0.070891 0.035761 0.017528 0.008378 0.003935 0.001846 0.000896 0.000476 0.000296 0.000222 0.000191 0.000180 0.000175 0.000174 0.000173 0.000173 0.000173 0.000172 0.000172 0.000172 0.000171 0.000171 0.000169 0.000167 0.000163 0.000157 0.000149 0.000138 0.000123 0.000104 0.000082 0.000057 0.000029 0.000000 
50.000000 41.971049 34.267056 27.173562 20.905239 15.588100 11.257425 7.869563 5.323007 3.482980 2.204352 1.349415 0.799074 0.457816 0.253856 0.136289 0.070891 0.035761 0.017528 0.008378 0.003935 0.001846 0.000896 0.000476 0.000296 0.000222 0.000191 0.000180 0.000175 0.000174 0.000173 0.000173 0.000173 0.000172 0.000172 0.000172 0.000171 0.000171 0.000169 0.000167 0.000163 0.000157 0.000149 0.000138 0.000123 0.000104 0.000082 0.000057 0.000029 0.000000 
50.000000 41.971073 34.267103 27.173631 20.905326 15.588203 11.257541 7.869689 5.323141 3.483119 2.204495 1.349560 0.799221 0.457964 0.254005 0.136439 0.071040 0.035911 0.017677 0.008527 0.004084 0.001996 0.001045 0.000625 0.000446 0.000371 0.000341 0.000329 0.000325 0.000323 0.000322 0.000322 0.000322 0.000322 0.000322 0.000321 0.000320 0.000318 0.000316 0.000311 0.000304 0.000293 0.000278 0.000257 0.000230 0.000195 0.000154 0.000107 0.000055 0.000000 
50.000000 41.971139 34.267232 27.173817 20.905564 15.588485 11.257858 7.870033 5.323506 3.483499 2.204886 1.349957 0.799623 0.458369 0.254411 0.136845 0.071448 0.036318 0.018085 0.008935 0.004492 0.002404 0.001453 0.001033 0.000854 0.000779 0.000749 0.000737 0.000733 0.000731 0.000730 0.000730 0.000730 0.000729 0.000729 0.000728 0.000725 0.000722 0.000715 0.000705 0.000689 0.000665 0.000631 0.000584 0.000522 0.000444 0.000350 0.000242 0.000124 0.000000 
50.000000 41.971291 34.267530 27.174251 20.906116 15.589138 11.258592 7.870832 5.324352 3.484380 2.205791 1.350879 0.800554 0.459306 0.255352 0.137789 0.072393 0.037264 0.019031 0.009881 0.005438 0.003350 0.002399 0.001980 0.001800 0.001725 0.001695 0.001683 0.001679 0.001677 0.001677 0.001676 0.001676 0.001675 0.001674 0.001671 0.001666 0.001658 0.001643 0.001620 0.001584 0.001529 0.001451 0.001343 0.001202 0.001023 0.000807 0.000559 0.000286 0.000000 
50.000000 41.971627 34.268189 27.175206 20.907333 15.590577 11.260212 7.872592 5.326219 3.486323 2.207787 1.352910 0.802608 0.461374 0.257429 0.139870 0.074476 0.039349 0.021117 0.011967 0.007525 0.005437 0.004486 0.004066 0.003887 0.003812 0.003782 0.003770 0.003766 0.003764 0.003763 0.003762 0.003762 0.003760 0.003757 0.003751 0.003740 0.003722 0.003690 0.003638 0.003558 0.003437 0.003263 0.003022 0.002704 0.002303 0.001818 0.001259 0.000645 0.000000 
50.000000 41.972342 34.269590 27.177238 20.909923 15.593640 11.263659 7.876340 5.330192 3.490459 2.212036 1.357234 0.806981 0.465777 0.261849 0.144301 0.078913 0.043789 0.025558 0.016409 0.011967 0.009879 0.008928 0.008508 0.008329 0.008254 0.008224 0.008212 0.008208 0.008206 0.008205 0.008204 0.008202 0.008199 0.008192 0.008180 0.008157 0.008117 0.008049 0.007939 0.007766 0.007505 0.007128 0.006606 0.005915 0.005040 0.003981 0.002758 0.001412 0.000000 
50.000000 41.973815 34.272476 27.181425 20.915258 15.599948 11.270760 7.884059 5.338376 3.498978 2.220787 1.366140 0.815987 0.474845 0.270954 0.153427 0.088050 0.052932 0.034705 0.025558 0.021116 0.019029 0.018078 0.017659 0.017479 0.017404 0.017374 0.017362 0.017358 0.017356 0.017354 0.017353 0.017349 0.017342 0.017329 0.017303 0.017257 0.017174 0.017034 0.016805 0.016444 0.015899 0.015109 0.014012 0.012555 0.010704 0.008461 0.005865 0.003004 0.000000 
50.000000 41.976749 34.278225 27.189765 20.925886 15.612516 11.284906 7.899439 5.354682 3.515952 2.238225 1.383888 0.833933 0.492914 0.289096 0.171612 0.106258 0.071153 0.052932 0.043788 0.039349 0.037262 0.036311 0.035892 0.035712 0.035638 0.035608 0.035596 0.035591 0.035589 0.035587 0.035583 0.035577 0.035563 0.035537 0.035486 0.035393 0.035229 0.034949 0.034489 0.033762 0.032660 0.031057 0.028824 0.025848 0.022056 0.017446 0.012101 0.006201 0.000000 
50.000000 41.982401 34.289299 27.205829 20.946359 15.636725 11.312157 7.929067 5.386095 3.548653 2.271819 1.418079 0.868508 0.527726 0.324050 0.206647 0.141339 0.106258 0.088050 0.078912 0.074476 0.072390 0.071441 0.071021 0.070842 0.070767 0.070737 0.070725 0.070720 0.070717 0.070714 0.070708 0.070695 0.070670 0.070619 0.070523 0.070345 0.070029 0.069488 0.068596 0.067182 0.065029 0.061884 0.057485 0.051598 0.044071 0.034889 0.024219 0.012416 0.000000 
50.000000 41.992920 34.309910 27.235730 20.984465 15.681788 11.362882 7.984218 5.444569 3.609526 2.334358 1.481729 0.932873 0.592534 0.389122 0.271871 0.206647 0.171611 0.153427 0.144300 0.139869 0.137787 0.136838 0.136420 0.136241 0.136166 0.136136 0.136124 0.136118 0.136114 0.136109 0.136098 0.136075 0.136028 0.135935 0.135758 0.135429 0.134844 0.133836 0.132169 0.129513 0.125450 0.119489 0.111109 0.099841 0.085373 0.067657 0.047005 0.024111 0.000000 
50.000000 42.011826 34.346954 27.289472 21.052957 15.762785 11.454058 8.083351 5.549679 3.718951 2.446777 1.596149 1.048579 0.709036 0.506099 0.389122 0.324050 0.289096 0.270953 0.261849 0.257428 0.255350 0.254404 0.253986 0.253807 0.253733 0.253703 0.253690 0.253684 0.253679 0.253669 0.253650 0.253610 0.253528 0.253364 0.253050 0.252466 0.251421 0.249615 0.246611 0.241802 0.234407 0.223495 0.208071 0.187219 0.160307 0.127204 0.088468 0.045410 0.000000 
50.000000 42.044619 34.411209 27.382689 21.171759 15.903282 11.612215 8.255316 5.732015 3.908774 2.641799 1.794644 1.249307 0.911147 0.709036 0.592534 0.527726 0.492914 0.474845 0.465776 0.461374 0.459304 0.458362 0.457946 0.457767 0.457693 0.457663 0.457650 0.457643 0.457635 0.457620 0.457588 0.457521 0.457382 0.457104 0.456570 0.455574 0.453780 0.450667 0.445460 0.437076 0.424105 0.404844 0.377441 0.340158 0.291742 0.231859 0.161461 0.082948 0.000000 
50.000000 42.099475 34.518696 27.538629 21.370504 16.138323 11.876806 8.543012 6.037068 4.226361 2.968089 2.126747 1.585150 1.249307 1.048579 0.932873 0.868508 0.833933 0.815987 0.806980 0.802607 0.800552 0.799616 0.799203 0.799026 0.798952 0.798921 0.798908 0.798899 0.798887 0.798864 0.798813 0.798704 0.798479 0.798029 0.797158 0.795526 0.792575 0.787422 0.778751 0.764702 0.742811 0.710067 0.663127 0.598774 0.514586 0.409752 0.285802 0.146985 0.000000 
50.000000 42.187924 34.692010 27.790069 21.690969 16.517321 12.303461 9.006933 6.528987 4.738499 3.494269 2.662310 2.126747 1.794644 1.596149 1.481729 1.418079 1.383888 1.366140 1.357234 1.352909 1.350876 1.349950 1.349542 1.349367 1.349294 1.349263 1.349249 1.349238 1.349221 1.349185 1.349106 1.348939 1.348591 1.347893 1.346534 1.343977 1.339325 1.331155 1.317313 1.294720 1.259237 1.205709 1.128291 1.021182 0.879798 0.702260 0.490836 0.252784 0.000000 
50.000000 42.325305 34.961203 28.180616 22.188733 17.106013 12.966190 9.727561 7.293119 5.534051 4.311644 3.494269 2.968089 2.641799 2.446777 2.334358 2.271819 2.238225 2.220787 2.212035 2.207786 2.205788 2.204879 2.204477 2.204305 2.204233 2.204203 2.204187 2.204173 2.204149 2.204097 2.203982 2.203736 2.203224 2.202189 2.200167 2.196340 2.189337 2.176955 2.155822 2.121040 2.065920 1.981948 1.859218 1.687558 1.458465 1.167761 0.818377 0.422244 0.000000 
50.000000 42.530737 35.363743 28.764628 22.933086 17.986351 13.957261 10.805235 8.435870 6.723807 5.534051 4.738499 4.226361 3.908774 3.718951 3.609526 3.548653 3.515952 3.498978 3.490459 3.486322 3.484378 3.483492 3.483101 3.482934 3.482863 3.482833 3.482817 3.482799 3.482766 3.482694 3.482534 3.482190 3.481471 3.480014 3.477149 3.471698 3.461659 3.443780 3.413011 3.361904 3.280075 3.153990 2.967420 2.703011 2.345331 1.885407 1.326014 0.685868 0.000000 
50.000000 42.826324 35.942944 29.604952 24.004134 19.253087 15.383353 12.355967 10.080269 8.435870 7.293119 6.528987 6.037068 5.732015 5.549679 5.444569 5.386095 5.354682 5.338376 5.330192 5.326218 5.324350 5.323499 5.323124 5.322962 5.322895 5.322865 5.322847 5.322825 5.322783 5.322688 5.322477 5.322022 5.321066 5.319119 5.315272 5.307910 5.294257 5.269751 5.227199 5.155795 5.040135 4.859575 4.588481 4.198133 3.661137 2.958834 2.091065 1.085370 0.000000 
50.000000 43.235357 36.744448 30.767808 25.486286 21.006060 17.356880 14.502009 12.355967 10.805235 9.727561 9.006933 8.543012 8.255316 8.083351 7.984218 7.929067 7.899439 7.884059 7.876340 7.872592 7.870830 7.870027 7.869673 7.869520 7.869456 7.869427 7.869408 7.869383 7.869331 7.869213 7.868951 7.868382 7.867183 7.864729 7.859857 7.850472 7.832946 7.801225 7.745613 7.651245 7.496392 7.251004 6.876231 6.326142 5.553353 4.520260 3.216345 1.677992 0.000000 
50.000000 43.779461 37.810627 32.314680 27.457917 23.337977 19.982222 17.356880 15.383353 13.957261 12.966190 12.303461 11.876806 11.612215 11.454058 11.362882 11.312157 11.284906 11.270759 11.263659 11.260211 11.258590 11.257852 11.257526 11.257386 11.257326 11.257299 11.257279 11.257251 11.257190 11.257054 11.256748 11.256081 11.254671 11.251773 11.245987 11.234773 11.213679 11.175171 11.106972 10.989841 10.794872 10.480649 9.991111 9.255795 8.195351 6.736524 4.840739 2.545323 0.000000 
50.000000 44.474916 39.173388 34.291860 29.978035 26.318638 23.337977 21.006060 19.253087 17.986351 17.106013 16.517321 16.138323 15.903282 15.762785 15.681788 15.636725 15.612516 15.599948 15.593639 15.590576 15.589136 15.588480 15.588190 15.588065 15.588012 15.587987 15.587968 15.587938 15.587873 15.587725 15.587393 15.586668 15.585127 15.581947 15.575566 15.563124 15.539549 15.496139 15.418456 15.283340 15.054953 14.679918 14.082182 13.159319 11.784221 9.820054 7.161345 3.813911 0.000000 
50.000000 45.328715 40.846431 36.719232 33.071992 29.978035 27.457917 25.486286 24.004134 22.933086 22.188733 21.690969 21.370504 21.171759 21.052957 20.984465 20.946359 20.925886 20.915258 20.909923 20.907333 20.906115 20.905560 20.905315 20.905209 20.905164 20.905142 20.905124 20.905095 20.905031 20.904884 20.904554 20.903830 20.902289 20.899093 20.892650 20.880017 20.855917 20.811170 20.730268 20.587755 20.342997 19.932933 19.262566 18.193815 16.535996 14.048320 10.480958 5.707321 0.000000 
50.000000 46.335183 42.818641 39.580668 36.719232 34.291860 32.314680 30.767808 29.604952 28.764628 28.180616 27.790069 27.538629 27.382689 27.289472 27.235730 27.205829 27.189764 27.181425 27.177238 27.175205 27.174249 27.173814 27.173622 27.173539 27.173503 27.173486 27.173470 27.173445 27.173388 27.173258 27.172964 27.172319 27.170940 27.168073 27.162268 27.150830 27.128877 27.087809 27.012855 26.879221 26.646118 26.247548 25.578156 24.471806 22.670912 19.790334 15.306011 8.687085 0.000000 
50.000000 47.474087 45.050366 42.818641 40.846431 39.173388 37.810627 36.744448 35.942944 35.363743 34.961203 34.692010 34.518696 34.411209 34.346954 34.309910 34.289299 34.278225 34.272476 34.269590 34.268188 34.267529 34.267229 34.267097 34.267040 34.267015 34.267002 34.266992 34.266972 34.266930 34.266832 34.266610 34.266123 34.265080 34.262904 34.258487 34.249748 34.232894 34.201174 34.142826 34.037729 33.851879 33.528103 32.969888 32.012043 30.365474 27.512630 22.525183 13.867444 0.000000 
50.000000 48.710968 47.474087 46.335183 45.328715 44.474916 43.779461 43.235357 42.826324 42.530737 42.325305 42.187924 42.099475 42.044619 42.011826 41.992920 41.982401 41.976749 41.973815 41.972342 41.971627 41.971291 41.971138 41.971070 41.971041 41.971028 41.971022 41.971016 41.971006 41.970983 41.970930 41.970811 41.970548 41.969985 41.968809 41.966416 41.961671 41.952490 41.935141 41.903061 41.844869 41.740954 41.557366 41.234139 40.661005 39.621394 37.648098 33.606643 24.355484 0.000000 
50.000000 50.000000 50.000000 50.000000 50.000000 50.000000 50.000000 50.000000 50.000000 50.000000 50.000000 50.000000 50.000000 50.000000 50.000000 50.000000 50.000000 50.000000 50.000000 50.000000 50.000000 50.000000 50.000000 50.000000 50.000000 50.000000 50.000000 50.000000 50.000000 50.000000 50.000000 50.000000 50.000000 50.000000 50.000000 50.000000 50.000000 50.000000 50.000000 50.000000 50.000000 50.000000 50.000000 50.000000 50.000000 50.000000 50.000000 50.000000 50.000000 50.000000 
