50.000000 50.000000 50.000000 50.000000 50.000000 50.000000 50.000000 50.000000 50.000000 50.000000 50.000000 50.000000 50.000000 50.000000 50.000000 50.000000 50.000000 50.000000 50.000000 50.000000 50.000000 50.000000 50.000000 50.000000 50.000000 50.000000 50.000000 50.000000 50.000000 50.000000 50.000000 50.000000 50.000000 50.000000 50.000000 50.000000 50.000000 50.000000 50.000000 50.000000 50.000000 50.000000 50.000000 50.000000 50.000000 50.000000 50.000000 50.000000 50.000000 50.000000 
50.000000 49.604147 49.213216 48.831945 48.464715 48.115404 47.787262 47.482830 47.203895 46.951487 46.725906 46.526791 46.353203 46.203732 46.076606 45.969807 45.881177 45.808512 45.749647 45.702513 45.665189 45.635929 45.613171 45.595539 45.581831 45.570990 45.562078 45.554233 45.546626 45.538401 45.528617 45.516168 45.499687 45.477426 45.447095 45.405644 45.348954 45.271388 45.165110 45.019011 44.816941 44.534635 44.134073 43.552365 42.678057 41.295656 38.941659 34.488015 24.802074 0.000000 
50.000000 49.213216 48.436214 47.678412 46.948519 46.254240 45.602035 44.996957 44.442556 43.940877 43.492521 43.096767 42.751751 42.454667 42.201997 41.989728 41.813570 41.669147 41.552150 41.458472 41.384295 41.326146 41.280926 41.245903 41.218687 41.197186 41.179542 41.164054 41.149085 41.132961 41.113843 41.089581 41.057528 41.014315 40.955545 40.875394 40.766042 40.616868 40.413249 40.134719 39.752032 39.222299 38.480591 37.424844 35.887640 33.581996 29.997490 24.218110 14.725203 0.000000 
50.000000 48.831945 47.678412 46.553383 45.469788 44.439065 43.470807 42.572511 41.749451 41.004663 40.339037 39.751504 39.239296 38.798249 38.423137 38.108006 37.846487 37.632081 37.458394 37.319330 37.209221 37.122916 37.055815 37.003869 36.963538 36.931730 36.905703 36.882955 36.861098 36.837698 36.810104 36.775235 36.729331 36.667632 36.583976 36.470259 36.315709 36.105863 35.821107 35.434514 34.908585 34.190185 33.202584 31.832784 29.911656 27.184666 23.276699 17.680931 9.890290 0.000000 
50.000000 48.464717 46.948521 45.469790 44.045520 42.690746 41.418075 40.237362 39.155539 38.176596 37.301703 36.529456 35.856216 35.276509 34.783469 34.369267 34.025534 33.743728 33.515447 33.332678 33.187977 33.074576 32.986437 32.918247 32.865369 32.823759 32.789844 32.760382 32.732298 32.702488 32.667602 32.623788 32.566387 32.489558 32.385808 32.245392 32.055514 31.799252 31.454087 30.989844 30.365783 29.526484 28.396085 26.870554 24.808394 22.022778 18.285146 13.366538 7.169067 0.000000 
50.000000 48.115407 46.254246 44.439073 42.690752 41.027740 39.465511 38.016163 36.688205 35.486534 34.412588 33.464642 32.638229 31.926631 31.321419 30.812984 30.391054 30.045142 29.764939 29.540613 29.363027 29.223883 29.115778 29.032206 28.967496 28.916717 28.875528 28.840019 28.806510 28.771328 28.730561 28.679764 28.613624 28.525562 28.407234 28.247927 28.033778 27.746778 27.363472 26.853269 26.176262 25.280483 24.098683 22.545128 20.513908 17.882408 14.527449 10.366625 5.437359 0.000000 
50.000000 47.787269 45.602049 43.470825 41.418094 39.465525 37.631288 35.929587 34.370412 32.959515 31.698581 30.585587 29.615287 28.779795 28.069212 27.472260 26.976876 26.570751 26.241784 25.978434 25.769980 25.606687 25.479878 25.381934 25.306228 25.247010 25.199248 25.158438 25.120388 25.080967 25.035839 24.980153 24.908195 24.812980 24.685780 24.515542 24.288201 23.985831 23.585627 23.058681 22.368603 21.470075 20.307680 18.815721 16.920500 14.547610 11.638087 8.177233 4.234917 0.000000 
50.000000 47.482843 44.996982 42.572547 40.237404 38.016203 35.929616 33.993800 32.220119 30.615116 29.180709 27.914596 26.810809 25.860379 25.052044 24.372975 23.809451 23.347474 22.973277 22.673739 22.436672 22.251013 22.106908 21.995715 21.909932 21.843071 21.789484 21.744159 21.702478 21.659965 21.611998 21.553494 21.478567 21.380137 21.249489 21.075764 20.845384 20.541391 20.142721 19.623447 18.952071 18.091070 16.997049 15.622140 13.917662 11.841418 9.370030 6.516434 3.348791 0.000000 
50.000000 47.203919 44.442602 41.749518 39.155621 36.688293 34.370495 32.220176 30.249960 28.467114 26.873767 25.467365 24.241277 23.185539 22.287645 21.533342 20.907393 20.394249 19.978624 19.645947 19.382690 19.176576 19.016682 18.893435 18.798547 18.724872 18.666226 18.617165 18.572740 18.528229 18.478846 18.419435 18.344135 18.246021 18.116712 17.945943 17.721113 17.426807 17.044335 16.551346 15.921624 15.125258 14.129494 12.900696 11.408010 9.629282 7.559434 5.220368 2.669316 0.000000 
50.000000 46.951528 43.940958 41.004780 38.176744 35.486703 32.959690 30.615275 28.467221 26.523450 24.786286 23.252941 21.916189 20.765165 19.786234 18.963860 18.281430 17.721995 17.268894 16.906247 16.619316 16.394732 16.220606 16.086537 15.983535 15.903878 15.840923 15.788871 15.742522 15.696997 15.647454 15.588788 15.515320 15.420470 15.296420 15.133767 14.921183 14.645097 14.289445 13.835549 13.262229 12.546309 11.663722 10.591473 9.310732 7.811179 6.096352 4.189028 2.134637 0.000000 
50.000000 46.725976 43.492659 40.339238 37.301961 34.412890 31.698911 29.181041 26.874061 24.786480 22.920795 21.274009 19.838363 18.602188 17.550842 16.667640 15.934741 15.333945 14.847365 14.457952 14.149889 13.908835 13.722045 13.578385 13.468250 13.383421 13.316866 13.262504 13.214951 13.169250 13.120584 13.063997 12.994103 12.904792 12.788952 12.638190 12.442586 12.190503 11.868480 11.461286 10.952204 10.323656 9.558309 8.640785 7.560054 6.312449 4.904967 3.358100 1.707044 0.000000 
50.000000 46.526907 43.096996 39.751841 36.529891 33.465160 30.586169 27.915211 25.467967 23.253464 21.274349 19.527445 18.004519 16.693196 15.577940 14.641056 13.863619 13.226328 12.710209 12.297189 11.970498 11.714941 11.517025 11.364974 11.248653 11.159418 11.089914 11.033841 10.985690 10.940482 10.893492 10.839975 10.774907 10.692723 10.587082 10.450648 10.274924 10.050142 9.765256 9.408089 8.965682 8.424920 7.773510 7.001362 6.102346 5.076318 3.931115 2.684000 1.361923 0.000000 
50.000000 46.353393 42.752125 39.239848 35.856933 32.639092 29.616271 26.811879 24.242379 21.917249 19.839267 18.005099 16.406101 15.029277 13.858321 12.874649 12.058398 11.389302 10.847448 10.413864 10.070958 9.802790 9.595221 9.435923 9.314307 9.221373 9.149502 9.092224 9.043957 8.999743 8.954985 8.905194 8.845739 8.771624 8.677287 8.556428 8.401897 8.205639 7.958746 7.651636 7.274405 6.817392 6.271983 5.631675 4.893323 4.058481 3.134583 2.135656 1.082204 0.000000 
50.000000 46.204036 42.455270 38.799140 35.277671 31.928039 28.781415 25.862167 23.187434 20.767080 18.603999 16.694719 15.030242 13.597041 12.378141 11.354201 10.504544 9.808079 9.244080 8.792809 8.435963 8.156969 7.941130 7.775652 7.649563 7.553567 7.479834 7.421766 7.373742 7.330858 7.288670 7.242955 7.189484 7.123818 7.041139 6.936112 6.802807 6.634681 6.424648 6.165266 5.849052 5.468959 5.019013 4.495094 3.895818 3.223404 2.484370 1.689857 0.855398 0.000000 
50.000000 46.077090 42.202955 38.424555 34.785321 31.323671 28.071821 25.054951 22.290775 19.789487 17.554076 15.580956 13.860826 12.379710 11.120063 10.061899 9.183853 8.464130 7.881318 7.415024 7.046346 6.758172 6.535339 6.364658 6.234840 6.136344 6.061175 6.002642 5.955111 5.913749 5.874273 5.832728 5.785265 5.727971 5.656706 5.567002 5.453997 5.312438 5.136754 4.921225 4.660250 4.348729 3.982550 3.559155 3.078152 2.541870 1.955763 1.328546 0.671940 0.000000 
50.000000 45.970566 41.991233 38.110234 34.372181 30.816535 27.476387 24.377603 21.538374 18.969173 16.673071 14.646382 12.879556 11.358234 10.064398 8.977520 8.075655 7.336421 6.737828 6.258938 5.880345 5.584488 5.355815 5.180810 5.047923 4.947415 4.871161 4.812406 4.765521 4.725751 4.688974 4.651483 4.609786 4.560437 4.499903 4.424465 4.330171 4.212844 4.068142 3.891706 3.679375 3.427480 3.133207 2.795009 2.413011 1.989377 1.528536 1.037219 0.524240 0.000000 
50.000000 45.882353 41.815905 37.849944 34.030059 30.396577 26.983310 23.816692 20.915314 18.289876 15.943516 13.872469 12.066974 10.512360 9.190215 8.079560 7.157974 6.402587 5.790933 5.301620 4.914827 4.612624 4.379138 4.200586 4.065205 3.963101 3.886045 3.827241 3.781074 3.742870 3.708657 3.674956 3.638587 3.596518 3.545732 3.483149 3.405574 3.309703 3.192177 3.049697 2.879184 2.678014 2.444271 2.177043 1.876700 1.545119 1.185820 0.803952 0.406115 0.000000 
50.000000 45.810316 41.672727 37.637383 33.750672 30.053626 26.580649 23.358636 20.406505 17.735143 15.347743 13.240473 11.403402 9.821602 8.476339 7.346271 6.408582 5.640008 5.017691 4.519872 4.126393 3.819020 3.581623 3.400201 3.262823 3.159469 3.081834 3.023094 2.977656 2.940921 2.909053 2.878772 2.847169 2.811562 2.769372 2.718042 2.654994 2.577626 2.483347 2.369669 2.234325 2.075439 1.891715 1.682635 1.448650 1.191324 0.913407 0.618807 0.312445 0.000000 
50.000000 45.752382 41.557580 37.466437 33.525983 29.777817 26.256820 22.990259 19.997312 17.289018 14.868612 12.732212 10.869748 9.266086 7.902233 6.756553 5.805917 5.026739 4.395851 3.891197 3.492346 3.180827 2.940298 2.756590 2.617634 2.513316 2.435274 2.376663 2.331918 2.296507 2.266711 2.239419 2.211953 2.181919 2.147095 2.105350 2.054597 1.992785 1.917918 1.828120 1.721723 1.597388 1.454236 1.291990 1.111098 0.912827 0.699298 0.473457 0.238962 0.000000 
50.000000 45.706617 41.466618 37.331396 33.348488 29.559939 26.001008 22.699256 19.674067 16.936597 14.490120 12.330708 10.448185 8.827254 7.448718 6.290706 5.329844 4.542292 3.904635 3.394585 2.991497 2.676709 2.433717 2.248218 2.108038 2.002989 1.924667 1.866217 1.822095 1.787832 1.759807 1.735048 1.711063 1.685693 1.657003 1.623197 1.582575 1.533506 1.474448 1.403982 1.320876 1.224170 1.113268 0.988034 0.848873 0.696791 0.533412 0.360948 0.182115 0.000000 
50.000000 45.671280 41.396383 37.227127 33.211438 29.391710 25.803489 22.474565 19.424481 16.664485 14.197878 12.020699 10.122689 8.488425 7.098551 5.931019 4.962261 4.168245 3.525364 3.011150 2.604795 2.287488 2.042602 1.855730 1.714621 1.609029 1.530520 1.472233 1.428648 1.395342 1.368774 1.346086 1.324934 1.303342 1.279598 1.252166 1.219637 1.180703 1.134155 1.078911 1.014050 0.938879 0.852989 0.756324 0.649234 0.532508 0.407389 0.275539 0.138981 0.000000 
50.000000 45.644871 41.343895 37.149204 33.109017 29.265987 25.655878 22.306647 19.237959 16.461129 13.979478 11.789022 9.879438 8.235210 6.836864 5.662218 4.687561 3.888714 3.241931 2.724607 2.315812 1.996627 1.750331 1.562440 1.420645 1.314662 1.236032 1.177894 1.134744 1.102198 1.076778 1.055712 1.036768 1.018111 0.998195 0.975676 0.949364 0.918183 0.881169 0.837475 0.786404 0.727442 0.660303 0.584975 0.501752 0.411258 0.314448 0.212588 0.107200 0.000000 
50.000000 45.626162 41.306710 37.093999 33.036457 29.176919 25.551303 22.187687 19.105818 16.317063 13.824754 11.624892 9.707109 8.055822 6.651474 5.471788 4.492953 3.690685 3.041137 2.521611 2.111089 1.790575 1.543283 1.354675 1.212401 1.106148 1.027444 0.969426 0.926604 0.894623 0.870050 0.850176 0.832849 0.816334 0.799203 0.780250 0.758436 0.732847 0.702687 0.667272 0.626052 0.578633 0.524808 0.464584 0.398212 0.326193 0.249283 0.168469 0.084933 0.000000 
50.000000 45.614216 41.282966 37.058749 32.990125 29.120046 25.484528 22.111726 19.021442 16.225071 13.725957 11.520089 9.597071 7.941277 6.533097 5.350194 4.368689 3.564238 2.912925 2.391994 1.980369 1.659008 1.411081 1.222018 1.079440 0.973019 0.894273 0.836339 0.793736 0.762128 0.738112 0.719018 0.702748 0.687630 0.672312 0.655676 0.636777 0.614805 0.589067 0.558982 0.524090 0.484068 0.438755 0.388170 0.332530 0.272258 0.207982 0.140515 0.070828 0.000000 
50.000000 45.608401 41.271409 37.041592 32.967574 29.092365 25.452027 22.074754 18.980374 16.180297 13.677871 11.469079 9.543513 7.885525 6.475480 5.291011 4.308208 3.502693 2.850522 2.328907 1.916746 1.594973 1.346737 1.157452 1.014728 0.908226 0.829461 0.771570 0.729076 0.697654 0.673913 0.655206 0.639457 0.625028 0.610603 0.595106 0.577639 0.557441 0.533869 0.506390 0.474588 0.438175 0.397009 0.351113 0.300687 0.246118 0.187970 0.126974 0.063995 0.000000 
50.000000 45.608401 41.271409 37.041592 32.967574 29.092365 25.452027 22.074754 18.980374 16.180297 13.677871 11.469079 9.543513 7.885525 6.475480 5.291011 4.308208 3.502693 2.850522 2.328907 1.916746 1.594973 1.346737 1.157452 1.014728 0.908226 0.829461 0.771570 0.729076 0.697654 0.673913 0.655206 0.639457 0.625028 0.610603 0.595106 0.577639 0.557441 0.533869 0.506390 0.474588 0.438175 0.397009 0.351113 0.300687 0.246118 0.187970 0.126974 0.063995 0.000000 
50.000000 45.614216 41.282966 37.058749 32.990125 29.120046 25.484528 22.111726 19.021442 16.225071 13.725957 11.520089 9.597071 7.941277 6.533097 5.350194 4.368689 3.564238 2.912925 2.391994 1.980369 1.659008 1.411081 1.222018 1.079440 0.973019 0.894273 0.836339 0.793736 0.762128 0.738112 0.719018 0.702748 0.687630 0.672312 0.655676 0.636777 0.614805 0.589067 0.558982 0.524090 0.484068 0.438755 0.388170 0.332530 0.272258 0.207982 0.140515 0.070828 0.000000 
50.000000 45.626162 41.306710 37.093999 33.036457 29.176919 25.551303 22.187687 19.105818 16.317063 13.824754 11.624892 9.707109 8.055822 6.651474 5.471788 4.492953 3.690685 3.041137 2.521611 2.111089 1.790575 1.543283 1.354675 1.212401 1.106148 1.027444 0.969426 0.926604 0.894623 0.870050 0.850176 0.832849 0.816334 0.799203 0.780250 0.758436 0.732847 0.702687 0.667272 0.626052 0.578633 0.524808 0.464584 0.398212 0.326193 0.249283 0.168469 0.084933 0.000000 
50.000000 45.644871 41.343895 37.149204 33.109017 29.265987 25.655878 22.306647 19.237959 16.461129 13.979478 11.789022 9.879438 8.235210 6.836864 5.662218 4.687561 3.888714 3.241931 2.724607 2.315812 1.996627 1.750331 1.562440 1.420645 1.314662 1.236032 1.177894 1.134744 1.102198 1.076778 1.055712 1.036768 1.018111 0.998195 0.975676 0.949364 0.918183 0.881169 0.837475 0.786404 0.727442 0.660303 0.584975 0.501752 0.411258 0.314448 0.212588 0.107200 0.000000 
50.000000 45.671280 41.396383 37.227127 33.211438 29.391710 25.803489 22.474565 19.424481 16.664485 14.197878 12.020699 10.122689 8.488425 7.098551 5.931019 4.962261 4.168245 3.525364 3.011150 2.604795 2.287488 2.042602 1.855730 1.714621 1.609029 1.530520 1.472233 1.428648 1.395342 1.368774 1.346086 1.324934 1.303342 1.279598 1.252166 1.219637 1.180703 1.134155 1.078911 1.014050 0.938879 0.852989 0.756324 0.649234 0.532508 0.407389 0.275539 0.138981 0.000000 
50.000000 45.706617 41.466618 37.331396 33.348488 29.559939 26.001008 22.699256 19.674067 16.936597 14.490120 12.330708 10.448185 8.827254 7.448718 6.290706 5.329844 4.542292 3.904635 3.394585 2.991497 2.676709 2.433717 2.248218 2.108038 2.002989 1.924667 1.866217 1.822095 1.787832 1.759807 1.735048 1.711063 1.685693 1.657003 1.623197 1.582575 1.533506 1.474448 1.403982 1.320876 1.224170 1.113268 0.988034 0.848873 0.696791 0.533412 0.360948 0.182115 0.000000 
50.000000 45.752382 41.557580 37.466437 33.525983 29.777817 26.256820 22.990259 19.997312 17.289018 14.868612 12.732212 10.869748 9.266086 7.902233 6.756553 5.805917 5.026739 4.395851 3.891197 3.492346 3.180827 2.940298 2.756590 2.617634 2.513316 2.435274 2.376663 2.331918 2.296507 2.266711 2.239419 2.211953 2.181919 2.147095 2.105350 2.054597 1.992785 1.917918 1.828120 1.721723 1.597388 1.454236 1.291990 1.111098 0.912827 0.699298 0.473457 0.238962 0.000000 
50.000000 45.810316 41.672727 37.637383 33.750672 30.053626 26.580649 23.358636 20.406505 17.735143 15.347743 13.240473 11.403402 9.821602 8.476339 7.346271 6.408582 5.640008 5.017691 4.519872 4.126393 3.819020 3.581623 3.400201 3.262823 3.159469 3.081834 3.023094 2.977656 2.940921 2.909053 2.878772 2.847169 2.811562 2.769372 2.718042 2.654994 2.577626 2.483347 2.369669 2.234325 2.075439 1.891715 1.682635 1.448650 1.191324 0.913407 0.618807 0.312445 0.000000 
50.000000 45.882353 41.815905 37.849944 34.030059 30.396577 26.983310 23.816692 20.915314 18.289876 15.943516 13.872469 12.066974 10.512360 9.190215 8.079560 7.157974 6.402587 5.790933 5.301620 4.914827 4.612624 4.379138 4.200586 4.065205 3.963101 3.886045 3.827241 3.781074 3.742870 3.708657 3.674956 3.638587 3.596518 3.545732 3.483149 3.405574 3.309703 3.192177 3.049697 2.879184 2.678014 2.444271 2.177043 1.876700 1.545119 1.185820 0.803952 0.406115 0.000000 
50.000000 45.970566 41.991233 38.110234 34.372181 30.816535 27.476387 24.377603 21.538374 18.969173 16.673071 14.646382 12.879556 11.358234 10.064398 8.977520 8.075655 7.336421 6.737828 6.258938 5.880345 5.584488 5.355815 5.180810 5.047923 4.947415 4.871161 4.812406 4.765521 4.725751 4.688974 4.651483 4.609786 4.560437 4.499903 4.424465 4.330171 4.212844 4.068142 3.891706 3.679375 3.427480 3.133207 2.795009 2.413011 1.989377 1.528536 1.037219 0.524240 0.000000 
50.000000 46.077090 42.202955 38.424555 34.785321 31.323671 28.071821 25.054951 22.290775 19.789487 17.554076 15.580956 13.860826 12.379710 11.120063 10.061899 9.183853 8.464130 7.881318 7.415024 7.046346 6.758172 6.535339 6.364658 6.234840 6.136344 6.061175 6.002642 5.955111 5.913749 5.874273 5.832728 5.785265 5.727971 5.656706 5.567002 5.453997 5.312438 5.136754 4.921225 4.660250 4.348729 3.982550 3.559155 3.078152 2.541870 1.955763 1.328546 0.671940 0.000000 
50.000000 46.204036 42.455270 38.799140 35.277671 31.928039 28.781415 25.862167 23.187434 20.767080 18.603999 16.694719 15.030242 13.597041 12.378141 11.354201 10.504544 9.808079 9.244080 8.792809 8.435963 8.156969 7.941130 7.775652 7.649563 7.553567 7.479834 7.421766 7.373742 7.330858 7.288670 7.242955 7.189484 7.123818 7.041139 6.936112 6.802807 6.634681 6.424648 6.165266 5.849052 5.468959 5.019013 4.495094 3.895818 3.223404 2.484370 1.689857 0.855398 0.000000 
50.000000 46.353393 42.752125 39.239848 35.856933 32.639092 29.616271 26.811879 24.242379 21.917249 19.839267 18.005099 16.406101 15.029277 13.858321 12.874649 12.058398 11.389302 10.847448 10.413864 10.070958 9.802790 9.595221 9.435923 9.314307 9.221373 9.149502 9.092224 9.043957 8.999743 8.954985 8.905194 8.845739 8.771624 8.677287 8.556428 8.401897 8.205639 7.958746 7.651636 7.274405 6.817392 6.271983 5.631675 4.893323 4.058481 3.134583 2.135656 1.082204 0.000000 
50.000000 46.526907 43.096996 39.751841 36.529891 33.465160 30.586169 27.915211 25.467967 23.253464 21.274349 19.527445 18.004519 16.693196 15.577940 14.641056 13.863619 13.226328 12.710209 12.297189 11.970498 11.714941 11.517025 11.364974 11.248653 11.159418 11.089914 11.033841 10.985690 10.940482 10.893492 10.839975 10.774907 10.692723 10.587082 10.450648 10.274924 10.050142 9.765256 9.408089 8.965682 8.424920 7.773510 7.001362 6.102346 5.076318 3.931115 2.684000 1.361923 0.000000 
50.000000 46.725976 43.492659 40.339238 37.301961 34.412890 31.698911 29.181041 26.874061 24.786480 22.920795 21.274009 19.838363 18.602188 17.550842 16.667640 15.934741 15.333945 14.847365 14.457952 14.149889 13.908835 13.722045 13.578385 13.468250 13.383421 13.316866 13.262504 13.214951 13.169250 13.120584 13.063997 12.994103 12.904792 12.788952 12.638190 12.442586 12.190503 11.868480 11.461286 10.952204 10.323656 9.558309 8.640785 7.560054 6.312449 4.904967 3.358100 1.707044 0.000000 
50.000000 46.951528 43.940958 41.004780 38.176744 35.486703 32.959690 30.615275 28.467221 26.523450 24.786286 23.252941 21.916189 20.765165 19.786234 18.963860 18.281430 17.721995 17.268894 16.906247 16.619316 16.394732 16.220606 16.086537 15.983535 15.903878 15.840923 15.788871 15.742522 15.696997 15.647454 15.588788 15.515320 15.420470 15.296420 15.133767 14.921183 14.645097 14.289445 13.835549 13.262229 12.546309 11.663722 10.591473 9.310732 7.811179 6.096352 4.189028 2.134637 0.000000 
50.000000 47.203919 44.442602 41.749518 39.155621 36.688293 34.370495 32.220176 30.249960 28.467114 26.873767 25.467365 24.241277 23.185539 22.287645 21.533342 20.907393 20.394249 19.978624 19.645947 19.382690 19.176576 19.016682 18.893435 18.798547 18.724872 18.666226 18.617165 18.572740 18.528229 18.478846 18.419435 18.344135 18.246021 18.116712 17.945943 17.721113 17.426807 17.044335 16.551346 15.921624 15.125258 14.129494 12.900696 11.408010 9.629282 7.559434 5.220368 2.669316 0.000000 
50.000000 47.482843 44.996982 42.572547 40.237404 38.016203 35.929616 33.993800 32.220119 30.615116 29.180709 27.914596 26.810809 25.860379 25.052044 24.372975 23.809451 23.347474 22.973277 22.673739 22.436672 22.251013 22.106908 21.995715 21.909932 21.843071 21.789484 21.744159 21.702478 21.659965 21.611998 21.553494 21.478567 21.380137 21.249489 21.075764 20.845384 20.541391 20.142721 19.623447 18.952071 18.091070 16.997049 15.622140 13.917662 11.841418 9.370030 6.516434 3.348791 0.000000 
50.000000 47.787269 45.602049 43.470825 41.418094 39.465525 37.631288 35.929587 34.370412 32.959515 31.698581 30.585587 29.615287 28.779795 28.069212 27.472260 26.976876 26.570751 26.241784 25.978434 25.769980 25.606687 25.479878 25.381934 25.306228 25.247010 25.199248 25.158438 25.120388 25.080967 25.035839 24.980153 24.908195 24.812980 24.685780 24.515542 24.288201 23.985831 23.585627 23.058681 22.368603 21.470075 20.307680 18.815721 16.920500 14.547610 11.638087 8.177233 4.234917 0.000000 
50.000000 48.115407 46.254246 44.439073 42.690752 41.027740 39.465511 38.016163 36.688205 35.486534 34.412588 33.464642 32.638229 31.926631 31.321419 30.812984 30.391054 30.045142 29.764939 29.540613 29.363027 29.223883 29.115778 29.032206 28.967496 28.916717 28.875528 28.840019 28.806510 28.771328 28.730561 28.679764 28.613624 28.525562 28.407234 28.247927 28.033778 27.746778 27.363472 26.853269 26.176262 25.280483 24.098683 22.545128 20.513908 17.882408 14.527449 10.366625 5.437359 0.000000 
50.000000 48.464717 46.948521 45.469790 44.045520 42.690746 41.418075 40.237362 39.155539 38.176596 37.301703 36.529456 35.856216 35.276509 34.783469 34.369267 34.025534 33.743728 33.515447 33.332678 33.187977 33.074576 32.986437 32.918247 32.865369 32.823759 32.789844 32.760382 32.732298 32.702488 32.667602 32.623788 32.566387 32.489558 32.385808 32.245392 32.055514 31.799252 31.454087 30.989844 30.365783 29.526484 28.396085 26.870554 24.808394 22.022778 18.285146 13.366538 7.169067 0.000000 
50.000000 48.831945 47.678412 46.553383 45.469788 44.439065 43.470807 42.572511 41.749451 41.004663 40.339037 39.751504 39.239296 38.798249 38.423137 38.108006 37.846487 37.632081 37.458394 37.319330 37.209221 37.122916 37.055815 37.003869 36.963538 36.931730 36.905703 36.882955 36.861098 36.837698 36.810104 36.775235 36.729331 36.667632 36.583976 36.470259 36.315709 36.105863 35.821107 35.434514 34.908585 34.190185 33.202584 31.832784 29.911656 27.184666 23.276699 17.680931 9.890290 0.000000 
50.000000 49.213216 48.436214 47.678412 46.948519 46.254240 45.602035 44.996957 44.442556 43.940877 43.492521 43.096767 42.751751 42.454667 42.201997 41.989728 41.813570 41.669147 41.552150 41.458472 41.384295 41.326146 41.280926 41.245903 41.218687 41.197186 41.179542 41.164054 41.149085 41.132961 41.113843 41.089581 41.057528 41.014315 40.955545 40.875394 40.766042 40.616868 40.413249 40.134719 39.752032 39.222299 38.480591 37.424844 35.887640 33.581996 29.997490 24.218110 14.725203 0.000000 
50.000000 49.604147 49.213216 48.831945 48.464715 48.115404 47.787262 47.482830 47.203895 46.951487 46.725906 46.526791 46.353203 46.203732 46.076606 45.969807 45.881177 45.808512 45.749647 45.702513 45.665189 45.635929 45.613171 45.595539 45.581831 45.570990 45.562078 45.554233 45.546626 45.538401 45.528617 45.516168 45.499687 45.477426 45.447095 45.405644 45.348954 45.271388 45.165110 45.019011 44.816941 44.534635 44.134073 43.552365 42.678057 41.295656 38.941659 34.488015 24.802074 0.000000 
50.000000 50.000000 50.000000 50.000000 50.000000 50.000000 50.000000 50.000000 50.000000 50.000000 50.000000 50.000000 50.000000 50.000000 50.000000 50.000000 50.000000 50.000000 50.000000 50.000000 50.000000 50.000000 50.000000 50.000000 50.000000 50.000000 50.000000 50.000000 50.000000 50.000000 50.000000 50.000000 50.000000 50.000000 50.000000 50.000000 50.000000 50.000000 50.000000 50.000000 50.000000 50.000000 50.000000 50.000000 50.000000 50.000000 50.000000 50.000000 50.000000 50.000000 
