50.000000 50.000000 50.000000 50.000000 50.000000 50.000000 50.000000 50.000000 50.000000 50.000000 50.000000 50.000000 50.000000 50.000000 50.000000 50.000000 50.000000 50.000000 50.000000 50.000000 50.000000 50.000000 50.000000 50.000000 50.000000 50.000000 50.000000 50.000000 50.000000 50.000000 50.000000 50.000000 50.000000 50.000000 50.000000 50.000000 50.000000 50.000000 50.000000 50.000000 50.000000 50.000000 50.000000 50.000000 50.000000 50.000000 50.000000 50.000000 50.000000 50.000000 
50.000000 49.734348 49.470912 49.211854 48.959226 48.714923 48.480640 48.257837 48.047716 47.851203 47.668942 47.501300 47.348377 47.210026 47.085881 46.975379 46.877799 46.792291 46.717907 46.653634 46.598415 46.551173 46.510830 46.476310 46.446552 46.420497 46.397087 46.375244 46.353842 46.331674 46.307404 46.279505 46.246177 46.205238 46.153976 46.088942 46.005655 45.898162 45.758373 45.574993 45.331769 45.004424 44.555021 43.920858 42.990763 41.549626 39.134415 34.617625 24.867215 0.000000 
50.000000 49.470917 48.946248 48.430298 47.927154 47.440591 46.973984 46.530241 46.111757 45.720374 45.357377 45.023495 44.718929 44.443387 44.196137 43.976062 43.781724 43.611431 43.463298 43.335305 43.225352 43.131296 43.050992 42.982304 42.923121 42.871347 42.824884 42.781600 42.739276 42.695537 42.647763 42.592972 42.527659 42.447599 42.347559 42.220929 42.059171 41.851043 41.581417 41.229463 40.765731 40.147307 39.309427 38.150390 36.503341 34.082047 30.377012 24.473302 14.853461 0.000000 
50.000000 49.211873 48.430322 47.661758 46.912272 46.187483 45.492421 44.831419 44.208042 43.625036 43.084314 42.586963 42.133282 41.722838 41.354540 41.026724 40.737252 40.483603 40.262972 40.072355 39.908624 39.768598 39.649086 39.546920 39.458968 39.382131 39.313311 39.249370 39.187052 39.122894 39.053092 38.973339 38.878610 38.762885 38.618774 38.437016 38.205787 37.909711 37.528433 37.034491 36.390084 35.542042 34.413874 32.893110 30.811444 27.915437 23.831327 18.053864 10.077723 0.000000 
50.000000 48.959275 47.927234 46.912343 45.922642 44.965556 44.047725 43.174870 42.351700 41.581840 40.867817 40.211068 39.611988 39.070005 38.583679 38.150816 37.768594 37.433688 37.142397 36.890759 36.674656 36.489895 36.332276 36.197638 36.081873 35.980921 35.890746 35.807267 35.726280 35.643334 35.553579 35.451565 35.330992 35.184380 35.002646 34.774546 34.485921 34.118666 33.649304 33.046966 32.270524 31.264506 29.953355 28.233719 25.965155 22.962241 18.998159 13.845966 7.410023 0.000000 
50.000000 48.715025 47.440773 46.187696 44.965722 43.784016 42.650778 41.573074 40.556715 39.606179 38.724586 37.913711 37.174042 36.504875 35.904433 35.370010 34.898125 34.484678 34.125105 33.814525 33.547863 33.319960 33.125654 32.959835 32.817473 32.693612 32.583341 32.481724 32.383705 32.283975 32.176798 32.055794 31.913665 31.741849 31.530086 31.265855 30.933651 30.514042 29.982420 29.307361 28.448485 27.353759 25.956294 24.171165 21.893712 19.003001 15.377922 10.938477 5.724766 0.000000 
50.000000 48.480830 46.974336 45.492878 44.048191 42.651112 41.311335 40.037215 38.835620 37.711848 36.669586 35.710933 34.836469 34.045362 33.335514 32.703731 32.145899 31.657180 31.232186 30.865159 30.550117 30.280982 30.051683 29.856219 29.688700 29.543343 29.414441 29.296293 29.183106 29.068847 28.947071 28.810687 28.651690 28.460815 28.227124 27.937492 27.575971 27.123005 26.554463 25.840484 24.944135 23.820013 22.413107 20.658633 18.484304 15.817616 12.601944 8.825317 4.560635 0.000000 
50.000000 48.258163 46.530861 44.832264 43.175828 41.573979 40.037831 38.576964 37.199255 35.910776 34.715758 33.616607 32.613990 31.706956 30.893104 30.168772 29.529254 28.969007 28.481869 28.061252 27.700318 27.392128 27.129761 26.906389 26.715329 26.550044 26.404118 26.271182 26.144820 26.018418 25.884988 25.736950 25.565862 25.362107 25.114518 24.809939 24.432707 23.964060 23.381473 22.657959 21.761418 20.654225 19.293420 17.632125 15.623192 13.226494 10.421203 7.223220 3.704009 0.000000 
50.000000 48.048246 46.112777 44.209473 42.353412 40.558518 38.837243 37.200323 35.656584 34.212832 32.873807 31.642208 30.518784 29.502472 28.590584 27.779025 27.062527 26.434891 25.889226 25.418169 25.014084 24.669232 24.375903 24.126512 23.913652 23.730113 23.568852 23.422933 23.285428 23.149274 23.007107 22.851050 22.672468 22.461689 22.207684 21.897711 21.516923 21.047966 20.470579 19.761271 18.893171 17.836251 16.558206 15.026436 13.211708 11.094045 8.671062 5.967794 3.044955 0.000000 
50.000000 47.852027 45.721978 43.627328 41.584670 39.609329 37.715011 35.913528 34.214597 32.625708 31.152079 29.796681 28.560342 27.441894 26.438385 25.545313 24.756891 24.066308 23.465997 22.947876 22.503572 22.124609 21.802557 21.529138 21.296299 21.096230 20.921350 20.764247 20.617586 20.473981 20.325830 20.165130 19.983253 19.770709 19.516881 19.209752 18.835633 18.378914 17.821877 17.144644 16.325343 15.340660 14.166978 12.782362 11.169642 9.320737 7.241951 4.959283 2.521747 0.000000 
50.000000 47.670187 45.359816 43.087839 40.872259 38.729694 36.675012 34.721027 32.878277 31.154889 29.556522 28.086403 26.745431 25.532343 24.443942 23.475353 22.620309 21.871435 21.220542 20.658889 20.177429 19.767013 19.418555 19.123158 18.872193 18.657326 18.470516 18.303963 18.150022 18.001087 17.849442 17.687093 17.505574 17.295746 17.047593 16.750012 16.390647 15.955753 15.430167 14.797417 14.040062 13.140367 12.081440 10.848957 9.433551 7.833803 6.059489 4.134341 2.097158 0.000000 
50.000000 47.503136 45.027107 42.592227 40.217788 37.921599 35.719597 33.625514 31.650645 29.803699 28.090743 26.515239 25.078151 23.778131 22.611759 21.573817 20.657599 19.855218 19.157916 18.556353 18.040870 17.601709 17.229198 16.913888 16.646640 16.418670 16.221552 16.047173 15.887663 15.735284 15.582302 15.420835 15.242689 15.039191 14.801029 14.518109 14.179449 13.773145 13.286421 12.705837 12.017689 11.208684 10.266949 9.183420 7.953598 6.579552 5.071854 3.450959 1.747368 0.000000 
50.000000 47.351033 44.724170 42.140964 39.621880 37.185816 34.849676 32.628032 30.532867 28.573422 26.756136 25.084681 23.560086 22.180924 20.943571 19.842504 18.870615 18.019555 17.280053 16.642229 16.095872 15.630680 15.236461 14.903276 14.621544 14.382099 14.176191 13.995468 13.831899 13.677688 13.525155 13.366602 13.194177 12.999733 12.774710 12.510031 12.196051 11.822574 11.378959 10.854352 10.238096 9.520329 8.692824 7.750058 6.690456 5.517708 4.241891 2.880121 1.456340 0.000000 
50.000000 47.213807 44.450864 41.733840 39.084260 36.522002 34.064846 31.728120 29.524427 27.463490 25.552081 23.794066 22.190530 20.739977 19.438602 18.280602 17.258516 16.363576 15.586053 14.915584 14.341469 13.852924 13.439295 13.090217 12.795730 12.546339 12.333038 12.147285 11.980948 11.826227 11.675546 11.521436 11.356424 11.172912 10.963084 10.718839 10.431773 10.093217 9.694368 9.226521 8.681434 8.051840 7.332107 6.519035 5.612725 4.617421 3.542156 2.401009 1.212786 0.000000 
50.000000 47.091189 44.206652 41.370054 38.603870 35.928852 33.363563 30.924006 28.623340 26.471716 24.476207 22.640852 20.966784 19.452449 18.093879 16.885026 15.818110 14.883995 14.072546 13.372972 12.774140 12.264844 11.834027 11.470957 11.165346 10.907429 10.687988 10.498343 10.330306 10.176108 10.028308 9.879695 9.723180 9.551702 9.358157 9.135343 8.875963 8.572677 8.218225 7.805645 7.328577 6.781679 6.161135 5.465233 4.694962 3.854541 2.951782 1.998153 1.008444 0.000000 
50.000000 46.982744 43.990666 41.048316 38.179005 35.404260 32.743338 30.212836 27.826407 25.594580 23.524695 21.620942 19.884502 18.313764 16.904622 15.650808 14.544266 13.575535 12.734121 12.008862 11.388247 10.860700 10.414818 10.039552 9.724340 9.459191 9.234719 9.042145 8.873255 8.720337 8.576106 8.433608 8.286129 8.127119 7.950121 7.748738 7.516641 7.247612 6.935667 6.575228 6.161381 5.690194 5.159102 4.567316 3.916230 3.209748 2.454476 1.659693 0.837052 0.000000 
50.000000 46.887909 43.801787 40.766956 37.807462 34.945507 32.200953 29.590921 27.129494 24.827532 22.692607 20.729045 18.938064 17.318011 15.864653 14.571535 13.430359 12.431381 11.563800 10.816127 10.176527 9.633106 9.174165 8.788386 8.464977 8.193761 7.965223 7.770512 7.601410 7.450281 7.309996 7.173851 7.035486 6.888812 6.727951 6.547210 6.341079 6.104279 5.831856 5.519321 5.162855 4.759548 4.307681 3.807018 3.259071 2.667301 2.037215 1.376291 0.693726 0.000000 
50.000000 46.806033 43.638721 40.524048 37.486695 34.549447 31.732692 29.054000 26.527824 24.165313 21.974239 19.959044 18.120981 16.458357 14.966834 13.639795 12.468734 11.443665 10.553521 9.786538 9.130601 8.573548 8.103427 7.708696 7.378373 7.102130 6.870350 6.674134 6.505278 6.356224 6.219997 6.090125 5.960568 5.825644 5.679981 5.518483 5.336328 5.129003 4.892375 4.622803 4.317287 3.973649 3.590737 3.168622 2.708776 2.214189 1.689404 1.140438 0.574568 0.000000 
50.000000 46.736421 43.500077 40.317521 37.213969 34.212707 31.334564 28.597496 26.016270 23.602280 21.363469 19.304376 17.426286 15.727472 14.203507 12.847637 11.651180 10.603945 9.694641 8.911272 8.241487 7.672901 7.193350 6.791108 6.455034 6.174682 5.940356 5.743127 5.574811 5.427930 5.295651 5.171711 5.050349 4.926237 4.794430 4.650332 4.489684 4.308592 4.103567 3.871617 3.610352 3.318114 2.994121 2.638599 2.252900 1.839564 1.402321 0.946013 0.476418 0.000000 
50.000000 46.678365 43.384449 40.145278 36.986519 33.931869 31.002529 28.216775 25.589640 23.132717 20.854095 18.758394 16.846924 15.117932 13.566916 12.187008 10.969380 9.903672 8.978408 8.181397 7.500097 6.921935 6.434578 6.026146 5.685373 5.401719 5.165429 4.967553 4.799934 4.655170 4.526550 4.407994 4.293979 4.179474 4.059890 3.931036 3.789110 3.630701 3.452825 3.252979 3.029221 2.780257 2.505541 2.205367 1.880932 1.534375 1.168759 0.787992 0.396696 0.000000 
50.000000 46.631185 43.290484 40.005306 36.801681 33.703646 30.732702 27.907384 25.242940 22.751130 20.440155 18.314706 16.376113 14.622599 13.049603 11.650166 10.415342 9.334632 8.396411 7.588332 6.897697 6.311786 5.818126 5.404717 5.060196 4.773948 4.536174 4.337913 4.171036 4.028203 3.902813 3.788936 3.681246 3.574955 3.465756 3.349786 3.223596 3.084154 2.928855 2.755564 2.562659 2.349100 2.114490 1.859135 1.584078 1.291120 0.982788 0.662270 0.333299 0.000000 
50.000000 46.594263 43.216949 39.895765 36.657031 33.525042 30.521540 27.665261 24.971620 22.452507 20.116215 17.967487 16.007668 14.234966 12.644772 11.230056 9.981778 8.889334 7.940982 7.124253 6.426330 5.834375 5.335811 4.918544 4.571135 4.282916 4.044055 3.845586 3.679403 3.538221 3.415525 3.305506 3.202994 3.103389 3.002606 2.897030 2.783482 2.659212 2.521898 2.369666 2.201127 2.015408 1.812205 1.591808 1.355127 1.103689 0.839611 0.565536 0.284539 0.000000 
50.000000 46.567068 43.162785 39.815082 36.550486 33.393490 30.366006 27.486922 24.771776 22.232554 19.877615 17.711740 15.736289 13.949454 12.346595 10.920626 9.662442 8.561360 7.605551 6.782458 6.079176 5.482782 4.980621 4.560534 4.211026 3.921389 3.681771 3.483204 3.317599 3.177713 3.057098 2.950035 2.851468 2.756936 2.662516 2.564772 2.460720 2.347810 2.223916 2.087349 1.936872 1.771728 1.591662 1.396942 1.188370 0.967273 0.735466 0.495205 0.249097 0.000000 
50.000000 46.549180 43.127159 39.762013 36.480407 33.306961 30.263703 27.369619 24.640328 22.087879 19.720675 17.543523 15.557789 13.761659 12.150470 10.717101 9.452402 8.345640 7.384929 6.557654 5.850851 5.251543 4.747025 4.325093 3.974217 3.683665 3.443570 3.244964 3.079771 2.940777 2.821576 2.716511 2.620600 2.529475 2.439316 2.346806 2.249086 2.143732 2.028745 1.902550 1.764008 1.612425 1.447576 1.269710 1.079554 0.878299 0.667569 0.449367 0.226002 0.000000 
50.000000 46.540311 43.109493 39.735697 36.445656 33.264054 30.212974 27.311452 24.575148 22.016139 19.642854 17.460109 15.469277 13.668539 12.053219 10.616180 9.348252 8.238673 7.275532 6.446185 5.737637 5.136887 4.631202 4.208358 3.856808 3.565807 3.325482 3.126864 2.961885 2.823344 2.704859 2.600800 2.506225 2.416810 2.328788 2.238898 2.144342 2.042759 1.932213 1.811182 1.678571 1.533721 1.376417 1.206897 1.025850 0.834402 0.634079 0.426761 0.214614 0.000000 
50.000000 46.540311 43.109493 39.735697 36.445656 33.264054 30.212974 27.311452 24.575148 22.016139 19.642854 17.460109 15.469277 13.668539 12.053219 10.616180 9.348252 8.238673 7.275532 6.446185 5.737637 5.136887 4.631202 4.208358 3.856808 3.565807 3.325482 3.126864 2.961885 2.823344 2.704859 2.600800 2.506225 2.416810 2.328788 2.238898 2.144342 2.042759 1.932213 1.811182 1.678571 1.533721 1.376417 1.206897 1.025850 0.834402 0.634079 0.426761 0.214614 0.000000 
50.000000 46.549180 43.127159 39.762013 36.480407 33.306961 30.263703 27.369619 24.640328 22.087879 19.720675 17.543523 15.557789 13.761659 12.150470 10.717101 9.452402 8.345640 7.384929 6.557654 5.850851 5.251543 4.747025 4.325093 3.974217 3.683665 3.443570 3.244964 3.079771 2.940777 2.821576 2.716511 2.620600 2.529475 2.439316 2.346806 2.249086 2.143732 2.028745 1.902550 1.764008 1.612425 1.447576 1.269710 1.079554 0.878299 0.667569 0.449367 0.226002 0.000000 
50.000000 46.567068 43.162785 39.815082 36.550486 33.393490 30.366006 27.486922 24.771776 22.232554 19.877615 17.711740 15.736289 13.949454 12.346595 10.920626 9.662442 8.561360 7.605551 6.782458 6.079176 5.482782 4.980621 4.560534 4.211026 3.921389 3.681771 3.483204 3.317599 3.177713 3.057098 2.950035 2.851468 2.756936 2.662516 2.564772 2.460720 2.347810 2.223916 2.087349 1.936872 1.771728 1.591662 1.396942 1.188370 0.967273 0.735466 0.495205 0.249097 0.000000 
50.000000 46.594263 43.216949 39.895765 36.657031 33.525042 30.521540 27.665261 24.971620 22.452507 20.116215 17.967487 16.007668 14.234966 12.644772 11.230056 9.981778 8.889334 7.940982 7.124253 6.426330 5.834375 5.335811 4.918544 4.571135 4.282916 4.044055 3.845586 3.679403 3.538221 3.415525 3.305506 3.202994 3.103389 3.002606 2.897030 2.783482 2.659212 2.521898 2.369666 2.201127 2.015408 1.812205 1.591808 1.355127 1.103689 0.839611 0.565536 0.284539 0.000000 
50.000000 46.631185 43.290484 40.005306 36.801681 33.703646 30.732702 27.907384 25.242940 22.751130 20.440155 18.314706 16.376113 14.622599 13.049603 11.650166 10.415342 9.334632 8.396411 7.588332 6.897697 6.311786 5.818126 5.404717 5.060196 4.773948 4.536174 4.337913 4.171036 4.028203 3.902813 3.788936 3.681246 3.574955 3.465756 3.349786 3.223596 3.084154 2.928855 2.755564 2.562659 2.349100 2.114490 1.859135 1.584078 1.291120 0.982788 0.662270 0.333299 0.000000 
50.000000 46.678365 43.384449 40.145278 36.986519 33.931869 31.002529 28.216775 25.589640 23.132717 20.854095 18.758394 16.846924 15.117932 13.566916 12.187008 10.969380 9.903672 8.978408 8.181397 7.500097 6.921935 6.434578 6.026146 5.685373 5.401719 5.165429 4.967553 4.799934 4.655170 4.526550 4.407994 4.293979 4.179474 4.059890 3.931036 3.789110 3.630701 3.452825 3.252979 3.029221 2.780257 2.505541 2.205367 1.880932 1.534375 1.168759 0.787992 0.396696 0.000000 
50.000000 46.736421 43.500077 40.317521 37.213969 34.212707 31.334564 28.597496 26.016270 23.602280 21.363469 19.304376 17.426286 15.727472 14.203507 12.847637 11.651180 10.603945 9.694641 8.911272 8.241487 7.672901 7.193350 6.791108 6.455034 6.174682 5.940356 5.743127 5.574811 5.427930 5.295651 5.171711 5.050349 4.926237 4.794430 4.650332 4.489684 4.308592 4.103567 3.871617 3.610352 3.318114 2.994121 2.638599 2.252900 1.839564 1.402321 0.946013 0.476418 0.000000 
50.000000 46.806033 43.638721 40.524048 37.486695 34.549447 31.732692 29.054000 26.527824 24.165313 21.974239 19.959044 18.120981 16.458357 14.966834 13.639795 12.468734 11.443665 10.553521 9.786538 9.130601 8.573548 8.103427 7.708696 7.378373 7.102130 6.870350 6.674134 6.505278 6.356224 6.219997 6.090125 5.960568 5.825644 5.679981 5.518483 5.336328 5.129003 4.892375 4.622803 4.317287 3.973649 3.590737 3.168622 2.708776 2.214189 1.689404 1.140438 0.574568 0.000000 
50.000000 46.887909 43.801787 40.766956 37.807462 34.945507 32.200953 29.590921 27.129494 24.827532 22.692607 20.729045 18.938064 17.318011 15.864653 14.571535 13.430359 12.431381 11.563800 10.816127 10.176527 9.633106 9.174165 8.788386 8.464977 8.193761 7.965223 7.770512 7.601410 7.450281 7.309996 7.173851 7.035486 6.888812 6.727951 6.547210 6.341079 6.104279 5.831856 5.519321 5.162855 4.759548 4.307681 3.807018 3.259071 2.667301 2.037215 1.376291 0.693726 0.000000 
50.000000 46.982744 43.990666 41.048316 38.179005 35.404260 32.743338 30.212836 27.826407 25.594580 23.524695 21.620942 19.884502 18.313764 16.904622 15.650808 14.544266 13.575535 12.734121 12.008862 11.388247 10.860700 10.414818 10.039552 9.724340 9.459191 9.234719 9.042145 8.873255 8.720337 8.576106 8.433608 8.286129 8.127119 7.950121 7.748738 7.516641 7.247612 6.935667 6.575228 6.161381 5.690194 5.159102 4.567316 3.916230 3.209748 2.454476 1.659693 0.837052 0.000000 
50.000000 47.091189 44.206652 41.370054 38.603870 35.928852 33.363563 30.924006 28.623340 26.471716 24.476207 22.640852 20.966784 19.452449 18.093879 16.885026 15.818110 14.883995 14.072546 13.372972 12.774140 12.264844 11.834027 11.470957 11.165346 10.907429 10.687988 10.498343 10.330306 10.176108 10.028308 9.879695 9.723180 9.551702 9.358157 9.135343 8.875963 8.572677 8.218225 7.805645 7.328577 6.781679 6.161135 5.465233 4.694962 3.854541 2.951782 1.998153 1.008444 0.000000 
50.000000 47.213807 44.450864 41.733840 39.084260 36.522002 34.064846 31.728120 29.524427 27.463490 25.552081 23.794066 22.190530 20.739977 19.438602 18.280602 17.258516 16.363576 15.586053 14.915584 14.341469 13.852924 13.439295 13.090217 12.795730 12.546339 12.333038 12.147285 11.980948 11.826227 11.675546 11.521436 11.356424 11.172912 10.963084 10.718839 10.431773 10.093217 9.694368 9.226521 8.681434 8.051840 7.332107 6.519035 5.612725 4.617421 3.542156 2.401009 1.212786 0.000000 
50.000000 47.351033 44.724170 42.140964 39.621880 37.185816 34.849676 32.628032 30.532867 28.573422 26.756136 25.084681 23.560086 22.180924 20.943571 19.842504 18.870615 18.019555 17.280053 16.642229 16.095872 15.630680 15.236461 14.903276 14.621544 14.382099 14.176191 13.995468 13.831899 13.677688 13.525155 13.366602 13.194177 12.999733 12.774710 12.510031 12.196051 11.822574 11.378959 10.854352 10.238096 9.520329 8.692824 7.750058 6.690456 5.517708 4.241891 2.880121 1.456340 0.000000 
50.000000 47.503136 45.027107 42.592227 40.217788 37.921599 35.719597 33.625514 31.650645 29.803699 28.090743 26.515239 25.078151 23.778131 22.611759 21.573817 20.657599 19.855218 19.157916 18.556353 18.040870 17.601709 17.229198 16.913888 16.646640 16.418670 16.221552 16.047173 15.887663 15.735284 15.582302 15.420835 15.242689 15.039191 14.801029 14.518109 14.179449 13.773145 13.286421 12.705837 12.017689 11.208684 10.266949 9.183420 7.953598 6.579552 5.071854 3.450959 1.747368 0.000000 
50.000000 47.670187 45.359816 43.087839 40.872259 38.729694 36.675012 34.721027 32.878277 31.154889 29.556522 28.086403 26.745431 25.532343 24.443942 23.475353 22.620309 21.871435 21.220542 20.658889 20.177429 19.767013 19.418555 19.123158 18.872193 18.657326 18.470516 18.303963 18.150022 18.001087 17.849442 17.687093 17.505574 17.295746 17.047593 16.750012 16.390647 15.955753 15.430167 14.797417 14.040062 13.140367 12.081440 10.848957 9.433551 7.833803 6.059489 4.134341 2.097158 0.000000 
50.000000 47.852027 45.721978 43.627328 41.584670 39.609329 37.715011 35.913528 34.214597 32.625708 31.152079 29.796681 28.560342 27.441894 26.438385 25.545313 24.756891 24.066308 23.465997 22.947876 22.503572 22.124609 21.802557 21.529138 21.296299 21.096230 20.921350 20.764247 20.617586 20.473981 20.325830 20.165130 19.983253 19.770709 19.516881 19.209752 18.835633 18.378914 17.821877 17.144644 16.325343 15.340660 14.166978 12.782362 11.169642 9.320737 7.241951 4.959283 2.521747 0.000000 
50.000000 48.048246 46.112777 44.209473 42.353412 40.558518 38.837243 37.200323 35.656584 34.212832 32.873807 31.642208 30.518784 29.502472 28.590584 27.779025 27.062527 26.434891 25.889226 25.418169 25.014084 24.669232 24.375903 24.126512 23.913652 23.730113 23.568852 23.422933 23.285428 23.149274 23.007107 22.851050 22.672468 22.461689 22.207684 21.897711 21.516923 21.047966 20.470579 19.761271 18.893171 17.836251 16.558206 15.026436 13.211708 11.094045 8.671062 5.967794 3.044955 0.000000 
50.000000 48.258163 46.530861 44.832264 43.175828 41.573979 40.037831 38.576964 37.199255 35.910776 34.715758 33.616607 32.613990 31.706956 30.893104 30.168772 29.529254 28.969007 28.481869 28.061252 27.700318 27.392128 27.129761 26.906389 26.715329 26.550044 26.404118 26.271182 26.144820 26.018418 25.884988 25.736950 25.565862 25.362107 25.114518 24.809939 24.432707 23.964060 23.381473 22.657959 21.761418 20.654225 19.293420 17.632125 15.623192 13.226494 10.421203 7.223220 3.704009 0.000000 
50.000000 48.480830 46.974336 45.492878 44.048191 42.651112 41.311335 40.037215 38.835620 37.711848 36.669586 35.710933 34.836469 34.045362 33.335514 32.703731 32.145899 31.657180 31.232186 30.865159 30.550117 30.280982 30.051683 29.856219 29.688700 29.543343 29.414441 29.296293 29.183106 29.068847 28.947071 28.810687 28.651690 28.460815 28.227124 27.937492 27.575971 27.123005 26.554463 25.840484 24.944135 23.820013 22.413107 20.658633 18.484304 15.817616 12.601944 8.825317 4.560635 0.000000 
50.000000 48.715025 47.440773 46.187696 44.965722 43.784016 42.650778 41.573074 40.556715 39.606179 38.724586 37.913711 37.174042 36.504875 35.904433 35.370010 34.898125 34.484678 34.125105 33.814525 33.547863 33.319960 33.125654 32.959835 32.817473 32.693612 32.583341 32.481724 32.383705 32.283975 32.176798 32.055794 31.913665 31.741849 31.530086 31.265855 30.933651 30.514042 29.982420 29.307361 28.448485 27.353759 25.956294 24.171165 21.893712 19.003001 15.377922 10.938477 5.724766 0.000000 
50.000000 48.959275 47.927234 46.912343 45.922642 44.965556 44.047725 43.174870 42.351700 41.581840 40.867817 40.211068 39.611988 39.070005 38.583679 38.150816 37.768594 37.433688 37.142397 36.890759 36.674656 36.489895 36.332276 36.197638 36.081873 35.980921 35.890746 35.807267 35.726280 35.643334 35.553579 35.451565 35.330992 35.184380 35.002646 34.774546 34.485921 34.118666 33.649304 33.046966 32.270524 31.264506 29.953355 28.233719 25.965155 22.962241 18.998159 13.845966 7.410023 0.000000 
50.000000 49.211873 48.430322 47.661758 46.912272 46.187483 45.492421 44.831419 44.208042 43.625036 43.084314 42.586963 42.133282 41.722838 41.354540 41.026724 40.737252 40.483603 40.262972 40.072355 39.908624 39.768598 39.649086 39.546920 39.458968 39.382131 39.313311 39.249370 39.187052 39.122894 39.053092 38.973339 38.878610 38.762885 38.618774 38.437016 38.205787 37.909711 37.528433 37.034491 36.390084 35.542042 34.413874 32.893110 30.811444 27.915437 23.831327 18.053864 10.077723 0.000000 
50.000000 49.470917 48.946248 48.430298 47.927154 47.440591 46.973984 46.530241 46.111757 45.720374 45.357377 45.023495 44.718929 44.443387 44.196137 43.976062 43.781724 43.611431 43.463298 43.335305 43.225352 43.131296 43.050992 42.982304 42.923121 42.871347 42.824884 42.781600 42.739276 42.695537 42.647763 42.592972 42.527659 42.447599 42.347559 42.220929 42.059171 41.851043 41.581417 41.229463 40.765731 40.147307 39.309427 38.150390 36.503341 34.082047 30.377012 24.473302 14.853461 0.000000 
50.000000 49.734348 49.470912 49.211854 48.959226 48.714923 48.480640 48.257837 48.047716 47.851203 47.668942 47.501300 47.348377 47.210026 47.085881 46.975379 46.877799 46.792291 46.717907 46.653634 46.598415 46.551173 46.510830 46.476310 46.446552 46.420497 46.397087 46.375244 46.353842 46.331674 46.307404 46.279505 46.246177 46.205238 46.153976 46.088942 46.005655 45.898162 45.758373 45.574993 45.331769 45.004424 44.555021 43.920858 42.990763 41.549626 39.134415 34.617625 24.867215 0.000000 
50.000000 50.000000 50.000000 50.000000 50.000000 50.000000 50.000000 50.000000 50.000000 50.000000 50.000000 50.000000 50.000000 50.000000 50.000000 50.000000 50.000000 50.000000 50.000000 50.000000 50.000000 50.000000 50.000000 50.000000 50.000000 50.000000 50.000000 50.000000 50.000000 50.000000 50.000000 50.000000 50.000000 50.000000 50.000000 50.000000 50.000000 50.000000 50.000000 50.000000 50.000000 50.000000 50.000000 50.000000 50.000000 50.000000 50.000000 50.000000 50.000000 50.000000 
