50.000000 50.000000 50.000000 50.000000 50.000000 50.000000 50.000000 50.000000 50.000000 50.000000 50.000000 50.000000 50.000000 50.000000 50.000000 50.000000 50.000000 50.000000 50.000000 50.000000 50.000000 50.000000 50.000000 50.000000 50.000000 50.000000 50.000000 50.000000 50.000000 50.000000 50.000000 50.000000 50.000000 50.000000 50.000000 50.000000 50.000000 50.000000 50.000000 50.000000 50.000000 50.000000 50.000000 50.000000 50.000000 50.000000 50.000000 50.000000 50.000000 50.000000 
50.000000 49.839095 49.679001 49.520518 49.364418 49.211438 49.062266 48.917533 48.777804 48.643567 48.515235 48.393136 48.277509 48.168511 48.066209 47.970585 47.881537 47.798885 47.722371 47.651661 47.586354 47.525978 47.469994 47.417795 47.368704 47.321968 47.276748 47.232106 47.186987 47.140190 47.090330 47.035791 46.974651 46.904585 46.822733 46.725497 46.608260 46.464955 46.287404 46.064263 45.779265 45.408164 44.913098 44.231483 43.252311 41.760675 39.293781 34.724391 24.920756 0.000000 
50.000000 49.679053 49.359724 49.043607 48.732245 48.427106 48.129564 47.840876 47.562169 47.294420 47.038449 46.794910 46.564285 46.346884 46.142842 45.952124 45.774530 45.609700 45.457120 45.316130 45.185931 45.065584 44.954022 44.850041 44.752297 44.659300 44.569390 44.480716 44.391200 44.298478 44.199837 44.092114 43.971564 43.833679 43.672930 43.482412 43.253317 42.974174 42.629683 42.198911 41.652383 40.947242 40.018874 38.765813 37.021524 34.500176 30.692743 24.684822 14.959534 0.000000 
50.000000 49.520726 49.043869 48.571808 48.106848 47.651182 47.206861 46.775765 46.359573 45.959748 45.577514 45.213849 44.869475 44.544853 44.240188 43.955431 43.690286 43.444217 43.216463 43.006044 42.811773 42.632261 42.465923 42.310979 42.165444 42.027117 41.893556 41.762043 41.629535 41.492584 41.347251 41.188961 41.012334 40.810930 40.576918 40.300602 39.969754 39.568658 39.076702 38.466269 37.699517 36.723362 35.461528 33.801890 31.576615 28.532851 24.297533 18.366189 10.234346 0.000000 
50.000000 49.364944 48.733091 48.107594 47.491505 46.887734 46.298998 45.727786 45.176328 44.646559 44.140105 43.658263 43.201989 42.771901 42.368270 41.991037 41.639813 41.313897 41.012288 40.733699 40.476569 40.239076 40.019143 39.814439 39.622370 39.440069 39.264364 39.091734 38.918253 38.739501 38.550446 38.345294 38.117274 37.858359 37.558885 37.207034 36.788116 36.283580 35.669605 34.915117 33.978928 32.805673 31.320073 29.419221 26.963285 23.767609 19.606274 14.253354 7.614317 0.000000 
50.000000 49.212505 48.428983 47.653343 46.889373 46.140677 45.410629 44.702315 44.018501 43.361590 42.733598 42.136136 41.570395 41.037141 40.536720 40.069060 39.633691 39.229752 38.856014 38.510898 38.192490 37.898558 37.626560 37.373648 37.136665 36.912125 36.696190 36.484619 36.272704 36.055176 35.826084 35.578625 35.304928 34.995759 34.640146 34.224860 33.733749 33.146824 32.439055 31.578756 30.525471 29.227288 27.617647 25.612159 23.106901 19.981861 16.117018 11.433603 5.973055 0.000000 
50.000000 49.064168 48.133057 47.211314 46.303441 45.413723 44.546168 43.704449 42.891849 42.111230 41.364990 40.655045 39.982815 39.349217 38.754668 38.199093 37.681942 37.202207 36.758448 36.348809 35.971046 35.622542 35.300324 35.001069 34.721102 34.456380 34.202471 33.954500 33.707089 33.454265 33.189331 32.904706 32.591713 32.240303 31.838701 31.372952 30.826342 30.178659 29.405272 28.476004 27.353820 25.993451 24.340253 22.330056 19.891418 16.952895 13.459117 9.399531 4.848580 0.000000 
50.000000 48.920639 47.846724 46.783616 45.736508 44.710343 43.709746 42.738953 41.801756 40.901455 40.040821 39.222069 38.446842 37.716205 37.030647 36.390093 35.793925 35.240999 34.729674 34.257843 33.822953 33.422036 33.051722 32.708255 32.387496 32.084908 31.795540 31.513979 31.234293 30.949942 30.653664 30.337325 29.991723 29.606352 29.169094 28.665847 28.080074 27.392263 26.579311 25.613860 24.463682 23.091286 21.454114 19.505957 17.200606 14.499108 11.382030 7.866853 4.026760 0.000000 
50.000000 48.782572 47.571289 46.372196 45.191153 44.033737 42.905166 41.810220 40.753179 39.737769 38.767119 37.843733 36.969471 36.145542 35.372511 34.650308 33.978251 33.355075 32.778957 32.247556 31.758041 31.307120 30.891067 30.505739 30.146585 29.808641 29.486512 29.174341 28.865754 28.553782 28.230765 27.888218 27.516670 27.105463 26.642512 26.114025 25.504181 24.794785 23.964923 22.990681 21.845030 20.498066 18.917904 17.072664 14.934115 12.483552 9.720097 6.670492 3.397318 0.000000 
50.000000 48.650560 47.307932 45.978819 44.669716 43.386809 42.135882 40.922237 39.750621 38.625167 37.549350 36.525951 35.557041 34.643971 33.787378 32.987204 32.242714 31.552530 30.914669 30.326578 29.785170 29.286867 28.827624 28.402956 28.007955 27.637291 27.285204 26.945480 26.611405 26.275711 25.930486 25.567072 25.175937 24.746519 24.267053 23.724377 23.103734 22.388590 21.560505 20.599122 19.482375 18.187062 16.689993 14.969978 13.010902 10.806022 8.363236 5.710350 2.898355 0.000000 
50.000000 48.525131 47.057707 45.605059 44.174285 42.772149 41.404974 40.078558 38.798093 37.568102 36.392387 35.273997 34.215204 33.217496 32.281587 31.407430 30.594246 29.840562 29.144248 28.502560 27.912189 27.369296 26.869559 26.408195 25.979992 25.579313 25.200103 24.835872 24.479664 24.124015 23.760891 23.381605 22.976728 22.535979 22.048106 21.500780 20.880489 20.172491 19.360830 18.428505 17.357840 16.131190 14.732084 13.146958 11.367527 9.393756 7.237071 4.923084 2.492649 0.000000 
50.000000 48.406748 46.821540 45.252297 43.706690 42.192025 40.715139 39.282297 37.899111 36.570474 35.300499 34.092488 32.948906 31.871375 30.860681 29.916795 29.038905 28.225450 27.474173 26.782163 26.145911 25.561354 25.023924 24.528588 24.069874 23.641898 23.238370 22.852597 22.477461 22.105396 21.728346 21.337707 20.924273 20.478164 19.988765 19.444673 18.833684 18.142819 17.358449 16.466550 15.453144 14.304995 13.010638 11.561764 9.954968 8.193721 6.290281 4.267022 2.156546 0.000000 
50.000000 48.295809 46.600224 44.921719 43.268501 41.648389 40.068696 38.536129 37.056695 35.635633 34.277350 32.985386 31.762390 30.610111 29.529409 28.520275 27.581869 26.712559 25.909973 25.171057 24.492126 23.868924 23.296673 22.770125 22.283597 21.831005 21.405882 21.001391 20.610322 20.225078 19.837657 19.439622 19.022067 18.575585 18.090251 17.555615 16.960742 16.294299 15.544731 14.700548 13.750773 12.685567 11.497086 10.180542 8.735449 7.166898 5.486660 3.713783 1.874328 0.000000 
50.000000 48.192648 46.394426 44.614321 42.861039 41.142876 39.467591 37.842300 36.273379 34.766388 33.326012 31.956013 30.659212 29.437480 28.291748 27.222031 26.227467 25.306364 24.456254 23.673956 22.955634 22.296867 21.692699 21.137704 20.626026 20.151425 19.707305 19.286737 18.882469 18.486930 18.092231 17.690148 17.272123 16.829254 16.352310 15.831762 15.257855 14.620725 13.910603 13.118095 12.234592 11.252811 10.167465 8.976065 7.679772 6.284217 4.800109 3.243452 1.635163 0.000000 
50.000000 48.097540 46.204692 44.330918 42.485386 40.676829 38.913418 37.202648 35.551236 33.965041 32.449001 31.007087 29.642280 28.356566 27.150943 26.025454 24.979221 24.010502 23.116747 22.294667 21.540298 20.849078 20.215903 19.635199 19.100974 18.606869 18.146196 17.711975 17.296954 16.893629 16.494254 16.090854 15.675231 15.238990 14.773565 14.270282 13.720440 13.115455 12.447049 11.707520 10.890097 9.989374 9.001841 7.926456 6.765232 5.523740 4.211437 2.841682 1.431350 0.000000 
50.000000 48.010702 46.031456 44.072160 42.142401 40.251313 38.407445 36.618637 34.891917 33.233419 31.648314 30.140764 28.713898 27.369810 26.109562 24.933224 23.839909 22.827834 21.894381 21.036167 20.249125 19.528569 18.869277 18.265555 17.711302 17.200071 16.725117 16.279436 15.855808 15.446817 15.044886 14.642293 14.231203 13.803699 13.351834 12.867696 12.343510 11.771770 11.145425 10.458113 9.704458 8.880421 7.983692 7.014108 5.974037 4.868690 3.706271 2.497902 1.257274 0.000000 
50.000000 47.932302 45.875054 43.838545 41.832744 39.867148 37.950645 36.091387 34.296687 32.572924 30.925481 29.358694 27.875830 26.479078 25.169563 23.947381 22.811641 21.760526 20.791362 19.900691 19.084353 18.337568 17.655011 17.030894 16.459035 15.932921 15.445772 14.990588 14.560194 14.147283 13.744448 13.344219 12.939103 12.521626 12.084392 11.620162 11.121944 10.583131 9.997658 9.360212 8.666462 7.913344 7.099346 6.224801 5.292144 4.306088 3.273678 2.204175 1.108754 0.000000 
50.000000 47.862462 45.735730 43.630442 41.556904 39.524937 37.543734 35.621725 33.766474 31.984583 30.281624 28.662089 27.129366 25.685733 24.332373 23.069407 21.895943 20.810139 19.809272 18.889825 18.047562 17.277623 16.574604 15.932640 15.345487 14.806590 14.309150 13.846184 13.410579 12.995134 12.592613 12.195783 11.797463 11.390576 10.968210 10.523696 10.050701 9.543351 8.996364 8.405232 7.766401 7.077490 6.337503 5.547026 4.708396 3.825791 2.905230 1.954446 0.982622 0.000000 
50.000000 47.801270 45.613656 43.448104 41.315217 39.225100 37.187209 35.210223 33.301925 31.469111 29.717521 28.051784 26.475395 24.990713 23.598970 22.300314 21.093852 19.977724 18.949169 18.004619 17.139779 16.349722 15.628983 14.971637 14.371395 13.821673 13.315668 12.846423 12.406885 11.989965 11.588583 11.195721 10.804477 10.408117 10.000142 9.574363 9.124987 8.646724 8.134911 7.585647 6.995948 6.363908 5.688847 4.971457 4.213893 3.419819 2.594374 1.744046 0.876447 0.000000 
50.000000 47.748780 45.508944 43.291698 41.107903 38.967906 36.881393 34.857251 32.903455 31.026968 29.233671 27.528315 25.914487 24.394613 22.969973 21.640735 20.406012 19.263926 18.211689 17.245691 16.361590 15.554408 14.818628 14.148285 13.537052 12.978329 12.465318 11.991090 11.548657 11.131026 10.731260 10.342531 9.958174 9.571748 9.177098 8.768426 8.340374 7.888114 7.407457 6.894959 6.348047 5.765136 5.145738 4.490555 3.801534 3.081877 2.335986 1.569351 0.788350 0.000000 
50.000000 47.705025 45.421656 43.161320 40.935089 38.753513 36.626470 34.563023 32.571302 30.658414 28.830359 27.091984 25.446958 23.897765 22.445721 21.091016 19.832766 18.669082 17.597153 16.613338 15.713258 14.891894 14.143693 13.462654 12.842430 12.276410 11.757801 11.279708 10.835198 10.417367 10.019398 9.634623 9.256576 8.879054 8.496181 8.102471 7.692907 7.263019 6.808973 6.327664 5.816810 5.275040 4.701972 4.098273 3.465686 2.807014 2.126068 1.427547 0.716877 0.000000 
50.000000 47.670019 45.351823 43.057014 40.796833 38.581995 36.422529 34.327637 32.305579 30.363573 28.507714 26.742930 25.072953 23.500313 22.026359 20.651296 19.374244 18.193308 17.105659 16.107632 15.194819 14.362174 13.604112 12.914611 12.287307 11.715583 11.192658 10.711663 10.265714 9.847978 9.451739 9.070457 8.697825 8.327826 7.954801 7.573505 7.179179 6.767618 6.335253 5.879220 5.397437 4.888674 4.352603 3.789836 3.201936 2.591386 1.961532 1.316472 0.660915 0.000000 
50.000000 47.643769 45.299455 42.978794 40.693155 38.453373 36.269592 34.151121 32.106315 30.142474 28.265768 26.481183 24.792500 23.202283 21.711906 20.321587 19.030449 17.836590 16.737172 15.728512 14.806181 13.965113 13.199703 12.503912 11.871365 11.295444 10.769377 10.286317 9.839418 9.421903 9.027132 8.648661 8.280300 7.916172 7.550776 7.179040 6.796391 6.398815 5.982924 5.546020 5.086155 4.602186 4.093809 3.561583 3.006926 2.432081 1.840051 1.234502 0.619630 0.000000 
50.000000 47.626271 45.264549 42.926656 40.624048 38.367640 36.167653 34.033465 31.973497 29.995103 28.104501 26.306720 24.605570 23.003641 21.502320 20.101837 18.801315 17.598851 16.491599 15.475862 14.547203 13.700538 12.930252 12.230294 11.594285 11.015605 10.487489 10.003106 9.555635 9.138339 8.744628 8.368120 8.002705 7.642599 7.282401 6.917155 6.542406 6.154262 5.749449 5.325374 4.880171 4.412744 3.922800 3.410856 2.878230 2.327004 1.759959 1.180478 0.592425 0.000000 
50.000000 47.617523 45.247099 42.900591 40.589499 38.324779 36.116689 33.974645 31.907096 29.921427 28.023880 26.219502 24.512120 22.904336 21.397546 19.991982 18.686772 17.480008 16.368841 15.349571 14.417751 13.568294 12.795577 12.093545 11.455814 10.875767 10.346640 9.861611 9.413874 8.996708 8.603550 8.228051 7.864140 7.506075 7.148510 6.786543 6.415778 6.032381 5.633136 5.215497 4.777637 4.318485 3.837747 3.335920 2.814270 2.274799 1.720177 1.153649 0.578916 0.000000 
50.000000 47.617523 45.247099 42.900591 40.589499 38.324779 36.116689 33.974645 31.907096 29.921427 28.023880 26.219502 24.512120 22.904336 21.397546 19.991982 18.686772 17.480008 16.368841 15.349571 14.417751 13.568294 12.795577 12.093545 11.455814 10.875767 10.346640 9.861611 9.413874 8.996708 8.603550 8.228051 7.864140 7.506075 7.148510 6.786543 6.415778 6.032381 5.633136 5.215497 4.777637 4.318485 3.837747 3.335920 2.814270 2.274799 1.720177 1.153649 0.578916 0.000000 
50.000000 47.626271 45.264549 42.926656 40.624048 38.367640 36.167653 34.033465 31.973497 29.995103 28.104501 26.306720 24.605570 23.003641 21.502320 20.101837 18.801315 17.598851 16.491599 15.475862 14.547203 13.700538 12.930252 12.230294 11.594285 11.015605 10.487489 10.003106 9.555635 9.138339 8.744628 8.368120 8.002705 7.642599 7.282401 6.917155 6.542406 6.154262 5.749449 5.325374 4.880171 4.412744 3.922800 3.410856 2.878230 2.327004 1.759959 1.180478 0.592425 0.000000 
50.000000 47.643769 45.299455 42.978794 40.693155 38.453373 36.269592 34.151121 32.106315 30.142474 28.265768 26.481183 24.792500 23.202283 21.711906 20.321587 19.030449 17.836590 16.737172 15.728512 14.806181 13.965113 13.199703 12.503912 11.871365 11.295444 10.769377 10.286317 9.839418 9.421903 9.027132 8.648661 8.280300 7.916172 7.550776 7.179040 6.796391 6.398815 5.982924 5.546020 5.086155 4.602186 4.093809 3.561583 3.006926 2.432081 1.840051 1.234502 0.619630 0.000000 
50.000000 47.670019 45.351823 43.057014 40.796833 38.581995 36.422529 34.327637 32.305579 30.363573 28.507714 26.742930 25.072953 23.500313 22.026359 20.651296 19.374244 18.193308 17.105659 16.107632 15.194819 14.362174 13.604112 12.914611 12.287307 11.715583 11.192658 10.711663 10.265714 9.847978 9.451739 9.070457 8.697825 8.327826 7.954801 7.573505 7.179179 6.767618 6.335253 5.879220 5.397437 4.888674 4.352603 3.789836 3.201936 2.591386 1.961532 1.316472 0.660915 0.000000 
50.000000 47.705025 45.421656 43.161320 40.935089 38.753513 36.626470 34.563023 32.571302 30.658414 28.830359 27.091984 25.446958 23.897765 22.445721 21.091016 19.832766 18.669082 17.597153 16.613338 15.713258 14.891894 14.143693 13.462654 12.842430 12.276410 11.757801 11.279708 10.835198 10.417367 10.019398 9.634623 9.256576 8.879054 8.496181 8.102471 7.692907 7.263019 6.808973 6.327664 5.816810 5.275040 4.701972 4.098273 3.465686 2.807014 2.126068 1.427547 0.716877 0.000000 
50.000000 47.748780 45.508944 43.291698 41.107903 38.967906 36.881393 34.857251 32.903455 31.026968 29.233671 27.528315 25.914487 24.394613 22.969973 21.640735 20.406012 19.263926 18.211689 17.245691 16.361590 15.554408 14.818628 14.148285 13.537052 12.978329 12.465318 11.991090 11.548657 11.131026 10.731260 10.342531 9.958174 9.571748 9.177098 8.768426 8.340374 7.888114 7.407457 6.894959 6.348047 5.765136 5.145738 4.490555 3.801534 3.081877 2.335986 1.569351 0.788350 0.000000 
50.000000 47.801270 45.613656 43.448104 41.315217 39.225100 37.187209 35.210223 33.301925 31.469111 29.717521 28.051784 26.475395 24.990713 23.598970 22.300314 21.093852 19.977724 18.949169 18.004619 17.139779 16.349722 15.628983 14.971637 14.371395 13.821673 13.315668 12.846423 12.406885 11.989965 11.588583 11.195721 10.804477 10.408117 10.000142 9.574363 9.124987 8.646724 8.134911 7.585647 6.995948 6.363908 5.688847 4.971457 4.213893 3.419819 2.594374 1.744046 0.876447 0.000000 
50.000000 47.862462 45.735730 43.630442 41.556904 39.524937 37.543734 35.621725 33.766474 31.984583 30.281624 28.662089 27.129366 25.685733 24.332373 23.069407 21.895943 20.810139 19.809272 18.889825 18.047562 17.277623 16.574604 15.932640 15.345487 14.806590 14.309150 13.846184 13.410579 12.995134 12.592613 12.195783 11.797463 11.390576 10.968210 10.523696 10.050701 9.543351 8.996364 8.405232 7.766401 7.077490 6.337503 5.547026 4.708396 3.825791 2.905230 1.954446 0.982622 0.000000 
50.000000 47.932302 45.875054 43.838545 41.832744 39.867148 37.950645 36.091387 34.296687 32.572924 30.925481 29.358694 27.875830 26.479078 25.169563 23.947381 22.811641 21.760526 20.791362 19.900691 19.084353 18.337568 17.655011 17.030894 16.459035 15.932921 15.445772 14.990588 14.560194 14.147283 13.744448 13.344219 12.939103 12.521626 12.084392 11.620162 11.121944 10.583131 9.997658 9.360212 8.666462 7.913344 7.099346 6.224801 5.292144 4.306088 3.273678 2.204175 1.108754 0.000000 
50.000000 48.010702 46.031456 44.072160 42.142401 40.251313 38.407445 36.618637 34.891917 33.233419 31.648314 30.140764 28.713898 27.369810 26.109562 24.933224 23.839909 22.827834 21.894381 21.036167 20.249125 19.528569 18.869277 18.265555 17.711302 17.200071 16.725117 16.279436 15.855808 15.446817 15.044886 14.642293 14.231203 13.803699 13.351834 12.867696 12.343510 11.771770 11.145425 10.458113 9.704458 8.880421 7.983692 7.014108 5.974037 4.868690 3.706271 2.497902 1.257274 0.000000 
50.000000 48.097540 46.204692 44.330918 42.485386 40.676829 38.913418 37.202648 35.551236 33.965041 32.449001 31.007087 29.642280 28.356566 27.150943 26.025454 24.979221 24.010502 23.116747 22.294667 21.540298 20.849078 20.215903 19.635199 19.100974 18.606869 18.146196 17.711975 17.296954 16.893629 16.494254 16.090854 15.675231 15.238990 14.773565 14.270282 13.720440 13.115455 12.447049 11.707520 10.890097 9.989374 9.001841 7.926456 6.765232 5.523740 4.211437 2.841682 1.431350 0.000000 
50.000000 48.192648 46.394426 44.614321 42.861039 41.142876 39.467591 37.842300 36.273379 34.766388 33.326012 31.956013 30.659212 29.437480 28.291748 27.222031 26.227467 25.306364 24.456254 23.673956 22.955634 22.296867 21.692699 21.137704 20.626026 20.151425 19.707305 19.286737 18.882469 18.486930 18.092231 17.690148 17.272123 16.829254 16.352310 15.831762 15.257855 14.620725 13.910603 13.118095 12.234592 11.252811 10.167465 8.976065 7.679772 6.284217 4.800109 3.243452 1.635163 0.000000 
50.000000 48.295809 46.600224 44.921719 43.268501 41.648389 40.068696 38.536129 37.056695 35.635633 34.277350 32.985386 31.762390 30.610111 29.529409 28.520275 27.581869 26.712559 25.909973 25.171057 24.492126 23.868924 23.296673 22.770125 22.283597 21.831005 21.405882 21.001391 20.610322 20.225078 19.837657 19.439622 19.022067 18.575585 18.090251 17.555615 16.960742 16.294299 15.544731 14.700548 13.750773 12.685567 11.497086 10.180542 8.735449 7.166898 5.486660 3.713783 1.874328 0.000000 
50.000000 48.406748 46.821540 45.252297 43.706690 42.192025 40.715139 39.282297 37.899111 36.570474 35.300499 34.092488 32.948906 31.871375 30.860681 29.916795 29.038905 28.225450 27.474173 26.782163 26.145911 25.561354 25.023924 24.528588 24.069874 23.641898 23.238370 22.852597 22.477461 22.105396 21.728346 21.337707 20.924273 20.478164 19.988765 19.444673 18.833684 18.142819 17.358449 16.466550 15.453144 14.304995 13.010638 11.561764 9.954968 8.193721 6.290281 4.267022 2.156546 0.000000 
50.000000 48.525131 47.057707 45.605059 44.174285 42.772149 41.404974 40.078558 38.798093 37.568102 36.392387 35.273997 34.215204 33.217496 32.281587 31.407430 30.594246 29.840562 29.144248 28.502560 27.912189 27.369296 26.869559 26.408195 25.979992 25.579313 25.200103 24.835872 24.479664 24.124015 23.760891 23.381605 22.976728 22.535979 22.048106 21.500780 20.880489 20.172491 19.360830 18.428505 17.357840 16.131190 14.732084 13.146958 11.367527 9.393756 7.237071 4.923084 2.492649 0.000000 
50.000000 48.650560 47.307932 45.978819 44.669716 43.386809 42.135882 40.922237 39.750621 38.625167 37.549350 36.525951 35.557041 34.643971 33.787378 32.987204 32.242714 31.552530 30.914669 30.326578 29.785170 29.286867 28.827624 28.402956 28.007955 27.637291 27.285204 26.945480 26.611405 26.275711 25.930486 25.567072 25.175937 24.746519 24.267053 23.724377 23.103734 22.388590 21.560505 20.599122 19.482375 18.187062 16.689993 14.969978 13.010902 10.806022 8.363236 5.710350 2.898355 0.000000 
50.000000 48.782572 47.571289 46.372196 45.191153 44.033737 42.905166 41.810220 40.753179 39.737769 38.767119 37.843733 36.969471 36.145542 35.372511 34.650308 33.978251 33.355075 32.778957 32.247556 31.758041 31.307120 30.891067 30.505739 30.146585 29.808641 29.486512 29.174341 28.865754 28.553782 28.230765 27.888218 27.516670 27.105463 26.642512 26.114025 25.504181 24.794785 23.964923 22.990681 21.845030 20.498066 18.917904 17.072664 14.934115 12.483552 9.720097 6.670492 3.397318 0.000000 
50.000000 48.920639 47.846724 46.783616 45.736508 44.710343 43.709746 42.738953 41.801756 40.901455 40.040821 39.222069 38.446842 37.716205 37.030647 36.390093 35.793925 35.240999 34.729674 34.257843 33.822953 33.422036 33.051722 32.708255 32.387496 32.084908 31.795540 31.513979 31.234293 30.949942 30.653664 30.337325 29.991723 29.606352 29.169094 28.665847 28.080074 27.392263 26.579311 25.613860 24.463682 23.091286 21.454114 19.505957 17.200606 14.499108 11.382030 7.866853 4.026760 0.000000 
50.000000 49.064168 48.133057 47.211314 46.303441 45.413723 44.546168 43.704449 42.891849 42.111230 41.364990 40.655045 39.982815 39.349217 38.754668 38.199093 37.681942 37.202207 36.758448 36.348809 35.971046 35.622542 35.300324 35.001069 34.721102 34.456380 34.202471 33.954500 33.707089 33.454265 33.189331 32.904706 32.591713 32.240303 31.838701 31.372952 30.826342 30.178659 29.405272 28.476004 27.353820 25.993451 24.340253 22.330056 19.891418 16.952895 13.459117 9.399531 4.848580 0.000000 
50.000000 49.212505 48.428983 47.653343 46.889373 46.140677 45.410629 44.702315 44.018501 43.361590 42.733598 42.136136 41.570395 41.037141 40.536720 40.069060 39.633691 39.229752 38.856014 38.510898 38.192490 37.898558 37.626560 37.373648 37.136665 36.912125 36.696190 36.484619 36.272704 36.055176 35.826084 35.578625 35.304928 34.995759 34.640146 34.224860 33.733749 33.146824 32.439055 31.578756 30.525471 29.227288 27.617647 25.612159 23.106901 19.981861 16.117018 11.433603 5.973055 0.000000 
50.000000 49.364944 48.733091 48.107594 47.491505 46.887734 46.298998 45.727786 45.176328 44.646559 44.140105 43.658263 43.201989 42.771901 42.368270 41.991037 41.639813 41.313897 41.012288 40.733699 40.476569 40.239076 40.019143 39.814439 39.622370 39.440069 39.264364 39.091734 38.918253 38.739501 38.550446 38.345294 38.117274 37.858359 37.558885 37.207034 36.788116 36.283580 35.669605 34.915117 33.978928 32.805673 31.320073 29.419221 26.963285 23.767609 19.606274 14.253354 7.614317 0.000000 
50.000000 49.520726 49.043869 48.571808 48.106848 47.651182 47.206861 46.775765 46.359573 45.959748 45.577514 45.213849 44.869475 44.544853 44.240188 43.955431 43.690286 43.444217 43.216463 43.006044 42.811773 42.632261 42.465923 42.310979 42.165444 42.027117 41.893556 41.762043 41.629535 41.492584 41.347251 41.188961 41.012334 40.810930 40.576918 40.300602 39.969754 39.568658 39.076702 38.466269 37.699517 36.723362 35.461528 33.801890 31.576615 28.532851 24.297533 18.366189 10.234346 0.000000 
50.000000 49.679053 49.359724 49.043607 48.732245 48.427106 48.129564 47.840876 47.562169 47.294420 47.038449 46.794910 46.564285 46.346884 46.142842 45.952124 45.774530 45.609700 45.457120 45.316130 45.185931 45.065584 44.954022 44.850041 44.752297 44.659300 44.569390 44.480716 44.391200 44.298478 44.199837 44.092114 43.971564 43.833679 43.672930 43.482412 43.253317 42.974174 42.629683 42.198911 41.652383 40.947242 40.018874 38.765813 37.021524 34.500176 30.692743 24.684822 14.959534 0.000000 
50.000000 49.839095 49.679001 49.520518 49.364418 49.211438 49.062266 48.917533 48.777804 48.643567 48.515235 48.393136 48.277509 48.168511 48.066209 47.970585 47.881537 47.798885 47.722371 47.651661 47.586354 47.525978 47.469994 47.417795 47.368704 47.321968 47.276748 47.232106 47.186987 47.140190 47.090330 47.035791 46.974651 46.904585 46.822733 46.725497 46.608260 46.464955 46.287404 46.064263 45.779265 45.408164 44.913098 44.231483 43.252311 41.760675 39.293781 34.724391 24.920756 0.000000 
50.000000 50.000000 50.000000 50.000000 50.000000 50.000000 50.000000 50.000000 50.000000 50.000000 50.000000 50.000000 50.000000 50.000000 50.000000 50.000000 50.000000 50.000000 50.000000 50.000000 50.000000 50.000000 50.000000 50.000000 50.000000 50.000000 50.000000 50.000000 50.000000 50.000000 50.000000 50.000000 50.000000 50.000000 50.000000 50.000000 50.000000 50.000000 50.000000 50.000000 50.000000 50.000000 50.000000 50.000000 50.000000 50.000000 50.000000 50.000000 50.000000 50.000000 
