50.000000 50.000000 50.000000 50.000000 50.000000 50.000000 50.000000 50.000000 50.000000 50.000000 50.000000 50.000000 50.000000 50.000000 50.000000 50.000000 50.000000 50.000000 50.000000 50.000000 50.000000 50.000000 50.000000 50.000000 50.000000 50.000000 50.000000 50.000000 50.000000 50.000000 50.000000 50.000000 50.000000 50.000000 50.000000 50.000000 50.000000 50.000000 50.000000 50.000000 50.000000 50.000000 50.000000 50.000000 50.000000 50.000000 50.000000 50.000000 50.000000 50.000000 
50.000000 49.808945 49.619037 49.431399 49.247116 49.067211 48.892630 48.724228 48.562750 48.408831 48.262980 48.125583 47.996895 47.877050 47.766058 47.663813 47.570103 47.484615 47.406946 47.336611 47.273054 47.215649 47.163713 47.116504 47.073221 47.033004 46.994924 46.957968 46.921025 46.882850 46.842032 46.796939 46.745643 46.685823 46.614626 46.528466 46.422737 46.291381 46.126229 45.915937 45.644233 45.286859 44.805932 44.138840 43.174538 41.698074 39.246602 34.692828 24.904942 0.000000 
50.000000 49.619064 49.240413 48.866290 48.498856 48.140152 47.792064 47.456293 47.134332 46.827441 46.536637 46.262690 46.006110 45.767163 45.545869 45.342020 45.155192 44.984762 44.829930 44.689731 44.563056 44.448665 44.345197 44.251179 44.165024 44.085028 44.009349 43.935991 43.862757 43.787202 43.706558 43.617630 43.516663 43.399154 43.259590 43.091088 42.884864 42.629467 42.309610 41.904363 41.384241 40.706364 39.806076 38.581856 36.867095 34.375874 30.599065 24.622152 14.928133 0.000000 
50.000000 49.431510 48.866430 48.308108 47.759768 47.224457 46.704989 46.203905 45.723429 45.265444 44.831471 44.422654 44.039760 43.683184 43.352959 43.048775 42.770002 42.515715 42.284722 42.075589 41.886667 41.716114 41.561912 41.421877 41.293659 41.174740 41.062408 40.953724 40.845471 40.734079 40.615524 40.485188 40.337671 40.166545 39.964001 39.720375 39.423476 39.057618 38.602209 38.029636 37.302047 36.366318 35.146116 33.529235 31.347729 28.348622 24.158693 18.273307 10.187808 0.000000 
50.000000 49.247399 48.499313 47.760173 47.034249 46.325574 45.637875 44.974513 44.338437 43.732139 43.157631 42.616432 42.109557 41.637531 41.200401 40.797759 40.428776 40.092233 39.786559 39.509864 39.259978 39.034479 38.830714 38.645819 38.476720 38.320125 38.172504 38.030046 37.888596 37.743567 37.589821 37.421500 37.231812 37.012741 36.754655 36.445780 36.071472 35.613221 35.047235 34.342447 33.457652 32.337441 30.906457 29.061686 26.663156 23.526042 19.424227 14.131569 7.553296 0.000000 
50.000000 49.067792 48.141175 47.225640 46.326476 45.448678 44.596864 43.775198 42.987332 42.236354 41.524760 40.854429 40.226624 39.641998 39.100610 38.601964 38.145037 37.728329 37.349903 37.007435 36.698255 36.419386 36.167576 35.939314 35.730847 35.538167 35.356990 35.182713 35.010347 34.834417 34.648835 34.446723 34.220183 33.959994 33.655223 33.292697 32.856321 32.326158 31.677214 30.877814 29.887485 28.654260 27.111489 25.174651 22.739655 19.686281 15.894272 11.284593 5.898395 0.000000 
50.000000 48.893675 47.793986 46.707450 45.640343 44.598595 43.587686 42.612560 41.677550 40.786325 39.941846 39.146349 38.401333 37.707578 37.065161 36.473499 35.931387 35.437057 34.988227 34.582157 34.215706 33.885373 33.587341 33.317502 33.071471 32.844585 32.631884 32.428063 32.227411 32.023706 31.810092 31.578896 31.321409 31.027599 30.685736 30.281931 29.799540 29.218415 28.513967 27.656037 26.607571 25.323239 23.748294 21.818414 19.461965 16.607261 13.198660 9.225297 4.761283 0.000000 
50.000000 48.725953 47.459548 46.208291 44.979411 43.779736 42.615578 41.492632 40.415890 39.389577 38.417108 37.501059 36.643162 35.844320 35.104629 34.423426 33.799337 33.230340 32.713828 32.246672 31.825286 31.445684 31.103523 30.794144 30.512589 30.253609 30.011641 29.780779 29.554703 29.326591 29.088994 28.833671 28.551385 28.231646 27.862391 27.429594 26.916799 26.304569 25.569852 24.685316 23.618713 22.332488 20.783968 18.926778 16.714492 14.107892 11.087234 7.669653 3.927957 0.000000 
50.000000 48.565433 47.139473 45.730569 44.346863 42.996045 41.685223 40.420810 39.208429 38.052841 36.957892 35.926488 34.960585 34.061204 33.228465 32.461631 31.759171 31.118826 30.537685 30.012257 29.538546 29.112114 28.728139 28.381461 28.066607 27.777807 27.508982 27.253715 27.005196 26.756138 26.498668 26.224181 25.923165 25.584981 25.197606 24.747333 24.218436 23.592803 22.849586 21.964898 20.911696 19.660009 18.177832 16.433104 14.397359 12.051603 9.394620 6.452775 3.288238 0.000000 
50.000000 48.412821 46.835165 45.276382 43.745479 42.250966 40.800708 39.401802 38.060472 36.781988 35.570608 34.429553 33.360992 32.366064 31.444910 30.596731 29.819849 29.111787 28.469354 27.888724 27.365524 26.894903 26.471605 26.090020 25.744219 25.427980 25.134784 24.857798 24.589825 24.323242 24.049902 23.761014 23.446998 23.097315 22.700266 22.242786 21.710223 21.086141 20.352172 19.487998 18.471542 17.279534 15.888660 14.277542 12.429814 10.338426 8.010916 5.474684 2.780285 0.000000 
50.000000 48.268715 46.547817 44.847508 43.177613 41.547415 39.965497 38.439599 36.976514 35.581994 34.260688 33.016113 31.850644 30.765532 29.760944 28.836021 27.988954 27.217068 26.516912 25.884357 25.314684 24.802671 24.342672 23.928676 23.554357 23.213106 22.898038 22.601986 22.317466 22.036627 21.751176 21.452281 21.130461 20.775455 20.376089 19.920136 19.394205 18.783660 18.072632 17.244163 16.280575 15.164158 13.878316 12.409288 10.748532 8.895691 6.861813 4.672085 2.366899 0.000000 
50.000000 48.133603 46.278405 44.445404 42.645194 40.887783 39.182424 37.537467 35.960235 34.456932 33.032576 31.690965 30.434666 29.265037 28.182273 27.185463 26.272681 25.441069 24.686944 24.005900 23.392908 22.842413 22.348421 21.904570 21.504192 21.140349 20.805860 20.493299 20.194978 19.902911 19.608762 19.303770 18.978672 18.623610 18.228050 17.780706 17.269501 16.681576 16.003401 15.221006 14.320415 13.288336 12.113176 10.786432 9.304431 7.670316 5.895954 4.003278 2.024414 0.000000 
50.000000 48.007869 46.027693 44.071210 42.149730 40.273938 38.453711 36.697963 35.014514 33.409990 31.889752 30.457859 29.117061 27.868819 26.713354 25.649712 24.675861 23.788780 22.984577 22.258596 21.605533 21.019536 20.494304 20.023173 19.599181 19.215118 18.863565 18.536902 18.227307 17.926736 17.626886 17.319150 16.994559 16.643733 16.256832 15.823531 15.333033 14.774139 14.135402 13.405399 12.573164 11.628808 10.564362 9.374846 8.059504 6.623094 5.076991 3.439790 1.737065 0.000000 
50.000000 47.891794 45.796242 43.725765 41.692334 39.707258 37.780990 35.922968 34.141470 32.443511 30.834771 29.319553 27.900774 26.579993 25.357458 24.232180 23.202031 22.263847 21.413547 20.646258 19.956425 19.337940 18.784234 18.288381 17.843172 17.441175 17.074783 16.736237 16.417639 16.110942 15.807935 15.500214 15.179155 14.835881 14.461253 14.045875 13.580141 13.054335 12.458805 11.784236 11.022041 10.164893 9.207391 8.146853 6.984175 5.724652 4.378594 2.961550 1.493942 0.000000 
50.000000 47.785569 45.584429 43.409630 41.273748 39.188662 37.165354 35.213740 33.342518 31.559062 29.869342 28.277885 26.787766 25.400633 24.116761 22.935132 21.853535 20.868679 19.976318 19.171382 18.448104 17.800145 17.220710 16.702648 16.238543 15.820784 15.441621 15.093201 14.767590 14.456782 14.152694 13.847157 13.531905 13.198567 12.838677 12.443698 12.005093 11.514433 10.963572 10.344898 9.651672 8.878456 8.021631 7.079971 6.055226 4.952637 3.781261 2.554002 1.287238 0.000000 
50.000000 47.689297 45.392464 43.123119 40.894387 38.718663 36.607411 34.570979 32.618447 30.757513 28.994413 27.333878 25.779125 24.331885 22.992462 21.759812 20.631654 19.604583 18.674212 17.835298 17.081888 16.407447 15.804982 15.267155 14.786379 14.354901 13.964862 13.608350 13.277429 12.964160 12.660609 12.358854 12.050985 11.729113 11.385390 11.012055 10.601502 10.146393 9.639821 9.075526 8.448176 7.753708 6.989716 6.155858 5.254251 4.289776 3.270243 2.206324 1.111214 0.000000 
50.000000 47.603012 45.220414 42.866333 40.554383 38.297427 36.107357 33.994910 31.969508 30.039142 28.210285 26.487852 24.875189 23.374104 21.984926 20.706592 19.536759 18.471927 17.507583 16.638337 15.858076 15.160095 14.537237 13.982005 13.486674 13.043377 12.644177 12.281130 11.946318 11.631886 11.330060 11.033158 10.733608 10.423965 10.096938 9.745443 9.362669 8.942186 8.478085 7.965165 7.399153 6.776972 6.097022 5.359471 4.566508 3.722526 2.834182 1.910293 0.961545 0.000000 
50.000000 47.526691 45.068231 42.639198 40.253642 37.924834 35.665049 33.485368 31.395516 29.403741 27.516729 25.739557 24.075687 22.526995 21.093835 19.775129 18.568482 17.470311 16.475996 15.580023 14.776139 14.057501 13.416808 12.846437 12.338549 11.885188 11.478365 11.110119 10.772566 10.457943 10.158631 9.867177 9.576318 9.279005 8.968435 8.638103 8.281863 7.894027 7.469483 7.003844 6.493626 5.936447 5.331234 4.678417 3.980099 3.240146 2.464198 1.659553 0.834911 0.000000 
50.000000 47.460266 44.935779 42.441512 39.991893 37.600551 35.280091 33.041895 30.895951 28.850735 26.913115 25.088311 23.379886 21.789777 20.318360 18.964546 17.725895 16.598758 15.578421 14.659267 13.834928 13.098441 12.442390 11.859047 11.340481 10.878672 10.465592 10.093276 9.753885 9.439745 9.143382 8.857553 8.575269 8.289825 7.994836 7.684278 7.352556 6.994577 6.605852 6.182618 5.721969 5.222009 4.681993 4.102467 3.485362 2.834041 2.153274 1.449122 0.728725 0.000000 
50.000000 47.403636 44.822861 42.272982 39.768748 37.324094 34.951910 32.663831 30.470072 28.379299 26.398540 24.533137 22.786737 21.161333 19.657319 18.273597 17.007694 15.855900 14.813430 13.874577 13.032879 12.281275 11.612257 11.018010 10.490534 10.021757 9.603627 9.228186 8.887637 8.574391 8.281107 8.000723 7.726486 7.451985 7.171178 6.878442 6.568620 6.237091 5.879849 5.493597 5.075851 4.625045 4.140637 3.623194 3.074450 2.497313 1.895831 1.275073 0.640955 0.000000 
50.000000 47.356689 44.729250 42.133266 39.583755 37.094906 34.679841 32.350409 30.117012 27.988475 25.971957 24.072900 22.295027 20.640371 19.109347 17.700848 16.412372 15.240166 14.179383 13.224245 12.368213 11.604150 10.924472 10.321298 9.786573 9.312188 8.890075 8.512287 8.171069 7.858906 7.568569 7.293153 7.026100 6.761237 6.492804 6.215494 5.924497 5.615555 5.285028 4.929964 4.548180 4.138333 3.699998 3.233716 2.741024 2.224446 1.687442 1.134304 0.570005 0.000000 
50.000000 47.319306 44.654709 42.022014 39.436450 36.912410 34.463201 32.100842 29.835883 27.677278 25.632288 23.706438 21.903508 20.225567 18.673044 17.244827 15.938392 14.749951 13.674609 12.706535 11.839129 11.065193 10.377088 9.766879 9.226474 8.747735 8.322586 7.943091 7.601529 7.290451 7.002720 6.731553 6.470550 6.213726 5.955538 5.690923 5.415334 5.124786 4.815908 4.485996 4.133076 3.755954 3.354266 2.928506 2.480041 2.011082 1.524633 1.024395 0.514630 0.000000 
50.000000 47.291379 44.599022 41.938900 39.326403 36.776072 34.301356 31.914398 29.625861 27.444794 25.378535 23.432671 21.611025 19.915692 18.347112 16.904171 15.584329 14.383771 13.297567 12.319845 11.443965 10.662683 9.968317 9.352899 8.808304 8.326378 7.899039 7.518363 7.176657 6.866520 6.580885 6.313063 6.056770 5.806159 5.555848 5.300951 5.037109 4.760530 4.468033 4.157084 3.825848 3.473225 3.098882 2.703266 2.287605 1.853878 1.404753 0.943504 0.473887 0.000000 
50.000000 47.272815 44.562006 41.883654 39.253254 36.685448 34.193777 31.790468 29.486259 27.290261 25.209866 23.250700 21.416614 19.709722 18.130472 16.677747 15.348997 14.140390 13.046973 12.062849 11.181346 10.395195 9.696686 9.077825 8.530471 8.046459 7.617702 7.236286 6.894537 6.585087 6.300917 6.035399 5.782326 5.535943 5.290973 5.042644 4.786719 4.519531 4.238016 3.939750 3.622981 3.286664 2.930478 2.554835 2.160868 1.750397 1.325875 0.890297 0.447094 0.000000 
50.000000 47.263550 44.543532 41.856081 39.216746 36.640219 34.140086 31.728617 29.416586 27.213137 25.125687 23.159882 21.319588 19.606928 18.022353 16.564746 15.231552 14.018929 12.921914 11.934597 11.050292 10.261714 9.561142 8.940570 8.391847 7.906803 7.477351 7.095578 6.753824 6.444736 6.161318 5.896973 5.645534 5.401291 5.159017 4.913998 4.662057 4.399587 4.123581 3.831666 3.522133 3.193959 2.846830 2.481135 2.097961 1.699050 1.286745 0.863907 0.433806 0.000000 
50.000000 47.263550 44.543532 41.856081 39.216746 36.640219 34.140086 31.728617 29.416586 27.213137 25.125687 23.159882 21.319588 19.606928 18.022353 16.564746 15.231552 14.018929 12.921914 11.934597 11.050292 10.261714 9.561142 8.940570 8.391847 7.906803 7.477351 7.095578 6.753824 6.444736 6.161318 5.896973 5.645534 5.401291 5.159017 4.913998 4.662057 4.399587 4.123581 3.831666 3.522133 3.193959 2.846830 2.481135 2.097961 1.699050 1.286745 0.863907 0.433806 0.000000 
50.000000 47.272815 44.562006 41.883654 39.253254 36.685448 34.193777 31.790468 29.486259 27.290261 25.209866 23.250700 21.416614 19.709722 18.130472 16.677747 15.348997 14.140390 13.046973 12.062849 11.181346 10.395195 9.696686 9.077825 8.530471 8.046459 7.617702 7.236286 6.894537 6.585087 6.300917 6.035399 5.782326 5.535943 5.290973 5.042644 4.786719 4.519531 4.238016 3.939750 3.622981 3.286664 2.930478 2.554835 2.160868 1.750397 1.325875 0.890297 0.447094 0.000000 
50.000000 47.291379 44.599022 41.938900 39.326403 36.776072 34.301356 31.914398 29.625861 27.444794 25.378535 23.432671 21.611025 19.915692 18.347112 16.904171 15.584329 14.383771 13.297567 12.319845 11.443965 10.662683 9.968317 9.352899 8.808304 8.326378 7.899039 7.518363 7.176657 6.866520 6.580885 6.313063 6.056770 5.806159 5.555848 5.300951 5.037109 4.760530 4.468033 4.157084 3.825848 3.473225 3.098882 2.703266 2.287605 1.853878 1.404753 0.943504 0.473887 0.000000 
50.000000 47.319306 44.654709 42.022014 39.436450 36.912410 34.463201 32.100842 29.835883 27.677278 25.632288 23.706438 21.903508 20.225567 18.673044 17.244827 15.938392 14.749951 13.674609 12.706535 11.839129 11.065193 10.377088 9.766879 9.226474 8.747735 8.322586 7.943091 7.601529 7.290451 7.002720 6.731553 6.470550 6.213726 5.955538 5.690923 5.415334 5.124786 4.815908 4.485996 4.133076 3.755954 3.354266 2.928506 2.480041 2.011082 1.524633 1.024395 0.514630 0.000000 
50.000000 47.356689 44.729250 42.133266 39.583755 37.094906 34.679841 32.350409 30.117012 27.988475 25.971957 24.072900 22.295027 20.640371 19.109347 17.700848 16.412372 15.240166 14.179383 13.224245 12.368213 11.604150 10.924472 10.321298 9.786573 9.312188 8.890075 8.512287 8.171069 7.858906 7.568569 7.293153 7.026100 6.761237 6.492804 6.215494 5.924497 5.615555 5.285028 4.929964 4.548180 4.138333 3.699998 3.233716 2.741024 2.224446 1.687442 1.134304 0.570005 0.000000 
50.000000 47.403636 44.822861 42.272982 39.768748 37.324094 34.951910 32.663831 30.470072 28.379299 26.398540 24.533137 22.786737 21.161333 19.657319 18.273597 17.007694 15.855900 14.813430 13.874577 13.032879 12.281275 11.612257 11.018010 10.490534 10.021757 9.603627 9.228186 8.887637 8.574391 8.281107 8.000723 7.726486 7.451985 7.171178 6.878442 6.568620 6.237091 5.879849 5.493597 5.075851 4.625045 4.140637 3.623194 3.074450 2.497313 1.895831 1.275073 0.640955 0.000000 
50.000000 47.460266 44.935779 42.441512 39.991893 37.600551 35.280091 33.041895 30.895951 28.850735 26.913115 25.088311 23.379886 21.789777 20.318360 18.964546 17.725895 16.598758 15.578421 14.659267 13.834928 13.098441 12.442390 11.859047 11.340481 10.878672 10.465592 10.093276 9.753885 9.439745 9.143382 8.857553 8.575269 8.289825 7.994836 7.684278 7.352556 6.994577 6.605852 6.182618 5.721969 5.222009 4.681993 4.102467 3.485362 2.834041 2.153274 1.449122 0.728725 0.000000 
50.000000 47.526691 45.068231 42.639198 40.253642 37.924834 35.665049 33.485368 31.395516 29.403741 27.516729 25.739557 24.075687 22.526995 21.093835 19.775129 18.568482 17.470311 16.475996 15.580023 14.776139 14.057501 13.416808 12.846437 12.338549 11.885188 11.478365 11.110119 10.772566 10.457943 10.158631 9.867177 9.576318 9.279005 8.968435 8.638103 8.281863 7.894027 7.469483 7.003844 6.493626 5.936447 5.331234 4.678417 3.980099 3.240146 2.464198 1.659553 0.834911 0.000000 
50.000000 47.603012 45.220414 42.866333 40.554383 38.297427 36.107357 33.994910 31.969508 30.039142 28.210285 26.487852 24.875189 23.374104 21.984926 20.706592 19.536759 18.471927 17.507583 16.638337 15.858076 15.160095 14.537237 13.982005 13.486674 13.043377 12.644177 12.281130 11.946318 11.631886 11.330060 11.033158 10.733608 10.423965 10.096938 9.745443 9.362669 8.942186 8.478085 7.965165 7.399153 6.776972 6.097022 5.359471 4.566508 3.722526 2.834182 1.910293 0.961545 0.000000 
50.000000 47.689297 45.392464 43.123119 40.894387 38.718663 36.607411 34.570979 32.618447 30.757513 28.994413 27.333878 25.779125 24.331885 22.992462 21.759812 20.631654 19.604583 18.674212 17.835298 17.081888 16.407447 15.804982 15.267155 14.786379 14.354901 13.964862 13.608350 13.277429 12.964160 12.660609 12.358854 12.050985 11.729113 11.385390 11.012055 10.601502 10.146393 9.639821 9.075526 8.448176 7.753708 6.989716 6.155858 5.254251 4.289776 3.270243 2.206324 1.111214 0.000000 
50.000000 47.785569 45.584429 43.409630 41.273748 39.188662 37.165354 35.213740 33.342518 31.559062 29.869342 28.277885 26.787766 25.400633 24.116761 22.935132 21.853535 20.868679 19.976318 19.171382 18.448104 17.800145 17.220710 16.702648 16.238543 15.820784 15.441621 15.093201 14.767590 14.456782 14.152694 13.847157 13.531905 13.198567 12.838677 12.443698 12.005093 11.514433 10.963572 10.344898 9.651672 8.878456 8.021631 7.079971 6.055226 4.952637 3.781261 2.554002 1.287238 0.000000 
50.000000 47.891794 45.796242 43.725765 41.692334 39.707258 37.780990 35.922968 34.141470 32.443511 30.834771 29.319553 27.900774 26.579993 25.357458 24.232180 23.202031 22.263847 21.413547 20.646258 19.956425 19.337940 18.784234 18.288381 17.843172 17.441175 17.074783 16.736237 16.417639 16.110942 15.807935 15.500214 15.179155 14.835881 14.461253 14.045875 13.580141 13.054335 12.458805 11.784236 11.022041 10.164893 9.207391 8.146853 6.984175 5.724652 4.378594 2.961550 1.493942 0.000000 
50.000000 48.007869 46.027693 44.071210 42.149730 40.273938 38.453711 36.697963 35.014514 33.409990 31.889752 30.457859 29.117061 27.868819 26.713354 25.649712 24.675861 23.788780 22.984577 22.258596 21.605533 21.019536 20.494304 20.023173 19.599181 19.215118 18.863565 18.536902 18.227307 17.926736 17.626886 17.319150 16.994559 16.643733 16.256832 15.823531 15.333033 14.774139 14.135402 13.405399 12.573164 11.628808 10.564362 9.374846 8.059504 6.623094 5.076991 3.439790 1.737065 0.000000 
50.000000 48.133603 46.278405 44.445404 42.645194 40.887783 39.182424 37.537467 35.960235 34.456932 33.032576 31.690965 30.434666 29.265037 28.182273 27.185463 26.272681 25.441069 24.686944 24.005900 23.392908 22.842413 22.348421 21.904570 21.504192 21.140349 20.805860 20.493299 20.194978 19.902911 19.608762 19.303770 18.978672 18.623610 18.228050 17.780706 17.269501 16.681576 16.003401 15.221006 14.320415 13.288336 12.113176 10.786432 9.304431 7.670316 5.895954 4.003278 2.024414 0.000000 
50.000000 48.268715 46.547817 44.847508 43.177613 41.547415 39.965497 38.439599 36.976514 35.581994 34.260688 33.016113 31.850644 30.765532 29.760944 28.836021 27.988954 27.217068 26.516912 25.884357 25.314684 24.802671 24.342672 23.928676 23.554357 23.213106 22.898038 22.601986 22.317466 22.036627 21.751176 21.452281 21.130461 20.775455 20.376089 19.920136 19.394205 18.783660 18.072632 17.244163 16.280575 15.164158 13.878316 12.409288 10.748532 8.895691 6.861813 4.672085 2.366899 0.000000 
50.000000 48.412821 46.835165 45.276382 43.745479 42.250966 40.800708 39.401802 38.060472 36.781988 35.570608 34.429553 33.360992 32.366064 31.444910 30.596731 29.819849 29.111787 28.469354 27.888724 27.365524 26.894903 26.471605 26.090020 25.744219 25.427980 25.134784 24.857798 24.589825 24.323242 24.049902 23.761014 23.446998 23.097315 22.700266 22.242786 21.710223 21.086141 20.352172 19.487998 18.471542 17.279534 15.888660 14.277542 12.429814 10.338426 8.010916 5.474684 2.780285 0.000000 
50.000000 48.565433 47.139473 45.730569 44.346863 42.996045 41.685223 40.420810 39.208429 38.052841 36.957892 35.926488 34.960585 34.061204 33.228465 32.461631 31.759171 31.118826 30.537685 30.012257 29.538546 29.112114 28.728139 28.381461 28.066607 27.777807 27.508982 27.253715 27.005196 26.756138 26.498668 26.224181 25.923165 25.584981 25.197606 24.747333 24.218436 23.592803 22.849586 21.964898 20.911696 19.660009 18.177832 16.433104 14.397359 12.051603 9.394620 6.452775 3.288238 0.000000 
50.000000 48.725953 47.459548 46.208291 44.979411 43.779736 42.615578 41.492632 40.415890 39.389577 38.417108 37.501059 36.643162 35.844320 35.104629 34.423426 33.799337 33.230340 32.713828 32.246672 31.825286 31.445684 31.103523 30.794144 30.512589 30.253609 30.011641 29.780779 29.554703 29.326591 29.088994 28.833671 28.551385 28.231646 27.862391 27.429594 26.916799 26.304569 25.569852 24.685316 23.618713 22.332488 20.783968 18.926778 16.714492 14.107892 11.087234 7.669653 3.927957 0.000000 
50.000000 48.893675 47.793986 46.707450 45.640343 44.598595 43.587686 42.612560 41.677550 40.786325 39.941846 39.146349 38.401333 37.707578 37.065161 36.473499 35.931387 35.437057 34.988227 34.582157 34.215706 33.885373 33.587341 33.317502 33.071471 32.844585 32.631884 32.428063 32.227411 32.023706 31.810092 31.578896 31.321409 31.027599 30.685736 30.281931 29.799540 29.218415 28.513967 27.656037 26.607571 25.323239 23.748294 21.818414 19.461965 16.607261 13.198660 9.225297 4.761283 0.000000 
50.000000 49.067792 48.141175 47.225640 46.326476 45.448678 44.596864 43.775198 42.987332 42.236354 41.524760 40.854429 40.226624 39.641998 39.100610 38.601964 38.145037 37.728329 37.349903 37.007435 36.698255 36.419386 36.167576 35.939314 35.730847 35.538167 35.356990 35.182713 35.010347 34.834417 34.648835 34.446723 34.220183 33.959994 33.655223 33.292697 32.856321 32.326158 31.677214 30.877814 29.887485 28.654260 27.111489 25.174651 22.739655 19.686281 15.894272 11.284593 5.898395 0.000000 
50.000000 49.247399 48.499313 47.760173 47.034249 46.325574 45.637875 44.974513 44.338437 43.732139 43.157631 42.616432 42.109557 41.637531 41.200401 40.797759 40.428776 40.092233 39.786559 39.509864 39.259978 39.034479 38.830714 38.645819 38.476720 38.320125 38.172504 38.030046 37.888596 37.743567 37.589821 37.421500 37.231812 37.012741 36.754655 36.445780 36.071472 35.613221 35.047235 34.342447 33.457652 32.337441 30.906457 29.061686 26.663156 23.526042 19.424227 14.131569 7.553296 0.000000 
50.000000 49.431510 48.866430 48.308108 47.759768 47.224457 46.704989 46.203905 45.723429 45.265444 44.831471 44.422654 44.039760 43.683184 43.352959 43.048775 42.770002 42.515715 42.284722 42.075589 41.886667 41.716114 41.561912 41.421877 41.293659 41.174740 41.062408 40.953724 40.845471 40.734079 40.615524 40.485188 40.337671 40.166545 39.964001 39.720375 39.423476 39.057618 38.602209 38.029636 37.302047 36.366318 35.146116 33.529235 31.347729 28.348622 24.158693 18.273307 10.187808 0.000000 
50.000000 49.619064 49.240413 48.866290 48.498856 48.140152 47.792064 47.456293 47.134332 46.827441 46.536637 46.262690 46.006110 45.767163 45.545869 45.342020 45.155192 44.984762 44.829930 44.689731 44.563056 44.448665 44.345197 44.251179 44.165024 44.085028 44.009349 43.935991 43.862757 43.787202 43.706558 43.617630 43.516663 43.399154 43.259590 43.091088 42.884864 42.629467 42.309610 41.904363 41.384241 40.706364 39.806076 38.581856 36.867095 34.375874 30.599065 24.622152 14.928133 0.000000 
50.000000 49.808945 49.619037 49.431399 49.247116 49.067211 48.892630 48.724228 48.562750 48.408831 48.262980 48.125583 47.996895 47.877050 47.766058 47.663813 47.570103 47.484615 47.406946 47.336611 47.273054 47.215649 47.163713 47.116504 47.073221 47.033004 46.994924 46.957968 46.921025 46.882850 46.842032 46.796939 46.745643 46.685823 46.614626 46.528466 46.422737 46.291381 46.126229 45.915937 45.644233 45.286859 44.805932 44.138840 43.174538 41.698074 39.246602 34.692828 24.904942 0.000000 
50.000000 50.000000 50.000000 50.000000 50.000000 50.000000 50.000000 50.000000 50.000000 50.000000 50.000000 50.000000 50.000000 50.000000 50.000000 50.000000 50.000000 50.000000 50.000000 50.000000 50.000000 50.000000 50.000000 50.000000 50.000000 50.000000 50.000000 50.000000 50.000000 50.000000 50.000000 50.000000 50.000000 50.000000 50.000000 50.000000 50.000000 50.000000 50.000000 50.000000 50.000000 50.000000 50.000000 50.000000 50.000000 50.000000 50.000000 50.000000 50.000000 50.000000 
