50.000000 50.000000 50.000000 50.000000 50.000000 50.000000 50.000000 50.000000 50.000000 50.000000 50.000000 50.000000 50.000000 50.000000 50.000000 50.000000 50.000000 50.000000 50.000000 50.000000 50.000000 50.000000 50.000000 50.000000 50.000000 50.000000 50.000000 50.000000 50.000000 50.000000 50.000000 50.000000 50.000000 50.000000 50.000000 50.000000 50.000000 50.000000 50.000000 50.000000 50.000000 50.000000 50.000000 50.000000 50.000000 50.000000 50.000000 50.000000 50.000000 50.000000 
50.000000 49.379171 48.770446 48.185220 47.633542 47.123607 46.661411 46.250608 45.892546 45.586478 45.329887 45.118901 44.948730 44.814092 44.709586 44.630000 44.570530 44.526921 44.495536 44.473365 44.457986 44.447507 44.440484 44.435839 44.432785 44.430744 44.429291 44.428094 44.426859 44.425283 44.422993 44.419486 44.414039 44.405596 44.392608 44.372810 44.342895 44.298042 44.231197 44.131957 43.984749 43.765713 43.437001 42.935629 42.149743 40.863138 38.611288 34.264833 24.689586 0.000000 
50.000000 48.770446 47.564862 46.405820 45.313221 44.303293 43.387913 42.574317 41.865176 41.259007 40.750829 40.332972 39.995950 39.729300 39.522327 39.364708 39.246928 39.160561 39.098404 39.054494 39.024038 39.003285 38.989377 38.980182 38.974137 38.970103 38.967241 38.964895 38.962493 38.959443 38.955028 38.948280 38.937814 38.921616 38.896739 38.858894 38.801847 38.716568 38.589961 38.402936 38.127380 37.721185 37.119763 36.220861 34.856285 32.737658 29.352560 23.782431 14.505612 0.000000 
50.000000 48.185220 46.405820 44.695113 43.082476 41.591858 40.240791 39.039953 37.993289 37.098609 36.348559 35.731821 35.234391 34.840828 34.535347 34.302710 34.128873 34.001400 33.909661 33.844854 33.799902 33.769275 33.748752 33.735187 33.726276 33.720343 33.716153 33.712751 33.709306 33.704974 33.698742 33.689247 33.674560 33.651882 33.617147 33.564466 33.485355 33.367645 33.193920 32.939236 32.567720 32.027367 31.241932 30.098144 28.425756 25.968223 22.347556 17.053260 9.573932 0.000000 
50.000000 47.633542 45.313221 43.082476 40.979613 39.035864 37.274089 35.708213 34.343378 33.176730 32.198680 31.394465 30.745829 30.232633 29.834294 29.530942 29.304265 29.138046 29.018423 28.933917 28.875305 28.835372 28.808617 28.790940 28.779341 28.771639 28.766237 28.761904 28.757588 28.752233 28.744594 28.733013 28.715161 28.687685 28.645749 28.582404 28.487743 28.347736 28.142635 27.844759 27.415418 26.800608 25.925078 24.684449 22.935811 20.489807 17.114252 12.575564 6.770404 0.000000 
50.000000 47.123607 44.303293 41.591858 39.035864 36.673272 34.531869 32.628578 30.969652 29.551620 28.362826 27.385327 26.596929 25.973158 25.488992 25.120281 24.844765 24.642734 24.497339 24.394629 24.323392 24.274860 24.242351 24.220883 24.206813 24.197503 24.191026 24.185910 24.180920 24.174840 24.166259 24.153336 24.133503 24.103099 24.056888 23.987422 23.884204 23.732589 23.512343 23.195774 22.745353 22.110753 21.225430 20.003243 18.336636 16.100053 13.166103 9.447009 4.973864 0.000000 
50.000000 46.661411 43.387913 40.240791 37.274089 34.531869 32.046380 29.837268 27.911789 26.265913 24.886111 23.751557 22.836489 22.112500 21.550548 21.122600 20.802822 20.568336 20.399584 20.280377 20.197700 20.141379 20.103660 20.078765 20.062474 20.051735 20.044332 20.038593 20.033133 20.026628 20.017578 20.004059 19.983422 19.951930 19.904293 19.833064 19.727887 19.574537 19.353744 19.039784 18.598870 17.987483 17.150973 16.023190 14.528625 12.589640 10.142647 7.167052 3.725783 0.000000 
50.000000 46.250608 42.574317 39.039953 35.708213 32.628578 29.837269 27.356346 25.193958 23.345579 21.796015 20.521875 19.494229 18.681171 18.050087 17.569495 17.210380 16.947051 16.757544 16.623677 16.530836 16.467596 16.425252 16.397322 16.379073 16.367094 16.358919 16.352709 16.346974 16.340326 16.331240 16.317801 16.297416 16.266470 16.219898 16.150657 16.049083 15.902113 15.692403 15.397365 14.988235 14.429369 13.678173 12.686297 11.403148 9.783135 7.798021 5.454554 2.813607 0.000000 
50.000000 45.892547 41.865176 37.993289 34.343378 30.969652 27.911789 25.193958 22.825083 20.800207 19.102683 17.706886 16.581122 15.690437 14.999103 14.472630 14.079234 13.790769 13.583174 13.436531 13.334834 13.265568 13.219200 13.188633 13.168695 13.155664 13.146864 13.140326 13.134485 13.127934 13.119173 13.106371 13.087095 13.057999 13.014450 12.950082 12.856280 12.721587 12.531086 12.265807 11.902297 11.412543 10.764590 9.924307 8.858900 7.542771 5.965922 4.143991 2.126834 0.000000 
50.000000 45.586478 41.259008 37.098609 33.176731 29.551621 26.265914 23.345580 20.800208 18.624470 16.800478 15.300695 14.091067 13.134034 12.391204 11.825518 11.402822 11.092874 10.869821 10.712262 10.602998 10.528585 10.478782 10.445971 10.424604 10.410699 10.401410 10.394665 10.388857 10.382586 10.374420 10.362665 10.345117 10.318792 10.279613 10.222049 10.138710 10.019928 9.853347 9.623608 9.312238 8.897915 8.357348 7.667046 6.806269 5.761314 4.530890 3.131629 1.601729 0.000000 
50.000000 45.329887 40.750830 36.348561 32.198681 28.362828 24.886114 21.796017 19.102686 16.800479 14.870469 13.283518 12.003589 10.990938 10.204943 9.606387 9.159132 8.831178 8.595169 8.428460 8.312855 8.234130 8.181453 8.146769 8.124218 8.109604 8.099944 8.093089 8.087414 8.081550 8.074156 8.063703 8.048256 8.025242 7.991190 7.941452 7.869904 7.768652 7.627784 7.435240 7.176878 6.836883 6.398656 5.846333 5.167056 4.353924 3.409326 2.347895 1.197931 0.000000 
50.000000 45.118902 40.332974 35.731824 31.394469 27.385331 23.751562 20.521881 17.706892 15.300701 13.283522 11.624901 10.287172 9.228795 8.407310 7.781731 7.314286 6.971529 6.724869 6.550640 6.429823 6.347556 6.292520 6.256303 6.232790 6.217612 6.207679 6.200790 6.195313 6.189925 6.183389 6.174355 6.161165 6.141660 6.112974 6.071320 6.011768 5.928059 5.812462 5.655753 5.447364 5.175815 4.829485 4.397824 3.872994 3.251839 2.537907 1.743016 0.887706 0.000000 
50.000000 44.948732 39.995954 35.234397 30.745837 26.596939 22.836500 19.494241 16.581134 14.091080 12.003600 10.287180 8.902837 7.807584 6.957480 6.310108 5.826382 5.471689 5.216441 5.036148 4.911131 4.826009 4.769074 4.731627 4.707348 4.691732 4.681606 4.674732 4.669487 4.664597 4.658933 4.651316 4.640358 4.624292 4.600813 4.566914 4.518737 4.451443 4.359153 4.234972 4.071170 3.859563 3.592142 3.261975 2.864360 2.398109 1.866759 1.279390 0.650692 0.000000 
50.000000 44.814096 39.729308 34.840841 30.232649 25.973177 22.112522 18.681195 15.690463 13.134061 10.990965 9.228818 7.807600 6.683175 5.810431 5.145822 4.649217 4.285082 4.023041 3.837953 3.709614 3.622236 3.563802 3.525385 3.500508 3.484558 3.474301 3.467475 3.462468 3.458062 3.453224 3.446939 3.438058 3.425168 3.406457 3.379597 3.341638 3.288930 3.217099 3.121100 2.995384 2.834213 2.632138 2.384657 2.088993 1.744922 1.355498 0.927469 0.471205 0.000000 
50.000000 44.709594 39.522344 34.535371 29.834326 25.489030 21.550592 18.050136 14.999156 12.391260 10.205000 8.407365 6.957528 5.810463 4.920151 4.242164 3.735565 3.364104 3.096793 2.907984 2.777068 2.687940 2.628345 2.589180 2.563845 2.547645 2.537303 2.530540 2.525762 2.521798 2.517705 2.512608 2.505571 2.495478 2.480934 2.460177 2.431002 2.390714 2.336125 2.263616 2.169273 2.049130 1.899529 1.717572 1.501647 1.251953 0.970930 0.663466 0.336793 0.000000 
50.000000 44.630016 39.364740 34.302757 29.531003 25.120354 21.122685 17.569590 14.472734 11.825628 9.606500 7.781845 6.310218 5.145916 4.242227 3.554055 3.039848 2.662809 2.391486 2.199845 2.066968 1.976510 1.916032 1.876301 1.850620 1.834239 1.823843 1.817149 1.812577 1.808998 1.805547 1.801469 1.795999 1.788271 1.777228 1.761562 1.739658 1.709567 1.669010 1.615437 1.546130 1.458390 1.349789 1.218478 1.063540 0.885316 0.685657 0.468032 0.237425 0.000000 
50.000000 44.570560 39.246989 34.128962 29.304382 24.844906 20.802985 17.210563 14.079432 11.403034 9.159353 7.314511 5.826606 4.649429 3.735747 3.039968 2.520078 2.138873 1.864554 1.670798 1.536456 1.445005 1.383869 1.343716 1.317782 1.301270 1.290844 1.284216 1.279819 1.276564 1.273647 1.270408 1.266224 1.260425 1.252223 1.240661 1.224578 1.202592 1.173103 1.134345 1.084459 1.021635 0.944276 0.851218 0.741948 0.616813 0.477170 0.325434 0.164995 0.000000 
50.000000 44.526979 39.160675 34.001569 29.138265 24.643000 20.568643 16.947395 13.791143 11.093274 8.831597 6.971960 5.472125 4.285511 3.364507 2.663153 2.139098 1.754840 1.478325 1.283019 1.147605 1.055427 0.993810 0.953350 0.927232 0.910628 0.900186 0.893616 0.889364 0.886371 0.883881 0.881312 0.878150 0.873875 0.867904 0.859549 0.847989 0.832258 0.811254 0.783772 0.748563 0.704425 0.650323 0.585529 0.509763 0.423324 0.327178 0.222976 0.112997 0.000000 
50.000000 44.495643 39.098616 33.909973 29.018829 24.497831 20.400153 16.758180 13.583867 10.870562 8.595948 6.725675 5.217264 4.023866 3.097598 2.392236 1.865188 1.478736 1.200643 1.004223 0.868039 0.775338 0.713376 0.672696 0.646447 0.629780 0.619331 0.612810 0.608674 0.605885 0.603728 0.601677 0.599301 0.596195 0.591926 0.586005 0.577859 0.566824 0.552153 0.533036 0.508645 0.478193 0.441016 0.396664 0.344987 0.286222 0.221038 0.150548 0.076264 0.000000 
50.000000 44.473560 39.054881 33.845423 28.934658 24.395526 20.281414 16.624836 13.437796 10.713614 8.429882 6.552115 5.037661 3.839483 2.909506 2.201321 1.672163 1.284166 1.004961 0.807757 0.671030 0.577962 0.515757 0.474922 0.448583 0.431873 0.421422 0.414940 0.410892 0.408259 0.406352 0.404691 0.402903 0.400666 0.397659 0.393535 0.387896 0.380294 0.370228 0.357161 0.340551 0.319890 0.294756 0.264873 0.230164 0.190805 0.147251 0.100240 0.050762 0.000000 
50.000000 44.458337 39.024732 33.800924 28.876634 24.325001 20.199560 16.532915 13.337102 10.605422 8.315407 6.432474 4.913855 3.712382 2.779849 2.069718 1.539107 1.150045 0.870074 0.672330 0.535228 0.441907 0.379535 0.338594 0.312193 0.295455 0.285005 0.278552 0.274570 0.272051 0.270328 0.268949 0.267587 0.265979 0.263881 0.261044 0.257197 0.252035 0.245227 0.236421 0.225267 0.211438 0.194670 0.174793 0.151771 0.125729 0.096972 0.065983 0.033405 0.000000 
50.000000 44.448127 39.004511 33.771080 28.837719 24.277702 20.144664 16.471267 13.269570 10.532862 8.238633 6.352236 4.830823 3.627142 2.692895 1.981459 1.449874 1.060097 0.779613 0.581506 0.444154 0.350663 0.288179 0.247168 0.220726 0.203970 0.193521 0.187091 0.183155 0.180717 0.179123 0.177943 0.176880 0.175710 0.174244 0.172300 0.169688 0.166205 0.161630 0.155734 0.148290 0.139089 0.127965 0.114816 0.099624 0.082478 0.063580 0.043244 0.021888 0.000000 
50.000000 44.441562 38.991509 33.751890 28.812696 24.247289 20.109365 16.431628 13.226148 10.486207 8.189268 6.300644 4.777436 3.572335 2.636985 1.924711 1.392500 1.002264 0.721449 0.523110 0.385597 0.291996 0.229441 0.188385 0.161917 0.145149 0.134702 0.128286 0.124383 0.121998 0.120491 0.119443 0.118579 0.117700 0.116653 0.115298 0.113501 0.111120 0.108006 0.104007 0.098974 0.092773 0.085295 0.076479 0.066318 0.054872 0.042279 0.028746 0.014546 0.000000 
50.000000 44.437684 38.983830 33.740557 28.797917 24.229327 20.088518 16.408216 13.200502 10.458652 8.160113 6.270174 4.745905 3.539965 2.603965 1.891196 1.358614 0.968108 0.687098 0.488621 0.351013 0.257348 0.194751 0.153668 0.127184 0.110410 0.099964 0.093558 0.089674 0.087323 0.085868 0.084901 0.084157 0.083455 0.082660 0.081660 0.080352 0.078632 0.076393 0.073526 0.069929 0.065509 0.060193 0.053939 0.046745 0.038658 0.029773 0.020236 0.010238 0.000000 
50.000000 44.435891 38.980278 33.735315 28.791083 24.221019 20.078876 16.397389 13.188641 10.445909 8.146630 6.256082 4.731323 3.524995 2.588694 1.875696 1.342943 0.952311 0.671212 0.472671 0.335019 0.241325 0.178707 0.137612 0.111122 0.094345 0.083900 0.077498 0.073623 0.071287 0.069857 0.068928 0.068241 0.067621 0.066945 0.066112 0.065033 0.063621 0.061789 0.059450 0.056520 0.052926 0.048612 0.043544 0.037722 0.031185 0.024011 0.016317 0.008254 0.000000 
50.000000 44.435891 38.980278 33.735315 28.791083 24.221019 20.078876 16.397389 13.188641 10.445909 8.146630 6.256082 4.731323 3.524995 2.588694 1.875696 1.342943 0.952311 0.671212 0.472671 0.335019 0.241325 0.178707 0.137612 0.111122 0.094345 0.083900 0.077498 0.073623 0.071287 0.069857 0.068928 0.068241 0.067621 0.066945 0.066112 0.065033 0.063621 0.061789 0.059450 0.056520 0.052926 0.048612 0.043544 0.037722 0.031185 0.024011 0.016317 0.008254 0.000000 
50.000000 44.437684 38.983830 33.740557 28.797917 24.229327 20.088518 16.408216 13.200502 10.458652 8.160113 6.270174 4.745905 3.539965 2.603965 1.891196 1.358614 0.968108 0.687098 0.488621 0.351013 0.257348 0.194751 0.153668 0.127184 0.110410 0.099964 0.093558 0.089674 0.087323 0.085868 0.084901 0.084157 0.083455 0.082660 0.081660 0.080352 0.078632 0.076393 0.073526 0.069929 0.065509 0.060193 0.053939 0.046745 0.038658 0.029773 0.020236 0.010238 0.000000 
50.000000 44.441562 38.991509 33.751890 28.812696 24.247289 20.109365 16.431628 13.226148 10.486207 8.189268 6.300644 4.777436 3.572335 2.636985 1.924711 1.392500 1.002264 0.721449 0.523110 0.385597 0.291996 0.229441 0.188385 0.161917 0.145149 0.134702 0.128286 0.124383 0.121998 0.120491 0.119443 0.118579 0.117700 0.116653 0.115298 0.113501 0.111120 0.108006 0.104007 0.098974 0.092773 0.085295 0.076479 0.066318 0.054872 0.042279 0.028746 0.014546 0.000000 
50.000000 44.448127 39.004511 33.771080 28.837719 24.277702 20.144664 16.471267 13.269570 10.532862 8.238633 6.352236 4.830823 3.627142 2.692895 1.981459 1.449874 1.060097 0.779613 0.581506 0.444154 0.350663 0.288179 0.247168 0.220726 0.203970 0.193521 0.187091 0.183155 0.180717 0.179123 0.177943 0.176880 0.175710 0.174244 0.172300 0.169688 0.166205 0.161630 0.155734 0.148290 0.139089 0.127965 0.114816 0.099624 0.082478 0.063580 0.043244 0.021888 0.000000 
50.000000 44.458337 39.024732 33.800924 28.876634 24.325001 20.199560 16.532915 13.337102 10.605422 8.315407 6.432474 4.913855 3.712382 2.779849 2.069718 1.539107 1.150045 0.870074 0.672330 0.535228 0.441907 0.379535 0.338594 0.312193 0.295455 0.285005 0.278552 0.274570 0.272051 0.270328 0.268949 0.267587 0.265979 0.263881 0.261044 0.257197 0.252035 0.245227 0.236421 0.225267 0.211438 0.194670 0.174793 0.151771 0.125729 0.096972 0.065983 0.033405 0.000000 
50.000000 44.473560 39.054881 33.845423 28.934658 24.395526 20.281414 16.624836 13.437796 10.713614 8.429882 6.552115 5.037661 3.839483 2.909506 2.201321 1.672163 1.284166 1.004961 0.807757 0.671030 0.577962 0.515757 0.474922 0.448583 0.431873 0.421422 0.414940 0.410892 0.408259 0.406352 0.404691 0.402903 0.400666 0.397659 0.393535 0.387896 0.380294 0.370228 0.357161 0.340551 0.319890 0.294756 0.264873 0.230164 0.190805 0.147251 0.100240 0.050762 0.000000 
50.000000 44.495643 39.098616 33.909973 29.018829 24.497831 20.400153 16.758180 13.583867 10.870562 8.595948 6.725675 5.217264 4.023866 3.097598 2.392236 1.865188 1.478736 1.200643 1.004223 0.868039 0.775338 0.713376 0.672696 0.646447 0.629780 0.619331 0.612810 0.608674 0.605885 0.603728 0.601677 0.599301 0.596195 0.591926 0.586005 0.577859 0.566824 0.552153 0.533036 0.508645 0.478193 0.441016 0.396664 0.344987 0.286222 0.221038 0.150548 0.076264 0.000000 
50.000000 44.526979 39.160675 34.001569 29.138265 24.643000 20.568643 16.947395 13.791143 11.093274 8.831597 6.971960 5.472125 4.285511 3.364507 2.663153 2.139098 1.754840 1.478325 1.283019 1.147605 1.055427 0.993810 0.953350 0.927232 0.910628 0.900186 0.893616 0.889364 0.886371 0.883881 0.881312 0.878150 0.873875 0.867904 0.859549 0.847989 0.832258 0.811254 0.783772 0.748563 0.704425 0.650323 0.585529 0.509763 0.423324 0.327178 0.222976 0.112997 0.000000 
50.000000 44.570560 39.246989 34.128962 29.304382 24.844906 20.802985 17.210563 14.079432 11.403034 9.159353 7.314511 5.826606 4.649429 3.735747 3.039968 2.520078 2.138873 1.864554 1.670798 1.536456 1.445005 1.383869 1.343716 1.317782 1.301270 1.290844 1.284216 1.279819 1.276564 1.273647 1.270408 1.266224 1.260425 1.252223 1.240661 1.224578 1.202592 1.173103 1.134345 1.084459 1.021635 0.944276 0.851218 0.741948 0.616813 0.477170 0.325434 0.164995 0.000000 
50.000000 44.630016 39.364740 34.302757 29.531003 25.120354 21.122685 17.569590 14.472734 11.825628 9.606500 7.781845 6.310218 5.145916 4.242227 3.554055 3.039848 2.662809 2.391486 2.199845 2.066968 1.976510 1.916032 1.876301 1.850620 1.834239 1.823843 1.817149 1.812577 1.808998 1.805547 1.801469 1.795999 1.788271 1.777228 1.761562 1.739658 1.709567 1.669010 1.615437 1.546130 1.458390 1.349789 1.218478 1.063540 0.885316 0.685657 0.468032 0.237425 0.000000 
50.000000 44.709594 39.522344 34.535371 29.834326 25.489030 21.550592 18.050136 14.999156 12.391260 10.205000 8.407365 6.957528 5.810463 4.920151 4.242164 3.735565 3.364104 3.096793 2.907984 2.777068 2.687940 2.628345 2.589180 2.563845 2.547645 2.537303 2.530540 2.525762 2.521798 2.517705 2.512608 2.505571 2.495478 2.480934 2.460177 2.431002 2.390714 2.336125 2.263616 2.169273 2.049130 1.899529 1.717572 1.501647 1.251953 0.970930 0.663466 0.336793 0.000000 
50.000000 44.814096 39.729308 34.840841 30.232649 25.973177 22.112522 18.681195 15.690463 13.134061 10.990965 9.228818 7.807600 6.683175 5.810431 5.145822 4.649217 4.285082 4.023041 3.837953 3.709614 3.622236 3.563802 3.525385 3.500508 3.484558 3.474301 3.467475 3.462468 3.458062 3.453224 3.446939 3.438058 3.425168 3.406457 3.379597 3.341638 3.288930 3.217099 3.121100 2.995384 2.834213 2.632138 2.384657 2.088993 1.744922 1.355498 0.927469 0.471205 0.000000 
50.000000 44.948732 39.995954 35.234397 30.745837 26.596939 22.836500 19.494241 16.581134 14.091080 12.003600 10.287180 8.902837 7.807584 6.957480 6.310108 5.826382 5.471689 5.216441 5.036148 4.911131 4.826009 4.769074 4.731627 4.707348 4.691732 4.681606 4.674732 4.669487 4.664597 4.658933 4.651316 4.640358 4.624292 4.600813 4.566914 4.518737 4.451443 4.359153 4.234972 4.071170 3.859563 3.592142 3.261975 2.864360 2.398109 1.866759 1.279390 0.650692 0.000000 
50.000000 45.118902 40.332974 35.731824 31.394469 27.385331 23.751562 20.521881 17.706892 15.300701 13.283522 11.624901 10.287172 9.228795 8.407310 7.781731 7.314286 6.971529 6.724869 6.550640 6.429823 6.347556 6.292520 6.256303 6.232790 6.217612 6.207679 6.200790 6.195313 6.189925 6.183389 6.174355 6.161165 6.141660 6.112974 6.071320 6.011768 5.928059 5.812462 5.655753 5.447364 5.175815 4.829485 4.397824 3.872994 3.251839 2.537907 1.743016 0.887706 0.000000 
50.000000 45.329887 40.750830 36.348561 32.198681 28.362828 24.886114 21.796017 19.102686 16.800479 14.870469 13.283518 12.003589 10.990938 10.204943 9.606387 9.159132 8.831178 8.595169 8.428460 8.312855 8.234130 8.181453 8.146769 8.124218 8.109604 8.099944 8.093089 8.087414 8.081550 8.074156 8.063703 8.048256 8.025242 7.991190 7.941452 7.869904 7.768652 7.627784 7.435240 7.176878 6.836883 6.398656 5.846333 5.167056 4.353924 3.409326 2.347895 1.197931 0.000000 
50.000000 45.586478 41.259008 37.098609 33.176731 29.551621 26.265914 23.345580 20.800208 18.624470 16.800478 15.300695 14.091067 13.134034 12.391204 11.825518 11.402822 11.092874 10.869821 10.712262 10.602998 10.528585 10.478782 10.445971 10.424604 10.410699 10.401410 10.394665 10.388857 10.382586 10.374420 10.362665 10.345117 10.318792 10.279613 10.222049 10.138710 10.019928 9.853347 9.623608 9.312238 8.897915 8.357348 7.667046 6.806269 5.761314 4.530890 3.131629 1.601729 0.000000 
50.000000 45.892547 41.865176 37.993289 34.343378 30.969652 27.911789 25.193958 22.825083 20.800207 19.102683 17.706886 16.581122 15.690437 14.999103 14.472630 14.079234 13.790769 13.583174 13.436531 13.334834 13.265568 13.219200 13.188633 13.168695 13.155664 13.146864 13.140326 13.134485 13.127934 13.119173 13.106371 13.087095 13.057999 13.014450 12.950082 12.856280 12.721587 12.531086 12.265807 11.902297 11.412543 10.764590 9.924307 8.858900 7.542771 5.965922 4.143991 2.126834 0.000000 
50.000000 46.250608 42.574317 39.039953 35.708213 32.628578 29.837269 27.356346 25.193958 23.345579 21.796015 20.521875 19.494229 18.681171 18.050087 17.569495 17.210380 16.947051 16.757544 16.623677 16.530836 16.467596 16.425252 16.397322 16.379073 16.367094 16.358919 16.352709 16.346974 16.340326 16.331240 16.317801 16.297416 16.266470 16.219898 16.150657 16.049083 15.902113 15.692403 15.397365 14.988235 14.429369 13.678173 12.686297 11.403148 9.783135 7.798021 5.454554 2.813607 0.000000 
50.000000 46.661411 43.387913 40.240791 37.274089 34.531869 32.046380 29.837268 27.911789 26.265913 24.886111 23.751557 22.836489 22.112500 21.550548 21.122600 20.802822 20.568336 20.399584 20.280377 20.197700 20.141379 20.103660 20.078765 20.062474 20.051735 20.044332 20.038593 20.033133 20.026628 20.017578 20.004059 19.983422 19.951930 19.904293 19.833064 19.727887 19.574537 19.353744 19.039784 18.598870 17.987483 17.150973 16.023190 14.528625 12.589640 10.142647 7.167052 3.725783 0.000000 
50.000000 47.123607 44.303293 41.591858 39.035864 36.673272 34.531869 32.628578 30.969652 29.551620 28.362826 27.385327 26.596929 25.973158 25.488992 25.120281 24.844765 24.642734 24.497339 24.394629 24.323392 24.274860 24.242351 24.220883 24.206813 24.197503 24.191026 24.185910 24.180920 24.174840 24.166259 24.153336 24.133503 24.103099 24.056888 23.987422 23.884204 23.732589 23.512343 23.195774 22.745353 22.110753 21.225430 20.003243 18.336636 16.100053 13.166103 9.447009 4.973864 0.000000 
50.000000 47.633542 45.313221 43.082476 40.979613 39.035864 37.274089 35.708213 34.343378 33.176730 32.198680 31.394465 30.745829 30.232633 29.834294 29.530942 29.304265 29.138046 29.018423 28.933917 28.875305 28.835372 28.808617 28.790940 28.779341 28.771639 28.766237 28.761904 28.757588 28.752233 28.744594 28.733013 28.715161 28.687685 28.645749 28.582404 28.487743 28.347736 28.142635 27.844759 27.415418 26.800608 25.925078 24.684449 22.935811 20.489807 17.114252 12.575564 6.770404 0.000000 
50.000000 48.185220 46.405820 44.695113 43.082476 41.591858 40.240791 39.039953 37.993289 37.098609 36.348559 35.731821 35.234391 34.840828 34.535347 34.302710 34.128873 34.001400 33.909661 33.844854 33.799902 33.769275 33.748752 33.735187 33.726276 33.720343 33.716153 33.712751 33.709306 33.704974 33.698742 33.689247 33.674560 33.651882 33.617147 33.564466 33.485355 33.367645 33.193920 32.939236 32.567720 32.027367 31.241932 30.098144 28.425756 25.968223 22.347556 17.053260 9.573932 0.000000 
50.000000 48.770446 47.564862 46.405820 45.313221 44.303293 43.387913 42.574317 41.865176 41.259007 40.750829 40.332972 39.995950 39.729300 39.522327 39.364708 39.246928 39.160561 39.098404 39.054494 39.024038 39.003285 38.989377 38.980182 38.974137 38.970103 38.967241 38.964895 38.962493 38.959443 38.955028 38.948280 38.937814 38.921616 38.896739 38.858894 38.801847 38.716568 38.589961 38.402936 38.127380 37.721185 37.119763 36.220861 34.856285 32.737658 29.352560 23.782431 14.505612 0.000000 
50.000000 49.379171 48.770446 48.185220 47.633542 47.123607 46.661411 46.250608 45.892546 45.586478 45.329887 45.118901 44.948730 44.814092 44.709586 44.630000 44.570530 44.526921 44.495536 44.473365 44.457986 44.447507 44.440484 44.435839 44.432785 44.430744 44.429291 44.428094 44.426859 44.425283 44.422993 44.419486 44.414039 44.405596 44.392608 44.372810 44.342895 44.298042 44.231197 44.131957 43.984749 43.765713 43.437001 42.935629 42.149743 40.863138 38.611288 34.264833 24.689586 0.000000 
50.000000 50.000000 50.000000 50.000000 50.000000 50.000000 50.000000 50.000000 50.000000 50.000000 50.000000 50.000000 50.000000 50.000000 50.000000 50.000000 50.000000 50.000000 50.000000 50.000000 50.000000 50.000000 50.000000 50.000000 50.000000 50.000000 50.000000 50.000000 50.000000 50.000000 50.000000 50.000000 50.000000 50.000000 50.000000 50.000000 50.000000 50.000000 50.000000 50.000000 50.000000 50.000000 50.000000 50.000000 50.000000 50.000000 50.000000 50.000000 50.000000 50.000000 
