50.000000 50.000000 50.000000 50.000000 50.000000 50.000000 50.000000 50.000000 50.000000 50.000000 50.000000 50.000000 50.000000 50.000000 50.000000 50.000000 50.000000 50.000000 50.000000 50.000000 50.000000 50.000000 50.000000 50.000000 50.000000 50.000000 50.000000 50.000000 50.000000 50.000000 50.000000 50.000000 50.000000 50.000000 50.000000 50.000000 50.000000 50.000000 50.000000 50.000000 50.000000 50.000000 50.000000 50.000000 50.000000 50.000000 50.000000 50.000000 50.000000 50.000000 
50.000000 49.723877 49.450148 49.181147 48.919084 48.665992 48.423683 48.193706 47.977322 47.775488 47.588851 47.417753 47.262248 47.122125 46.996934 46.886025 46.788582 46.703660 46.630219 46.567160 46.513351 46.467652 46.428929 46.396069 46.367980 46.343590 46.321836 46.301641 46.281895 46.261407 46.238868 46.212776 46.181362 46.142472 46.093425 46.030798 45.950135 45.845504 45.708829 45.528828 45.289250 44.965817 44.520584 43.890833 42.965372 41.529064 39.118846 34.607174 24.861968 0.000000 
50.000000 49.450152 48.905072 48.369406 47.847556 47.343571 46.861057 46.403101 45.972213 45.570299 45.198646 44.857937 44.548279 44.269251 44.019959 43.799108 43.605074 43.435974 43.289741 43.164186 43.057057 42.966085 42.889017 42.823639 42.767785 42.719326 42.676156 42.636150 42.597114 42.556710 42.512368 42.461157 42.399632 42.323626 42.227966 42.106094 41.949523 41.747048 41.483575 41.138294 40.681764 40.071067 39.241421 38.091099 36.453201 34.041444 30.346267 24.452663 14.843099 0.000000 
50.000000 49.181161 48.369425 47.571707 46.794562 46.044024 45.325461 44.643469 44.001788 43.403255 42.849788 42.342404 41.881262 41.465735 41.094494 40.765611 40.476666 40.224860 40.007114 39.820173 39.660687 39.525282 39.410612 39.313389 39.230402 39.158504 39.094581 39.035508 38.978066 38.918847 38.854118 38.779651 38.690508 38.580757 38.443093 38.268336 38.044733 37.756968 37.384731 36.900593 36.266766 35.430074 34.314000 32.806035 30.737810 27.855808 23.786175 18.023554 10.062505 0.000000 
50.000000 48.919121 47.847617 46.794617 45.768775 44.778054 43.829541 42.929303 42.082276 41.292205 40.561623 39.891872 39.283164 38.734671 38.244638 37.810524 37.429137 37.096781 36.809401 36.562702 36.352270 36.173663 36.022476 35.894391 35.785193 35.690762 35.607039 35.529962 35.455373 35.378894 35.295768 35.200650 35.087351 34.948508 34.775148 34.556133 34.277396 33.920913 33.463266 32.873627 32.110886 31.119562 29.824071 28.121004 25.869839 22.885056 18.939713 13.806732 7.390324 0.000000 
50.000000 48.666071 47.343711 46.044189 44.778182 43.555519 42.384946 41.273949 40.228622 39.253587 38.351969 37.525426 36.774219 36.097327 35.492589 34.956867 34.486227 34.076114 33.721524 33.417171 33.157616 32.937392 32.751086 32.593397 32.459161 32.343349 32.241023 32.147268 32.057086 31.965257 31.866156 31.753534 31.620228 31.457817 31.256176 31.002914 30.682639 30.276015 29.758507 29.098742 28.256362 27.179326 25.800711 24.035523 21.779011 18.910118 15.307590 10.891265 5.701061 0.000000 
50.000000 48.423830 46.861331 45.325816 43.829905 42.385207 41.002060 39.689309 38.454155 37.302058 36.236713 35.260079 34.372465 33.572668 32.858134 32.225161 31.669103 31.184584 30.765701 30.406218 30.099725 29.839783 29.620024 29.434226 29.276340 29.140496 29.020956 28.912044 28.808034 28.702997 28.590618 28.463956 28.315166 28.135146 27.913118 27.636105 27.288291 26.850231 26.297884 25.601445 24.724008 23.620163 22.234857 20.503233 18.352898 15.711206 12.521371 8.771230 4.533479 0.000000 
50.000000 48.193960 46.403585 44.644130 42.930053 41.274661 39.689796 38.185595 36.770308 35.450194 34.229486 33.110429 32.093382 31.176964 30.358254 29.633013 28.995924 28.440834 27.960990 27.549260 27.198321 26.900822 26.649503 26.437283 26.257301 26.102920 25.967688 25.845265 25.729309 25.613323 25.490469 25.353333 25.193655 25.002001 24.767384 24.476813 24.114777 23.662640 23.097976 22.393861 21.518228 20.433446 19.096512 17.460463 15.478037 13.108954 10.332201 7.163476 3.674013 0.000000 
50.000000 47.977738 45.973015 44.002915 42.083627 40.230048 38.455442 36.771159 35.186436 33.708282 32.341438 31.088420 29.949629 28.923523 28.006835 27.194824 26.481540 25.860105 25.322972 24.862169 24.469524 24.136837 23.856024 23.619216 23.418811 23.247485 23.098157 22.963922 22.837933 22.713257 22.582692 22.438546 22.272383 22.074734 21.834765 21.539917 21.175511 20.724329 20.166220 19.477764 18.632127 17.599276 16.346861 14.842196 13.055920 10.967897 8.575545 5.903677 3.012764 0.000000 
50.000000 47.776140 45.571569 43.405072 41.294453 39.256095 37.304583 35.452398 33.709702 32.084200 30.581108 29.203194 27.950901 26.822537 25.814512 24.921618 24.137321 23.454067 22.863571 22.357091 21.925663 21.560310 21.252193 20.992728 20.773645 20.587012 20.425206 20.280845 20.146686 20.015480 19.879803 19.731848 19.563203 19.364595 19.125619 18.834456 18.477593 18.039571 17.502790 16.847450 16.051719 15.092282 13.945475 12.589273 11.006378 9.188537 7.141853 4.892091 2.488012 0.000000 
50.000000 47.589844 45.200593 42.852605 40.565177 38.356065 36.241074 34.233734 32.345055 30.583391 28.954396 27.461070 26.103897 24.881045 23.788629 22.821010 21.971117 21.230774 20.591019 20.042401 19.575236 19.179837 18.846681 18.566539 18.330551 18.130251 17.957554 17.804690 17.664111 17.528358 17.389902 17.240958 17.073289 16.877987 16.645257 16.364210 16.022673 15.607064 15.102343 14.492124 13.759009 12.885265 11.853954 10.650662 9.265890 7.698047 5.956700 4.065344 2.062517 0.000000 
50.000000 47.419231 44.860845 42.346645 39.897293 37.531800 35.267094 33.117659 31.095288 29.208928 27.464631 25.865614 24.412396 23.103020 21.933330 20.897296 19.987354 19.194765 18.509949 17.922811 17.423016 17.000235 16.644332 16.345504 16.094370 15.882006 15.699935 15.540080 15.394668 15.256118 15.116890 14.969322 14.805459 14.616868 14.394471 14.128392 13.807848 13.421099 12.955502 12.397706 11.734056 10.951264 10.037412 8.983348 7.784442 6.442589 4.968154 3.381352 1.712421 0.000000 
50.000000 47.264404 44.552536 41.887504 39.291211 36.783809 34.383241 32.104863 29.961173 27.961656 26.112731 24.417807 22.877438 21.489554 20.249753 19.151652 18.187244 17.347277 16.621619 15.999592 15.470279 15.022776 14.646402 14.330850 14.066283 13.843386 13.653360 13.487884 13.339033 13.199169 13.060813 12.916498 12.758617 12.579271 12.370142 12.122379 11.826540 11.472602 11.050058 10.548153 9.956279 9.264583 8.464799 7.551316 6.522432 5.381666 4.138891 2.810985 1.421629 0.000000 
50.000000 47.125222 44.275378 41.474755 38.746367 36.111395 33.588694 31.194400 28.941651 26.840413 24.897434 23.116298 21.497590 20.039137 18.736322 17.582442 16.569093 15.686569 14.924240 14.270912 13.715147 13.245535 12.850915 12.520539 12.244179 12.012186 11.815501 11.645615 11.494503 11.354529 11.218321 11.078650 10.928289 10.759897 10.565906 10.338445 10.069318 9.750033 9.371926 8.926393 8.405248 7.801234 7.108685 6.324319 5.448114 4.484149 3.441255 2.333283 1.178784 0.000000 
50.000000 47.001323 44.028655 41.107329 38.261353 35.512820 32.881397 30.383919 28.034087 25.842300 23.815597 21.957720 20.269281 18.748017 17.389118 16.185599 15.128705 14.208326 13.413392 12.732256 12.153020 11.663831 11.253108 10.909722 10.623111 10.383350 10.181165 10.007910 9.855505 9.716346 9.583205 9.449108 9.307222 9.150745 8.972822 8.766487 8.524654 8.240162 7.905896 7.514995 7.061160 6.539064 5.944860 5.276762 4.535640 3.725557 2.854132 1.932610 0.975538 0.000000 
50.000000 46.892172 43.811299 40.783639 37.834071 34.985494 32.258292 29.669911 27.234554 24.962998 22.862540 20.937060 19.187194 17.610603 16.202305 14.955069 13.859832 12.906129 12.082508 11.376921 10.777075 10.270729 9.845941 9.491254 9.195827 8.949502 8.742838 8.567088 8.414145 8.276469 8.146985 8.018981 7.886003 7.741758 7.580045 7.394702 7.179612 6.928741 6.636248 6.296663 5.905134 5.457750 4.951920 4.386786 3.763632 3.086214 2.360955 1.596923 0.805539 0.000000 
50.000000 46.797099 43.621979 40.501698 37.461900 34.526183 31.715556 29.047998 26.538148 24.197113 22.032415 20.048054 18.244690 16.619913 15.168595 13.883292 12.754674 11.771968 10.923390 10.196549 9.578807 9.057592 8.620655 8.256262 7.953335 7.701528 7.491266 7.313731 7.160815 7.025053 6.899527 6.777778 6.653703 6.521476 6.375472 6.210235 6.020468 5.801077 5.547252 5.254615 4.919412 4.538757 4.110913 3.635581 3.114170 2.550006 1.948421 1.316695 0.663807 0.000000 
50.000000 46.715345 43.459181 40.259257 37.141870 34.131222 31.248857 28.513216 25.939310 23.538532 21.318595 19.283606 17.434241 15.768034 14.279732 12.961705 11.804395 10.796767 9.926754 9.181671 8.548587 8.014650 7.567350 7.194722 6.885491 6.629160 6.416050 6.237294 6.084797 5.951173 5.829659 5.714027 5.598496 5.477645 5.346356 5.199769 5.033276 4.842548 4.623598 4.372896 4.087511 3.765295 3.405080 3.006885 2.572086 2.103547 1.605651 1.084228 0.546349 0.000000 
50.000000 46.646108 43.321307 40.053931 36.870834 33.796726 30.853607 28.060306 25.432151 22.980776 20.714060 18.636194 16.747874 15.046584 13.526964 12.181231 10.999633 9.970914 9.082767 8.322262 7.676222 7.131562 6.675552 6.296038 5.981584 5.721571 5.506240 5.326693 5.174856 5.043422 4.925770 4.815881 4.708250 4.597812 4.479874 4.350075 4.204370 4.039046 3.850764 3.636643 3.394365 3.122305 2.819671 2.486644 2.124491 1.735632 1.323652 0.893216 0.449913 0.000000 
50.000000 46.588579 43.206748 39.883329 36.645633 33.518797 30.525198 27.683988 25.010759 22.517345 20.211761 18.098271 16.177586 14.447149 12.901513 11.532764 10.330994 9.284762 8.381565 7.608266 6.951491 6.397958 5.934762 5.549593 5.230886 4.967927 4.750895 4.570872 4.419812 4.290478 4.176376 4.071667 3.971084 3.869856 3.763644 3.648494 3.520813 3.377373 3.215339 3.032322 2.826451 2.596471 2.341832 2.062787 1.760457 1.436873 1.094959 0.738466 0.371834 0.000000 
50.000000 46.541989 43.113972 39.745164 36.463252 33.293714 30.259233 27.379223 24.669491 22.142032 19.804971 17.662632 15.715738 13.961698 12.394994 11.007612 9.789510 8.729104 7.813728 7.030086 6.364636 5.803945 5.334967 4.945266 4.623178 4.357912 4.139605 3.959326 3.809054 3.681618 3.570630 3.470400 3.375857 3.282472 3.186187 3.083371 2.970788 2.845584 2.705306 2.547930 2.371912 2.176250 1.960550 1.725080 1.470818 1.199464 0.913418 0.615718 0.309930 0.000000 
50.000000 46.505638 43.041586 39.637365 36.320954 33.118100 30.051722 27.141441 24.403229 21.849207 19.487588 17.322742 15.355399 13.582946 11.999807 10.597889 9.367050 8.295589 7.370720 6.579017 5.906813 5.340556 4.867091 4.473886 4.149201 3.882189 3.662954 3.482561 3.333009 3.207182 3.098778 3.002226 2.912611 2.825588 2.737322 2.644427 2.543936 2.433278 2.310279 2.173180 2.020669 1.851918 1.666624 1.465050 1.248042 1.017036 0.774031 0.521529 0.262448 0.000000 
50.000000 46.478930 42.988402 39.558164 36.216406 32.989072 29.899260 26.966738 24.207601 21.634064 19.254401 17.073018 15.090653 13.304671 11.709460 10.296863 9.056668 7.977090 7.045250 6.247630 5.570473 5.000137 4.523389 4.127629 3.801061 3.532797 3.312921 3.132493 2.983531 2.858962 2.752545 2.658803 2.572930 2.490722 2.408502 2.323065 2.231635 2.131840 2.021704 1.899653 1.764529 1.615617 1.452671 1.275935 1.086153 0.884564 0.672874 0.453204 0.228014 0.000000 
50.000000 46.461396 42.953486 39.506166 36.147767 32.904363 29.799165 26.852041 24.079166 21.492817 19.101309 16.909070 14.916842 13.121979 11.518842 10.099236 8.852900 7.767993 6.831579 6.030078 5.349672 4.776665 4.297768 3.900340 3.572547 3.303477 3.083198 2.902770 2.754226 2.630517 2.525449 2.433600 2.350243 2.271262 2.193085 2.112622 2.027222 1.934640 1.833027 1.720922 1.597264 1.461407 1.313134 1.152673 0.980696 0.798313 0.607039 0.408751 0.205614 0.000000 
50.000000 46.452712 42.936193 39.480412 36.113771 32.862407 29.749589 26.795233 24.015554 21.422859 19.025483 16.827868 14.830755 13.031494 11.424431 10.001353 8.751976 7.664431 6.725752 5.922329 5.240316 4.665986 4.186028 3.787776 3.459380 3.189915 2.969442 2.789023 2.640694 2.517422 2.413034 2.322139 2.240045 2.162682 2.086528 2.008552 1.926163 1.837178 1.739808 1.632649 1.514685 1.385302 1.244297 1.091886 0.928707 0.755804 0.574601 0.386852 0.194581 0.000000 
50.000000 46.452712 42.936193 39.480412 36.113771 32.862407 29.749589 26.795233 24.015554 21.422859 19.025483 16.827868 14.830755 13.031494 11.424431 10.001353 8.751976 7.664431 6.725752 5.922329 5.240316 4.665986 4.186028 3.787776 3.459380 3.189915 2.969442 2.789023 2.640694 2.517422 2.413034 2.322139 2.240045 2.162682 2.086528 2.008552 1.926163 1.837178 1.739808 1.632649 1.514685 1.385302 1.244297 1.091886 0.928707 0.755804 0.574601 0.386852 0.194581 0.000000 
50.000000 46.461396 42.953486 39.506166 36.147767 32.904363 29.799165 26.852041 24.079166 21.492817 19.101309 16.909070 14.916842 13.121979 11.518842 10.099236 8.852900 7.767993 6.831579 6.030078 5.349672 4.776665 4.297768 3.900340 3.572547 3.303477 3.083198 2.902770 2.754226 2.630517 2.525449 2.433600 2.350243 2.271262 2.193085 2.112622 2.027222 1.934640 1.833027 1.720922 1.597264 1.461407 1.313134 1.152673 0.980696 0.798313 0.607039 0.408751 0.205614 0.000000 
50.000000 46.478930 42.988402 39.558164 36.216406 32.989072 29.899260 26.966738 24.207601 21.634064 19.254401 17.073018 15.090653 13.304671 11.709460 10.296863 9.056668 7.977090 7.045250 6.247630 5.570473 5.000137 4.523389 4.127629 3.801061 3.532797 3.312921 3.132493 2.983531 2.858962 2.752545 2.658803 2.572930 2.490722 2.408502 2.323065 2.231635 2.131840 2.021704 1.899653 1.764529 1.615617 1.452671 1.275935 1.086153 0.884564 0.672874 0.453204 0.228014 0.000000 
50.000000 46.505638 43.041586 39.637365 36.320954 33.118100 30.051722 27.141441 24.403229 21.849207 19.487588 17.322742 15.355399 13.582946 11.999807 10.597889 9.367050 8.295589 7.370720 6.579017 5.906813 5.340556 4.867091 4.473886 4.149201 3.882189 3.662954 3.482561 3.333009 3.207182 3.098778 3.002226 2.912611 2.825588 2.737322 2.644427 2.543936 2.433278 2.310279 2.173180 2.020669 1.851918 1.666624 1.465050 1.248042 1.017036 0.774031 0.521529 0.262448 0.000000 
50.000000 46.541989 43.113972 39.745164 36.463252 33.293714 30.259233 27.379223 24.669491 22.142032 19.804971 17.662632 15.715738 13.961698 12.394994 11.007612 9.789510 8.729104 7.813728 7.030086 6.364636 5.803945 5.334967 4.945266 4.623178 4.357912 4.139605 3.959326 3.809054 3.681618 3.570630 3.470400 3.375857 3.282472 3.186187 3.083371 2.970788 2.845584 2.705306 2.547930 2.371912 2.176250 1.960550 1.725080 1.470818 1.199464 0.913418 0.615718 0.309930 0.000000 
50.000000 46.588579 43.206748 39.883329 36.645633 33.518797 30.525198 27.683988 25.010759 22.517345 20.211761 18.098271 16.177586 14.447149 12.901513 11.532764 10.330994 9.284762 8.381565 7.608266 6.951491 6.397958 5.934762 5.549593 5.230886 4.967927 4.750895 4.570872 4.419812 4.290478 4.176376 4.071667 3.971084 3.869856 3.763644 3.648494 3.520813 3.377373 3.215339 3.032322 2.826451 2.596471 2.341832 2.062787 1.760457 1.436873 1.094959 0.738466 0.371834 0.000000 
50.000000 46.646108 43.321307 40.053931 36.870834 33.796726 30.853607 28.060306 25.432151 22.980776 20.714060 18.636194 16.747874 15.046584 13.526964 12.181231 10.999633 9.970914 9.082767 8.322262 7.676222 7.131562 6.675552 6.296038 5.981584 5.721571 5.506240 5.326693 5.174856 5.043422 4.925770 4.815881 4.708250 4.597812 4.479874 4.350075 4.204370 4.039046 3.850764 3.636643 3.394365 3.122305 2.819671 2.486644 2.124491 1.735632 1.323652 0.893216 0.449913 0.000000 
50.000000 46.715345 43.459181 40.259257 37.141870 34.131222 31.248857 28.513216 25.939310 23.538532 21.318595 19.283606 17.434241 15.768034 14.279732 12.961705 11.804395 10.796767 9.926754 9.181671 8.548587 8.014650 7.567350 7.194722 6.885491 6.629160 6.416050 6.237294 6.084797 5.951173 5.829659 5.714027 5.598496 5.477645 5.346356 5.199769 5.033276 4.842548 4.623598 4.372896 4.087511 3.765295 3.405080 3.006885 2.572086 2.103547 1.605651 1.084228 0.546349 0.000000 
50.000000 46.797099 43.621979 40.501698 37.461900 34.526183 31.715556 29.047998 26.538148 24.197113 22.032415 20.048054 18.244690 16.619913 15.168595 13.883292 12.754674 11.771968 10.923390 10.196549 9.578807 9.057592 8.620655 8.256262 7.953335 7.701528 7.491266 7.313731 7.160815 7.025053 6.899527 6.777778 6.653703 6.521476 6.375472 6.210235 6.020468 5.801077 5.547252 5.254615 4.919412 4.538757 4.110913 3.635581 3.114170 2.550006 1.948421 1.316695 0.663807 0.000000 
50.000000 46.892172 43.811299 40.783639 37.834071 34.985494 32.258292 29.669911 27.234554 24.962998 22.862540 20.937060 19.187194 17.610603 16.202305 14.955069 13.859832 12.906129 12.082508 11.376921 10.777075 10.270729 9.845941 9.491254 9.195827 8.949502 8.742838 8.567088 8.414145 8.276469 8.146985 8.018981 7.886003 7.741758 7.580045 7.394702 7.179612 6.928741 6.636248 6.296663 5.905134 5.457750 4.951920 4.386786 3.763632 3.086214 2.360955 1.596923 0.805539 0.000000 
50.000000 47.001323 44.028655 41.107329 38.261353 35.512820 32.881397 30.383919 28.034087 25.842300 23.815597 21.957720 20.269281 18.748017 17.389118 16.185599 15.128705 14.208326 13.413392 12.732256 12.153020 11.663831 11.253108 10.909722 10.623111 10.383350 10.181165 10.007910 9.855505 9.716346 9.583205 9.449108 9.307222 9.150745 8.972822 8.766487 8.524654 8.240162 7.905896 7.514995 7.061160 6.539064 5.944860 5.276762 4.535640 3.725557 2.854132 1.932610 0.975538 0.000000 
50.000000 47.125222 44.275378 41.474755 38.746367 36.111395 33.588694 31.194400 28.941651 26.840413 24.897434 23.116298 21.497590 20.039137 18.736322 17.582442 16.569093 15.686569 14.924240 14.270912 13.715147 13.245535 12.850915 12.520539 12.244179 12.012186 11.815501 11.645615 11.494503 11.354529 11.218321 11.078650 10.928289 10.759897 10.565906 10.338445 10.069318 9.750033 9.371926 8.926393 8.405248 7.801234 7.108685 6.324319 5.448114 4.484149 3.441255 2.333283 1.178784 0.000000 
50.000000 47.264404 44.552536 41.887504 39.291211 36.783809 34.383241 32.104863 29.961173 27.961656 26.112731 24.417807 22.877438 21.489554 20.249753 19.151652 18.187244 17.347277 16.621619 15.999592 15.470279 15.022776 14.646402 14.330850 14.066283 13.843386 13.653360 13.487884 13.339033 13.199169 13.060813 12.916498 12.758617 12.579271 12.370142 12.122379 11.826540 11.472602 11.050058 10.548153 9.956279 9.264583 8.464799 7.551316 6.522432 5.381666 4.138891 2.810985 1.421629 0.000000 
50.000000 47.419231 44.860845 42.346645 39.897293 37.531800 35.267094 33.117659 31.095288 29.208928 27.464631 25.865614 24.412396 23.103020 21.933330 20.897296 19.987354 19.194765 18.509949 17.922811 17.423016 17.000235 16.644332 16.345504 16.094370 15.882006 15.699935 15.540080 15.394668 15.256118 15.116890 14.969322 14.805459 14.616868 14.394471 14.128392 13.807848 13.421099 12.955502 12.397706 11.734056 10.951264 10.037412 8.983348 7.784442 6.442589 4.968154 3.381352 1.712421 0.000000 
50.000000 47.589844 45.200593 42.852605 40.565177 38.356065 36.241074 34.233734 32.345055 30.583391 28.954396 27.461070 26.103897 24.881045 23.788629 22.821010 21.971117 21.230774 20.591019 20.042401 19.575236 19.179837 18.846681 18.566539 18.330551 18.130251 17.957554 17.804690 17.664111 17.528358 17.389902 17.240958 17.073289 16.877987 16.645257 16.364210 16.022673 15.607064 15.102343 14.492124 13.759009 12.885265 11.853954 10.650662 9.265890 7.698047 5.956700 4.065344 2.062517 0.000000 
50.000000 47.776140 45.571569 43.405072 41.294453 39.256095 37.304583 35.452398 33.709702 32.084200 30.581108 29.203194 27.950901 26.822537 25.814512 24.921618 24.137321 23.454067 22.863571 22.357091 21.925663 21.560310 21.252193 20.992728 20.773645 20.587012 20.425206 20.280845 20.146686 20.015480 19.879803 19.731848 19.563203 19.364595 19.125619 18.834456 18.477593 18.039571 17.502790 16.847450 16.051719 15.092282 13.945475 12.589273 11.006378 9.188537 7.141853 4.892091 2.488012 0.000000 
50.000000 47.977738 45.973015 44.002915 42.083627 40.230048 38.455442 36.771159 35.186436 33.708282 32.341438 31.088420 29.949629 28.923523 28.006835 27.194824 26.481540 25.860105 25.322972 24.862169 24.469524 24.136837 23.856024 23.619216 23.418811 23.247485 23.098157 22.963922 22.837933 22.713257 22.582692 22.438546 22.272383 22.074734 21.834765 21.539917 21.175511 20.724329 20.166220 19.477764 18.632127 17.599276 16.346861 14.842196 13.055920 10.967897 8.575545 5.903677 3.012764 0.000000 
50.000000 48.193960 46.403585 44.644130 42.930053 41.274661 39.689796 38.185595 36.770308 35.450194 34.229486 33.110429 32.093382 31.176964 30.358254 29.633013 28.995924 28.440834 27.960990 27.549260 27.198321 26.900822 26.649503 26.437283 26.257301 26.102920 25.967688 25.845265 25.729309 25.613323 25.490469 25.353333 25.193655 25.002001 24.767384 24.476813 24.114777 23.662640 23.097976 22.393861 21.518228 20.433446 19.096512 17.460463 15.478037 13.108954 10.332201 7.163476 3.674013 0.000000 
50.000000 48.423830 46.861331 45.325816 43.829905 42.385207 41.002060 39.689309 38.454155 37.302058 36.236713 35.260079 34.372465 33.572668 32.858134 32.225161 31.669103 31.184584 30.765701 30.406218 30.099725 29.839783 29.620024 29.434226 29.276340 29.140496 29.020956 28.912044 28.808034 28.702997 28.590618 28.463956 28.315166 28.135146 27.913118 27.636105 27.288291 26.850231 26.297884 25.601445 24.724008 23.620163 22.234857 20.503233 18.352898 15.711206 12.521371 8.771230 4.533479 0.000000 
50.000000 48.666071 47.343711 46.044189 44.778182 43.555519 42.384946 41.273949 40.228622 39.253587 38.351969 37.525426 36.774219 36.097327 35.492589 34.956867 34.486227 34.076114 33.721524 33.417171 33.157616 32.937392 32.751086 32.593397 32.459161 32.343349 32.241023 32.147268 32.057086 31.965257 31.866156 31.753534 31.620228 31.457817 31.256176 31.002914 30.682639 30.276015 29.758507 29.098742 28.256362 27.179326 25.800711 24.035523 21.779011 18.910118 15.307590 10.891265 5.701061 0.000000 
50.000000 48.919121 47.847617 46.794617 45.768775 44.778054 43.829541 42.929303 42.082276 41.292205 40.561623 39.891872 39.283164 38.734671 38.244638 37.810524 37.429137 37.096781 36.809401 36.562702 36.352270 36.173663 36.022476 35.894391 35.785193 35.690762 35.607039 35.529962 35.455373 35.378894 35.295768 35.200650 35.087351 34.948508 34.775148 34.556133 34.277396 33.920913 33.463266 32.873627 32.110886 31.119562 29.824071 28.121004 25.869839 22.885056 18.939713 13.806732 7.390324 0.000000 
50.000000 49.181161 48.369425 47.571707 46.794562 46.044024 45.325461 44.643469 44.001788 43.403255 42.849788 42.342404 41.881262 41.465735 41.094494 40.765611 40.476666 40.224860 40.007114 39.820173 39.660687 39.525282 39.410612 39.313389 39.230402 39.158504 39.094581 39.035508 38.978066 38.918847 38.854118 38.779651 38.690508 38.580757 38.443093 38.268336 38.044733 37.756968 37.384731 36.900593 36.266766 35.430074 34.314000 32.806035 30.737810 27.855808 23.786175 18.023554 10.062505 0.000000 
50.000000 49.450152 48.905072 48.369406 47.847556 47.343571 46.861057 46.403101 45.972213 45.570299 45.198646 44.857937 44.548279 44.269251 44.019959 43.799108 43.605074 43.435974 43.289741 43.164186 43.057057 42.966085 42.889017 42.823639 42.767785 42.719326 42.676156 42.636150 42.597114 42.556710 42.512368 42.461157 42.399632 42.323626 42.227966 42.106094 41.949523 41.747048 41.483575 41.138294 40.681764 40.071067 39.241421 38.091099 36.453201 34.041444 30.346267 24.452663 14.843099 0.000000 
50.000000 49.723877 49.450148 49.181147 48.919084 48.665992 48.423683 48.193706 47.977322 47.775488 47.588851 47.417753 47.262248 47.122125 46.996934 46.886025 46.788582 46.703660 46.630219 46.567160 46.513351 46.467652 46.428929 46.396069 46.367980 46.343590 46.321836 46.301641 46.281895 46.261407 46.238868 46.212776 46.181362 46.142472 46.093425 46.030798 45.950135 45.845504 45.708829 45.528828 45.289250 44.965817 44.520584 43.890833 42.965372 41.529064 39.118846 34.607174 24.861968 0.000000 
50.000000 50.000000 50.000000 50.000000 50.000000 50.000000 50.000000 50.000000 50.000000 50.000000 50.000000 50.000000 50.000000 50.000000 50.000000 50.000000 50.000000 50.000000 50.000000 50.000000 50.000000 50.000000 50.000000 50.000000 50.000000 50.000000 50.000000 50.000000 50.000000 50.000000 50.000000 50.000000 50.000000 50.000000 50.000000 50.000000 50.000000 50.000000 50.000000 50.000000 50.000000 50.000000 50.000000 50.000000 50.000000 50.000000 50.000000 50.000000 50.000000 50.000000 
