50.000000 50.000000 50.000000 50.000000 50.000000 50.000000 50.000000 50.000000 50.000000 50.000000 50.000000 50.000000 50.000000 50.000000 50.000000 50.000000 50.000000 50.000000 50.000000 50.000000 50.000000 50.000000 50.000000 50.000000 50.000000 50.000000 50.000000 50.000000 50.000000 50.000000 50.000000 50.000000 50.000000 50.000000 50.000000 50.000000 50.000000 50.000000 50.000000 50.000000 50.000000 50.000000 50.000000 50.000000 50.000000 50.000000 50.000000 50.000000 50.000000 50.000000 
50.000000 49.779565 49.560656 49.344768 49.133331 48.927687 48.729058 48.538531 48.357034 48.185329 48.024001 47.873457 47.733929 47.605477 47.488004 47.381266 47.284886 47.198373 47.121138 47.052507 46.991741 46.938045 46.890579 46.848463 46.810784 46.776588 46.744875 46.714587 46.684582 46.653609 46.620263 46.582932 46.539716 46.488332 46.425963 46.349064 46.253063 46.131935 45.977533 45.778526 45.518647 45.173628 44.705568 44.051822 43.101301 41.638999 39.202007 34.662959 24.889965 0.000000 
50.000000 49.560670 49.124382 48.694113 48.272717 47.862865 47.466997 47.087274 46.725550 46.383340 46.061813 45.761779 45.483700 45.227698 44.993579 44.780857 44.588781 44.416376 44.262465 44.125711 44.004641 43.897674 43.803140 43.719293 43.644317 43.576322 43.513329 43.453245 43.393819 43.332589 43.266800 43.193296 43.108380 43.007619 42.885580 42.735454 42.548530 42.313418 42.014878 41.632007 41.135328 40.481945 39.607162 38.409395 36.721949 34.258797 30.510686 24.562956 14.898451 0.000000 
50.000000 49.344825 48.694185 48.052523 47.424093 46.812879 46.222518 45.656236 45.116796 44.606460 44.126968 43.679531 43.264838 42.883072 42.533944 42.216729 41.930314 41.673241 41.443763 41.239889 41.059429 40.900031 40.759216 40.634393 40.522871 40.421857 40.328430 40.239510 40.151798 40.061698 39.965205 39.857758 39.734046 39.587744 39.411157 39.194738 38.926402 38.590554 38.166671 37.627184 36.934250 36.034726 34.852217 33.274426 31.133283 28.175649 24.028120 18.185850 10.143956 0.000000 
50.000000 49.133477 48.272954 47.424303 46.593153 45.784774 45.003976 44.255024 43.541574 42.866618 42.232458 41.640696 41.092245 40.587348 40.125624 39.706119 39.327362 38.987430 38.684019 38.414502 38.175994 37.965399 37.779455 37.614761 37.467790 37.334887 37.212247 37.095870 36.981494 36.864495 36.739761 36.601509 36.443062 36.256541 36.032465 35.759212 35.422279 35.003277 34.478507 33.816957 32.977441 31.904519 30.522763 28.729037 26.383206 23.300238 19.253777 14.017404 7.496053 0.000000 
50.000000 48.927989 47.863399 46.813499 45.785250 44.785172 43.819216 42.892661 42.010028 41.175019 40.390485 39.658408 38.979917 38.355319 37.784143 37.265213 36.796714 36.376275 36.001054 35.667815 35.373002 35.112808 34.883226 34.680082 34.499063 34.335712 34.185403 34.043302 33.904283 33.762828 33.612878 33.447647 33.259376 33.039016 32.775818 32.456797 32.066032 31.583736 30.985030 30.238311 29.303128 28.127481 26.644635 24.769922 22.399056 19.411567 15.686905 11.145704 5.828755 0.000000 
50.000000 48.729608 47.468011 46.223822 45.005292 43.820147 42.675440 41.577427 40.531465 39.541945 38.612245 37.744715 36.940698 36.200556 35.523741 34.908860 34.353771 33.855675 33.411216 33.016575 32.667562 32.359694 32.088260 31.848366 31.634965 31.442862 31.266691 31.100871 30.939530 30.776392 30.604634 30.416692 30.204021 29.956787 29.663480 29.310432 28.881205 28.355828 27.709851 26.913201 25.928854 24.711445 23.206131 21.348424 19.066461 16.288274 12.957880 9.064031 4.680424 0.000000 
50.000000 48.539451 47.089015 45.658592 44.257669 42.895130 41.579083 40.316722 39.114207 37.976587 36.907746 35.910391 34.986065 34.135192 33.357145 32.650330 32.012295 31.439833 30.929103 30.475737 30.074946 29.721612 29.410369 29.135654 28.891750 28.672792 28.472756 28.285413 28.104259 27.922406 27.732443 27.526251 27.294780 27.027766 26.713396 26.337897 25.885050 25.335623 24.666723 23.851121 22.856607 21.645592 20.175297 18.399168 16.270524 13.749830 10.816967 7.488642 3.837200 0.000000 
50.000000 48.358487 46.728339 45.120685 43.546188 42.014831 40.535730 39.116969 37.765473 36.486918 35.285671 34.164778 33.125976 32.169748 31.295393 30.501132 29.784218 29.141063 28.567371 28.058258 27.608377 27.212022 26.863220 26.555798 26.283429 26.039654 25.817871 25.611302 25.412927 25.215384 25.010839 24.790822 24.546028 24.266069 23.939202 23.552003 23.089009 22.532343 21.861334 21.052216 20.077994 18.908665 17.512114 15.856086 13.911846 11.660054 9.099088 6.254848 3.188999 0.000000 
50.000000 48.187525 46.387600 44.612513 42.874036 41.183194 39.550053 37.983540 36.491302 35.079608 33.753284 32.515693 31.368761 30.313025 29.347719 28.470889 27.679516 26.969657 26.336590 25.774955 25.278889 24.842145 24.458194 24.120311 23.821625 23.555151 23.313795 23.090322 22.877303 22.667027 22.451389 22.221743 21.968734 21.682098 21.350443 20.961013 20.499448 19.949567 19.293206 18.510182 17.578475 16.474792 15.175704 13.659634 11.909931 9.919182 7.694493 5.262772 2.674036 0.000000 
50.000000 48.027214 46.068088 44.135997 42.243757 40.403367 38.625784 36.920725 35.296518 33.759986 32.316384 30.969380 29.721071 28.572049 27.521491 26.567280 25.706147 24.933820 24.245186 23.634446 23.095264 22.620898 22.204320 21.838307 21.515507 21.228483 20.969722 20.731618 20.506432 20.286215 20.062715 19.827256 19.570595 19.282770 18.952935 18.569200 18.118490 17.586448 16.957427 16.214624 15.340429 14.317114 13.127973 11.759042 10.201485 8.454569 6.528893 4.449132 2.255117 0.000000 
50.000000 47.878038 45.770768 43.692579 41.657256 39.677706 37.765715 35.931738 34.184731 32.532038 30.979314 29.530507 28.187880 26.952075 25.822219 24.796047 23.870058 23.039681 22.299446 21.643153 21.064035 20.554905 20.108287 19.716516 19.371821 19.066374 18.792315 18.541748 18.306705 18.079094 17.850619 17.612679 17.356266 17.071838 16.749211 16.377459 15.944843 15.438808 14.846063 14.152810 13.345155 12.409797 11.335039 10.112173 8.737233 7.212977 5.550813 3.772150 1.908536 0.000000 
50.000000 47.740323 45.496293 43.283232 41.115820 39.007803 36.971734 35.018746 33.158380 31.398457 29.745004 28.202228 26.772546 25.456651 24.253620 23.161058 22.175254 21.291364 20.503593 19.805381 19.189572 18.648583 18.174534 17.759377 17.394975 17.073172 16.785825 16.524810 16.282006 16.049251 15.818280 15.580652 15.327666 15.050272 14.739002 14.383908 13.974555 13.500066 12.949255 12.310886 11.574089 10.728977 9.767485 8.684435 7.478776 6.154883 4.723665 3.203191 1.618447 0.000000 
50.000000 47.614251 45.245022 42.908491 40.620158 38.394536 36.244880 34.182945 32.218807 30.360725 28.615066 26.986278 25.476916 24.087722 22.817733 21.664433 20.623924 19.691115 18.859923 18.123460 17.474227 16.904284 16.405404 15.969197 15.587217 15.251032 14.952272 14.682643 14.433926 14.197947 13.966530 13.731443 13.484337 13.216682 12.919724 12.584466 12.201682 11.761995 11.256033 10.674685 10.009475 9.253092 8.400046 7.447467 6.395963 5.250447 4.020769 2.721948 1.373821 0.000000 
50.000000 47.499869 45.017051 42.568499 40.170457 37.838137 35.585427 33.424651 31.366366 29.419233 27.589926 25.883111 24.301474 22.845797 21.515086 20.306715 19.216622 18.239497 17.368995 16.597941 15.918531 15.322514 14.801354 14.346371 13.948856 13.600148 13.291695 13.015083 12.762039 12.524418 12.294170 12.063301 11.823828 11.567738 11.286965 10.973386 10.618861 10.215319 9.754912 9.230245 8.634707 7.962889 7.211096 6.377925 5.464846 4.476729 3.422176 2.313568 1.166704 0.000000 
50.000000 47.397110 44.812245 42.263057 39.766456 37.338280 34.992991 32.743419 30.600559 28.573429 26.668981 24.892077 23.245521 21.730137 20.344897 19.087086 17.952490 16.935609 16.029868 15.227839 14.521450 13.902177 13.361220 12.889652 12.478538 12.119033 11.802443 11.520269 11.264219 11.026205 10.798324 10.572828 10.342097 10.098609 9.834931 9.543728 9.217807 8.850204 8.434323 7.964140 7.434465 6.841278 6.182112 5.456461 4.666173 3.815771 2.912621 1.966882 0.991181 0.000000 
50.000000 47.305814 44.630286 41.991686 39.407520 36.894183 34.466643 32.138182 29.920183 27.821983 25.850782 24.011617 22.307395 20.738977 19.305313 18.003604 16.829509 15.777356 14.840372 14.010910 13.280663 12.640874 12.082516 11.596451 11.173559 10.804843 10.481502 10.194981 9.936990 9.699517 9.474812 9.255371 9.033915 8.803376 8.556886 8.287799 7.989732 7.656642 7.282947 6.863695 6.394771 5.873156 5.297203 4.666929 3.984272 3.253279 2.480177 1.673286 0.842737 0.000000 
50.000000 47.225747 44.470707 41.753694 39.092735 36.504711 34.005037 31.607393 29.323500 27.162976 25.133237 23.239475 21.484690 19.869776 18.393661 17.053477 15.844772 14.761728 13.797400 12.943950 12.192873 11.535213 10.961749 10.463167 10.030195 9.653714 9.324842 9.034988 8.775883 8.539596 8.318529 8.105407 7.893264 7.675434 7.445545 7.197541 6.925715 6.624778 6.289960 5.917135 5.502992 5.045222 4.542719 3.995780 3.406268 2.777723 2.115370 1.426025 0.717850 0.000000 
50.000000 47.156628 44.332948 41.548243 38.820991 36.168493 33.606550 31.149183 28.808408 26.594084 24.513816 22.572928 20.774501 19.119459 17.606712 16.233334 14.994776 13.885099 12.897210 12.023110 11.254127 10.581135 9.994755 9.485524 9.044047 8.661110 8.327770 8.035415 7.775806 7.541094 7.323823 7.116926 6.913715 6.707871 6.493447 6.264880 6.017020 5.745186 5.445241 5.113698 4.747836 4.345845 3.906964 3.431619 2.921519 2.379716 1.810583 1.219716 0.613734 0.000000 
50.000000 47.098149 44.216396 41.374420 38.591079 35.884033 33.269408 30.761513 28.372614 26.112774 23.989758 22.009004 20.173659 18.484674 16.940945 15.539497 14.275703 13.143518 12.135729 11.244203 10.460128 9.774239 9.177025 8.658905 8.210383 7.822171 7.485280 7.191092 6.931399 6.698428 6.484854 6.283789 6.088784 5.893815 5.693288 5.482043 5.255379 5.009096 4.739551 4.443732 4.119353 3.764949 3.379975 2.964891 2.521225 2.051591 1.559655 1.050040 0.528160 0.000000 
50.000000 47.049999 44.120430 41.231299 38.401777 35.649818 32.991816 30.442318 28.013796 25.716482 23.558271 21.544695 19.678958 17.962032 16.392801 14.968252 13.683693 12.532995 11.508847 10.603005 9.806545 9.110091 8.504025 7.978671 7.524457 7.132036 6.792387 6.496890 6.237370 6.006122 5.795931 5.600062 5.412264 5.226754 5.038223 4.841833 4.633238 4.408608 4.164673 3.898778 3.608948 3.293952 2.953373 2.587661 2.198160 1.787114 1.357619 0.913535 0.459351 0.000000 
50.000000 47.011884 44.044464 41.118006 38.251928 35.464416 32.772078 30.189649 27.729763 25.402785 23.216716 21.177161 19.287369 17.548329 15.958917 14.516089 13.215103 12.049763 11.012681 10.095529 9.289294 8.584512 7.971484 7.440463 6.981814 6.586149 6.244427 5.948027 5.688802 5.459107 5.251815 5.060315 4.878511 4.700813 4.522130 4.337874 4.143967 3.936857 3.713551 3.471650 3.209397 2.925718 2.620269 2.293465 1.946491 1.581291 1.200519 0.807457 0.405899 0.000000 
50.000000 46.983546 43.987984 41.033773 38.140515 35.326570 32.608702 30.001789 27.518584 25.169553 22.962771 20.903902 18.996227 17.240747 15.636334 14.179920 12.866726 11.690508 10.643819 9.718271 8.904785 8.193833 7.575656 7.040454 6.578551 6.180527 5.837327 5.540333 5.281420 5.052990 4.847982 4.659878 4.482698 4.310993 4.139834 3.964812 3.782042 3.588171 3.380399 3.156505 2.914876 2.654542 2.375195 2.077213 1.761654 1.430237 1.085293 0.729689 0.366724 0.000000 
50.000000 46.964775 43.950573 40.977979 38.066719 35.235266 32.500489 29.877358 27.378708 25.015069 22.794570 20.722908 18.803388 17.037021 15.422674 13.957263 12.635985 11.452565 10.399519 9.468415 8.650134 7.935106 7.313531 6.775577 6.311539 5.911978 5.567829 5.270478 5.011817 4.784277 4.580843 4.395058 4.221020 4.053372 3.887290 3.718484 3.543191 3.358187 3.160793 2.948901 2.720987 2.476140 2.214072 1.935129 1.640281 1.331099 1.009701 0.678687 0.341037 0.000000 
50.000000 46.955428 43.931943 40.950194 38.029968 35.189796 32.446598 29.815391 27.309049 24.938136 22.710805 20.632772 18.707354 16.935566 15.316271 13.846380 12.521078 11.334073 10.277861 9.343993 8.523327 7.806271 7.183009 6.643689 6.178593 5.778274 5.433663 5.136146 4.877623 4.650542 4.447910 4.263301 4.090851 3.925249 3.761723 3.596042 3.424503 3.243943 3.051744 2.845851 2.624782 2.387654 2.134187 1.864710 1.580147 1.281996 0.972270 0.653437 0.328321 0.000000 
50.000000 46.955428 43.931943 40.950194 38.029968 35.189796 32.446598 29.815391 27.309049 24.938136 22.710805 20.632772 18.707354 16.935566 15.316271 13.846380 12.521078 11.334073 10.277861 9.343993 8.523327 7.806271 7.183009 6.643689 6.178593 5.778274 5.433663 5.136146 4.877623 4.650542 4.447910 4.263301 4.090851 3.925249 3.761723 3.596042 3.424503 3.243943 3.051744 2.845851 2.624782 2.387654 2.134187 1.864710 1.580147 1.281996 0.972270 0.653437 0.328321 0.000000 
50.000000 46.964775 43.950573 40.977979 38.066719 35.235266 32.500489 29.877358 27.378708 25.015069 22.794570 20.722908 18.803388 17.037021 15.422674 13.957263 12.635985 11.452565 10.399519 9.468415 8.650134 7.935106 7.313531 6.775577 6.311539 5.911978 5.567829 5.270478 5.011817 4.784277 4.580843 4.395058 4.221020 4.053372 3.887290 3.718484 3.543191 3.358187 3.160793 2.948901 2.720987 2.476140 2.214072 1.935129 1.640281 1.331099 1.009701 0.678687 0.341037 0.000000 
50.000000 46.983546 43.987984 41.033773 38.140515 35.326570 32.608702 30.001789 27.518584 25.169553 22.962771 20.903902 18.996227 17.240747 15.636334 14.179920 12.866726 11.690508 10.643819 9.718271 8.904785 8.193833 7.575656 7.040454 6.578551 6.180527 5.837327 5.540333 5.281420 5.052990 4.847982 4.659878 4.482698 4.310993 4.139834 3.964812 3.782042 3.588171 3.380399 3.156505 2.914876 2.654542 2.375195 2.077213 1.761654 1.430237 1.085293 0.729689 0.366724 0.000000 
50.000000 47.011884 44.044464 41.118006 38.251928 35.464416 32.772078 30.189649 27.729763 25.402785 23.216716 21.177161 19.287369 17.548329 15.958917 14.516089 13.215103 12.049763 11.012681 10.095529 9.289294 8.584512 7.971484 7.440463 6.981814 6.586149 6.244427 5.948027 5.688802 5.459107 5.251815 5.060315 4.878511 4.700813 4.522130 4.337874 4.143967 3.936857 3.713551 3.471650 3.209397 2.925718 2.620269 2.293465 1.946491 1.581291 1.200519 0.807457 0.405899 0.000000 
50.000000 47.049999 44.120430 41.231299 38.401777 35.649818 32.991816 30.442318 28.013796 25.716482 23.558271 21.544695 19.678958 17.962032 16.392801 14.968252 13.683693 12.532995 11.508847 10.603005 9.806545 9.110091 8.504025 7.978671 7.524457 7.132036 6.792387 6.496890 6.237370 6.006122 5.795931 5.600062 5.412264 5.226754 5.038223 4.841833 4.633238 4.408608 4.164673 3.898778 3.608948 3.293952 2.953373 2.587661 2.198160 1.787114 1.357619 0.913535 0.459351 0.000000 
50.000000 47.098149 44.216396 41.374420 38.591079 35.884033 33.269408 30.761513 28.372614 26.112774 23.989758 22.009004 20.173659 18.484674 16.940945 15.539497 14.275703 13.143518 12.135729 11.244203 10.460128 9.774239 9.177025 8.658905 8.210383 7.822171 7.485280 7.191092 6.931399 6.698428 6.484854 6.283789 6.088784 5.893815 5.693288 5.482043 5.255379 5.009096 4.739551 4.443732 4.119353 3.764949 3.379975 2.964891 2.521225 2.051591 1.559655 1.050040 0.528160 0.000000 
50.000000 47.156628 44.332948 41.548243 38.820991 36.168493 33.606550 31.149183 28.808408 26.594084 24.513816 22.572928 20.774501 19.119459 17.606712 16.233334 14.994776 13.885099 12.897210 12.023110 11.254127 10.581135 9.994755 9.485524 9.044047 8.661110 8.327770 8.035415 7.775806 7.541094 7.323823 7.116926 6.913715 6.707871 6.493447 6.264880 6.017020 5.745186 5.445241 5.113698 4.747836 4.345845 3.906964 3.431619 2.921519 2.379716 1.810583 1.219716 0.613734 0.000000 
50.000000 47.225747 44.470707 41.753694 39.092735 36.504711 34.005037 31.607393 29.323500 27.162976 25.133237 23.239475 21.484690 19.869776 18.393661 17.053477 15.844772 14.761728 13.797400 12.943950 12.192873 11.535213 10.961749 10.463167 10.030195 9.653714 9.324842 9.034988 8.775883 8.539596 8.318529 8.105407 7.893264 7.675434 7.445545 7.197541 6.925715 6.624778 6.289960 5.917135 5.502992 5.045222 4.542719 3.995780 3.406268 2.777723 2.115370 1.426025 0.717850 0.000000 
50.000000 47.305814 44.630286 41.991686 39.407520 36.894183 34.466643 32.138182 29.920183 27.821983 25.850782 24.011617 22.307395 20.738977 19.305313 18.003604 16.829509 15.777356 14.840372 14.010910 13.280663 12.640874 12.082516 11.596451 11.173559 10.804843 10.481502 10.194981 9.936990 9.699517 9.474812 9.255371 9.033915 8.803376 8.556886 8.287799 7.989732 7.656642 7.282947 6.863695 6.394771 5.873156 5.297203 4.666929 3.984272 3.253279 2.480177 1.673286 0.842737 0.000000 
50.000000 47.397110 44.812245 42.263057 39.766456 37.338280 34.992991 32.743419 30.600559 28.573429 26.668981 24.892077 23.245521 21.730137 20.344897 19.087086 17.952490 16.935609 16.029868 15.227839 14.521450 13.902177 13.361220 12.889652 12.478538 12.119033 11.802443 11.520269 11.264219 11.026205 10.798324 10.572828 10.342097 10.098609 9.834931 9.543728 9.217807 8.850204 8.434323 7.964140 7.434465 6.841278 6.182112 5.456461 4.666173 3.815771 2.912621 1.966882 0.991181 0.000000 
50.000000 47.499869 45.017051 42.568499 40.170457 37.838137 35.585427 33.424651 31.366366 29.419233 27.589926 25.883111 24.301474 22.845797 21.515086 20.306715 19.216622 18.239497 17.368995 16.597941 15.918531 15.322514 14.801354 14.346371 13.948856 13.600148 13.291695 13.015083 12.762039 12.524418 12.294170 12.063301 11.823828 11.567738 11.286965 10.973386 10.618861 10.215319 9.754912 9.230245 8.634707 7.962889 7.211096 6.377925 5.464846 4.476729 3.422176 2.313568 1.166704 0.000000 
50.000000 47.614251 45.245022 42.908491 40.620158 38.394536 36.244880 34.182945 32.218807 30.360725 28.615066 26.986278 25.476916 24.087722 22.817733 21.664433 20.623924 19.691115 18.859923 18.123460 17.474227 16.904284 16.405404 15.969197 15.587217 15.251032 14.952272 14.682643 14.433926 14.197947 13.966530 13.731443 13.484337 13.216682 12.919724 12.584466 12.201682 11.761995 11.256033 10.674685 10.009475 9.253092 8.400046 7.447467 6.395963 5.250447 4.020769 2.721948 1.373821 0.000000 
50.000000 47.740323 45.496293 43.283232 41.115820 39.007803 36.971734 35.018746 33.158380 31.398457 29.745004 28.202228 26.772546 25.456651 24.253620 23.161058 22.175254 21.291364 20.503593 19.805381 19.189572 18.648583 18.174534 17.759377 17.394975 17.073172 16.785825 16.524810 16.282006 16.049251 15.818280 15.580652 15.327666 15.050272 14.739002 14.383908 13.974555 13.500066 12.949255 12.310886 11.574089 10.728977 9.767485 8.684435 7.478776 6.154883 4.723665 3.203191 1.618447 0.000000 
50.000000 47.878038 45.770768 43.692579 41.657256 39.677706 37.765715 35.931738 34.184731 32.532038 30.979314 29.530507 28.187880 26.952075 25.822219 24.796047 23.870058 23.039681 22.299446 21.643153 21.064035 20.554905 20.108287 19.716516 19.371821 19.066374 18.792315 18.541748 18.306705 18.079094 17.850619 17.612679 17.356266 17.071838 16.749211 16.377459 15.944843 15.438808 14.846063 14.152810 13.345155 12.409797 11.335039 10.112173 8.737233 7.212977 5.550813 3.772150 1.908536 0.000000 
50.000000 48.027214 46.068088 44.135997 42.243757 40.403367 38.625784 36.920725 35.296518 33.759986 32.316384 30.969380 29.721071 28.572049 27.521491 26.567280 25.706147 24.933820 24.245186 23.634446 23.095264 22.620898 22.204320 21.838307 21.515507 21.228483 20.969722 20.731618 20.506432 20.286215 20.062715 19.827256 19.570595 19.282770 18.952935 18.569200 18.118490 17.586448 16.957427 16.214624 15.340429 14.317114 13.127973 11.759042 10.201485 8.454569 6.528893 4.449132 2.255117 0.000000 
50.000000 48.187525 46.387600 44.612513 42.874036 41.183194 39.550053 37.983540 36.491302 35.079608 33.753284 32.515693 31.368761 30.313025 29.347719 28.470889 27.679516 26.969657 26.336590 25.774955 25.278889 24.842145 24.458194 24.120311 23.821625 23.555151 23.313795 23.090322 22.877303 22.667027 22.451389 22.221743 21.968734 21.682098 21.350443 20.961013 20.499448 19.949567 19.293206 18.510182 17.578475 16.474792 15.175704 13.659634 11.909931 9.919182 7.694493 5.262772 2.674036 0.000000 
50.000000 48.358487 46.728339 45.120685 43.546188 42.014831 40.535730 39.116969 37.765473 36.486918 35.285671 34.164778 33.125976 32.169748 31.295393 30.501132 29.784218 29.141063 28.567371 28.058258 27.608377 27.212022 26.863220 26.555798 26.283429 26.039654 25.817871 25.611302 25.412927 25.215384 25.010839 24.790822 24.546028 24.266069 23.939202 23.552003 23.089009 22.532343 21.861334 21.052216 20.077994 18.908665 17.512114 15.856086 13.911846 11.660054 9.099088 6.254848 3.188999 0.000000 
50.000000 48.539451 47.089015 45.658592 44.257669 42.895130 41.579083 40.316722 39.114207 37.976587 36.907746 35.910391 34.986065 34.135192 33.357145 32.650330 32.012295 31.439833 30.929103 30.475737 30.074946 29.721612 29.410369 29.135654 28.891750 28.672792 28.472756 28.285413 28.104259 27.922406 27.732443 27.526251 27.294780 27.027766 26.713396 26.337897 25.885050 25.335623 24.666723 23.851121 22.856607 21.645592 20.175297 18.399168 16.270524 13.749830 10.816967 7.488642 3.837200 0.000000 
50.000000 48.729608 47.468011 46.223822 45.005292 43.820147 42.675440 41.577427 40.531465 39.541945 38.612245 37.744715 36.940698 36.200556 35.523741 34.908860 34.353771 33.855675 33.411216 33.016575 32.667562 32.359694 32.088260 31.848366 31.634965 31.442862 31.266691 31.100871 30.939530 30.776392 30.604634 30.416692 30.204021 29.956787 29.663480 29.310432 28.881205 28.355828 27.709851 26.913201 25.928854 24.711445 23.206131 21.348424 19.066461 16.288274 12.957880 9.064031 4.680424 0.000000 
50.000000 48.927989 47.863399 46.813499 45.785250 44.785172 43.819216 42.892661 42.010028 41.175019 40.390485 39.658408 38.979917 38.355319 37.784143 37.265213 36.796714 36.376275 36.001054 35.667815 35.373002 35.112808 34.883226 34.680082 34.499063 34.335712 34.185403 34.043302 33.904283 33.762828 33.612878 33.447647 33.259376 33.039016 32.775818 32.456797 32.066032 31.583736 30.985030 30.238311 29.303128 28.127481 26.644635 24.769922 22.399056 19.411567 15.686905 11.145704 5.828755 0.000000 
50.000000 49.133477 48.272954 47.424303 46.593153 45.784774 45.003976 44.255024 43.541574 42.866618 42.232458 41.640696 41.092245 40.587348 40.125624 39.706119 39.327362 38.987430 38.684019 38.414502 38.175994 37.965399 37.779455 37.614761 37.467790 37.334887 37.212247 37.095870 36.981494 36.864495 36.739761 36.601509 36.443062 36.256541 36.032465 35.759212 35.422279 35.003277 34.478507 33.816957 32.977441 31.904519 30.522763 28.729037 26.383206 23.300238 19.253777 14.017404 7.496053 0.000000 
50.000000 49.344825 48.694185 48.052523 47.424093 46.812879 46.222518 45.656236 45.116796 44.606460 44.126968 43.679531 43.264838 42.883072 42.533944 42.216729 41.930314 41.673241 41.443763 41.239889 41.059429 40.900031 40.759216 40.634393 40.522871 40.421857 40.328430 40.239510 40.151798 40.061698 39.965205 39.857758 39.734046 39.587744 39.411157 39.194738 38.926402 38.590554 38.166671 37.627184 36.934250 36.034726 34.852217 33.274426 31.133283 28.175649 24.028120 18.185850 10.143956 0.000000 
50.000000 49.560670 49.124382 48.694113 48.272717 47.862865 47.466997 47.087274 46.725550 46.383340 46.061813 45.761779 45.483700 45.227698 44.993579 44.780857 44.588781 44.416376 44.262465 44.125711 44.004641 43.897674 43.803140 43.719293 43.644317 43.576322 43.513329 43.453245 43.393819 43.332589 43.266800 43.193296 43.108380 43.007619 42.885580 42.735454 42.548530 42.313418 42.014878 41.632007 41.135328 40.481945 39.607162 38.409395 36.721949 34.258797 30.510686 24.562956 14.898451 0.000000 
50.000000 49.779565 49.560656 49.344768 49.133331 48.927687 48.729058 48.538531 48.357034 48.185329 48.024001 47.873457 47.733929 47.605477 47.488004 47.381266 47.284886 47.198373 47.121138 47.052507 46.991741 46.938045 46.890579 46.848463 46.810784 46.776588 46.744875 46.714587 46.684582 46.653609 46.620263 46.582932 46.539716 46.488332 46.425963 46.349064 46.253063 46.131935 45.977533 45.778526 45.518647 45.173628 44.705568 44.051822 43.101301 41.638999 39.202007 34.662959 24.889965 0.000000 
50.000000 50.000000 50.000000 50.000000 50.000000 50.000000 50.000000 50.000000 50.000000 50.000000 50.000000 50.000000 50.000000 50.000000 50.000000 50.000000 50.000000 50.000000 50.000000 50.000000 50.000000 50.000000 50.000000 50.000000 50.000000 50.000000 50.000000 50.000000 50.000000 50.000000 50.000000 50.000000 50.000000 50.000000 50.000000 50.000000 50.000000 50.000000 50.000000 50.000000 50.000000 50.000000 50.000000 50.000000 50.000000 50.000000 50.000000 50.000000 50.000000 50.000000 
