50.000000 50.000000 50.000000 50.000000 50.000000 50.000000 50.000000 50.000000 50.000000 50.000000 50.000000 50.000000 50.000000 50.000000 50.000000 50.000000 50.000000 50.000000 50.000000 50.000000 50.000000 50.000000 50.000000 50.000000 50.000000 50.000000 50.000000 50.000000 50.000000 50.000000 50.000000 50.000000 50.000000 50.000000 50.000000 50.000000 50.000000 50.000000 50.000000 50.000000 50.000000 50.000000 50.000000 50.000000 50.000000 50.000000 50.000000 50.000000 50.000000 50.000000 
50.000000 49.449401 48.908322 48.385791 47.889889 47.427383 47.003461 46.621595 46.283523 45.989357 45.737776 45.526287 45.351528 45.209571 45.096208 45.007206 44.938502 44.886352 44.847425 44.818844 44.798198 44.783515 44.773220 44.766077 44.761134 44.757658 44.755073 44.752909 44.750744 44.748142 44.744598 44.739458 44.731831 44.720469 44.703604 44.678723 44.642250 44.589076 44.511859 44.399920 44.237444 44.000378 43.650764 43.125599 42.313125 40.997351 38.714085 34.334417 24.724700 0.000000 
50.000000 48.908322 47.835521 46.799494 45.816265 44.899251 44.058738 43.301608 42.631311 42.048067 41.549256 41.129937 40.783442 40.501983 40.277219 40.100755 39.964536 39.861139 39.783957 39.727291 39.686358 39.657248 39.636838 39.622682 39.612890 39.606011 39.600910 39.596660 39.592431 39.587376 39.580513 39.570584 39.555876 39.533999 39.501582 39.453850 39.384046 39.282584 39.135805 38.924083 38.618830 38.177570 37.535497 36.590323 35.174036 32.998679 29.552484 23.917761 14.573905 0.000000 
50.000000 48.385791 46.799494 45.267573 43.813723 42.457781 41.214958 40.095430 39.104298 38.241887 37.504322 36.884299 36.371958 35.955781 35.623437 35.362511 35.161092 35.008207 34.894085 34.810298 34.749775 34.706736 34.676565 34.655646 34.641188 34.631051 34.623566 34.617376 34.611274 34.604044 34.594289 34.580229 34.559460 34.528648 34.483113 34.416275 34.318899 34.178018 33.975411 33.685366 33.271332 32.680776 31.837140 30.627103 28.880680 26.341927 22.633786 17.247010 9.671706 0.000000 
50.000000 47.889889 45.816265 43.813723 41.913236 40.140737 38.516109 37.052653 35.757039 34.629691 33.665544 32.855049 32.185316 31.641290 31.206851 30.865770 30.602478 30.402628 30.253450 30.143928 30.064817 30.008565 29.969138 29.941814 29.922952 29.909761 29.900076 29.892148 29.884437 29.875414 29.863341 29.846036 29.820575 29.782930 29.727495 29.646463 29.528982 29.360028 29.118847 28.776797 28.294341 27.616818 26.668584 25.345199 23.504081 20.956618 17.471796 12.817586 6.892539 0.000000 
50.000000 47.427383 44.899251 42.457781 40.140737 37.979734 35.999016 34.214798 32.635210 31.260770 30.085304 29.097168 28.280647 27.617386 27.087731 26.671896 26.350901 26.107252 25.925383 25.791861 25.695419 25.626851 25.578802 25.545521 25.522578 25.506586 25.494926 25.485501 25.476489 25.466113 25.452386 25.432850 25.404249 25.362142 25.300406 25.210600 25.081145 24.896251 24.634526 24.267175 23.755694 23.049002 22.080102 20.762784 18.989868 16.636657 13.577101 9.725215 5.114258 0.000000 
50.000000 47.003462 44.058738 41.214959 38.516109 35.999016 33.691916 31.613698 29.773830 28.172917 26.803765 25.652812 24.701753 23.929209 23.312286 22.827938 22.454056 22.170266 21.958436 21.802921 21.690599 21.610748 21.554808 21.516087 21.489435 21.470925 21.457539 21.446877 21.436893 21.425623 21.410927 21.390197 21.360032 21.315844 21.251376 21.158105 21.024500 20.835094 20.569364 20.200389 19.693329 19.003844 18.076795 16.845959 15.236234 13.170911 10.587857 7.468416 3.877863 0.000000 
50.000000 46.621595 43.301609 40.095431 37.052654 34.214799 31.613698 29.270649 27.196327 25.391413 23.847795 22.550182 21.477937 20.606956 19.911427 19.365366 18.943849 18.623904 18.385089 18.209766 18.083145 17.993139 17.930102 17.886499 17.856539 17.835815 17.820958 17.809323 17.798683 17.786960 17.771941 17.750986 17.720711 17.676613 17.612623 17.520583 17.389609 17.205355 16.949181 16.597261 16.119740 15.480129 14.635327 13.536906 12.134699 10.384072 8.258292 5.766112 2.970831 0.000000 
50.000000 46.283523 42.631312 39.104299 35.757041 32.635212 29.773832 27.196329 24.914446 22.928931 21.230860 19.803413 18.623886 17.665763 16.900647 16.299956 15.836270 15.484320 15.221619 15.028765 14.889490 14.790501 14.721194 14.673288 14.640430 14.617797 14.601723 14.589360 14.578356 14.566569 14.551785 14.531433 14.502275 14.460071 14.399183 14.312133 14.189090 14.017320 13.780616 13.458777 13.027266 12.457229 11.716207 10.769993 9.586213 8.140225 6.423525 4.453743 2.283146 0.000000 
50.000000 45.989358 42.048069 38.241890 34.629695 31.260775 28.172923 25.391418 22.928934 20.786279 18.953820 17.413406 16.140536 15.106592 14.280932 13.632710 13.132336 12.752541 12.469059 12.260955 12.110674 12.003876 11.929125 11.877494 11.842144 11.817898 11.800844 11.787972 11.776848 11.765315 11.751212 11.732106 11.705001 11.666043 11.610180 11.530804 11.419357 11.264940 11.053958 10.769866 10.393152 9.901684 9.271689 8.479602 7.505087 6.335359 4.970562 3.429242 1.751916 0.000000 
50.000000 45.737778 41.549260 37.504329 33.665553 30.085314 26.803777 23.847806 21.230871 18.953828 17.006442 15.369419 14.016722 12.917939 12.040505 11.351637 10.819889 10.416285 10.115034 9.893891 9.734203 9.620734 9.541336 9.486535 9.449081 9.423500 9.405677 9.392483 9.381432 9.370386 9.357281 9.339865 9.315442 9.280610 9.230983 9.160903 9.063152 8.928687 8.746440 8.503247 8.183996 7.772118 7.250563 6.603402 5.818151 4.888765 3.818970 2.625182 1.337860 0.000000 
50.000000 45.526291 41.129945 36.884312 32.855065 29.097187 25.652834 22.550206 19.803438 17.413428 15.369434 13.651204 12.231408 11.078123 10.157169 9.434136 8.876019 8.452403 8.136218 7.904118 7.736526 7.617454 7.534160 7.476710 7.437511 7.410845 7.392437 7.379067 7.368228 7.357823 7.345906 7.330431 7.309027 7.278766 7.235941 7.175839 7.092540 6.978738 6.825654 6.623064 6.359521 6.022861 5.601056 5.083497 4.462683 3.736236 2.908914 1.994149 1.014436 0.000000 
50.000000 45.351536 40.783458 36.371982 32.185347 28.280685 24.701797 21.477985 18.623937 16.140586 14.016767 12.231438 10.756200 9.557884 8.600973 7.849713 7.269810 6.829659 6.501138 6.259987 6.085868 5.962172 5.875666 5.816039 5.775417 5.747887 5.729047 5.715613 5.705072 5.695387 5.684736 5.671287 5.652988 5.627375 5.591386 5.541192 5.472051 5.378203 5.252838 5.088181 4.875724 4.606682 4.272686 3.866751 3.384474 2.825352 2.193989 1.500891 0.762469 0.000000 
50.000000 45.209586 40.502014 35.955827 31.641350 27.617458 23.929292 20.607048 17.665862 15.106693 12.918038 11.078210 9.557942 8.323051 7.336936 6.562751 5.965153 5.511576 5.173036 4.924536 4.745118 4.617670 4.528562 4.467177 4.425417 4.397211 4.378061 4.364639 4.354441 4.345492 4.336096 4.324623 4.309321 4.288151 4.258637 4.217733 4.161723 4.086160 3.985868 3.855043 3.687468 3.476886 3.217539 2.904879 2.536387 2.112428 1.636974 1.117998 0.567352 0.000000 
50.000000 45.096237 40.277276 35.623521 31.206961 27.087865 23.312441 19.911599 16.900834 14.281128 12.040703 10.157359 8.601137 7.337044 6.327612 5.535123 4.923399 4.459102 4.112565 3.858198 3.674552 3.544112 3.452932 3.390151 3.347495 3.318770 3.299406 3.286045 3.276199 3.267956 3.259735 3.250092 3.237542 3.220421 3.196759 3.164178 3.119823 3.060325 2.981824 2.880057 2.750550 2.588903 2.391196 2.154493 1.877400 1.560609 1.207331 0.823483 0.417543 0.000000 
50.000000 45.007259 40.100859 35.362664 30.865970 26.672139 22.828219 19.365682 16.300299 13.633074 11.352013 9.434512 7.850069 6.563055 5.535322 4.728467 4.105656 3.632946 3.280132 3.021163 2.834199 2.701414 2.608610 2.544741 2.501392 2.472276 2.452769 2.439496 2.429986 2.422385 2.415218 2.407199 2.397075 2.383497 2.364920 2.339517 2.305132 2.259259 2.199063 2.121466 2.023289 1.901475 1.753381 1.577129 1.371978 1.138675 0.879705 0.599381 0.303707 0.000000 
50.000000 44.938596 39.964722 35.161368 30.602837 26.351337 22.454562 18.944416 15.836889 13.132996 10.820579 8.876723 7.270505 5.965805 4.923951 4.106012 3.474648 2.995447 2.637791 2.375271 2.185749 2.051156 1.957104 1.892399 1.848523 1.819119 1.799520 1.786343 1.777137 1.770098 1.763840 1.757211 1.749149 1.738566 1.724259 1.704845 1.678720 1.644047 1.598778 1.540720 1.467645 1.377453 1.268378 1.139227 0.989633 0.820267 0.632995 0.430909 0.218222 0.000000 
50.000000 44.886519 39.861468 35.008694 30.403263 26.108023 22.171161 18.624908 15.485418 12.753716 10.417519 8.453675 6.830943 5.512831 4.460269 3.633925 2.996073 2.511951 2.150624 1.885412 1.693952 1.557989 1.462992 1.397658 1.353388 1.323773 1.304120 1.291038 1.282094 1.275528 1.270027 1.264550 1.258187 1.250057 1.239229 1.224664 1.205184 1.179462 1.146038 1.103372 1.049921 0.984256 0.905208 0.812027 0.704548 0.583324 0.449720 0.305923 0.154855 0.000000 
50.000000 44.847715 39.784532 34.894934 30.254557 25.926728 21.959996 18.386839 15.223534 12.471113 10.117198 8.138462 6.503426 5.175323 4.114782 3.282177 2.639493 2.151705 1.787643 1.520426 1.327522 1.190541 1.094842 1.029041 0.984482 0.954716 0.935032 0.922036 0.913310 0.907130 0.902242 0.897689 0.892684 0.886506 0.878431 0.867684 0.853407 0.834653 0.810393 0.779558 0.741092 0.694033 0.637612 0.571363 0.495224 0.409629 0.315554 0.214524 0.108548 0.000000 
50.000000 44.819343 39.728280 34.811756 30.145829 25.794171 21.805601 18.212774 15.032057 12.264487 9.897619 7.907995 6.263965 4.928556 3.862184 3.025001 2.378785 1.888316 1.522256 1.253574 1.059615 0.921889 0.825678 0.759538 0.714771 0.684900 0.665200 0.652277 0.643726 0.637851 0.633443 0.629612 0.625661 0.620991 0.615035 0.607213 0.596903 0.583433 0.566086 0.544127 0.516839 0.483580 0.443850 0.397359 0.344098 0.284391 0.218927 0.148755 0.075244 0.000000 
50.000000 44.799044 39.688032 34.752246 30.068038 25.699332 21.695138 18.088238 14.895064 12.116656 9.740520 7.743108 6.092643 4.752009 3.681464 2.841007 2.192264 1.699879 1.332389 1.062659 0.867946 0.729688 0.633111 0.566730 0.521815 0.491872 0.472165 0.459302 0.450887 0.445245 0.441201 0.437915 0.434758 0.431220 0.426848 0.421203 0.413831 0.404258 0.391987 0.376513 0.357355 0.334085 0.306379 0.274057 0.237134 0.195846 0.150673 0.102332 0.051747 0.000000 
50.000000 44.784928 39.660044 34.710862 30.013942 25.633381 21.618321 18.001635 14.799799 12.013855 9.631275 7.628447 5.973508 4.629240 3.555795 2.713060 2.062561 1.568843 1.200359 0.929901 0.734664 0.596037 0.499206 0.432658 0.387642 0.357651 0.337942 0.325124 0.316810 0.311339 0.307561 0.304673 0.302092 0.299373 0.296142 0.292060 0.286793 0.279999 0.271333 0.260447 0.247017 0.230758 0.211457 0.189006 0.163423 0.134882 0.103715 0.070410 0.035596 0.000000 
50.000000 44.775545 39.641441 34.683354 29.977984 25.589543 21.567262 17.944072 14.736477 11.945524 9.558662 7.552234 5.894321 4.547638 3.472265 2.628018 1.976351 1.481747 1.112603 0.841660 0.646075 0.507203 0.410204 0.343545 0.298463 0.268441 0.248733 0.235947 0.227703 0.222351 0.218758 0.216144 0.213959 0.211802 0.209352 0.206337 0.202500 0.197591 0.191361 0.183567 0.173984 0.162417 0.148726 0.132842 0.114786 0.094683 0.072769 0.049383 0.024960 0.000000 
50.000000 44.769849 39.630149 34.666658 29.956159 25.562935 21.536270 17.909132 14.698043 11.904050 9.514588 7.505976 5.846258 4.498109 3.421566 2.576400 1.924025 1.428884 1.059339 0.788103 0.592306 0.453285 0.356185 0.289459 0.244336 0.214296 0.194589 0.181825 0.173625 0.168348 0.164870 0.162426 0.160489 0.158680 0.156715 0.154360 0.151406 0.147658 0.142925 0.137026 0.129795 0.121091 0.110815 0.098920 0.085426 0.070429 0.054105 0.036706 0.018549 0.000000 
50.000000 44.767167 39.624831 34.658794 29.945880 25.550403 21.521674 17.892676 14.679941 11.884517 9.493830 7.484189 5.823621 4.474782 3.397688 2.552090 1.899381 1.403986 1.034253 0.762878 0.566982 0.427891 0.330743 0.263986 0.218844 0.188795 0.169089 0.156335 0.148157 0.142916 0.139493 0.137131 0.135312 0.133670 0.131936 0.129895 0.127362 0.124165 0.120143 0.115142 0.109023 0.101672 0.093007 0.082991 0.071644 0.059048 0.045349 0.030760 0.015542 0.000000 
50.000000 44.767167 39.624831 34.658794 29.945880 25.550403 21.521674 17.892676 14.679941 11.884517 9.493830 7.484189 5.823621 4.474782 3.397688 2.552090 1.899381 1.403986 1.034253 0.762878 0.566982 0.427891 0.330743 0.263986 0.218844 0.188795 0.169089 0.156335 0.148157 0.142916 0.139493 0.137131 0.135312 0.133670 0.131936 0.129895 0.127362 0.124165 0.120143 0.115142 0.109023 0.101672 0.093007 0.082991 0.071644 0.059048 0.045349 0.030760 0.015542 0.000000 
50.000000 44.769849 39.630149 34.666658 29.956159 25.562935 21.536270 17.909132 14.698043 11.904050 9.514588 7.505976 5.846258 4.498109 3.421566 2.576400 1.924025 1.428884 1.059339 0.788103 0.592306 0.453285 0.356185 0.289459 0.244336 0.214296 0.194589 0.181825 0.173625 0.168348 0.164870 0.162426 0.160489 0.158680 0.156715 0.154360 0.151406 0.147658 0.142925 0.137026 0.129795 0.121091 0.110815 0.098920 0.085426 0.070429 0.054105 0.036706 0.018549 0.000000 
50.000000 44.775545 39.641441 34.683354 29.977984 25.589543 21.567262 17.944072 14.736477 11.945524 9.558662 7.552234 5.894321 4.547638 3.472265 2.628018 1.976351 1.481747 1.112603 0.841660 0.646075 0.507203 0.410204 0.343545 0.298463 0.268441 0.248733 0.235947 0.227703 0.222351 0.218758 0.216144 0.213959 0.211802 0.209352 0.206337 0.202500 0.197591 0.191361 0.183567 0.173984 0.162417 0.148726 0.132842 0.114786 0.094683 0.072769 0.049383 0.024960 0.000000 
50.000000 44.784928 39.660044 34.710862 30.013942 25.633381 21.618321 18.001635 14.799799 12.013855 9.631275 7.628447 5.973508 4.629240 3.555795 2.713060 2.062561 1.568843 1.200359 0.929901 0.734664 0.596037 0.499206 0.432658 0.387642 0.357651 0.337942 0.325124 0.316810 0.311339 0.307561 0.304673 0.302092 0.299373 0.296142 0.292060 0.286793 0.279999 0.271333 0.260447 0.247017 0.230758 0.211457 0.189006 0.163423 0.134882 0.103715 0.070410 0.035596 0.000000 
50.000000 44.799044 39.688032 34.752246 30.068038 25.699332 21.695138 18.088238 14.895064 12.116656 9.740520 7.743108 6.092643 4.752009 3.681464 2.841007 2.192264 1.699879 1.332389 1.062659 0.867946 0.729688 0.633111 0.566730 0.521815 0.491872 0.472165 0.459302 0.450887 0.445245 0.441201 0.437915 0.434758 0.431220 0.426848 0.421203 0.413831 0.404258 0.391987 0.376513 0.357355 0.334085 0.306379 0.274057 0.237134 0.195846 0.150673 0.102332 0.051747 0.000000 
50.000000 44.819343 39.728280 34.811756 30.145829 25.794171 21.805601 18.212774 15.032057 12.264487 9.897619 7.907995 6.263965 4.928556 3.862184 3.025001 2.378785 1.888316 1.522256 1.253574 1.059615 0.921889 0.825678 0.759538 0.714771 0.684900 0.665200 0.652277 0.643726 0.637851 0.633443 0.629612 0.625661 0.620991 0.615035 0.607213 0.596903 0.583433 0.566086 0.544127 0.516839 0.483580 0.443850 0.397359 0.344098 0.284391 0.218927 0.148755 0.075244 0.000000 
50.000000 44.847715 39.784532 34.894934 30.254557 25.926728 21.959996 18.386839 15.223534 12.471113 10.117198 8.138462 6.503426 5.175323 4.114782 3.282177 2.639493 2.151705 1.787643 1.520426 1.327522 1.190541 1.094842 1.029041 0.984482 0.954716 0.935032 0.922036 0.913310 0.907130 0.902242 0.897689 0.892684 0.886506 0.878431 0.867684 0.853407 0.834653 0.810393 0.779558 0.741092 0.694033 0.637612 0.571363 0.495224 0.409629 0.315554 0.214524 0.108548 0.000000 
50.000000 44.886519 39.861468 35.008694 30.403263 26.108023 22.171161 18.624908 15.485418 12.753716 10.417519 8.453675 6.830943 5.512831 4.460269 3.633925 2.996073 2.511951 2.150624 1.885412 1.693952 1.557989 1.462992 1.397658 1.353388 1.323773 1.304120 1.291038 1.282094 1.275528 1.270027 1.264550 1.258187 1.250057 1.239229 1.224664 1.205184 1.179462 1.146038 1.103372 1.049921 0.984256 0.905208 0.812027 0.704548 0.583324 0.449720 0.305923 0.154855 0.000000 
50.000000 44.938596 39.964722 35.161368 30.602837 26.351337 22.454562 18.944416 15.836889 13.132996 10.820579 8.876723 7.270505 5.965805 4.923951 4.106012 3.474648 2.995447 2.637791 2.375271 2.185749 2.051156 1.957104 1.892399 1.848523 1.819119 1.799520 1.786343 1.777137 1.770098 1.763840 1.757211 1.749149 1.738566 1.724259 1.704845 1.678720 1.644047 1.598778 1.540720 1.467645 1.377453 1.268378 1.139227 0.989633 0.820267 0.632995 0.430909 0.218222 0.000000 
50.000000 45.007259 40.100859 35.362664 30.865970 26.672139 22.828219 19.365682 16.300299 13.633074 11.352013 9.434512 7.850069 6.563055 5.535322 4.728467 4.105656 3.632946 3.280132 3.021163 2.834199 2.701414 2.608610 2.544741 2.501392 2.472276 2.452769 2.439496 2.429986 2.422385 2.415218 2.407199 2.397075 2.383497 2.364920 2.339517 2.305132 2.259259 2.199063 2.121466 2.023289 1.901475 1.753381 1.577129 1.371978 1.138675 0.879705 0.599381 0.303707 0.000000 
50.000000 45.096237 40.277276 35.623521 31.206961 27.087865 23.312441 19.911599 16.900834 14.281128 12.040703 10.157359 8.601137 7.337044 6.327612 5.535123 4.923399 4.459102 4.112565 3.858198 3.674552 3.544112 3.452932 3.390151 3.347495 3.318770 3.299406 3.286045 3.276199 3.267956 3.259735 3.250092 3.237542 3.220421 3.196759 3.164178 3.119823 3.060325 2.981824 2.880057 2.750550 2.588903 2.391196 2.154493 1.877400 1.560609 1.207331 0.823483 0.417543 0.000000 
50.000000 45.209586 40.502014 35.955827 31.641350 27.617458 23.929292 20.607048 17.665862 15.106693 12.918038 11.078210 9.557942 8.323051 7.336936 6.562751 5.965153 5.511576 5.173036 4.924536 4.745118 4.617670 4.528562 4.467177 4.425417 4.397211 4.378061 4.364639 4.354441 4.345492 4.336096 4.324623 4.309321 4.288151 4.258637 4.217733 4.161723 4.086160 3.985868 3.855043 3.687468 3.476886 3.217539 2.904879 2.536387 2.112428 1.636974 1.117998 0.567352 0.000000 
50.000000 45.351536 40.783458 36.371982 32.185347 28.280685 24.701797 21.477985 18.623937 16.140586 14.016767 12.231438 10.756200 9.557884 8.600973 7.849713 7.269810 6.829659 6.501138 6.259987 6.085868 5.962172 5.875666 5.816039 5.775417 5.747887 5.729047 5.715613 5.705072 5.695387 5.684736 5.671287 5.652988 5.627375 5.591386 5.541192 5.472051 5.378203 5.252838 5.088181 4.875724 4.606682 4.272686 3.866751 3.384474 2.825352 2.193989 1.500891 0.762469 0.000000 
50.000000 45.526291 41.129945 36.884312 32.855065 29.097187 25.652834 22.550206 19.803438 17.413428 15.369434 13.651204 12.231408 11.078123 10.157169 9.434136 8.876019 8.452403 8.136218 7.904118 7.736526 7.617454 7.534160 7.476710 7.437511 7.410845 7.392437 7.379067 7.368228 7.357823 7.345906 7.330431 7.309027 7.278766 7.235941 7.175839 7.092540 6.978738 6.825654 6.623064 6.359521 6.022861 5.601056 5.083497 4.462683 3.736236 2.908914 1.994149 1.014436 0.000000 
50.000000 45.737778 41.549260 37.504329 33.665553 30.085314 26.803777 23.847806 21.230871 18.953828 17.006442 15.369419 14.016722 12.917939 12.040505 11.351637 10.819889 10.416285 10.115034 9.893891 9.734203 9.620734 9.541336 9.486535 9.449081 9.423500 9.405677 9.392483 9.381432 9.370386 9.357281 9.339865 9.315442 9.280610 9.230983 9.160903 9.063152 8.928687 8.746440 8.503247 8.183996 7.772118 7.250563 6.603402 5.818151 4.888765 3.818970 2.625182 1.337860 0.000000 
50.000000 45.989358 42.048069 38.241890 34.629695 31.260775 28.172923 25.391418 22.928934 20.786279 18.953820 17.413406 16.140536 15.106592 14.280932 13.632710 13.132336 12.752541 12.469059 12.260955 12.110674 12.003876 11.929125 11.877494 11.842144 11.817898 11.800844 11.787972 11.776848 11.765315 11.751212 11.732106 11.705001 11.666043 11.610180 11.530804 11.419357 11.264940 11.053958 10.769866 10.393152 9.901684 9.271689 8.479602 7.505087 6.335359 4.970562 3.429242 1.751916 0.000000 
50.000000 46.283523 42.631312 39.104299 35.757041 32.635212 29.773832 27.196329 24.914446 22.928931 21.230860 19.803413 18.623886 17.665763 16.900647 16.299956 15.836270 15.484320 15.221619 15.028765 14.889490 14.790501 14.721194 14.673288 14.640430 14.617797 14.601723 14.589360 14.578356 14.566569 14.551785 14.531433 14.502275 14.460071 14.399183 14.312133 14.189090 14.017320 13.780616 13.458777 13.027266 12.457229 11.716207 10.769993 9.586213 8.140225 6.423525 4.453743 2.283146 0.000000 
50.000000 46.621595 43.301609 40.095431 37.052654 34.214799 31.613698 29.270649 27.196327 25.391413 23.847795 22.550182 21.477937 20.606956 19.911427 19.365366 18.943849 18.623904 18.385089 18.209766 18.083145 17.993139 17.930102 17.886499 17.856539 17.835815 17.820958 17.809323 17.798683 17.786960 17.771941 17.750986 17.720711 17.676613 17.612623 17.520583 17.389609 17.205355 16.949181 16.597261 16.119740 15.480129 14.635327 13.536906 12.134699 10.384072 8.258292 5.766112 2.970831 0.000000 
50.000000 47.003462 44.058738 41.214959 38.516109 35.999016 33.691916 31.613698 29.773830 28.172917 26.803765 25.652812 24.701753 23.929209 23.312286 22.827938 22.454056 22.170266 21.958436 21.802921 21.690599 21.610748 21.554808 21.516087 21.489435 21.470925 21.457539 21.446877 21.436893 21.425623 21.410927 21.390197 21.360032 21.315844 21.251376 21.158105 21.024500 20.835094 20.569364 20.200389 19.693329 19.003844 18.076795 16.845959 15.236234 13.170911 10.587857 7.468416 3.877863 0.000000 
50.000000 47.427383 44.899251 42.457781 40.140737 37.979734 35.999016 34.214798 32.635210 31.260770 30.085304 29.097168 28.280647 27.617386 27.087731 26.671896 26.350901 26.107252 25.925383 25.791861 25.695419 25.626851 25.578802 25.545521 25.522578 25.506586 25.494926 25.485501 25.476489 25.466113 25.452386 25.432850 25.404249 25.362142 25.300406 25.210600 25.081145 24.896251 24.634526 24.267175 23.755694 23.049002 22.080102 20.762784 18.989868 16.636657 13.577101 9.725215 5.114258 0.000000 
50.000000 47.889889 45.816265 43.813723 41.913236 40.140737 38.516109 37.052653 35.757039 34.629691 33.665544 32.855049 32.185316 31.641290 31.206851 30.865770 30.602478 30.402628 30.253450 30.143928 30.064817 30.008565 29.969138 29.941814 29.922952 29.909761 29.900076 29.892148 29.884437 29.875414 29.863341 29.846036 29.820575 29.782930 29.727495 29.646463 29.528982 29.360028 29.118847 28.776797 28.294341 27.616818 26.668584 25.345199 23.504081 20.956618 17.471796 12.817586 6.892539 0.000000 
50.000000 48.385791 46.799494 45.267573 43.813723 42.457781 41.214958 40.095430 39.104298 38.241887 37.504322 36.884299 36.371958 35.955781 35.623437 35.362511 35.161092 35.008207 34.894085 34.810298 34.749775 34.706736 34.676565 34.655646 34.641188 34.631051 34.623566 34.617376 34.611274 34.604044 34.594289 34.580229 34.559460 34.528648 34.483113 34.416275 34.318899 34.178018 33.975411 33.685366 33.271332 32.680776 31.837140 30.627103 28.880680 26.341927 22.633786 17.247010 9.671706 0.000000 
50.000000 48.908322 47.835521 46.799494 45.816265 44.899251 44.058738 43.301608 42.631311 42.048067 41.549256 41.129937 40.783442 40.501983 40.277219 40.100755 39.964536 39.861139 39.783957 39.727291 39.686358 39.657248 39.636838 39.622682 39.612890 39.606011 39.600910 39.596660 39.592431 39.587376 39.580513 39.570584 39.555876 39.533999 39.501582 39.453850 39.384046 39.282584 39.135805 38.924083 38.618830 38.177570 37.535497 36.590323 35.174036 32.998679 29.552484 23.917761 14.573905 0.000000 
50.000000 49.449401 48.908322 48.385791 47.889889 47.427383 47.003461 46.621595 46.283523 45.989357 45.737776 45.526287 45.351528 45.209571 45.096208 45.007206 44.938502 44.886352 44.847425 44.818844 44.798198 44.783515 44.773220 44.766077 44.761134 44.757658 44.755073 44.752909 44.750744 44.748142 44.744598 44.739458 44.731831 44.720469 44.703604 44.678723 44.642250 44.589076 44.511859 44.399920 44.237444 44.000378 43.650764 43.125599 42.313125 40.997351 38.714085 34.334417 24.724700 0.000000 
50.000000 50.000000 50.000000 50.000000 50.000000 50.000000 50.000000 50.000000 50.000000 50.000000 50.000000 50.000000 50.000000 50.000000 50.000000 50.000000 50.000000 50.000000 50.000000 50.000000 50.000000 50.000000 50.000000 50.000000 50.000000 50.000000 50.000000 50.000000 50.000000 50.000000 50.000000 50.000000 50.000000 50.000000 50.000000 50.000000 50.000000 50.000000 50.000000 50.000000 50.000000 50.000000 50.000000 50.000000 50.000000 50.000000 50.000000 50.000000 50.000000 50.000000 
