50.000000 50.000000 50.000000 50.000000 50.000000 50.000000 50.000000 50.000000 50.000000 50.000000 50.000000 50.000000 50.000000 50.000000 50.000000 50.000000 50.000000 50.000000 50.000000 50.000000 50.000000 50.000000 50.000000 50.000000 50.000000 50.000000 50.000000 50.000000 50.000000 50.000000 50.000000 50.000000 50.000000 50.000000 50.000000 50.000000 50.000000 50.000000 50.000000 50.000000 50.000000 50.000000 50.000000 50.000000 50.000000 50.000000 50.000000 50.000000 50.000000 50.000000 
50.000000 49.625391 49.255189 48.893648 48.544715 48.211912 47.898222 47.606019 47.337025 47.092299 46.872258 46.676726 46.505000 46.355940 46.228057 46.119612 46.028709 45.953378 45.891652 45.841624 45.801493 45.769593 45.744413 45.724595 45.708930 45.696338 45.685837 45.676514 45.667478 45.657808 45.646492 45.632351 45.613943 45.589447 45.556499 45.511978 45.451699 45.369966 45.258891 45.107326 44.899095 44.609923 44.201797 43.611858 42.728697 41.336889 38.973018 34.509132 24.812697 0.000000 
50.000000 49.255190 48.519143 47.800313 47.106554 46.444864 45.821174 45.240207 44.705385 44.218812 43.781320 43.392557 43.051127 42.754761 42.500500 42.284887 42.104152 41.954380 41.831658 41.732195 41.652412 41.588998 41.538951 41.499573 41.468464 41.443481 41.422682 41.404263 41.386468 41.367490 41.345351 41.317755 41.281912 41.234304 41.170392 41.084210 40.967809 40.810450 40.597410 40.308145 39.913359 39.370142 38.613583 37.541672 35.987083 33.662967 30.059069 24.259577 14.746063 0.000000 
50.000000 48.893649 47.800314 46.732555 45.702036 44.719152 43.792716 42.929740 42.135308 41.412548 40.762692 40.185218 39.678055 39.237831 38.860150 38.539879 38.271416 38.048948 37.866663 37.718932 37.600438 37.506269 37.431967 37.373535 37.327414 37.290433 37.259731 37.232652 37.206629 37.179035 37.147014 37.107273 37.055837 36.987732 36.896583 36.774085 36.609275 36.387517 36.089052 35.686840 35.143305 34.405288 33.396079 32.002760 30.056339 27.302473 23.366292 17.741262 9.920639 0.000000 
50.000000 48.544718 47.106559 45.702040 44.346509 43.053635 41.835013 40.699864 39.654879 38.704170 37.849359 37.089759 36.422645 35.843582 35.346789 34.925512 34.572386 34.279763 34.040003 33.845700 33.689866 33.566046 33.468381 33.391625 33.331115 33.282704 33.242660 33.207540 33.174036 33.138791 33.098191 33.048109 32.983608 32.898570 32.785232 32.633585 32.430590 32.159104 31.796421 31.312219 30.665664 29.801299 28.643294 27.087715 24.993241 22.173288 18.399610 13.443617 7.207841 0.000000 
50.000000 48.211918 46.444875 44.719166 43.053646 41.465113 39.967812 38.573075 37.289120 36.121001 35.070711 34.137405 33.317737 32.606256 31.995860 31.478252 31.044382 30.684856 30.390288 30.151583 29.960161 29.808096 29.688205 29.594057 29.519947 29.460815 29.412127 29.369725 29.329647 29.287915 29.240295 29.182013 29.107422 29.009609 28.879909 28.707294 28.477611 28.172588 27.768547 27.234724 26.531099 25.605660 24.391193 22.802084 20.732627 18.060498 14.662887 10.457828 5.483238 0.000000 
50.000000 47.898234 45.821198 43.792747 41.835045 39.967836 38.207864 36.568450 35.059252 33.686213 32.451673 31.354642 30.391184 29.554894 28.837424 28.229022 27.719052 27.296475 26.950260 26.669724 26.444786 26.266143 26.125366 26.014919 25.928132 25.859101 25.802567 25.753738 25.708093 25.661149 25.608199 25.544015 25.462499 25.356290 25.216289 25.031090 24.786297 24.463690 24.040208 23.486751 22.766799 21.834984 20.635929 19.104071 17.165941 14.747458 11.790073 8.279578 4.286401 0.000000 
50.000000 47.606042 45.240251 42.929800 40.699934 38.573144 36.568499 34.701172 32.982165 31.418246 30.012083 28.762545 27.665151 26.712606 25.895402 25.202432 24.621584 24.140285 23.745977 23.426496 23.170370 22.967017 22.806853 22.681328 22.582881 22.504851 22.441329 22.386975 22.336807 22.285952 22.229376 22.161578 22.076251 21.965899 21.821401 21.631514 21.382299 21.056475 20.632704 20.084847 19.381265 18.484383 17.350847 15.932933 14.182206 12.056820 9.533845 6.626745 3.404282 0.000000 
50.000000 47.337065 44.705462 42.135418 39.655013 37.289266 35.059388 32.982258 31.070113 29.330483 27.766334 26.376410 25.155725 24.096165 23.187155 22.416342 21.770253 21.234909 20.796343 20.441033 20.156230 19.930178 19.752241 19.612939 19.503915 19.417824 19.348194 19.289221 19.235554 19.182040 19.123448 19.054170 18.967894 18.857250 18.713428 18.525752 18.281242 17.964140 17.555470 17.032654 16.369331 15.535534 14.498549 13.224889 11.683960 9.853971 7.730311 5.335435 2.727199 0.000000 
50.000000 47.092367 44.218945 41.412740 38.704411 36.121276 33.686496 31.418502 29.330654 27.431175 25.723302 24.205665 22.872820 21.715908 20.723384 19.881759 19.176327 18.591826 18.113012 17.725130 17.414270 17.167616 16.973580 16.821850 16.703354 16.610151 16.535280 16.472557 16.416349 16.361316 16.302146 16.233256 16.148494 16.040817 15.901960 15.722096 15.489505 15.190265 14.808016 14.323848 13.716432 12.962533 12.038125 10.920362 9.590678 8.039121 6.269703 4.305760 2.193358 0.000000 
50.000000 46.872371 43.781542 40.763015 37.849771 35.071194 32.452198 30.012608 27.766796 25.723605 23.886519 22.254065 20.820385 19.575952 18.508348 17.603065 16.844287 16.215602 15.700618 15.283473 14.949219 14.684088 14.475646 14.312843 14.185976 14.086587 14.007304 13.941634 13.883736 13.828170 13.769628 13.702661 13.621394 13.519245 13.388646 13.220774 13.005314 12.730274 12.381896 11.944719 11.401872 10.735718 9.928965 8.966381 7.837195 6.538107 5.076580 3.473662 1.765176 0.000000 
50.000000 46.676909 43.392918 40.185748 37.090442 34.138219 31.355552 28.763503 26.377344 24.206471 22.254584 20.520118 18.996852 17.674662 16.540355 15.578518 14.772351 14.104419 13.557313 13.114188 12.759178 12.477675 12.256498 12.083947 11.949777 11.845085 11.762154 11.694250 11.635391 11.580096 11.523134 11.459259 11.382951 11.288169 11.168115 11.015027 10.820014 10.572958 10.262521 9.876299 9.401180 8.823990 8.132476 7.316687 6.370743 5.294855 4.097312 2.795915 1.418221 0.000000 
50.000000 46.505292 43.051705 39.678907 36.423749 33.319066 30.392696 27.666790 25.157407 22.874429 20.821749 18.997720 17.395799 16.005341 14.812472 13.800987 12.953218 12.250836 11.675539 11.209623 10.836416 10.540577 10.308276 10.127251 9.986789 9.877612 9.791723 9.722199 9.662968 9.608562 9.553869 9.493892 9.423506 9.337242 9.229087 9.092322 8.919414 8.701968 8.430791 8.096080 7.687786 7.196188 6.612708 5.930973 5.148077 4.265909 3.292331 2.241882 1.135640 0.000000 
50.000000 46.356400 42.755673 39.239177 35.845335 32.608380 29.557336 26.715297 24.099008 21.718771 19.578646 17.676914 16.006756 14.557072 13.313399 12.258843 11.374988 10.642726 10.042982 9.557310 9.168339 8.860099 8.618197 8.429894 8.284078 8.171161 8.082916 8.012282 7.953134 7.900050 7.848069 7.792461 7.728508 7.651304 7.555594 7.435637 7.285132 7.097211 6.864516 6.579393 6.234222 5.821897 5.336472 4.773952 4.133173 3.416665 2.631343 1.788826 0.905183 0.000000 
50.000000 46.228773 42.501919 38.862249 35.349530 31.999193 28.841281 25.899696 23.191771 20.728167 18.513086 16.544751 14.816103 13.315655 12.028437 10.936966 10.022183 9.264315 8.643627 8.141034 7.738573 7.419732 7.169645 6.975167 6.824853 6.708857 6.618772 6.547433 6.488696 6.437204 6.388160 6.337102 6.279706 6.211602 6.128228 6.024726 5.895882 5.736134 5.539655 5.300526 5.013014 4.671963 4.273285 3.814536 3.295521 2.718856 2.090360 1.419181 0.717533 0.000000 
50.000000 46.120712 42.287070 38.543109 34.929738 31.483403 28.235008 25.209140 22.423628 19.889439 17.610896 15.586171 13.808002 12.264575 10.940491 9.817767 8.876802 8.097261 7.458848 6.941941 6.528075 6.200285 5.943306 5.743653 5.589606 5.471110 5.379615 5.307884 5.249772 5.200000 5.153934 5.107371 5.056350 4.996988 4.925345 4.837332 4.728665 4.594876 4.431384 4.233646 3.997375 3.718849 3.395276 3.025205 2.608942 2.148906 1.649856 1.118914 0.565336 0.000000 
50.000000 46.030380 42.107469 38.276329 34.578819 31.052237 27.728204 24.631882 21.781513 19.188322 16.856730 14.784867 12.965304 11.385951 10.031052 8.882207 7.919360 7.121706 6.468484 5.939621 5.516237 5.180988 4.918277 4.714342 4.557237 4.436738 4.344184 4.272289 4.214921 4.166881 4.123691 4.081385 4.036331 3.985070 3.924203 3.850297 3.759846 3.649276 3.515007 3.353565 3.161761 2.936915 2.677129 2.381577 2.050786 1.686861 1.293612 0.876537 0.442628 0.000000 
50.000000 45.955890 41.959367 38.056336 34.289445 30.696689 27.310284 24.155864 21.252014 18.610168 16.234832 14.124101 12.270404 10.661427 9.281119 8.110736 7.129848 6.317263 5.651834 5.113122 4.681901 4.340518 4.073106 3.865674 3.706097 3.584014 3.490682 3.418780 3.362197 3.315814 3.275293 3.236878 3.197222 3.153236 3.101972 3.040546 2.966086 2.875742 2.766718 2.636366 2.482316 2.302640 2.096054 1.862114 1.601409 1.315700 1.007992 0.682498 0.344484 0.000000 
50.000000 45.895389 41.839076 37.877655 34.054411 30.407907 26.970844 23.769237 20.821949 18.140586 15.729721 13.587420 11.706001 10.072965 8.672021 7.484146 6.488607 5.663898 4.988560 4.441854 4.004278 3.657926 3.386714 3.176471 3.014923 2.891607 2.797715 2.725905 2.670089 2.625223 2.587091 2.552119 2.517201 2.479554 2.436607 2.385919 2.325133 2.251965 2.164230 2.059907 1.937232 1.794817 1.631791 1.447939 1.243828 1.020893 0.781479 0.528795 0.266799 0.000000 
50.000000 45.847124 41.743114 37.735112 33.866912 30.177532 26.700056 23.460805 20.478866 17.765978 15.326771 13.159287 11.255753 9.603525 8.186120 6.984293 5.977068 5.142689 4.459450 3.906373 3.463733 3.113427 2.839200 2.626732 2.463641 2.339380 2.245094 2.173429 2.118321 2.074789 2.038723 2.006699 1.975810 1.943524 1.907573 1.865870 1.816460 1.757499 1.687271 1.604223 1.507033 1.394697 1.266621 1.122721 0.963503 0.790120 0.604385 0.408739 0.206155 0.000000 
50.000000 45.809504 41.668318 37.624009 33.720770 29.997970 26.488995 23.220404 20.211456 17.473998 15.012700 12.825588 10.904818 9.237631 7.807396 6.594696 5.578364 4.736451 4.047055 3.489015 3.042434 2.689055 2.412486 2.198300 2.034025 1.909056 1.814500 1.742998 1.688508 1.646101 1.611754 1.582167 1.554589 1.526687 1.496430 1.462007 1.421770 1.374213 1.317966 1.251822 1.174779 1.086099 0.985375 0.872591 0.748184 0.613069 0.468652 0.316791 0.159732 0.000000 
50.000000 45.781146 41.611935 37.540258 33.610605 29.862614 26.329894 23.039186 20.009878 17.253899 14.775949 12.574041 10.640279 8.961816 7.521912 6.301015 5.277819 4.430228 3.736193 3.174415 2.724866 2.369174 2.090847 1.875375 1.710222 1.584736 1.490001 1.418654 1.364672 1.323169 1.290190 1.262527 1.237553 1.213085 1.187272 1.158509 1.125379 1.086619 1.041115 0.987906 0.926217 0.855491 0.775442 0.686091 0.587805 0.481317 0.367724 0.248461 0.125246 0.000000 
50.000000 45.760906 41.571693 37.480482 33.531977 29.766006 26.216340 22.909846 19.866008 17.096809 14.606975 12.394507 10.451472 8.764962 7.318156 6.091410 5.063316 4.211672 3.514328 2.949883 2.498218 2.140878 1.861301 1.644917 1.479144 1.353299 1.258452 1.187234 1.133640 1.092814 1.060851 1.034612 1.011558 0.989616 0.967060 0.942434 0.914481 0.882113 0.844388 0.800517 0.749874 0.692027 0.626761 0.554117 0.474405 0.388224 0.296453 0.200231 0.100910 0.000000 
50.000000 45.747907 41.545849 37.442094 33.481482 29.703964 26.143414 22.826783 19.773613 16.995925 14.498458 12.279209 10.330219 8.638541 7.187303 5.956800 4.925561 4.071315 3.371846 2.805689 2.352666 1.994270 1.713891 1.496924 1.330757 1.204687 1.109774 1.038648 0.985315 0.944939 0.913649 0.888348 0.866556 0.846270 0.825847 0.803922 0.779344 0.751131 0.718453 0.680626 0.637118 0.587569 0.531809 0.469884 0.402067 0.328869 0.251030 0.169502 0.085408 0.000000 
50.000000 45.741558 41.533225 37.423341 33.456815 29.673656 26.107790 22.786207 19.728478 16.946643 14.445448 12.222886 10.270987 8.576785 7.123381 5.891044 4.858268 4.002752 3.302245 2.735251 2.281565 1.922653 1.641884 1.424632 1.258274 1.132096 1.037152 0.966075 0.912873 0.872721 0.841765 0.816929 0.795763 0.776296 0.756926 0.736335 0.713419 0.687252 0.657055 0.622194 0.582183 0.536695 0.485582 0.428890 0.366874 0.300001 0.228944 0.154563 0.077873 0.000000 
50.000000 45.741558 41.533225 37.423341 33.456815 29.673656 26.107790 22.786207 19.728478 16.946643 14.445448 12.222886 10.270987 8.576785 7.123381 5.891044 4.858268 4.002752 3.302245 2.735251 2.281565 1.922653 1.641884 1.424632 1.258274 1.132096 1.037152 0.966075 0.912873 0.872721 0.841765 0.816929 0.795763 0.776296 0.756926 0.736335 0.713419 0.687252 0.657055 0.622194 0.582183 0.536695 0.485582 0.428890 0.366874 0.300001 0.228944 0.154563 0.077873 0.000000 
50.000000 45.747907 41.545849 37.442094 33.481482 29.703964 26.143414 22.826783 19.773613 16.995925 14.498458 12.279209 10.330219 8.638541 7.187303 5.956800 4.925561 4.071315 3.371846 2.805689 2.352666 1.994270 1.713891 1.496924 1.330757 1.204687 1.109774 1.038648 0.985315 0.944939 0.913649 0.888348 0.866556 0.846270 0.825847 0.803922 0.779344 0.751131 0.718453 0.680626 0.637118 0.587569 0.531809 0.469884 0.402067 0.328869 0.251030 0.169502 0.085408 0.000000 
50.000000 45.760906 41.571693 37.480482 33.531977 29.766006 26.216340 22.909846 19.866008 17.096809 14.606975 12.394507 10.451472 8.764962 7.318156 6.091410 5.063316 4.211672 3.514328 2.949883 2.498218 2.140878 1.861301 1.644917 1.479144 1.353299 1.258452 1.187234 1.133640 1.092814 1.060851 1.034612 1.011558 0.989616 0.967060 0.942434 0.914481 0.882113 0.844388 0.800517 0.749874 0.692027 0.626761 0.554117 0.474405 0.388224 0.296453 0.200231 0.100910 0.000000 
50.000000 45.781146 41.611935 37.540258 33.610605 29.862614 26.329894 23.039186 20.009878 17.253899 14.775949 12.574041 10.640279 8.961816 7.521912 6.301015 5.277819 4.430228 3.736193 3.174415 2.724866 2.369174 2.090847 1.875375 1.710222 1.584736 1.490001 1.418654 1.364672 1.323169 1.290190 1.262527 1.237553 1.213085 1.187272 1.158509 1.125379 1.086619 1.041115 0.987906 0.926217 0.855491 0.775442 0.686091 0.587805 0.481317 0.367724 0.248461 0.125246 0.000000 
50.000000 45.809504 41.668318 37.624009 33.720770 29.997970 26.488995 23.220404 20.211456 17.473998 15.012700 12.825588 10.904818 9.237631 7.807396 6.594696 5.578364 4.736451 4.047055 3.489015 3.042434 2.689055 2.412486 2.198300 2.034025 1.909056 1.814500 1.742998 1.688508 1.646101 1.611754 1.582167 1.554589 1.526687 1.496430 1.462007 1.421770 1.374213 1.317966 1.251822 1.174779 1.086099 0.985375 0.872591 0.748184 0.613069 0.468652 0.316791 0.159732 0.000000 
50.000000 45.847124 41.743114 37.735112 33.866912 30.177532 26.700056 23.460805 20.478866 17.765978 15.326771 13.159287 11.255753 9.603525 8.186120 6.984293 5.977068 5.142689 4.459450 3.906373 3.463733 3.113427 2.839200 2.626732 2.463641 2.339380 2.245094 2.173429 2.118321 2.074789 2.038723 2.006699 1.975810 1.943524 1.907573 1.865870 1.816460 1.757499 1.687271 1.604223 1.507033 1.394697 1.266621 1.122721 0.963503 0.790120 0.604385 0.408739 0.206155 0.000000 
50.000000 45.895389 41.839076 37.877655 34.054411 30.407907 26.970844 23.769237 20.821949 18.140586 15.729721 13.587420 11.706001 10.072965 8.672021 7.484146 6.488607 5.663898 4.988560 4.441854 4.004278 3.657926 3.386714 3.176471 3.014923 2.891607 2.797715 2.725905 2.670089 2.625223 2.587091 2.552119 2.517201 2.479554 2.436607 2.385919 2.325133 2.251965 2.164230 2.059907 1.937232 1.794817 1.631791 1.447939 1.243828 1.020893 0.781479 0.528795 0.266799 0.000000 
50.000000 45.955890 41.959367 38.056336 34.289445 30.696689 27.310284 24.155864 21.252014 18.610168 16.234832 14.124101 12.270404 10.661427 9.281119 8.110736 7.129848 6.317263 5.651834 5.113122 4.681901 4.340518 4.073106 3.865674 3.706097 3.584014 3.490682 3.418780 3.362197 3.315814 3.275293 3.236878 3.197222 3.153236 3.101972 3.040546 2.966086 2.875742 2.766718 2.636366 2.482316 2.302640 2.096054 1.862114 1.601409 1.315700 1.007992 0.682498 0.344484 0.000000 
50.000000 46.030380 42.107469 38.276329 34.578819 31.052237 27.728204 24.631882 21.781513 19.188322 16.856730 14.784867 12.965304 11.385951 10.031052 8.882207 7.919360 7.121706 6.468484 5.939621 5.516237 5.180988 4.918277 4.714342 4.557237 4.436738 4.344184 4.272289 4.214921 4.166881 4.123691 4.081385 4.036331 3.985070 3.924203 3.850297 3.759846 3.649276 3.515007 3.353565 3.161761 2.936915 2.677129 2.381577 2.050786 1.686861 1.293612 0.876537 0.442628 0.000000 
50.000000 46.120712 42.287070 38.543109 34.929738 31.483403 28.235008 25.209140 22.423628 19.889439 17.610896 15.586171 13.808002 12.264575 10.940491 9.817767 8.876802 8.097261 7.458848 6.941941 6.528075 6.200285 5.943306 5.743653 5.589606 5.471110 5.379615 5.307884 5.249772 5.200000 5.153934 5.107371 5.056350 4.996988 4.925345 4.837332 4.728665 4.594876 4.431384 4.233646 3.997375 3.718849 3.395276 3.025205 2.608942 2.148906 1.649856 1.118914 0.565336 0.000000 
50.000000 46.228773 42.501919 38.862249 35.349530 31.999193 28.841281 25.899696 23.191771 20.728167 18.513086 16.544751 14.816103 13.315655 12.028437 10.936966 10.022183 9.264315 8.643627 8.141034 7.738573 7.419732 7.169645 6.975167 6.824853 6.708857 6.618772 6.547433 6.488696 6.437204 6.388160 6.337102 6.279706 6.211602 6.128228 6.024726 5.895882 5.736134 5.539655 5.300526 5.013014 4.671963 4.273285 3.814536 3.295521 2.718856 2.090360 1.419181 0.717533 0.000000 
50.000000 46.356400 42.755673 39.239177 35.845335 32.608380 29.557336 26.715297 24.099008 21.718771 19.578646 17.676914 16.006756 14.557072 13.313399 12.258843 11.374988 10.642726 10.042982 9.557310 9.168339 8.860099 8.618197 8.429894 8.284078 8.171161 8.082916 8.012282 7.953134 7.900050 7.848069 7.792461 7.728508 7.651304 7.555594 7.435637 7.285132 7.097211 6.864516 6.579393 6.234222 5.821897 5.336472 4.773952 4.133173 3.416665 2.631343 1.788826 0.905183 0.000000 
50.000000 46.505292 43.051705 39.678907 36.423749 33.319066 30.392696 27.666790 25.157407 22.874429 20.821749 18.997720 17.395799 16.005341 14.812472 13.800987 12.953218 12.250836 11.675539 11.209623 10.836416 10.540577 10.308276 10.127251 9.986789 9.877612 9.791723 9.722199 9.662968 9.608562 9.553869 9.493892 9.423506 9.337242 9.229087 9.092322 8.919414 8.701968 8.430791 8.096080 7.687786 7.196188 6.612708 5.930973 5.148077 4.265909 3.292331 2.241882 1.135640 0.000000 
50.000000 46.676909 43.392918 40.185748 37.090442 34.138219 31.355552 28.763503 26.377344 24.206471 22.254584 20.520118 18.996852 17.674662 16.540355 15.578518 14.772351 14.104419 13.557313 13.114188 12.759178 12.477675 12.256498 12.083947 11.949777 11.845085 11.762154 11.694250 11.635391 11.580096 11.523134 11.459259 11.382951 11.288169 11.168115 11.015027 10.820014 10.572958 10.262521 9.876299 9.401180 8.823990 8.132476 7.316687 6.370743 5.294855 4.097312 2.795915 1.418221 0.000000 
50.000000 46.872371 43.781542 40.763015 37.849771 35.071194 32.452198 30.012608 27.766796 25.723605 23.886519 22.254065 20.820385 19.575952 18.508348 17.603065 16.844287 16.215602 15.700618 15.283473 14.949219 14.684088 14.475646 14.312843 14.185976 14.086587 14.007304 13.941634 13.883736 13.828170 13.769628 13.702661 13.621394 13.519245 13.388646 13.220774 13.005314 12.730274 12.381896 11.944719 11.401872 10.735718 9.928965 8.966381 7.837195 6.538107 5.076580 3.473662 1.765176 0.000000 
50.000000 47.092367 44.218945 41.412740 38.704411 36.121276 33.686496 31.418502 29.330654 27.431175 25.723302 24.205665 22.872820 21.715908 20.723384 19.881759 19.176327 18.591826 18.113012 17.725130 17.414270 17.167616 16.973580 16.821850 16.703354 16.610151 16.535280 16.472557 16.416349 16.361316 16.302146 16.233256 16.148494 16.040817 15.901960 15.722096 15.489505 15.190265 14.808016 14.323848 13.716432 12.962533 12.038125 10.920362 9.590678 8.039121 6.269703 4.305760 2.193358 0.000000 
50.000000 47.337065 44.705462 42.135418 39.655013 37.289266 35.059388 32.982258 31.070113 29.330483 27.766334 26.376410 25.155725 24.096165 23.187155 22.416342 21.770253 21.234909 20.796343 20.441033 20.156230 19.930178 19.752241 19.612939 19.503915 19.417824 19.348194 19.289221 19.235554 19.182040 19.123448 19.054170 18.967894 18.857250 18.713428 18.525752 18.281242 17.964140 17.555470 17.032654 16.369331 15.535534 14.498549 13.224889 11.683960 9.853971 7.730311 5.335435 2.727199 0.000000 
50.000000 47.606042 45.240251 42.929800 40.699934 38.573144 36.568499 34.701172 32.982165 31.418246 30.012083 28.762545 27.665151 26.712606 25.895402 25.202432 24.621584 24.140285 23.745977 23.426496 23.170370 22.967017 22.806853 22.681328 22.582881 22.504851 22.441329 22.386975 22.336807 22.285952 22.229376 22.161578 22.076251 21.965899 21.821401 21.631514 21.382299 21.056475 20.632704 20.084847 19.381265 18.484383 17.350847 15.932933 14.182206 12.056820 9.533845 6.626745 3.404282 0.000000 
50.000000 47.898234 45.821198 43.792747 41.835045 39.967836 38.207864 36.568450 35.059252 33.686213 32.451673 31.354642 30.391184 29.554894 28.837424 28.229022 27.719052 27.296475 26.950260 26.669724 26.444786 26.266143 26.125366 26.014919 25.928132 25.859101 25.802567 25.753738 25.708093 25.661149 25.608199 25.544015 25.462499 25.356290 25.216289 25.031090 24.786297 24.463690 24.040208 23.486751 22.766799 21.834984 20.635929 19.104071 17.165941 14.747458 11.790073 8.279578 4.286401 0.000000 
50.000000 48.211918 46.444875 44.719166 43.053646 41.465113 39.967812 38.573075 37.289120 36.121001 35.070711 34.137405 33.317737 32.606256 31.995860 31.478252 31.044382 30.684856 30.390288 30.151583 29.960161 29.808096 29.688205 29.594057 29.519947 29.460815 29.412127 29.369725 29.329647 29.287915 29.240295 29.182013 29.107422 29.009609 28.879909 28.707294 28.477611 28.172588 27.768547 27.234724 26.531099 25.605660 24.391193 22.802084 20.732627 18.060498 14.662887 10.457828 5.483238 0.000000 
50.000000 48.544718 47.106559 45.702040 44.346509 43.053635 41.835013 40.699864 39.654879 38.704170 37.849359 37.089759 36.422645 35.843582 35.346789 34.925512 34.572386 34.279763 34.040003 33.845700 33.689866 33.566046 33.468381 33.391625 33.331115 33.282704 33.242660 33.207540 33.174036 33.138791 33.098191 33.048109 32.983608 32.898570 32.785232 32.633585 32.430590 32.159104 31.796421 31.312219 30.665664 29.801299 28.643294 27.087715 24.993241 22.173288 18.399610 13.443617 7.207841 0.000000 
50.000000 48.893649 47.800314 46.732555 45.702036 44.719152 43.792716 42.929740 42.135308 41.412548 40.762692 40.185218 39.678055 39.237831 38.860150 38.539879 38.271416 38.048948 37.866663 37.718932 37.600438 37.506269 37.431967 37.373535 37.327414 37.290433 37.259731 37.232652 37.206629 37.179035 37.147014 37.107273 37.055837 36.987732 36.896583 36.774085 36.609275 36.387517 36.089052 35.686840 35.143305 34.405288 33.396079 32.002760 30.056339 27.302473 23.366292 17.741262 9.920639 0.000000 
50.000000 49.255190 48.519143 47.800313 47.106554 46.444864 45.821174 45.240207 44.705385 44.218812 43.781320 43.392557 43.051127 42.754761 42.500500 42.284887 42.104152 41.954380 41.831658 41.732195 41.652412 41.588998 41.538951 41.499573 41.468464 41.443481 41.422682 41.404263 41.386468 41.367490 41.345351 41.317755 41.281912 41.234304 41.170392 41.084210 40.967809 40.810450 40.597410 40.308145 39.913359 39.370142 38.613583 37.541672 35.987083 33.662967 30.059069 24.259577 14.746063 0.000000 
50.000000 49.625391 49.255189 48.893648 48.544715 48.211912 47.898222 47.606019 47.337025 47.092299 46.872258 46.676726 46.505000 46.355940 46.228057 46.119612 46.028709 45.953378 45.891652 45.841624 45.801493 45.769593 45.744413 45.724595 45.708930 45.696338 45.685837 45.676514 45.667478 45.657808 45.646492 45.632351 45.613943 45.589447 45.556499 45.511978 45.451699 45.369966 45.258891 45.107326 44.899095 44.609923 44.201797 43.611858 42.728697 41.336889 38.973018 34.509132 24.812697 0.000000 
50.000000 50.000000 50.000000 50.000000 50.000000 50.000000 50.000000 50.000000 50.000000 50.000000 50.000000 50.000000 50.000000 50.000000 50.000000 50.000000 50.000000 50.000000 50.000000 50.000000 50.000000 50.000000 50.000000 50.000000 50.000000 50.000000 50.000000 50.000000 50.000000 50.000000 50.000000 50.000000 50.000000 50.000000 50.000000 50.000000 50.000000 50.000000 50.000000 50.000000 50.000000 50.000000 50.000000 50.000000 50.000000 50.000000 50.000000 50.000000 50.000000 50.000000 
