50.000000 50.000000 50.000000 50.000000 50.000000 50.000000 50.000000 50.000000 50.000000 50.000000 50.000000 50.000000 50.000000 50.000000 50.000000 50.000000 50.000000 50.000000 50.000000 50.000000 50.000000 50.000000 50.000000 50.000000 50.000000 50.000000 50.000000 50.000000 50.000000 50.000000 50.000000 50.000000 50.000000 50.000000 50.000000 50.000000 50.000000 50.000000 50.000000 50.000000 50.000000 50.000000 50.000000 50.000000 50.000000 50.000000 50.000000 50.000000 50.000000 50.000000 
50.000000 49.797898 49.597079 49.398801 49.204272 49.014631 48.830927 48.654097 48.484958 48.324193 48.172342 48.029803 47.896829 47.773531 47.659885 47.555739 47.460826 47.374771 47.297105 47.227279 47.164668 47.108587 47.058293 47.012993 46.971842 46.933944 46.898339 46.863996 46.829787 46.794463 46.756610 46.714598 46.666509 46.610031 46.542322 46.459808 46.357893 46.230531 46.069557 45.863633 45.596487 45.243858 44.767855 44.105856 43.146799 41.675712 39.229730 34.681531 24.899279 0.000000 
50.000000 49.597101 49.196758 48.801481 48.413678 48.035621 47.669398 47.316880 46.979695 46.659202 46.356483 46.072329 45.807243 45.561448 45.334896 45.127288 44.938088 44.766552 44.611748 44.472580 44.347807 44.236065 44.135880 44.045674 43.963773 43.888399 43.817654 43.749498 43.681708 43.611824 43.537075 43.454274 43.359680 43.248809 43.116173 42.954908 42.756256 42.508783 42.197217 41.800635 41.289555 40.621090 39.730569 38.516449 36.812088 34.331532 30.565609 24.599751 14.916903 0.000000 
50.000000 49.398888 48.801591 48.211849 47.633262 47.069214 46.522822 45.996879 45.493813 45.015653 44.564012 44.140070 43.744581 43.377878 43.039890 42.730171 42.447926 42.192047 41.961148 41.753596 41.567549 41.400979 41.251696 41.117363 40.995501 40.883479 40.778501 40.677565 40.577413 40.474455 40.364660 40.243423 40.105365 39.944085 39.751810 39.518910 39.233226 38.879102 38.435966 37.876219 37.162008 36.240204 35.034449 33.432506 31.266384 28.283050 24.109219 18.240182 10.171202 0.000000 
50.000000 49.204494 48.414037 47.633580 46.867884 46.121431 45.398344 44.702320 44.036572 43.403787 42.806099 42.245073 41.721707 41.236441 40.789187 40.379355 40.005899 39.667357 39.361900 39.087378 38.841364 38.621189 38.423975 38.246654 38.085979 37.938514 37.800614 37.668385 37.537619 37.403701 37.261484 37.105126 36.927864 36.721718 36.477103 36.182287 35.822674 35.379789 34.829869 34.141863 33.274572 32.172572 30.760482 28.935243 26.556825 23.440331 19.359560 14.088271 7.531591 0.000000 
50.000000 49.015088 48.036427 47.070148 46.122144 45.197966 44.302719 43.440979 42.616728 41.833291 41.093312 40.398730 39.750782 39.150018 38.596329 38.088992 37.626716 37.207700 36.829691 36.490039 36.185757 35.913563 35.669926 35.451086 35.253071 35.071697 34.902538 34.740889 34.581692 34.419437 34.248031 34.060609 33.849309 33.604959 33.316678 32.971350 32.552936 32.041544 31.412215 30.633298 29.664323 28.453310 26.933577 25.020551 22.610071 19.581830 15.815467 11.231830 5.871945 0.000000 
50.000000 48.831752 47.670918 46.524771 45.400303 44.304097 43.242208 42.220068 41.242397 40.313143 39.435442 38.611598 37.843079 37.130542 36.473864 35.872192 35.324004 34.827175 34.379046 33.976495 33.616000 33.293704 33.005456 32.746852 32.513252 32.299780 32.101309 31.912413 31.727299 31.539704 31.342761 31.128818 30.889207 30.613949 30.291381 29.907680 29.446266 28.887046 28.205476 27.371421 26.347836 25.089374 23.541255 21.639095 19.311181 16.485726 13.106968 9.163907 4.730509 0.000000 
50.000000 48.655466 47.319466 46.000370 44.706224 43.444607 42.222489 41.046120 39.920935 38.851480 37.841365 36.893245 36.008813 35.188830 34.433162 33.740834 33.110107 32.538549 32.023118 31.560245 31.145910 30.775714 30.444932 30.148563 29.881358 29.637820 29.412197 29.198441 28.990138 28.780419 28.561822 28.326128 28.064148 27.765453 27.418054 27.008002 26.518916 25.931423 25.222521 24.364908 23.326347 22.069268 20.550959 18.724981 16.544816 13.971135 10.984060 7.600578 3.893331 0.000000 
50.000000 48.487099 46.983801 45.499524 44.043324 42.623727 41.248579 39.924914 38.658847 37.455496 36.318927 35.252129 34.257014 33.334442 32.484270 31.705415 30.995930 30.353097 29.773516 29.253203 28.787671 28.372018 28.000995 27.669058 27.370403 27.098985 26.848511 26.612403 26.383746 26.155198 25.918873 25.666189 25.387685 25.072793 24.709572 24.284402 23.781639 23.183246 22.468429 21.613341 20.590949 19.371270 17.922257 16.211780 14.211277 11.901630 9.281481 6.377029 3.250268 0.000000 
50.000000 48.327396 46.665408 45.024451 43.414536 41.845092 40.324791 38.861412 37.461719 36.131372 34.874868 33.695516 32.595437 31.575587 30.635819 29.774945 28.990831 28.280493 27.640199 27.065577 26.551714 26.093247 25.684446 25.319278 24.991451 24.694436 24.421479 24.165567 23.919389 23.675258 23.425012 23.159886 22.870355 22.545957 22.175084 21.744766 21.240443 20.645759 19.942412 19.110125 18.126838 16.969268 15.614061 14.039765 12.229912 10.177324 7.889386 5.393324 2.739501 0.000000 
50.000000 48.176975 46.365522 44.576991 42.822298 41.111716 39.454702 37.859736 36.334189 34.884236 33.514781 32.229435 31.030516 29.919075 28.894961 27.956895 27.102568 26.328751 25.631408 25.005811 24.446657 23.948166 23.504175 23.108214 22.753559 22.433270 22.140203 21.866996 21.606039 21.349413 21.088805 20.815411 20.519808 20.191820 19.820370 19.393336 18.897425 18.318091 17.639535 16.844849 15.916374 14.836392 13.588263 12.158155 10.537419 8.725565 6.733482 4.586175 2.323835 0.000000 
50.000000 48.036327 46.085120 44.158606 42.268541 40.425995 38.641155 36.923154 35.279938 33.718159 32.243105 30.858670 29.567356 28.370308 27.267372 26.257186 25.337285 24.504215 23.753661 23.080576 22.479301 21.943679 21.467164 21.042898 20.663785 20.322531 20.011675 19.723581 19.450426 19.184147 18.916388 18.638416 18.341029 18.014460 17.648279 17.231310 16.751585 16.196341 15.552126 14.805024 13.941085 12.947009 11.811164 10.524973 9.084658 7.493225 5.762376 3.913859 1.979592 0.000000 
50.000000 47.905821 45.824936 43.770388 41.754713 39.789718 37.886270 36.054110 34.301715 32.636181 31.063154 29.586790 28.209768 26.933314 25.757281 24.680232 23.699557 22.811603 22.011803 21.294819 20.654674 20.084878 19.578541 19.128471 18.727249 18.367287 18.040866 17.740143 17.457149 17.183760 16.911648 16.632235 16.336617 16.015509 15.659179 15.257423 14.799558 14.274489 13.670851 12.977285 12.182852 11.277662 10.253709 9.105940 7.833495 6.440992 4.939641 3.347850 1.690981 0.000000 
50.000000 47.785704 45.585467 43.413077 41.281794 39.204101 37.191490 35.254264 33.401388 31.640369 29.977179 28.416222 26.960335 25.610829 24.367557 23.229019 22.192478 21.254100 20.409093 19.651859 18.976140 18.375148 17.841695 17.368297 16.947262 16.570759 16.230864 15.919583 15.628859 15.350559 15.076447 14.798147 14.507101 14.194533 13.851419 13.468487 13.036252 12.545109 11.985497 11.348167 10.624569 9.807376 8.891153 7.873150 6.754159 5.539338 4.238831 2.867998 1.447051 0.000000 
50.000000 47.676120 45.366995 43.087098 40.850344 38.669837 36.557637 34.524562 32.580020 30.731896 28.986460 27.348342 25.820526 24.404399 23.099820 21.905233 20.817788 19.833490 18.947347 18.153534 17.445540 16.816321 16.258427 15.764126 15.325495 14.934504 14.583069 14.263091 13.966469 13.685105 13.410888 13.135677 12.851276 12.549416 12.221750 11.859873 11.455375 10.999943 10.485529 9.904594 9.250437 8.517630 7.702523 6.803824 5.823184 4.765708 3.640290 2.459647 1.239946 0.000000 
50.000000 47.577116 45.169616 42.792591 40.460549 38.187156 35.984985 33.865316 31.837965 29.911151 28.091420 26.383603 24.790821 23.314528 21.954594 20.709411 19.576033 18.550322 17.627112 16.800375 16.063383 15.408867 14.829153 14.316297 13.862186 13.458628 13.097417 12.770384 12.469417 12.186480 11.913611 11.642912 11.366547 11.076729 10.765738 10.425947 10.049882 9.630329 9.160483 8.634161 8.046080 7.392188 6.670053 5.879275 5.021870 4.102593 3.129091 2.111852 1.063866 0.000000 
50.000000 47.488659 44.993265 42.529459 40.112283 37.755899 35.473344 33.276311 31.174975 29.177861 27.291759 25.521680 23.870868 22.340841 20.931476 19.641126 18.466757 17.404109 16.447863 15.591816 14.829054 14.152111 13.553126 13.023975 12.556386 12.142040 11.772640 11.439973 11.135940 10.852584 10.582097 10.316826 10.049271 9.772093 9.478131 9.160439 8.812344 8.427545 8.000242 7.525316 6.998547 6.416874 5.778679 5.084074 4.335155 3.536190 2.693680 1.816261 0.914419 0.000000 
50.000000 47.410654 44.837751 42.297419 39.805167 37.375600 35.022160 32.756906 30.590331 28.531229 26.586603 24.761630 23.059658 21.482263 20.029332 18.699182 17.488706 16.393538 15.408229 14.526426 13.741053 13.044480 12.428685 11.885397 11.406214 10.982715 10.606539 10.269446 9.963368 9.680432 9.412985 9.153601 8.895090 8.630512 8.353197 8.056780 7.735260 7.383082 6.995246 6.567454 6.096279 5.579363 5.015618 4.405424 3.750796 3.055480 2.324967 1.566377 0.788215 0.000000 
50.000000 47.342958 44.702790 42.096046 39.538642 37.045564 34.630609 32.306152 30.082964 27.970070 25.974663 24.102057 22.355697 20.737209 19.246489 17.881825 16.640048 15.516702 14.506227 13.602144 12.797240 12.083748 11.453514 10.898142 10.409129 9.977973 9.596266 9.255759 8.948418 8.666459 8.402372 8.148938 7.899243 7.646693 7.385036 7.108396 6.811323 6.488861 6.136640 5.750989 5.329065 4.869000 4.370040 3.832686 3.258787 2.651592 2.015725 1.357077 0.682597 0.000000 
50.000000 47.285401 44.588042 41.924832 39.312034 36.764958 34.297702 31.922911 29.651590 27.492964 25.454384 23.541286 21.757195 20.103780 18.580945 17.186955 15.918590 14.771320 13.739492 12.816521 11.995082 11.267296 10.624898 10.059393 9.562198 9.124748 8.738603 8.395513 8.087483 7.806810 7.546114 7.298357 7.056863 6.815330 6.567854 6.308961 6.033643 5.737420 5.416408 5.067407 4.687999 4.276654 3.832823 3.357035 2.850945 2.317355 1.760170 1.184295 0.595464 0.000000 
50.000000 47.237800 44.493142 41.783233 39.124622 36.532889 34.022379 31.605960 29.294834 27.098388 25.024107 23.077525 21.262235 19.579942 18.030558 16.612329 15.321994 14.154963 13.105506 12.166954 11.331893 10.592350 9.939973 9.366191 8.862355 8.419856 8.030228 7.685231 7.376903 7.097615 6.840098 6.597468 6.363245 6.131367 5.896214 5.652628 5.395952 5.122073 4.827474 4.509307 4.165457 3.794620 3.396371 2.971215 2.520617 2.046998 1.553683 1.044804 0.525155 0.000000 
50.000000 47.199974 44.417731 41.670715 38.975699 36.348481 33.803600 31.354105 29.011349 26.784853 24.682204 22.709018 20.868940 19.163706 17.593233 16.155753 14.847973 13.665255 12.601811 11.650906 10.805054 10.056211 9.395961 8.815670 8.306640 7.860231 7.467962 7.121598 6.813212 6.535235 6.280488 6.042212 5.814082 5.590226 5.365241 5.134218 4.892763 4.637037 4.363797 4.070444 3.755078 3.416546 3.054487 2.669365 2.262478 1.835938 1.392619 0.936066 0.470369 0.000000 
50.000000 47.171763 44.361489 41.586796 38.864630 36.210945 33.640431 31.166266 28.799921 26.551013 24.427209 22.434182 20.575620 18.853279 17.267082 15.815250 14.494466 13.300058 12.226195 11.266093 10.412213 9.656462 8.990370 8.405265 7.892412 7.443147 7.048981 6.701687 6.393362 6.116485 5.863946 5.629079 5.405675 5.188001 4.970817 4.749388 4.519514 4.277549 4.020443 3.745768 3.451768 3.137384 2.802290 2.446905 2.072395 1.680639 1.274181 0.856143 0.430112 0.000000 
50.000000 47.153034 44.324150 41.531084 38.790892 36.119637 33.532105 31.041563 28.659558 26.395772 24.257923 22.251726 20.380893 18.647197 17.050563 15.589205 14.259792 13.057628 11.976854 11.010654 10.151454 9.391128 8.721175 8.132893 7.617525 7.166394 6.771004 6.423133 6.114899 5.838811 5.587806 5.355278 5.135097 4.921622 4.709717 4.494763 4.272683 4.039957 3.793654 3.531457 3.251694 2.953364 2.636156 2.300455 1.947332 1.578515 1.196330 0.803625 0.403664 0.000000 
50.000000 47.143693 44.305528 41.503299 38.754119 36.074101 33.478082 30.979372 28.589557 26.318351 24.173499 22.160734 20.283782 18.544423 16.942585 15.476478 14.142762 12.936732 11.852513 10.883274 10.021425 9.258821 8.586947 7.997086 7.480471 7.028418 6.632428 6.284283 5.976109 5.700431 5.450211 5.218873 5.000326 4.788972 4.579729 4.368036 4.149874 3.921786 3.680898 3.424945 3.152298 2.861980 2.553687 2.227784 1.885295 1.527872 1.157733 0.777593 0.390556 0.000000 
50.000000 47.143693 44.305528 41.503299 38.754119 36.074101 33.478082 30.979372 28.589557 26.318351 24.173499 22.160734 20.283782 18.544423 16.942585 15.476478 14.142762 12.936732 11.852513 10.883274 10.021425 9.258821 8.586947 7.997086 7.480471 7.028418 6.632428 6.284283 5.976109 5.700431 5.450211 5.218873 5.000326 4.788972 4.579729 4.368036 4.149874 3.921786 3.680898 3.424945 3.152298 2.861980 2.553687 2.227784 1.885295 1.527872 1.157733 0.777593 0.390556 0.000000 
50.000000 47.153034 44.324150 41.531084 38.790892 36.119637 33.532105 31.041563 28.659558 26.395772 24.257923 22.251726 20.380893 18.647197 17.050563 15.589205 14.259792 13.057628 11.976854 11.010654 10.151454 9.391128 8.721175 8.132893 7.617525 7.166394 6.771004 6.423133 6.114899 5.838811 5.587806 5.355278 5.135097 4.921622 4.709717 4.494763 4.272683 4.039957 3.793654 3.531457 3.251694 2.953364 2.636156 2.300455 1.947332 1.578515 1.196330 0.803625 0.403664 0.000000 
50.000000 47.171763 44.361489 41.586796 38.864630 36.210945 33.640431 31.166266 28.799921 26.551013 24.427209 22.434182 20.575620 18.853279 17.267082 15.815250 14.494466 13.300058 12.226195 11.266093 10.412213 9.656462 8.990370 8.405265 7.892412 7.443147 7.048981 6.701687 6.393362 6.116485 5.863946 5.629079 5.405675 5.188001 4.970817 4.749388 4.519514 4.277549 4.020443 3.745768 3.451768 3.137384 2.802290 2.446905 2.072395 1.680639 1.274181 0.856143 0.430112 0.000000 
50.000000 47.199974 44.417731 41.670715 38.975699 36.348481 33.803600 31.354105 29.011349 26.784853 24.682204 22.709018 20.868940 19.163706 17.593233 16.155753 14.847973 13.665255 12.601811 11.650906 10.805054 10.056211 9.395961 8.815670 8.306640 7.860231 7.467962 7.121598 6.813212 6.535235 6.280488 6.042212 5.814082 5.590226 5.365241 5.134218 4.892763 4.637037 4.363797 4.070444 3.755078 3.416546 3.054487 2.669365 2.262478 1.835938 1.392619 0.936066 0.470369 0.000000 
50.000000 47.237800 44.493142 41.783233 39.124622 36.532889 34.022379 31.605960 29.294834 27.098388 25.024107 23.077525 21.262235 19.579942 18.030558 16.612329 15.321994 14.154963 13.105506 12.166954 11.331893 10.592350 9.939973 9.366191 8.862355 8.419856 8.030228 7.685231 7.376903 7.097615 6.840098 6.597468 6.363245 6.131367 5.896214 5.652628 5.395952 5.122073 4.827474 4.509307 4.165457 3.794620 3.396371 2.971215 2.520617 2.046998 1.553683 1.044804 0.525155 0.000000 
50.000000 47.285401 44.588042 41.924832 39.312034 36.764958 34.297702 31.922911 29.651590 27.492964 25.454384 23.541286 21.757195 20.103780 18.580945 17.186955 15.918590 14.771320 13.739492 12.816521 11.995082 11.267296 10.624898 10.059393 9.562198 9.124748 8.738603 8.395513 8.087483 7.806810 7.546114 7.298357 7.056863 6.815330 6.567854 6.308961 6.033643 5.737420 5.416408 5.067407 4.687999 4.276654 3.832823 3.357035 2.850945 2.317355 1.760170 1.184295 0.595464 0.000000 
50.000000 47.342958 44.702790 42.096046 39.538642 37.045564 34.630609 32.306152 30.082964 27.970070 25.974663 24.102057 22.355697 20.737209 19.246489 17.881825 16.640048 15.516702 14.506227 13.602144 12.797240 12.083748 11.453514 10.898142 10.409129 9.977973 9.596266 9.255759 8.948418 8.666459 8.402372 8.148938 7.899243 7.646693 7.385036 7.108396 6.811323 6.488861 6.136640 5.750989 5.329065 4.869000 4.370040 3.832686 3.258787 2.651592 2.015725 1.357077 0.682597 0.000000 
50.000000 47.410654 44.837751 42.297419 39.805167 37.375600 35.022160 32.756906 30.590331 28.531229 26.586603 24.761630 23.059658 21.482263 20.029332 18.699182 17.488706 16.393538 15.408229 14.526426 13.741053 13.044480 12.428685 11.885397 11.406214 10.982715 10.606539 10.269446 9.963368 9.680432 9.412985 9.153601 8.895090 8.630512 8.353197 8.056780 7.735260 7.383082 6.995246 6.567454 6.096279 5.579363 5.015618 4.405424 3.750796 3.055480 2.324967 1.566377 0.788215 0.000000 
50.000000 47.488659 44.993265 42.529459 40.112283 37.755899 35.473344 33.276311 31.174975 29.177861 27.291759 25.521680 23.870868 22.340841 20.931476 19.641126 18.466757 17.404109 16.447863 15.591816 14.829054 14.152111 13.553126 13.023975 12.556386 12.142040 11.772640 11.439973 11.135940 10.852584 10.582097 10.316826 10.049271 9.772093 9.478131 9.160439 8.812344 8.427545 8.000242 7.525316 6.998547 6.416874 5.778679 5.084074 4.335155 3.536190 2.693680 1.816261 0.914419 0.000000 
50.000000 47.577116 45.169616 42.792591 40.460549 38.187156 35.984985 33.865316 31.837965 29.911151 28.091420 26.383603 24.790821 23.314528 21.954594 20.709411 19.576033 18.550322 17.627112 16.800375 16.063383 15.408867 14.829153 14.316297 13.862186 13.458628 13.097417 12.770384 12.469417 12.186480 11.913611 11.642912 11.366547 11.076729 10.765738 10.425947 10.049882 9.630329 9.160483 8.634161 8.046080 7.392188 6.670053 5.879275 5.021870 4.102593 3.129091 2.111852 1.063866 0.000000 
50.000000 47.676120 45.366995 43.087098 40.850344 38.669837 36.557637 34.524562 32.580020 30.731896 28.986460 27.348342 25.820526 24.404399 23.099820 21.905233 20.817788 19.833490 18.947347 18.153534 17.445540 16.816321 16.258427 15.764126 15.325495 14.934504 14.583069 14.263091 13.966469 13.685105 13.410888 13.135677 12.851276 12.549416 12.221750 11.859873 11.455375 10.999943 10.485529 9.904594 9.250437 8.517630 7.702523 6.803824 5.823184 4.765708 3.640290 2.459647 1.239946 0.000000 
50.000000 47.785704 45.585467 43.413077 41.281794 39.204101 37.191490 35.254264 33.401388 31.640369 29.977179 28.416222 26.960335 25.610829 24.367557 23.229019 22.192478 21.254100 20.409093 19.651859 18.976140 18.375148 17.841695 17.368297 16.947262 16.570759 16.230864 15.919583 15.628859 15.350559 15.076447 14.798147 14.507101 14.194533 13.851419 13.468487 13.036252 12.545109 11.985497 11.348167 10.624569 9.807376 8.891153 7.873150 6.754159 5.539338 4.238831 2.867998 1.447051 0.000000 
50.000000 47.905821 45.824936 43.770388 41.754713 39.789718 37.886270 36.054110 34.301715 32.636181 31.063154 29.586790 28.209768 26.933314 25.757281 24.680232 23.699557 22.811603 22.011803 21.294819 20.654674 20.084878 19.578541 19.128471 18.727249 18.367287 18.040866 17.740143 17.457149 17.183760 16.911648 16.632235 16.336617 16.015509 15.659179 15.257423 14.799558 14.274489 13.670851 12.977285 12.182852 11.277662 10.253709 9.105940 7.833495 6.440992 4.939641 3.347850 1.690981 0.000000 
50.000000 48.036327 46.085120 44.158606 42.268541 40.425995 38.641155 36.923154 35.279938 33.718159 32.243105 30.858670 29.567356 28.370308 27.267372 26.257186 25.337285 24.504215 23.753661 23.080576 22.479301 21.943679 21.467164 21.042898 20.663785 20.322531 20.011675 19.723581 19.450426 19.184147 18.916388 18.638416 18.341029 18.014460 17.648279 17.231310 16.751585 16.196341 15.552126 14.805024 13.941085 12.947009 11.811164 10.524973 9.084658 7.493225 5.762376 3.913859 1.979592 0.000000 
50.000000 48.176975 46.365522 44.576991 42.822298 41.111716 39.454702 37.859736 36.334189 34.884236 33.514781 32.229435 31.030516 29.919075 28.894961 27.956895 27.102568 26.328751 25.631408 25.005811 24.446657 23.948166 23.504175 23.108214 22.753559 22.433270 22.140203 21.866996 21.606039 21.349413 21.088805 20.815411 20.519808 20.191820 19.820370 19.393336 18.897425 18.318091 17.639535 16.844849 15.916374 14.836392 13.588263 12.158155 10.537419 8.725565 6.733482 4.586175 2.323835 0.000000 
50.000000 48.327396 46.665408 45.024451 43.414536 41.845092 40.324791 38.861412 37.461719 36.131372 34.874868 33.695516 32.595437 31.575587 30.635819 29.774945 28.990831 28.280493 27.640199 27.065577 26.551714 26.093247 25.684446 25.319278 24.991451 24.694436 24.421479 24.165567 23.919389 23.675258 23.425012 23.159886 22.870355 22.545957 22.175084 21.744766 21.240443 20.645759 19.942412 19.110125 18.126838 16.969268 15.614061 14.039765 12.229912 10.177324 7.889386 5.393324 2.739501 0.000000 
50.000000 48.487099 46.983801 45.499524 44.043324 42.623727 41.248579 39.924914 38.658847 37.455496 36.318927 35.252129 34.257014 33.334442 32.484270 31.705415 30.995930 30.353097 29.773516 29.253203 28.787671 28.372018 28.000995 27.669058 27.370403 27.098985 26.848511 26.612403 26.383746 26.155198 25.918873 25.666189 25.387685 25.072793 24.709572 24.284402 23.781639 23.183246 22.468429 21.613341 20.590949 19.371270 17.922257 16.211780 14.211277 11.901630 9.281481 6.377029 3.250268 0.000000 
50.000000 48.655466 47.319466 46.000370 44.706224 43.444607 42.222489 41.046120 39.920935 38.851480 37.841365 36.893245 36.008813 35.188830 34.433162 33.740834 33.110107 32.538549 32.023118 31.560245 31.145910 30.775714 30.444932 30.148563 29.881358 29.637820 29.412197 29.198441 28.990138 28.780419 28.561822 28.326128 28.064148 27.765453 27.418054 27.008002 26.518916 25.931423 25.222521 24.364908 23.326347 22.069268 20.550959 18.724981 16.544816 13.971135 10.984060 7.600578 3.893331 0.000000 
50.000000 48.831752 47.670918 46.524771 45.400303 44.304097 43.242208 42.220068 41.242397 40.313143 39.435442 38.611598 37.843079 37.130542 36.473864 35.872192 35.324004 34.827175 34.379046 33.976495 33.616000 33.293704 33.005456 32.746852 32.513252 32.299780 32.101309 31.912413 31.727299 31.539704 31.342761 31.128818 30.889207 30.613949 30.291381 29.907680 29.446266 28.887046 28.205476 27.371421 26.347836 25.089374 23.541255 21.639095 19.311181 16.485726 13.106968 9.163907 4.730509 0.000000 
50.000000 49.015088 48.036427 47.070148 46.122144 45.197966 44.302719 43.440979 42.616728 41.833291 41.093312 40.398730 39.750782 39.150018 38.596329 38.088992 37.626716 37.207700 36.829691 36.490039 36.185757 35.913563 35.669926 35.451086 35.253071 35.071697 34.902538 34.740889 34.581692 34.419437 34.248031 34.060609 33.849309 33.604959 33.316678 32.971350 32.552936 32.041544 31.412215 30.633298 29.664323 28.453310 26.933577 25.020551 22.610071 19.581830 15.815467 11.231830 5.871945 0.000000 
50.000000 49.204494 48.414037 47.633580 46.867884 46.121431 45.398344 44.702320 44.036572 43.403787 42.806099 42.245073 41.721707 41.236441 40.789187 40.379355 40.005899 39.667357 39.361900 39.087378 38.841364 38.621189 38.423975 38.246654 38.085979 37.938514 37.800614 37.668385 37.537619 37.403701 37.261484 37.105126 36.927864 36.721718 36.477103 36.182287 35.822674 35.379789 34.829869 34.141863 33.274572 32.172572 30.760482 28.935243 26.556825 23.440331 19.359560 14.088271 7.531591 0.000000 
50.000000 49.398888 48.801591 48.211849 47.633262 47.069214 46.522822 45.996879 45.493813 45.015653 44.564012 44.140070 43.744581 43.377878 43.039890 42.730171 42.447926 42.192047 41.961148 41.753596 41.567549 41.400979 41.251696 41.117363 40.995501 40.883479 40.778501 40.677565 40.577413 40.474455 40.364660 40.243423 40.105365 39.944085 39.751810 39.518910 39.233226 38.879102 38.435966 37.876219 37.162008 36.240204 35.034449 33.432506 31.266384 28.283050 24.109219 18.240182 10.171202 0.000000 
50.000000 49.597101 49.196758 48.801481 48.413678 48.035621 47.669398 47.316880 46.979695 46.659202 46.356483 46.072329 45.807243 45.561448 45.334896 45.127288 44.938088 44.766552 44.611748 44.472580 44.347807 44.236065 44.135880 44.045674 43.963773 43.888399 43.817654 43.749498 43.681708 43.611824 43.537075 43.454274 43.359680 43.248809 43.116173 42.954908 42.756256 42.508783 42.197217 41.800635 41.289555 40.621090 39.730569 38.516449 36.812088 34.331532 30.565609 24.599751 14.916903 0.000000 
50.000000 49.797898 49.597079 49.398801 49.204272 49.014631 48.830927 48.654097 48.484958 48.324193 48.172342 48.029803 47.896829 47.773531 47.659885 47.555739 47.460826 47.374771 47.297105 47.227279 47.164668 47.108587 47.058293 47.012993 46.971842 46.933944 46.898339 46.863996 46.829787 46.794463 46.756610 46.714598 46.666509 46.610031 46.542322 46.459808 46.357893 46.230531 46.069557 45.863633 45.596487 45.243858 44.767855 44.105856 43.146799 41.675712 39.229730 34.681531 24.899279 0.000000 
50.000000 50.000000 50.000000 50.000000 50.000000 50.000000 50.000000 50.000000 50.000000 50.000000 50.000000 50.000000 50.000000 50.000000 50.000000 50.000000 50.000000 50.000000 50.000000 50.000000 50.000000 50.000000 50.000000 50.000000 50.000000 50.000000 50.000000 50.000000 50.000000 50.000000 50.000000 50.000000 50.000000 50.000000 50.000000 50.000000 50.000000 50.000000 50.000000 50.000000 50.000000 50.000000 50.000000 50.000000 50.000000 50.000000 50.000000 50.000000 50.000000 50.000000 
