50.000000 50.000000 50.000000 50.000000 50.000000 50.000000 50.000000 50.000000 50.000000 50.000000 50.000000 50.000000 50.000000 50.000000 50.000000 50.000000 50.000000 50.000000 50.000000 50.000000 50.000000 50.000000 50.000000 50.000000 50.000000 50.000000 50.000000 50.000000 50.000000 50.000000 50.000000 50.000000 50.000000 50.000000 50.000000 50.000000 50.000000 50.000000 50.000000 50.000000 50.000000 50.000000 50.000000 50.000000 50.000000 50.000000 50.000000 50.000000 50.000000 50.000000 
50.000000 49.786605 49.574639 49.365505 49.160546 48.961025 48.768094 48.582784 48.405980 48.238414 48.080655 47.933109 47.796016 47.669460 47.553374 47.447551 47.351660 47.265256 47.187797 47.118659 47.057149 47.002513 46.953950 46.910613 46.871614 46.836020 46.802847 46.771044 46.739475 46.706887 46.671870 46.632804 46.587782 46.534506 46.470150 46.391156 46.292943 46.169476 46.012601 45.810984 45.548355 45.200450 44.729371 44.072482 43.118705 41.653048 39.212619 34.670070 24.893531 0.000000 
50.000000 49.574656 49.152162 48.735312 48.326784 47.929093 47.544541 47.175178 46.822769 46.488774 46.174327 45.880237 45.606984 45.354736 45.123357 44.912438 44.721318 44.549111 44.394741 44.256965 44.134401 44.025554 43.928828 43.842541 43.764933 43.694152 43.628251 43.565152 43.502614 43.438173 43.369063 43.292115 43.203612 43.099098 42.973117 42.818837 42.627527 42.387779 42.084339 41.696296 41.194170 40.535068 39.654306 38.450313 36.756418 34.286621 30.531702 24.577039 14.905514 0.000000 
50.000000 49.365572 48.735397 48.113638 47.504294 46.911113 46.337531 45.786604 45.260967 44.762795 44.293782 43.855135 43.447570 43.071338 42.726238 42.411662 42.126624 41.869808 41.639610 41.434182 41.251469 41.089247 40.945147 40.816677 40.701224 40.596055 40.498295 40.404889 40.312550 40.217679 40.116259 40.003706 39.874678 39.722819 39.540400 39.317838 39.043019 38.700320 38.269198 37.722073 37.021096 36.113129 34.921794 33.334813 31.184152 28.216711 24.059136 18.206633 10.154379 0.000000 
50.000000 49.160719 48.327062 47.504541 46.698443 45.913728 45.154940 44.426124 43.730765 43.071742 42.451296 41.871022 41.331873 40.834179 40.377678 39.961568 39.584547 39.244881 38.940452 38.668825 38.427293 38.212927 38.022612 37.853076 37.700896 37.562498 37.434134 37.311841 37.191371 37.068098 36.936891 36.791939 36.626525 36.432729 36.201023 35.919739 35.574337 35.146389 34.612172 33.940656 33.090649 32.006718 30.613452 28.807747 26.449508 23.353757 19.294201 14.044491 7.509638 0.000000 
50.000000 48.961379 47.929720 46.911841 45.914285 44.943194 44.004187 43.102273 42.241764 41.426224 40.658427 39.940350 39.273171 38.657302 38.092424 37.577545 37.111063 36.690836 36.314256 35.978321 35.679696 35.414780 35.179748 34.970586 34.783108 34.612957 34.455581 34.306187 34.159669 34.010506 33.852617 33.679180 33.482390 33.253144 32.980637 32.651830 32.250749 31.757567 31.147370 30.388535 29.440602 28.251580 26.754752 24.865490 22.479556 19.476545 15.735984 11.178590 5.845248 0.000000 
50.000000 48.768738 47.545728 46.339055 45.156477 44.005271 42.892104 41.822910 40.802805 39.836012 38.925824 38.074583 37.283692 36.553640 35.884055 35.273765 34.720880 34.222871 33.776659 33.378702 33.025072 32.711529 32.433577 32.186511 31.965435 31.765273 31.580744 31.406319 31.236148 31.063953 30.882884 30.685336 30.462710 30.205107 29.900954 29.536516 29.095297 28.557274 27.897959 27.087252 26.088119 24.855204 23.333686 21.459120 19.159702 16.363534 13.014723 9.102119 4.699527 0.000000 
50.000000 48.583858 47.177208 45.789348 44.429201 43.105140 41.824830 40.595099 39.421831 38.309886 37.263052 36.284027 35.374425 34.534814 33.764772 33.062960 32.427212 31.854633 31.341701 30.884363 30.478131 30.118168 29.799353 29.516340 29.263585 29.035360 28.825738 28.628550 28.437319 28.245155 28.044616 27.827538 27.584805 27.306086 26.979490 26.591171 26.124843 25.561214 24.877347 24.045981 23.034896 21.806509 20.318067 18.523061 16.374875 13.834055 10.880580 7.531266 3.858576 0.000000 
50.000000 48.407669 46.826011 45.265482 43.736115 42.247325 40.807731 39.425014 38.105788 36.855521 35.678475 34.577685 33.554971 32.610978 31.745236 30.956250 30.241598 29.598041 29.021638 28.507861 28.051700 27.647763 27.290353 26.973538 26.691188 26.436995 26.204467 25.986896 25.777290 25.568284 25.352014 25.119957 24.862738 24.569892 24.229590 23.828327 23.350565 22.778359 22.090988 21.264653 20.272341 19.084058 17.667714 15.991104 14.025561 11.751834 9.168404 6.301291 3.212292 0.000000 
50.000000 48.240957 46.493704 44.769794 43.080310 41.435652 39.845345 38.317872 36.860545 35.479403 34.179158 32.963167 31.833445 30.790710 29.834452 28.963031 28.173785 27.463155 26.826813 26.259789 25.756591 25.311316 24.917743 24.569409 24.259660 23.981681 23.728497 23.492949 23.267642 23.044862 22.816472 22.573767 22.307318 22.006774 21.660653 21.256108 20.778696 20.212164 19.538291 18.736854 17.785817 16.661890 15.341673 13.803638 12.031207 10.017059 7.768411 5.312299 2.698874 0.000000 
50.000000 48.084359 46.181558 44.304178 42.464291 40.673224 38.941349 37.277907 35.690861 34.186792 32.770832 31.446643 30.216425 29.080965 28.039720 27.090914 26.231666 25.458121 24.765595 24.148711 23.601535 23.117701 22.690512 22.313032 21.978144 21.678594 21.406999 21.155838 20.917407 20.683758 20.446602 20.197202 19.926235 19.623647 19.278492 18.878786 18.411360 17.861782 17.214342 16.452192 15.557703 14.513149 13.301850 11.909894 10.328519 8.557087 6.606314 4.501004 2.281131 0.000000 
50.000000 47.938363 45.890546 43.870088 41.889982 39.962419 38.098563 36.308361 34.600384 32.981717 31.457889 30.032842 28.708950 27.487071 26.366629 25.345726 24.421281 23.589169 22.844378 22.181162 21.593187 21.073668 20.615482 20.211273 19.853521 19.534597 19.246781 18.982265 18.733124 18.491264 18.248353 17.995725 17.724287 17.424400 17.085776 16.697385 16.247391 15.723155 15.111320 14.398039 13.569395 12.612087 11.514442 10.267803 8.868280 7.318728 5.630671 3.825652 1.935367 0.000000 
50.000000 47.803314 45.621354 43.468547 41.358737 39.304914 37.318976 35.411521 33.591686 31.867022 30.243422 28.725093 27.314571 26.012778 24.819112 23.731566 22.746875 21.860671 21.067645 20.361717 19.736194 19.183913 18.697378 18.268861 17.890497 17.554338 17.252391 16.976628 16.718972 16.471261 16.225194 15.972262 15.703675 15.410280 15.082499 14.710278 14.283078 13.789933 13.219584 12.560743 11.802514 10.935007 9.950180 8.842903 7.612201 6.262545 4.804962 3.257655 1.645760 0.000000 
50.000000 47.679422 45.374400 43.100177 40.871378 38.701727 36.603794 34.588776 32.666328 30.844428 29.129308 27.525417 26.035439 24.660359 23.399550 22.250910 21.211010 20.275259 19.438086 18.693111 18.033317 17.451213 16.938967 16.488535 16.091751 15.740405 15.426284 15.141197 14.876972 14.625436 14.378376 14.127491 13.864339 13.580283 13.266456 12.913747 12.512823 12.054213 11.528469 10.926422 10.239568 9.460587 8.584012 7.607017 6.530285 5.358824 4.102602 2.776769 1.401313 0.000000 
50.000000 47.566772 45.149856 42.765236 40.428246 38.153279 35.953516 33.840699 31.824953 29.914649 28.116323 26.434645 24.872438 23.430742 22.108914 20.904765 19.814719 18.833990 17.956770 17.176413 16.485621 15.876607 15.341252 14.871236 14.458141 14.093540 13.769046 13.476352 13.207237 12.953557 12.707224 12.460175 12.204330 11.931567 11.633702 11.302495 10.929694 10.507130 10.026874 9.481471 8.864276 8.169869 7.394574 6.537030 5.598779 4.584783 3.503759 2.368220 1.194110 0.000000 
50.000000 47.465345 44.947682 42.463662 40.029261 37.659471 35.368023 33.167153 31.067408 29.077512 27.204276 25.452572 23.825347 22.323692 20.946951 19.692858 18.557710 17.536547 16.623353 15.811249 15.092687 14.459627 13.903700 13.416350 12.988951 12.612894 12.279662 11.980865 11.708266 11.453781 11.209468 10.967509 10.720185 10.459863 10.178988 9.870104 9.525903 9.139320 8.703673 8.212875 7.661696 7.046106 6.363648 5.613859 4.798653 3.922643 2.993306 2.020929 1.018283 0.000000 
50.000000 47.375031 44.767660 42.195133 39.673994 37.219771 34.846687 32.567413 30.392877 28.332114 26.392184 24.578135 22.893028 21.338002 19.912388 18.613856 17.438589 16.381477 15.436323 14.596044 13.852876 13.198562 12.624518 12.121989 11.682174 11.296322 10.955812 10.652203 10.377266 10.122990 9.881590 9.645488 9.407308 9.159865 8.896169 8.609449 8.293205 7.941287 7.548027 7.108404 6.618262 6.074563 5.475673 4.821645 4.114478 3.358306 2.559463 1.726394 0.869367 0.000000 
50.000000 47.295652 44.609437 41.959119 39.361745 36.833314 34.388479 32.040298 29.800029 27.676984 25.678441 23.809605 22.073636 20.471716 19.003167 17.665602 16.455109 15.366447 14.393263 13.528299 12.763607 12.090742 11.500940 10.985281 10.534818 10.140687 9.794191 9.486858 9.210479 8.957130 8.719174 8.489265 8.260337 8.025607 7.778577 7.513064 7.223241 6.903712 6.549614 6.156751 5.721767 5.242331 4.717345 4.147137 3.533631 2.880446 2.192912 1.477961 0.743892 0.000000 
50.000000 47.226984 44.472561 41.754948 39.091626 36.499000 33.992097 31.584307 29.287176 27.110257 25.061013 23.144788 21.364828 19.722353 18.216678 16.845368 15.604430 14.488513 13.491130 12.604875 11.821644 11.132835 10.529534 10.002684 9.543221 9.142190 8.790838 8.480677 8.203531 7.951557 7.717263 7.493508 7.273505 7.050816 6.819368 6.573467 6.307843 6.017702 5.698815 5.347620 4.961347 4.538163 4.077311 3.579243 3.045723 2.479881 1.886187 1.270352 0.639123 0.000000 
50.000000 47.168773 44.356529 41.581870 38.862642 36.215598 33.656079 31.197758 28.852427 26.629839 24.537620 22.581228 20.763983 19.087138 17.550002 16.150104 14.883380 13.744386 12.726526 11.822271 11.023387 10.321142 9.706500 9.170291 8.703357 8.296675 7.941450 7.629190 7.351751 7.101370 6.870683 6.652732 6.440965 6.229241 6.011835 5.783459 5.539287 5.275005 4.986874 4.671808 4.327467 3.952360 3.545940 3.108694 2.642199 2.149141 1.633280 1.099348 0.552883 0.000000 
50.000000 47.120759 44.260823 41.439110 38.673771 35.981840 33.378923 30.878925 28.493837 26.233583 24.105919 22.116400 20.268407 18.563219 17.000143 15.576676 14.288698 13.130692 12.095969 11.176903 10.365153 9.651884 9.027960 8.484123 8.011143 7.599941 7.241697 6.927916 6.650488 6.401722 6.174365 5.961609 5.757101 5.554940 5.349687 5.136373 4.910524 4.668198 4.406026 4.121275 3.811915 3.476685 3.115165 2.727826 2.316059 1.882175 1.429360 0.961579 0.483438 0.000000 
50.000000 47.082693 44.184947 41.325930 38.524033 35.796518 33.159195 30.626155 28.209551 25.919436 23.763673 21.747893 19.875526 18.147873 16.564238 15.122094 13.817277 12.644212 11.596139 10.665353 9.843434 9.121464 8.490231 7.940408 7.462710 7.048020 6.687496 6.372648 6.095397 5.848109 5.623620 5.415248 5.216794 5.022549 4.827293 4.626304 4.415376 4.190844 3.949613 3.689206 3.407807 3.104311 2.778369 2.430412 2.061670 1.674151 1.270594 0.854383 0.429426 0.000000 
50.000000 47.054356 44.128463 41.241676 38.412565 35.658559 32.995623 30.437987 27.997920 25.685578 23.508898 21.473571 19.583060 17.838686 16.239751 14.783707 13.466362 12.282094 11.224094 10.284599 9.455127 8.726702 8.090057 7.535815 7.054650 6.637419 6.275265 5.959705 5.682682 5.436609 5.214389 5.009434 4.815660 4.627499 4.439891 4.248295 4.048696 3.837627 3.612184 3.370067 3.109605 2.829792 2.530313 2.211562 1.874638 1.521321 1.154024 0.775714 0.389798 0.000000 
50.000000 47.035569 44.091016 41.185818 38.338664 35.567096 32.887180 30.313237 27.857616 25.530537 23.339991 21.291705 19.389167 17.633709 16.024631 14.559376 13.233727 12.042037 10.977460 10.032197 9.197728 8.465035 7.824816 7.267661 6.784219 6.365329 6.002129 5.686135 5.409310 5.164097 4.943445 4.740827 4.550238 4.366199 4.183759 3.998491 3.806507 3.604462 3.389578 3.159663 2.913135 2.649046 2.367100 2.067657 1.751726 1.420937 1.077490 0.724079 0.363794 0.000000 
50.000000 47.026208 44.072356 41.157984 38.301841 35.521521 32.833145 30.251076 27.787705 25.453283 23.255827 21.201084 19.292554 17.531573 15.917442 14.447597 13.117812 11.922424 10.854572 9.906438 9.069480 8.334664 7.692668 7.134067 6.649498 6.229790 5.866076 5.549879 5.273166 5.028398 4.808547 4.607115 4.418137 4.236179 4.056342 3.874258 3.686098 3.488579 3.278983 3.055170 2.815600 2.559353 2.286139 1.996300 1.690800 1.371193 1.039574 0.698503 0.350915 0.000000 
50.000000 47.026208 44.072356 41.157984 38.301841 35.521521 32.833145 30.251076 27.787705 25.453283 23.255827 21.201084 19.292554 17.531573 15.917442 14.447597 13.117812 11.922424 10.854572 9.906438 9.069480 8.334664 7.692668 7.134067 6.649498 6.229790 5.866076 5.549879 5.273166 5.028398 4.808547 4.607115 4.418137 4.236179 4.056342 3.874258 3.686098 3.488579 3.278983 3.055170 2.815600 2.559353 2.286139 1.996300 1.690800 1.371193 1.039574 0.698503 0.350915 0.000000 
50.000000 47.035569 44.091016 41.185818 38.338664 35.567096 32.887180 30.313237 27.857616 25.530537 23.339991 21.291705 19.389167 17.633709 16.024631 14.559376 13.233727 12.042037 10.977460 10.032197 9.197728 8.465035 7.824816 7.267661 6.784219 6.365329 6.002129 5.686135 5.409310 5.164097 4.943445 4.740827 4.550238 4.366199 4.183759 3.998491 3.806507 3.604462 3.389578 3.159663 2.913135 2.649046 2.367100 2.067657 1.751726 1.420937 1.077490 0.724079 0.363794 0.000000 
50.000000 47.054356 44.128463 41.241676 38.412565 35.658559 32.995623 30.437987 27.997920 25.685578 23.508898 21.473571 19.583060 17.838686 16.239751 14.783707 13.466362 12.282094 11.224094 10.284599 9.455127 8.726702 8.090057 7.535815 7.054650 6.637419 6.275265 5.959705 5.682682 5.436609 5.214389 5.009434 4.815660 4.627499 4.439891 4.248295 4.048696 3.837627 3.612184 3.370067 3.109605 2.829792 2.530313 2.211562 1.874638 1.521321 1.154024 0.775714 0.389798 0.000000 
50.000000 47.082693 44.184947 41.325930 38.524033 35.796518 33.159195 30.626155 28.209551 25.919436 23.763673 21.747893 19.875526 18.147873 16.564238 15.122094 13.817277 12.644212 11.596139 10.665353 9.843434 9.121464 8.490231 7.940408 7.462710 7.048020 6.687496 6.372648 6.095397 5.848109 5.623620 5.415248 5.216794 5.022549 4.827293 4.626304 4.415376 4.190844 3.949613 3.689206 3.407807 3.104311 2.778369 2.430412 2.061670 1.674151 1.270594 0.854383 0.429426 0.000000 
50.000000 47.120759 44.260823 41.439110 38.673771 35.981840 33.378923 30.878925 28.493837 26.233583 24.105919 22.116400 20.268407 18.563219 17.000143 15.576676 14.288698 13.130692 12.095969 11.176903 10.365153 9.651884 9.027960 8.484123 8.011143 7.599941 7.241697 6.927916 6.650488 6.401722 6.174365 5.961609 5.757101 5.554940 5.349687 5.136373 4.910524 4.668198 4.406026 4.121275 3.811915 3.476685 3.115165 2.727826 2.316059 1.882175 1.429360 0.961579 0.483438 0.000000 
50.000000 47.168773 44.356529 41.581870 38.862642 36.215598 33.656079 31.197758 28.852427 26.629839 24.537620 22.581228 20.763983 19.087138 17.550002 16.150104 14.883380 13.744386 12.726526 11.822271 11.023387 10.321142 9.706500 9.170291 8.703357 8.296675 7.941450 7.629190 7.351751 7.101370 6.870683 6.652732 6.440965 6.229241 6.011835 5.783459 5.539287 5.275005 4.986874 4.671808 4.327467 3.952360 3.545940 3.108694 2.642199 2.149141 1.633280 1.099348 0.552883 0.000000 
50.000000 47.226984 44.472561 41.754948 39.091626 36.499000 33.992097 31.584307 29.287176 27.110257 25.061013 23.144788 21.364828 19.722353 18.216678 16.845368 15.604430 14.488513 13.491130 12.604875 11.821644 11.132835 10.529534 10.002684 9.543221 9.142190 8.790838 8.480677 8.203531 7.951557 7.717263 7.493508 7.273505 7.050816 6.819368 6.573467 6.307843 6.017702 5.698815 5.347620 4.961347 4.538163 4.077311 3.579243 3.045723 2.479881 1.886187 1.270352 0.639123 0.000000 
50.000000 47.295652 44.609437 41.959119 39.361745 36.833314 34.388479 32.040298 29.800029 27.676984 25.678441 23.809605 22.073636 20.471716 19.003167 17.665602 16.455109 15.366447 14.393263 13.528299 12.763607 12.090742 11.500940 10.985281 10.534818 10.140687 9.794191 9.486858 9.210479 8.957130 8.719174 8.489265 8.260337 8.025607 7.778577 7.513064 7.223241 6.903712 6.549614 6.156751 5.721767 5.242331 4.717345 4.147137 3.533631 2.880446 2.192912 1.477961 0.743892 0.000000 
50.000000 47.375031 44.767660 42.195133 39.673994 37.219771 34.846687 32.567413 30.392877 28.332114 26.392184 24.578135 22.893028 21.338002 19.912388 18.613856 17.438589 16.381477 15.436323 14.596044 13.852876 13.198562 12.624518 12.121989 11.682174 11.296322 10.955812 10.652203 10.377266 10.122990 9.881590 9.645488 9.407308 9.159865 8.896169 8.609449 8.293205 7.941287 7.548027 7.108404 6.618262 6.074563 5.475673 4.821645 4.114478 3.358306 2.559463 1.726394 0.869367 0.000000 
50.000000 47.465345 44.947682 42.463662 40.029261 37.659471 35.368023 33.167153 31.067408 29.077512 27.204276 25.452572 23.825347 22.323692 20.946951 19.692858 18.557710 17.536547 16.623353 15.811249 15.092687 14.459627 13.903700 13.416350 12.988951 12.612894 12.279662 11.980865 11.708266 11.453781 11.209468 10.967509 10.720185 10.459863 10.178988 9.870104 9.525903 9.139320 8.703673 8.212875 7.661696 7.046106 6.363648 5.613859 4.798653 3.922643 2.993306 2.020929 1.018283 0.000000 
50.000000 47.566772 45.149856 42.765236 40.428246 38.153279 35.953516 33.840699 31.824953 29.914649 28.116323 26.434645 24.872438 23.430742 22.108914 20.904765 19.814719 18.833990 17.956770 17.176413 16.485621 15.876607 15.341252 14.871236 14.458141 14.093540 13.769046 13.476352 13.207237 12.953557 12.707224 12.460175 12.204330 11.931567 11.633702 11.302495 10.929694 10.507130 10.026874 9.481471 8.864276 8.169869 7.394574 6.537030 5.598779 4.584783 3.503759 2.368220 1.194110 0.000000 
50.000000 47.679422 45.374400 43.100177 40.871378 38.701727 36.603794 34.588776 32.666328 30.844428 29.129308 27.525417 26.035439 24.660359 23.399550 22.250910 21.211010 20.275259 19.438086 18.693111 18.033317 17.451213 16.938967 16.488535 16.091751 15.740405 15.426284 15.141197 14.876972 14.625436 14.378376 14.127491 13.864339 13.580283 13.266456 12.913747 12.512823 12.054213 11.528469 10.926422 10.239568 9.460587 8.584012 7.607017 6.530285 5.358824 4.102602 2.776769 1.401313 0.000000 
50.000000 47.803314 45.621354 43.468547 41.358737 39.304914 37.318976 35.411521 33.591686 31.867022 30.243422 28.725093 27.314571 26.012778 24.819112 23.731566 22.746875 21.860671 21.067645 20.361717 19.736194 19.183913 18.697378 18.268861 17.890497 17.554338 17.252391 16.976628 16.718972 16.471261 16.225194 15.972262 15.703675 15.410280 15.082499 14.710278 14.283078 13.789933 13.219584 12.560743 11.802514 10.935007 9.950180 8.842903 7.612201 6.262545 4.804962 3.257655 1.645760 0.000000 
50.000000 47.938363 45.890546 43.870088 41.889982 39.962419 38.098563 36.308361 34.600384 32.981717 31.457889 30.032842 28.708950 27.487071 26.366629 25.345726 24.421281 23.589169 22.844378 22.181162 21.593187 21.073668 20.615482 20.211273 19.853521 19.534597 19.246781 18.982265 18.733124 18.491264 18.248353 17.995725 17.724287 17.424400 17.085776 16.697385 16.247391 15.723155 15.111320 14.398039 13.569395 12.612087 11.514442 10.267803 8.868280 7.318728 5.630671 3.825652 1.935367 0.000000 
50.000000 48.084359 46.181558 44.304178 42.464291 40.673224 38.941349 37.277907 35.690861 34.186792 32.770832 31.446643 30.216425 29.080965 28.039720 27.090914 26.231666 25.458121 24.765595 24.148711 23.601535 23.117701 22.690512 22.313032 21.978144 21.678594 21.406999 21.155838 20.917407 20.683758 20.446602 20.197202 19.926235 19.623647 19.278492 18.878786 18.411360 17.861782 17.214342 16.452192 15.557703 14.513149 13.301850 11.909894 10.328519 8.557087 6.606314 4.501004 2.281131 0.000000 
50.000000 48.240957 46.493704 44.769794 43.080310 41.435652 39.845345 38.317872 36.860545 35.479403 34.179158 32.963167 31.833445 30.790710 29.834452 28.963031 28.173785 27.463155 26.826813 26.259789 25.756591 25.311316 24.917743 24.569409 24.259660 23.981681 23.728497 23.492949 23.267642 23.044862 22.816472 22.573767 22.307318 22.006774 21.660653 21.256108 20.778696 20.212164 19.538291 18.736854 17.785817 16.661890 15.341673 13.803638 12.031207 10.017059 7.768411 5.312299 2.698874 0.000000 
50.000000 48.407669 46.826011 45.265482 43.736115 42.247325 40.807731 39.425014 38.105788 36.855521 35.678475 34.577685 33.554971 32.610978 31.745236 30.956250 30.241598 29.598041 29.021638 28.507861 28.051700 27.647763 27.290353 26.973538 26.691188 26.436995 26.204467 25.986896 25.777290 25.568284 25.352014 25.119957 24.862738 24.569892 24.229590 23.828327 23.350565 22.778359 22.090988 21.264653 20.272341 19.084058 17.667714 15.991104 14.025561 11.751834 9.168404 6.301291 3.212292 0.000000 
50.000000 48.583858 47.177208 45.789348 44.429201 43.105140 41.824830 40.595099 39.421831 38.309886 37.263052 36.284027 35.374425 34.534814 33.764772 33.062960 32.427212 31.854633 31.341701 30.884363 30.478131 30.118168 29.799353 29.516340 29.263585 29.035360 28.825738 28.628550 28.437319 28.245155 28.044616 27.827538 27.584805 27.306086 26.979490 26.591171 26.124843 25.561214 24.877347 24.045981 23.034896 21.806509 20.318067 18.523061 16.374875 13.834055 10.880580 7.531266 3.858576 0.000000 
50.000000 48.768738 47.545728 46.339055 45.156477 44.005271 42.892104 41.822910 40.802805 39.836012 38.925824 38.074583 37.283692 36.553640 35.884055 35.273765 34.720880 34.222871 33.776659 33.378702 33.025072 32.711529 32.433577 32.186511 31.965435 31.765273 31.580744 31.406319 31.236148 31.063953 30.882884 30.685336 30.462710 30.205107 29.900954 29.536516 29.095297 28.557274 27.897959 27.087252 26.088119 24.855204 23.333686 21.459120 19.159702 16.363534 13.014723 9.102119 4.699527 0.000000 
50.000000 48.961379 47.929720 46.911841 45.914285 44.943194 44.004187 43.102273 42.241764 41.426224 40.658427 39.940350 39.273171 38.657302 38.092424 37.577545 37.111063 36.690836 36.314256 35.978321 35.679696 35.414780 35.179748 34.970586 34.783108 34.612957 34.455581 34.306187 34.159669 34.010506 33.852617 33.679180 33.482390 33.253144 32.980637 32.651830 32.250749 31.757567 31.147370 30.388535 29.440602 28.251580 26.754752 24.865490 22.479556 19.476545 15.735984 11.178590 5.845248 0.000000 
50.000000 49.160719 48.327062 47.504541 46.698443 45.913728 45.154940 44.426124 43.730765 43.071742 42.451296 41.871022 41.331873 40.834179 40.377678 39.961568 39.584547 39.244881 38.940452 38.668825 38.427293 38.212927 38.022612 37.853076 37.700896 37.562498 37.434134 37.311841 37.191371 37.068098 36.936891 36.791939 36.626525 36.432729 36.201023 35.919739 35.574337 35.146389 34.612172 33.940656 33.090649 32.006718 30.613452 28.807747 26.449508 23.353757 19.294201 14.044491 7.509638 0.000000 
50.000000 49.365572 48.735397 48.113638 47.504294 46.911113 46.337531 45.786604 45.260967 44.762795 44.293782 43.855135 43.447570 43.071338 42.726238 42.411662 42.126624 41.869808 41.639610 41.434182 41.251469 41.089247 40.945147 40.816677 40.701224 40.596055 40.498295 40.404889 40.312550 40.217679 40.116259 40.003706 39.874678 39.722819 39.540400 39.317838 39.043019 38.700320 38.269198 37.722073 37.021096 36.113129 34.921794 33.334813 31.184152 28.216711 24.059136 18.206633 10.154379 0.000000 
50.000000 49.574656 49.152162 48.735312 48.326784 47.929093 47.544541 47.175178 46.822769 46.488774 46.174327 45.880237 45.606984 45.354736 45.123357 44.912438 44.721318 44.549111 44.394741 44.256965 44.134401 44.025554 43.928828 43.842541 43.764933 43.694152 43.628251 43.565152 43.502614 43.438173 43.369063 43.292115 43.203612 43.099098 42.973117 42.818837 42.627527 42.387779 42.084339 41.696296 41.194170 40.535068 39.654306 38.450313 36.756418 34.286621 30.531702 24.577039 14.905514 0.000000 
50.000000 49.786605 49.574639 49.365505 49.160546 48.961025 48.768094 48.582784 48.405980 48.238414 48.080655 47.933109 47.796016 47.669460 47.553374 47.447551 47.351660 47.265256 47.187797 47.118659 47.057149 47.002513 46.953950 46.910613 46.871614 46.836020 46.802847 46.771044 46.739475 46.706887 46.671870 46.632804 46.587782 46.534506 46.470150 46.391156 46.292943 46.169476 46.012601 45.810984 45.548355 45.200450 44.729371 44.072482 43.118705 41.653048 39.212619 34.670070 24.893531 0.000000 
50.000000 50.000000 50.000000 50.000000 50.000000 50.000000 50.000000 50.000000 50.000000 50.000000 50.000000 50.000000 50.000000 50.000000 50.000000 50.000000 50.000000 50.000000 50.000000 50.000000 50.000000 50.000000 50.000000 50.000000 50.000000 50.000000 50.000000 50.000000 50.000000 50.000000 50.000000 50.000000 50.000000 50.000000 50.000000 50.000000 50.000000 50.000000 50.000000 50.000000 50.000000 50.000000 50.000000 50.000000 50.000000 50.000000 50.000000 50.000000 50.000000 50.000000 
