50.000000 50.000000 50.000000 50.000000 50.000000 50.000000 50.000000 50.000000 50.000000 50.000000 50.000000 50.000000 50.000000 50.000000 50.000000 50.000000 50.000000 50.000000 50.000000 50.000000 50.000000 50.000000 50.000000 50.000000 50.000000 50.000000 50.000000 50.000000 50.000000 50.000000 50.000000 50.000000 50.000000 50.000000 50.000000 50.000000 50.000000 50.000000 50.000000 50.000000 50.000000 50.000000 50.000000 50.000000 50.000000 50.000000 50.000000 50.000000 50.000000 50.000000 
50.000000 49.742063 49.486216 49.234497 48.988846 48.751058 48.522743 48.305298 48.099879 47.907386 47.728460 47.563481 47.412580 47.275655 47.152393 47.042295 46.944705 46.858841 46.783822 46.718695 46.662458 46.614085 46.572535 46.536764 46.505733 46.478397 46.453705 46.430575 46.407876 46.384388 46.358759 46.329444 46.294623 46.252092 46.199120 46.132237 46.046946 45.937279 45.795135 45.609214 45.363257 45.032990 44.580482 43.943040 43.009510 41.564800 39.145901 34.625334 24.871085 0.000000 
50.000000 49.486221 48.976605 48.475212 47.985906 47.512261 47.057487 46.624364 46.215194 45.831772 45.475374 45.146758 44.846184 44.573449 44.327929 44.108632 43.914252 43.743231 43.593815 43.464108 43.352117 43.255799 43.173084 43.101900 43.040180 42.985855 42.936839 42.890997 42.846096 42.799736 42.749268 42.691670 42.623400 42.540188 42.436764 42.306477 42.140756 41.928331 41.654052 41.297074 40.827943 40.203744 39.359729 38.194217 36.540380 34.112027 30.399705 24.488531 14.861106 0.000000 
50.000000 49.234520 48.475241 47.728215 46.999197 46.293513 45.615944 44.970633 44.361010 43.789751 43.258755 42.769152 42.321330 41.914987 41.549195 41.222475 40.932885 40.678104 40.455521 40.262314 40.095521 39.952102 39.828983 39.723088 39.631352 39.550714 39.478096 39.410354 39.344214 39.276174 39.202385 39.118486 39.019391 38.899019 38.749921 38.562779 38.325718 38.023321 37.635199 37.133869 36.481523 35.624993 34.487806 32.957524 30.865882 27.959499 23.864679 18.076247 10.088959 0.000000 
50.000000 48.988905 47.986002 46.999283 46.036350 45.104237 44.209263 43.356896 42.551670 41.797117 41.095747 40.449053 39.857549 39.320837 38.837691 38.406160 38.023681 37.687192 37.393249 37.138130 36.917931 36.728649 36.566238 36.426657 36.305883 36.199913 36.104730 36.016252 35.930244 35.842212 35.747242 35.639814 35.513549 35.360888 35.172669 34.937574 34.641376 34.265918 33.787679 33.175762 32.389026 31.372004 30.049164 28.317191 26.035699 23.019340 19.041378 13.874970 7.424583 0.000000 
50.000000 48.751182 47.512481 46.293770 45.104437 43.953172 42.847776 41.795007 40.800463 39.868507 39.002241 38.203507 37.472944 36.810059 36.213341 35.680384 35.208024 34.792487 34.429523 34.114547 33.842749 33.609201 33.408932 33.236978 33.088417 32.958359 32.841919 32.734157 32.629984 32.524034 32.410496 32.282902 32.133861 31.954711 31.735096 31.462405 31.121054 30.691542 30.149208 29.462594 28.591306 27.483314 26.071758 24.271759 21.978726 19.071810 15.430005 10.973429 5.742312 0.000000 
50.000000 48.522973 47.057912 45.616493 44.209822 42.848176 41.540781 40.295632 39.119348 38.017093 36.992533 36.047850 35.183800 34.399803 33.694073 33.063770 32.505156 32.013773 31.584607 31.212245 30.891019 30.615122 30.378706 30.175947 30.001077 29.848391 29.712214 29.586843 29.466443 29.344916 29.215728 29.071689 28.904680 28.705324 28.462571 28.163189 27.791136 27.326778 26.745923 26.018668 25.108062 23.968708 22.545625 20.774081 18.581870 15.896582 12.661715 8.865428 4.580771 0.000000 
50.000000 48.305690 46.625106 44.971643 43.358040 41.796085 40.296365 38.868047 37.518727 36.254328 35.079057 33.995419 33.004281 32.104981 31.295476 30.572509 29.931802 29.368249 28.876112 28.449197 28.081025 27.764967 27.494355 27.262561 27.063042 26.889352 26.735111 26.593946 26.459396 26.324772 26.182989 26.026350 25.846289 25.633059 25.375368 25.059939 24.671004 24.189712 23.593468 22.855238 21.942900 20.818835 19.440116 17.759921 15.731190 13.313903 10.487362 7.267618 3.726297 0.000000 
50.000000 48.100510 46.216410 44.362715 42.553706 40.802602 39.121270 37.519988 36.007273 34.589766 33.272183 32.057336 30.946198 29.938032 29.030549 28.220105 27.501912 26.870257 26.318721 25.840382 25.428004 25.074190 24.771516 24.512615 24.290242 24.097281 23.926735 23.771662 23.625085 23.479859 23.328511 23.163037 22.974664 22.753580 22.488615 22.166895 21.773459 21.290853 20.698738 19.973570 19.088455 18.013370 16.716040 15.163931 13.327898 11.188083 8.742238 6.015558 3.068933 0.000000 
50.000000 47.908364 45.833675 43.792467 41.800466 39.872228 38.020821 36.257563 34.591835 33.030947 31.580098 30.242383 29.018877 27.908772 26.909553 26.017214 25.226492 24.531109 23.924015 23.397612 22.943962 22.554964 22.222497 21.938528 21.695175 21.484735 21.299675 21.132576 20.976054 20.822631 20.664591 20.493791 20.301455 20.077941 19.812481 19.492917 19.105434 18.634313 18.061754 17.367822 16.530615 15.526823 14.332863 12.926864 11.291750 9.419561 7.316748 5.009476 2.546943 0.000000 
50.000000 47.729929 45.478250 43.262909 41.100974 39.008243 36.998897 35.085224 33.277402 31.583369 30.008767 28.556958 27.229111 26.024354 24.939963 23.971597 23.113557 22.359043 21.700423 21.129477 20.637626 20.216125 19.856223 19.549285 19.286864 19.060745 18.862937 18.685634 18.521138 18.361748 18.199623 18.026623 17.834125 17.612828 17.352554 17.042053 16.668832 16.219034 15.677405 15.027411 14.251581 13.332179 12.252347 10.997825 9.559343 7.935606 6.136539 4.186045 2.123113 0.000000 
50.000000 47.565634 45.150992 42.775318 40.456915 38.212727 36.057960 34.005792 32.067140 30.250516 28.561973 27.005117 25.581208 24.289312 23.126516 22.088175 21.168185 20.359274 19.653276 19.041406 18.514503 18.063240 17.678299 17.350509 17.070927 16.830895 16.622039 16.436243 16.265579 16.102211 15.938274 15.765733 15.576230 15.360920 15.110324 14.814192 14.461401 14.039925 13.536895 12.938804 12.231915 11.402932 10.440013 9.334158 8.080964 6.682625 5.149863 3.503306 1.773646 0.000000 
50.000000 47.415675 44.852288 42.330271 39.869054 37.486624 35.199126 33.020549 30.962484 29.033969 27.241430 25.588701 24.077119 22.705700 21.471358 20.369170 19.392669 18.534152 17.784972 17.135834 16.577052 16.098778 15.691192 15.344646 15.049768 14.797521 14.579215 14.386491 14.211261 14.045626 13.881772 13.711842 13.527812 13.321360 13.083751 12.805747 12.477555 12.088856 11.628908 11.086789 10.451802 9.714083 8.865432 7.900388 6.817471 5.620492 4.319680 2.932320 1.482542 0.000000 
50.000000 47.280031 44.582100 41.927711 39.337314 36.829839 34.422282 32.129366 29.963289 27.933567 26.046965 24.307520 22.716644 21.273306 19.974263 18.814345 17.786759 16.883413 16.095231 15.412461 14.824950 14.322387 13.894506 13.531248 13.222868 12.960008 12.733722 12.535465 12.357047 12.190560 12.028291 11.862609 11.685864 11.490276 11.267854 11.010328 10.709144 10.355504 9.940502 9.455362 8.891800 8.242539 7.501976 6.666967 5.737706 4.718555 3.618693 2.452366 1.238566 0.000000 
50.000000 47.158496 44.340015 41.567021 38.860880 36.241368 33.726239 31.330877 29.068024 26.947625 24.976747 23.159611 21.497695 19.989928 18.632929 17.421306 16.347976 15.404502 14.581427 13.868594 13.255437 12.731238 12.285344 11.907336 11.587153 11.315169 11.082232 10.879657 10.699195 10.532973 10.373407 10.213121 10.044845 9.861338 9.655310 9.419392 9.146133 8.828060 8.457810 8.028343 7.533256 6.967196 6.326367 5.609115 4.816512 3.952894 3.026211 2.048094 1.033513 0.000000 
50.000000 47.050704 44.125305 41.247120 38.438324 35.719444 33.108910 30.622687 28.274005 26.073185 24.027565 22.141528 20.416613 18.851712 17.443324 16.185861 15.071984 14.092954 13.238978 12.499543 11.863724 11.320447 10.858725 10.467831 10.137434 9.857689 9.619278 9.413417 9.231831 9.066703 8.910603 8.756410 8.597229 8.426324 8.237053 8.022849 7.777226 7.493833 7.166579 6.789807 6.358555 5.868878 5.318227 4.705866 4.033266 3.304443 2.526134 1.707773 0.861186 0.000000 
50.000000 46.956170 43.937003 40.966563 38.067738 35.261713 32.567508 30.001601 27.577647 25.306299 23.195132 21.248672 19.468512 17.853513 16.400067 15.102417 13.953002 12.942818 12.061781 11.299070 10.643446 10.083534 9.608056 9.206025 8.866886 8.580611 8.337754 8.129461 7.947455 7.783991 7.631796 7.483998 7.334055 7.175688 7.002837 6.809634 6.590414 6.339762 6.052614 5.724403 5.351257 4.930249 4.459676 3.939343 3.370839 2.757727 2.105640 1.422200 0.716770 0.000000 
50.000000 46.874321 43.773968 40.723653 37.746880 34.865403 32.098755 29.463856 26.974732 24.642321 22.474406 20.475635 18.647648 16.989279 15.496831 14.164400 12.984233 11.947100 11.042666 10.259846 9.587135 9.012898 8.525613 8.114075 7.767542 7.475840 7.229421 7.019385 6.837469 6.676006 6.527876 6.386440 6.245472 6.099105 5.941780 5.768228 5.573471 5.352858 5.102148 4.817615 4.496207 4.135725 3.735027 3.294224 2.814855 2.300005 1.754338 1.184004 0.596435 0.000000 
50.000000 46.804536 43.634963 40.516547 37.473314 34.527507 31.699093 29.005373 26.460685 24.076213 21.859916 19.816547 17.947786 16.252445 14.726752 13.364677 12.158305 11.098214 10.173858 9.373929 8.686697 8.100309 7.603040 7.183504 6.830806 6.534653 6.285423 6.074185 5.892696 5.733371 5.589230 5.453844 5.321267 5.185984 5.042866 4.887142 4.714397 4.520599 4.302150 4.055972 3.779621 3.471414 3.130573 2.757362 2.353193 1.920693 1.463704 0.987195 0.497088 0.000000 
50.000000 46.746180 43.518726 40.343362 37.244555 34.244954 31.364892 28.621986 26.030835 23.602831 21.346077 19.265417 17.362563 15.636311 14.082823 12.695967 11.467694 10.388421 9.447426 8.633217 7.933879 7.337378 6.831824 6.405681 6.047933 5.748193 5.496782 5.284749 5.103880 4.946663 4.806244 4.676375 4.551350 4.425951 4.295404 4.155346 4.001816 3.831269 3.640607 3.427243 3.189177 2.925089 2.634433 2.317534 1.975644 1.610984 1.226718 0.826876 0.416212 0.000000 
50.000000 46.698642 43.424035 40.202279 37.058201 34.014777 31.092641 28.309666 25.680666 23.217199 20.927489 18.816452 16.885828 15.134398 13.558271 12.151235 10.905128 9.810240 8.855705 8.029883 7.320709 6.716005 6.203746 5.772280 5.410493 5.107928 4.854860 4.642331 4.462152 4.306876 4.169759 4.044703 3.926201 3.809276 3.689440 3.562655 3.425318 3.274259 3.106761 2.920602 2.714102 2.486192 2.236472 1.965273 1.673689 1.363597 1.037618 0.699053 0.351760 0.000000 
50.000000 46.661360 43.349773 40.091634 36.912050 33.834259 30.879125 28.064726 25.406043 22.914765 20.599210 18.464350 16.511948 14.740773 13.146896 11.724036 10.463948 9.356821 8.391678 7.556762 6.839892 6.228777 5.711290 5.275689 4.910784 4.606066 4.351779 4.138960 3.959443 3.805837 3.671485 3.550411 3.437261 3.327251 3.216115 3.100063 2.975763 2.840326 2.691318 2.526779 2.345258 2.145853 1.928252 1.692769 1.440358 1.172618 0.891754 0.600515 0.302094 0.000000 
50.000000 46.633850 43.294977 40.009992 36.804211 33.701061 30.721580 27.883994 25.203409 22.691610 20.356985 18.204549 16.236079 14.450337 12.843363 11.408830 10.138430 9.022276 8.049311 7.207693 6.485155 5.869324 5.347998 4.909368 4.542193 4.235924 3.980784 3.767809 3.588852 3.436563 3.304353 3.186335 3.077272 2.972520 2.867973 2.760023 2.645532 2.521811 2.386624 2.238193 2.075221 1.896916 1.703016 1.493808 1.270139 1.033397 0.785485 0.528758 0.265936 0.000000 
50.000000 46.615732 43.258887 39.956222 36.733185 33.613334 30.617817 27.764960 25.069950 22.544636 20.197452 18.033439 16.054387 14.259050 12.643452 11.201233 9.924042 8.801945 7.823832 6.977803 6.251536 5.632606 5.108760 4.668147 4.299490 3.992218 3.736539 3.523488 3.344933 3.193554 3.062802 2.946854 2.840548 2.739331 2.639204 2.536675 2.428732 2.312815 2.186812 2.049061 1.898359 1.733979 1.555686 1.363746 1.158928 0.942484 0.716119 0.481934 0.242346 0.000000 
50.000000 46.606741 43.240977 39.929537 36.697937 33.569797 30.566323 27.705887 25.003718 22.471697 20.118280 17.948522 15.964218 14.164121 12.544243 11.098209 9.817648 8.692603 7.711936 6.863719 6.135604 5.515137 4.990043 4.548449 4.179062 3.871297 3.615357 3.402278 3.223933 3.073016 2.943003 2.828099 2.723180 2.623740 2.525829 2.426016 2.321349 2.209330 2.087909 1.955478 1.810880 1.653418 1.482870 1.299488 1.104001 0.897596 0.681878 0.458824 0.230705 0.000000 
50.000000 46.606741 43.240977 39.929537 36.697937 33.569797 30.566323 27.705887 25.003718 22.471697 20.118280 17.948522 15.964218 14.164121 12.544243 11.098209 9.817648 8.692603 7.711936 6.863719 6.135604 5.515137 4.990043 4.548449 4.179062 3.871297 3.615357 3.402278 3.223933 3.073016 2.943003 2.828099 2.723180 2.623740 2.525829 2.426016 2.321349 2.209330 2.087909 1.955478 1.810880 1.653418 1.482870 1.299488 1.104001 0.897596 0.681878 0.458824 0.230705 0.000000 
50.000000 46.615732 43.258887 39.956222 36.733185 33.613334 30.617817 27.764960 25.069950 22.544636 20.197452 18.033439 16.054387 14.259050 12.643452 11.201233 9.924042 8.801945 7.823832 6.977803 6.251536 5.632606 5.108760 4.668147 4.299490 3.992218 3.736539 3.523488 3.344933 3.193554 3.062802 2.946854 2.840548 2.739331 2.639204 2.536675 2.428732 2.312815 2.186812 2.049061 1.898359 1.733979 1.555686 1.363746 1.158928 0.942484 0.716119 0.481934 0.242346 0.000000 
50.000000 46.633850 43.294977 40.009992 36.804211 33.701061 30.721580 27.883994 25.203409 22.691610 20.356985 18.204549 16.236079 14.450337 12.843363 11.408830 10.138430 9.022276 8.049311 7.207693 6.485155 5.869324 5.347998 4.909368 4.542193 4.235924 3.980784 3.767809 3.588852 3.436563 3.304353 3.186335 3.077272 2.972520 2.867973 2.760023 2.645532 2.521811 2.386624 2.238193 2.075221 1.896916 1.703016 1.493808 1.270139 1.033397 0.785485 0.528758 0.265936 0.000000 
50.000000 46.661360 43.349773 40.091634 36.912050 33.834259 30.879125 28.064726 25.406043 22.914765 20.599210 18.464350 16.511948 14.740773 13.146896 11.724036 10.463948 9.356821 8.391678 7.556762 6.839892 6.228777 5.711290 5.275689 4.910784 4.606066 4.351779 4.138960 3.959443 3.805837 3.671485 3.550411 3.437261 3.327251 3.216115 3.100063 2.975763 2.840326 2.691318 2.526779 2.345258 2.145853 1.928252 1.692769 1.440358 1.172618 0.891754 0.600515 0.302094 0.000000 
50.000000 46.698642 43.424035 40.202279 37.058201 34.014777 31.092641 28.309666 25.680666 23.217199 20.927489 18.816452 16.885828 15.134398 13.558271 12.151235 10.905128 9.810240 8.855705 8.029883 7.320709 6.716005 6.203746 5.772280 5.410493 5.107928 4.854860 4.642331 4.462152 4.306876 4.169759 4.044703 3.926201 3.809276 3.689440 3.562655 3.425318 3.274259 3.106761 2.920602 2.714102 2.486192 2.236472 1.965273 1.673689 1.363597 1.037618 0.699053 0.351760 0.000000 
50.000000 46.746180 43.518726 40.343362 37.244555 34.244954 31.364892 28.621986 26.030835 23.602831 21.346077 19.265417 17.362563 15.636311 14.082823 12.695967 11.467694 10.388421 9.447426 8.633217 7.933879 7.337378 6.831824 6.405681 6.047933 5.748193 5.496782 5.284749 5.103880 4.946663 4.806244 4.676375 4.551350 4.425951 4.295404 4.155346 4.001816 3.831269 3.640607 3.427243 3.189177 2.925089 2.634433 2.317534 1.975644 1.610984 1.226718 0.826876 0.416212 0.000000 
50.000000 46.804536 43.634963 40.516547 37.473314 34.527507 31.699093 29.005373 26.460685 24.076213 21.859916 19.816547 17.947786 16.252445 14.726752 13.364677 12.158305 11.098214 10.173858 9.373929 8.686697 8.100309 7.603040 7.183504 6.830806 6.534653 6.285423 6.074185 5.892696 5.733371 5.589230 5.453844 5.321267 5.185984 5.042866 4.887142 4.714397 4.520599 4.302150 4.055972 3.779621 3.471414 3.130573 2.757362 2.353193 1.920693 1.463704 0.987195 0.497088 0.000000 
50.000000 46.874321 43.773968 40.723653 37.746880 34.865403 32.098755 29.463856 26.974732 24.642321 22.474406 20.475635 18.647648 16.989279 15.496831 14.164400 12.984233 11.947100 11.042666 10.259846 9.587135 9.012898 8.525613 8.114075 7.767542 7.475840 7.229421 7.019385 6.837469 6.676006 6.527876 6.386440 6.245472 6.099105 5.941780 5.768228 5.573471 5.352858 5.102148 4.817615 4.496207 4.135725 3.735027 3.294224 2.814855 2.300005 1.754338 1.184004 0.596435 0.000000 
50.000000 46.956170 43.937003 40.966563 38.067738 35.261713 32.567508 30.001601 27.577647 25.306299 23.195132 21.248672 19.468512 17.853513 16.400067 15.102417 13.953002 12.942818 12.061781 11.299070 10.643446 10.083534 9.608056 9.206025 8.866886 8.580611 8.337754 8.129461 7.947455 7.783991 7.631796 7.483998 7.334055 7.175688 7.002837 6.809634 6.590414 6.339762 6.052614 5.724403 5.351257 4.930249 4.459676 3.939343 3.370839 2.757727 2.105640 1.422200 0.716770 0.000000 
50.000000 47.050704 44.125305 41.247120 38.438324 35.719444 33.108910 30.622687 28.274005 26.073185 24.027565 22.141528 20.416613 18.851712 17.443324 16.185861 15.071984 14.092954 13.238978 12.499543 11.863724 11.320447 10.858725 10.467831 10.137434 9.857689 9.619278 9.413417 9.231831 9.066703 8.910603 8.756410 8.597229 8.426324 8.237053 8.022849 7.777226 7.493833 7.166579 6.789807 6.358555 5.868878 5.318227 4.705866 4.033266 3.304443 2.526134 1.707773 0.861186 0.000000 
50.000000 47.158496 44.340015 41.567021 38.860880 36.241368 33.726239 31.330877 29.068024 26.947625 24.976747 23.159611 21.497695 19.989928 18.632929 17.421306 16.347976 15.404502 14.581427 13.868594 13.255437 12.731238 12.285344 11.907336 11.587153 11.315169 11.082232 10.879657 10.699195 10.532973 10.373407 10.213121 10.044845 9.861338 9.655310 9.419392 9.146133 8.828060 8.457810 8.028343 7.533256 6.967196 6.326367 5.609115 4.816512 3.952894 3.026211 2.048094 1.033513 0.000000 
50.000000 47.280031 44.582100 41.927711 39.337314 36.829839 34.422282 32.129366 29.963289 27.933567 26.046965 24.307520 22.716644 21.273306 19.974263 18.814345 17.786759 16.883413 16.095231 15.412461 14.824950 14.322387 13.894506 13.531248 13.222868 12.960008 12.733722 12.535465 12.357047 12.190560 12.028291 11.862609 11.685864 11.490276 11.267854 11.010328 10.709144 10.355504 9.940502 9.455362 8.891800 8.242539 7.501976 6.666967 5.737706 4.718555 3.618693 2.452366 1.238566 0.000000 
50.000000 47.415675 44.852288 42.330271 39.869054 37.486624 35.199126 33.020549 30.962484 29.033969 27.241430 25.588701 24.077119 22.705700 21.471358 20.369170 19.392669 18.534152 17.784972 17.135834 16.577052 16.098778 15.691192 15.344646 15.049768 14.797521 14.579215 14.386491 14.211261 14.045626 13.881772 13.711842 13.527812 13.321360 13.083751 12.805747 12.477555 12.088856 11.628908 11.086789 10.451802 9.714083 8.865432 7.900388 6.817471 5.620492 4.319680 2.932320 1.482542 0.000000 
50.000000 47.565634 45.150992 42.775318 40.456915 38.212727 36.057960 34.005792 32.067140 30.250516 28.561973 27.005117 25.581208 24.289312 23.126516 22.088175 21.168185 20.359274 19.653276 19.041406 18.514503 18.063240 17.678299 17.350509 17.070927 16.830895 16.622039 16.436243 16.265579 16.102211 15.938274 15.765733 15.576230 15.360920 15.110324 14.814192 14.461401 14.039925 13.536895 12.938804 12.231915 11.402932 10.440013 9.334158 8.080964 6.682625 5.149863 3.503306 1.773646 0.000000 
50.000000 47.729929 45.478250 43.262909 41.100974 39.008243 36.998897 35.085224 33.277402 31.583369 30.008767 28.556958 27.229111 26.024354 24.939963 23.971597 23.113557 22.359043 21.700423 21.129477 20.637626 20.216125 19.856223 19.549285 19.286864 19.060745 18.862937 18.685634 18.521138 18.361748 18.199623 18.026623 17.834125 17.612828 17.352554 17.042053 16.668832 16.219034 15.677405 15.027411 14.251581 13.332179 12.252347 10.997825 9.559343 7.935606 6.136539 4.186045 2.123113 0.000000 
50.000000 47.908364 45.833675 43.792467 41.800466 39.872228 38.020821 36.257563 34.591835 33.030947 31.580098 30.242383 29.018877 27.908772 26.909553 26.017214 25.226492 24.531109 23.924015 23.397612 22.943962 22.554964 22.222497 21.938528 21.695175 21.484735 21.299675 21.132576 20.976054 20.822631 20.664591 20.493791 20.301455 20.077941 19.812481 19.492917 19.105434 18.634313 18.061754 17.367822 16.530615 15.526823 14.332863 12.926864 11.291750 9.419561 7.316748 5.009476 2.546943 0.000000 
50.000000 48.100510 46.216410 44.362715 42.553706 40.802602 39.121270 37.519988 36.007273 34.589766 33.272183 32.057336 30.946198 29.938032 29.030549 28.220105 27.501912 26.870257 26.318721 25.840382 25.428004 25.074190 24.771516 24.512615 24.290242 24.097281 23.926735 23.771662 23.625085 23.479859 23.328511 23.163037 22.974664 22.753580 22.488615 22.166895 21.773459 21.290853 20.698738 19.973570 19.088455 18.013370 16.716040 15.163931 13.327898 11.188083 8.742238 6.015558 3.068933 0.000000 
50.000000 48.305690 46.625106 44.971643 43.358040 41.796085 40.296365 38.868047 37.518727 36.254328 35.079057 33.995419 33.004281 32.104981 31.295476 30.572509 29.931802 29.368249 28.876112 28.449197 28.081025 27.764967 27.494355 27.262561 27.063042 26.889352 26.735111 26.593946 26.459396 26.324772 26.182989 26.026350 25.846289 25.633059 25.375368 25.059939 24.671004 24.189712 23.593468 22.855238 21.942900 20.818835 19.440116 17.759921 15.731190 13.313903 10.487362 7.267618 3.726297 0.000000 
50.000000 48.522973 47.057912 45.616493 44.209822 42.848176 41.540781 40.295632 39.119348 38.017093 36.992533 36.047850 35.183800 34.399803 33.694073 33.063770 32.505156 32.013773 31.584607 31.212245 30.891019 30.615122 30.378706 30.175947 30.001077 29.848391 29.712214 29.586843 29.466443 29.344916 29.215728 29.071689 28.904680 28.705324 28.462571 28.163189 27.791136 27.326778 26.745923 26.018668 25.108062 23.968708 22.545625 20.774081 18.581870 15.896582 12.661715 8.865428 4.580771 0.000000 
50.000000 48.751182 47.512481 46.293770 45.104437 43.953172 42.847776 41.795007 40.800463 39.868507 39.002241 38.203507 37.472944 36.810059 36.213341 35.680384 35.208024 34.792487 34.429523 34.114547 33.842749 33.609201 33.408932 33.236978 33.088417 32.958359 32.841919 32.734157 32.629984 32.524034 32.410496 32.282902 32.133861 31.954711 31.735096 31.462405 31.121054 30.691542 30.149208 29.462594 28.591306 27.483314 26.071758 24.271759 21.978726 19.071810 15.430005 10.973429 5.742312 0.000000 
50.000000 48.988905 47.986002 46.999283 46.036350 45.104237 44.209263 43.356896 42.551670 41.797117 41.095747 40.449053 39.857549 39.320837 38.837691 38.406160 38.023681 37.687192 37.393249 37.138130 36.917931 36.728649 36.566238 36.426657 36.305883 36.199913 36.104730 36.016252 35.930244 35.842212 35.747242 35.639814 35.513549 35.360888 35.172669 34.937574 34.641376 34.265918 33.787679 33.175762 32.389026 31.372004 30.049164 28.317191 26.035699 23.019340 19.041378 13.874970 7.424583 0.000000 
50.000000 49.234520 48.475241 47.728215 46.999197 46.293513 45.615944 44.970633 44.361010 43.789751 43.258755 42.769152 42.321330 41.914987 41.549195 41.222475 40.932885 40.678104 40.455521 40.262314 40.095521 39.952102 39.828983 39.723088 39.631352 39.550714 39.478096 39.410354 39.344214 39.276174 39.202385 39.118486 39.019391 38.899019 38.749921 38.562779 38.325718 38.023321 37.635199 37.133869 36.481523 35.624993 34.487806 32.957524 30.865882 27.959499 23.864679 18.076247 10.088959 0.000000 
50.000000 49.486221 48.976605 48.475212 47.985906 47.512261 47.057487 46.624364 46.215194 45.831772 45.475374 45.146758 44.846184 44.573449 44.327929 44.108632 43.914252 43.743231 43.593815 43.464108 43.352117 43.255799 43.173084 43.101900 43.040180 42.985855 42.936839 42.890997 42.846096 42.799736 42.749268 42.691670 42.623400 42.540188 42.436764 42.306477 42.140756 41.928331 41.654052 41.297074 40.827943 40.203744 39.359729 38.194217 36.540380 34.112027 30.399705 24.488531 14.861106 0.000000 
50.000000 49.742063 49.486216 49.234497 48.988846 48.751058 48.522743 48.305298 48.099879 47.907386 47.728460 47.563481 47.412580 47.275655 47.152393 47.042295 46.944705 46.858841 46.783822 46.718695 46.662458 46.614085 46.572535 46.536764 46.505733 46.478397 46.453705 46.430575 46.407876 46.384388 46.358759 46.329444 46.294623 46.252092 46.199120 46.132237 46.046946 45.937279 45.795135 45.609214 45.363257 45.032990 44.580482 43.943040 43.009510 41.564800 39.145901 34.625334 24.871085 0.000000 
50.000000 50.000000 50.000000 50.000000 50.000000 50.000000 50.000000 50.000000 50.000000 50.000000 50.000000 50.000000 50.000000 50.000000 50.000000 50.000000 50.000000 50.000000 50.000000 50.000000 50.000000 50.000000 50.000000 50.000000 50.000000 50.000000 50.000000 50.000000 50.000000 50.000000 50.000000 50.000000 50.000000 50.000000 50.000000 50.000000 50.000000 50.000000 50.000000 50.000000 50.000000 50.000000 50.000000 50.000000 50.000000 50.000000 50.000000 50.000000 50.000000 50.000000 
