50.000000 50.000000 50.000000 50.000000 50.000000 50.000000 50.000000 50.000000 50.000000 50.000000 50.000000 50.000000 50.000000 50.000000 50.000000 50.000000 50.000000 50.000000 50.000000 50.000000 50.000000 50.000000 50.000000 50.000000 50.000000 50.000000 50.000000 50.000000 50.000000 50.000000 50.000000 50.000000 50.000000 50.000000 50.000000 50.000000 50.000000 50.000000 50.000000 50.000000 50.000000 50.000000 50.000000 50.000000 50.000000 50.000000 50.000000 50.000000 50.000000 50.000000 
50.000000 49.806646 49.614465 49.424610 49.238191 49.056254 48.879766 48.709598 48.546512 48.391152 48.244034 48.105546 47.975944 47.855358 47.743791 47.641128 47.547147 47.461522 47.383836 47.313593 47.250221 47.193084 47.141484 47.094670 47.051833 47.012103 46.974546 46.938144 46.901782 46.864215 46.824030 46.779595 46.728984 46.669877 46.599424 46.514039 46.409121 46.278613 46.114345 45.904976 45.634233 45.277857 44.797965 44.131941 43.168739 41.693400 39.243076 34.690468 24.903759 0.000000 
50.000000 49.614491 49.231323 48.852791 48.481109 48.118364 47.766484 47.427206 47.102048 46.792293 46.498972 46.222859 45.964466 45.724049 45.501615 45.296939 45.109576 44.938877 44.784017 44.644003 44.517701 44.403844 44.301050 44.207822 44.122556 44.043530 43.968894 43.896638 43.824562 43.750217 43.670831 43.583211 43.483606 43.367514 43.229427 43.062466 42.857852 42.604136 42.286034 41.882618 41.364403 40.688508 39.790273 38.568173 36.855592 34.366604 30.592072 24.617470 14.925787 0.000000 
50.000000 49.424716 48.852925 48.288054 47.733404 47.192091 46.666992 46.160698 45.675477 45.213243 44.775536 44.363509 43.977929 43.619177 43.287268 42.981866 42.702307 42.447631 42.216606 42.007759 41.819400 41.649652 41.496458 41.357605 41.230715 41.113246 41.002467 40.895425 40.788896 40.679302 40.562618 40.434225 40.288730 40.119707 39.919353 39.678012 39.383499 39.020131 38.567321 37.997460 37.272694 36.339898 35.122734 33.508989 31.330710 28.334907 24.148348 18.266382 10.184336 0.000000 
50.000000 49.238461 48.481545 47.733790 46.999565 46.282997 45.587893 44.917684 44.275372 43.663493 43.084084 42.538674 42.028279 41.553406 41.114078 40.709851 40.339853 40.002816 39.697119 39.420818 39.171692 38.947268 38.744847 38.561522 38.394183 38.239507 38.093940 37.953651 37.814475 37.671816 37.520532 37.354768 37.167737 36.951428 36.696217 36.390339 36.019158 35.564170 35.001590 34.300352 33.419253 32.302880 30.875872 29.035205 26.640895 23.508103 19.410696 14.122511 7.548756 0.000000 
50.000000 49.056806 48.119339 47.193218 46.283856 45.396363 44.535456 43.705384 42.909868 42.152046 41.434445 40.758961 40.126852 39.538752 38.994690 38.494123 38.035978 37.618692 37.240268 36.898314 36.590097 36.312576 36.062442 35.836134 35.629851 35.439547 35.260910 35.089312 34.919749 34.746737 34.564185 34.365215 34.141935 33.885133 33.583884 33.225027 32.792475 32.266302 31.621519 30.826456 29.840640 28.612100 27.074181 25.142350 22.712503 19.664402 15.877769 11.273546 5.892857 0.000000 
50.000000 48.880761 47.768316 46.669337 45.590247 44.537108 43.515519 42.530524 41.586539 40.687289 39.835775 39.034247 38.284204 37.586401 36.940877 36.346997 35.803495 35.308529 34.859742 34.454319 34.089039 33.760331 33.464306 33.196796 32.953363 32.729298 32.519605 32.318952 32.121608 31.921342 31.711293 31.483789 31.230130 30.940289 30.602552 30.203040 29.725120 29.148655 28.449066 27.596196 26.552993 25.274124 23.704834 21.780789 19.430339 16.581778 13.179439 9.212430 4.754834 0.000000 
50.000000 48.711243 47.430310 46.164883 44.922358 43.709718 42.533409 41.399240 40.312297 39.276873 38.296424 37.373545 36.509964 35.706558 34.963380 34.279704 33.654086 33.084421 32.568015 32.101651 31.681654 31.303953 30.964127 30.657446 30.378891 30.123158 29.884647 29.657417 29.435127 29.210944 28.977413 28.726294 28.448359 28.133128 27.768551 27.340615 26.832880 26.225919 25.496691 24.617868 23.557204 22.277141 20.734997 18.884386 16.678861 14.079182 11.065580 7.655158 3.920692 0.000000 
50.000000 48.549073 47.106956 45.682297 44.283424 42.918197 41.593878 40.317007 39.093311 37.927624 36.823843 35.784892 34.812723 33.908326 33.071772 32.302256 31.598165 30.957149 30.376198 29.851721 29.379624 28.955372 28.574055 28.230434 27.918967 27.633824 27.368880 27.117683 26.873398 26.628724 26.375782 26.105969 25.809782 25.476593 25.094394 24.649493 24.126180 23.506358 22.769187 21.890788 20.844121 19.599210 18.124043 16.386544 14.358228 12.020075 9.370842 6.436858 3.280260 0.000000 
50.000000 48.394965 46.799677 45.223702 43.676253 42.166029 40.701061 39.288586 37.934942 36.645480 35.424512 34.275280 33.199946 32.199616 31.274378 30.423354 29.644777 28.936069 28.293930 27.714425 27.193069 26.724907 26.304586 25.926406 25.584363 25.272170 24.983257 24.710749 24.447426 24.185645 23.917255 23.633466 23.324708 22.980454 22.589021 22.137362 21.610843 20.993041 20.265602 19.408214 18.398803 17.214098 15.830775 14.227441 12.387710 10.304505 7.985333 5.457561 2.771702 0.000000 
50.000000 48.249522 46.509673 44.790890 43.103221 41.456152 39.858446 38.317997 36.841718 35.435450 34.103899 32.850605 31.677934 30.587103 29.578215 28.650331 27.801543 27.029064 26.329328 25.698082 25.130490 24.621215 24.164503 23.754249 23.384043 23.047205 22.736794 22.445600 22.166109 21.890453 21.610332 21.316916 21.000732 20.651535 20.258167 19.808422 19.288925 18.685059 17.980967 17.159701 16.203585 15.094908 13.817064 12.356279 10.703987 8.859805 6.834751 4.653972 2.357820 0.000000 
50.000000 48.113232 46.237923 44.385320 42.566257 40.790959 39.068873 37.408509 35.817321 34.301609 32.866450 31.515664 30.251811 29.076210 27.988988 26.989147 26.074652 25.242529 24.488966 23.809428 23.198757 22.651275 22.160873 21.721087 21.325157 20.966072 20.636587 20.329232 20.036285 19.749744 19.461262 19.162082 18.842949 18.494022 18.104785 17.663972 17.159526 16.578608 15.907700 15.132844 14.240068 13.216078 12.049273 10.731133 9.257967 7.632887 5.867729 3.984388 2.014946 0.000000 
50.000000 47.986477 45.985183 44.008123 42.066859 40.172305 38.334543 36.562658 34.864608 33.247118 31.715613 30.274176 28.925545 27.671141 26.511111 25.444410 24.468888 23.581401 22.777918 22.053648 21.403148 20.820434 20.299085 19.832326 19.413099 19.034113 18.687884 18.366743 18.062834 17.768092 17.474205 17.172568 16.854224 16.509806 16.129495 15.702989 15.219512 14.667884 14.036673 13.314470 12.490313 11.554311 10.498488 9.317850 8.011619 6.584524 5.047906 3.420325 1.727310 0.000000 
50.000000 47.869532 45.752004 43.660120 41.606114 39.601535 37.657053 35.782283 33.985648 32.274268 30.653887 29.128832 27.702011 26.374936 25.147778 24.019450 22.987702 22.049237 21.199830 20.434460 19.747431 19.132493 18.582950 18.091760 17.651611 17.254986 16.894210 16.561472 16.248836 15.948234 15.651445 15.350069 15.035489 14.698847 14.331025 13.922649 13.464137 12.945793 12.357982 11.691402 10.937474 10.088868 9.140177 8.088705 6.935327 5.685310 4.348930 2.941698 1.483992 0.000000 
50.000000 47.762577 45.538745 43.341845 41.184729 39.079526 37.037443 35.068581 33.181789 31.384548 29.682896 28.081384 26.583074 25.189566 23.901056 22.716420 21.633320 20.648323 19.757035 18.954231 18.233993 17.589836 17.014830 16.501703 16.042932 15.630816 15.257532 14.915174 14.595768 14.291285 13.993633 13.694643 13.386062 13.059535 12.706617 12.318796 11.887560 11.404500 10.861490 10.250932 9.566093 8.801538 7.953639 7.021159 6.005826 4.912854 3.751267 2.533930 1.277179 0.000000 
50.000000 47.665705 45.345591 43.053578 40.803073 38.606735 36.476256 34.422177 32.453734 30.578735 28.803485 27.132739 25.569702 24.116053 22.772011 21.536424 20.406876 19.379818 18.450703 17.614132 16.863991 16.193594 15.595809 15.063169 14.587978 14.162387 13.778464 13.428238 13.103733 12.796986 12.500053 12.205013 11.903965 11.589040 11.252413 10.886347 10.483261 10.035841 9.537199 8.981090 8.362191 7.676442 6.921429 6.096800 5.204650 4.249835 3.240132 2.186175 1.101117 0.000000 
50.000000 47.578939 45.172586 42.795381 40.461230 38.183264 35.973611 33.843208 31.801635 29.856997 28.015836 26.283092 24.662096 23.154603 21.760855 20.479673 19.308578 18.243917 17.281014 16.414315 15.637541 14.943834 14.325887 13.776074 13.286554 12.849364 12.456489 12.099923 11.771709 11.463965 11.168906 10.878851 10.586240 10.283645 9.963800 9.619645 9.244396 8.831647 8.375512 7.870803 7.313259 6.699804 6.028836 5.300509 4.516995 3.682660 2.804129 1.890184 0.951468 0.000000 
50.000000 47.502238 45.019652 42.567138 40.159046 37.808924 35.529285 33.331415 31.225202 29.219008 27.319591 25.532053 23.859839 22.304769 20.867108 19.545657 18.337880 17.240039 16.247344 15.354112 14.553922 13.839767 13.204198 12.639455 12.137582 11.690522 11.290206 10.928610 10.597808 10.290011 9.997586 9.713083 9.429249 9.139055 8.835722 8.512769 8.164080 7.783991 7.367412 6.909973 6.408202 5.859719 5.263449 4.619812 3.930891 3.200530 2.434337 1.639573 0.824899 0.000000 
50.000000 47.435521 44.886624 42.368604 39.896196 37.483309 35.142795 32.886242 30.723805 28.664074 26.713990 24.878799 23.162045 21.565608 20.089770 18.733320 17.493674 16.367020 15.348474 14.432242 13.611784 12.879971 12.229234 11.651705 11.139333 10.683993 10.277576 9.912054 9.579543 9.272340 8.982960 8.704160 8.428964 8.150685 7.862961 7.559799 7.235628 6.885382 6.504598 6.089527 5.637276 5.145955 4.614817 4.044397 3.436610 2.794796 2.123695 1.429332 0.718808 0.000000 
50.000000 47.378674 44.773276 42.199442 39.672232 37.205868 34.813486 32.506934 30.296593 28.191249 26.198000 24.322212 22.567518 20.935846 19.427498 18.041249 16.774477 15.623310 14.582785 13.647018 12.809368 12.062607 11.399070 10.810798 10.289669 9.827506 9.416171 9.047643 8.714078 8.407859 8.121631 7.848335 7.581229 7.313919 7.040390 6.755046 6.452759 6.128934 5.779590 5.401448 4.992036 4.549796 4.074184 3.565759 3.026237 2.458506 1.866583 1.255505 0.631150 0.000000 
50.000000 47.331569 44.679353 42.059270 39.486651 36.975975 34.540615 32.192633 29.942601 27.799462 25.770449 23.861028 22.074902 20.414044 18.878769 17.467844 16.178617 15.007165 13.948463 12.996552 12.144714 11.385638 10.711582 10.114519 9.586270 9.118618 8.703408 8.332629 7.998478 7.693411 7.410188 7.141900 6.882005 6.624347 6.363191 6.093260 5.809771 5.508495 5.185816 4.838802 4.465282 4.063923 3.634297 3.176938 2.693368 2.186090 1.658537 1.114967 0.560316 0.000000 
50.000000 47.294076 44.604596 41.947701 39.338940 36.792993 34.323426 31.942470 29.660846 27.487628 25.430151 23.493964 21.682825 19.998742 18.442043 17.011489 15.704402 14.516823 13.443677 12.478947 11.615853 10.847023 10.164654 9.560667 9.026841 8.554930 8.136769 7.764358 7.429928 7.125999 6.845421 6.581412 6.327582 6.077967 5.827049 5.569794 5.301683 5.018762 4.717681 4.395761 4.051038 3.682328 3.289266 2.872341 2.432905 1.973148 1.496048 1.005272 0.505049 0.000000 
50.000000 47.266076 44.548766 41.864379 39.228625 36.656339 34.161225 31.755644 29.450428 27.254747 25.176014 23.219839 21.390023 19.688598 18.115905 16.670698 15.350282 14.150670 13.066750 12.092464 11.220987 10.444900 9.756358 9.147244 8.609305 8.134278 7.713992 7.340455 7.005927 6.702975 6.424522 6.163876 5.914765 5.671363 5.428312 5.180756 4.924365 4.655377 4.370634 4.067626 3.744530 3.400255 3.034469 2.647614 2.240903 1.816295 1.376433 0.924560 0.464396 0.000000 
50.000000 47.247468 44.511664 41.809008 39.155317 36.565527 34.053436 31.631490 29.310596 27.099988 25.007131 23.037674 21.195448 19.482501 17.899181 16.444239 15.114970 13.907367 12.816294 11.835667 10.958629 10.177734 9.485107 8.872606 8.331960 7.854893 7.433232 7.058991 6.724450 6.422210 6.145239 5.886907 5.641021 5.401845 5.164126 4.923123 4.674629 4.415006 4.141214 3.850850 3.542180 3.214165 2.866486 2.499550 2.114476 1.713067 1.297746 0.871481 0.437666 0.000000 
50.000000 47.238183 44.493150 41.781377 39.118735 36.520210 33.999648 31.569536 29.240820 27.022763 24.922858 22.946773 21.098354 19.379659 17.791037 16.331238 14.997552 13.785962 12.691323 11.707533 10.827725 10.044434 9.349773 8.735589 8.193600 7.715525 7.293188 6.918609 6.584078 6.282211 6.006000 5.748848 5.504597 5.267559 5.032532 4.794831 4.550309 4.295389 4.027089 3.743058 3.441601 3.121706 2.783057 2.426042 2.051732 1.661851 1.258716 0.845157 0.424412 0.000000 
50.000000 47.238183 44.493150 41.781377 39.118735 36.520210 33.999648 31.569536 29.240820 27.022763 24.922858 22.946773 21.098354 19.379659 17.791037 16.331238 14.997552 13.785962 12.691323 11.707533 10.827725 10.044434 9.349773 8.735589 8.193600 7.715525 7.293188 6.918609 6.584078 6.282211 6.006000 5.748848 5.504597 5.267559 5.032532 4.794831 4.550309 4.295389 4.027089 3.743058 3.441601 3.121706 2.783057 2.426042 2.051732 1.661851 1.258716 0.845157 0.424412 0.000000 
50.000000 47.247468 44.511664 41.809008 39.155317 36.565527 34.053436 31.631490 29.310596 27.099988 25.007131 23.037674 21.195448 19.482501 17.899181 16.444239 15.114970 13.907367 12.816294 11.835667 10.958629 10.177734 9.485107 8.872606 8.331960 7.854893 7.433232 7.058991 6.724450 6.422210 6.145239 5.886907 5.641021 5.401845 5.164126 4.923123 4.674629 4.415006 4.141214 3.850850 3.542180 3.214165 2.866486 2.499550 2.114476 1.713067 1.297746 0.871481 0.437666 0.000000 
50.000000 47.266076 44.548766 41.864379 39.228625 36.656339 34.161225 31.755644 29.450428 27.254747 25.176014 23.219839 21.390023 19.688598 18.115905 16.670698 15.350282 14.150670 13.066750 12.092464 11.220987 10.444900 9.756358 9.147244 8.609305 8.134278 7.713992 7.340455 7.005927 6.702975 6.424522 6.163876 5.914765 5.671363 5.428312 5.180756 4.924365 4.655377 4.370634 4.067626 3.744530 3.400255 3.034469 2.647614 2.240903 1.816295 1.376433 0.924560 0.464396 0.000000 
50.000000 47.294076 44.604596 41.947701 39.338940 36.792993 34.323426 31.942470 29.660846 27.487628 25.430151 23.493964 21.682825 19.998742 18.442043 17.011489 15.704402 14.516823 13.443677 12.478947 11.615853 10.847023 10.164654 9.560667 9.026841 8.554930 8.136769 7.764358 7.429928 7.125999 6.845421 6.581412 6.327582 6.077967 5.827049 5.569794 5.301683 5.018762 4.717681 4.395761 4.051038 3.682328 3.289266 2.872341 2.432905 1.973148 1.496048 1.005272 0.505049 0.000000 
50.000000 47.331569 44.679353 42.059270 39.486651 36.975975 34.540615 32.192633 29.942601 27.799462 25.770449 23.861028 22.074902 20.414044 18.878769 17.467844 16.178617 15.007165 13.948463 12.996552 12.144714 11.385638 10.711582 10.114519 9.586270 9.118618 8.703408 8.332629 7.998478 7.693411 7.410188 7.141900 6.882005 6.624347 6.363191 6.093260 5.809771 5.508495 5.185816 4.838802 4.465282 4.063923 3.634297 3.176938 2.693368 2.186090 1.658537 1.114967 0.560316 0.000000 
50.000000 47.378674 44.773276 42.199442 39.672232 37.205868 34.813486 32.506934 30.296593 28.191249 26.198000 24.322212 22.567518 20.935846 19.427498 18.041249 16.774477 15.623310 14.582785 13.647018 12.809368 12.062607 11.399070 10.810798 10.289669 9.827506 9.416171 9.047643 8.714078 8.407859 8.121631 7.848335 7.581229 7.313919 7.040390 6.755046 6.452759 6.128934 5.779590 5.401448 4.992036 4.549796 4.074184 3.565759 3.026237 2.458506 1.866583 1.255505 0.631150 0.000000 
50.000000 47.435521 44.886624 42.368604 39.896196 37.483309 35.142795 32.886242 30.723805 28.664074 26.713990 24.878799 23.162045 21.565608 20.089770 18.733320 17.493674 16.367020 15.348474 14.432242 13.611784 12.879971 12.229234 11.651705 11.139333 10.683993 10.277576 9.912054 9.579543 9.272340 8.982960 8.704160 8.428964 8.150685 7.862961 7.559799 7.235628 6.885382 6.504598 6.089527 5.637276 5.145955 4.614817 4.044397 3.436610 2.794796 2.123695 1.429332 0.718808 0.000000 
50.000000 47.502238 45.019652 42.567138 40.159046 37.808924 35.529285 33.331415 31.225202 29.219008 27.319591 25.532053 23.859839 22.304769 20.867108 19.545657 18.337880 17.240039 16.247344 15.354112 14.553922 13.839767 13.204198 12.639455 12.137582 11.690522 11.290206 10.928610 10.597808 10.290011 9.997586 9.713083 9.429249 9.139055 8.835722 8.512769 8.164080 7.783991 7.367412 6.909973 6.408202 5.859719 5.263449 4.619812 3.930891 3.200530 2.434337 1.639573 0.824899 0.000000 
50.000000 47.578939 45.172586 42.795381 40.461230 38.183264 35.973611 33.843208 31.801635 29.856997 28.015836 26.283092 24.662096 23.154603 21.760855 20.479673 19.308578 18.243917 17.281014 16.414315 15.637541 14.943834 14.325887 13.776074 13.286554 12.849364 12.456489 12.099923 11.771709 11.463965 11.168906 10.878851 10.586240 10.283645 9.963800 9.619645 9.244396 8.831647 8.375512 7.870803 7.313259 6.699804 6.028836 5.300509 4.516995 3.682660 2.804129 1.890184 0.951468 0.000000 
50.000000 47.665705 45.345591 43.053578 40.803073 38.606735 36.476256 34.422177 32.453734 30.578735 28.803485 27.132739 25.569702 24.116053 22.772011 21.536424 20.406876 19.379818 18.450703 17.614132 16.863991 16.193594 15.595809 15.063169 14.587978 14.162387 13.778464 13.428238 13.103733 12.796986 12.500053 12.205013 11.903965 11.589040 11.252413 10.886347 10.483261 10.035841 9.537199 8.981090 8.362191 7.676442 6.921429 6.096800 5.204650 4.249835 3.240132 2.186175 1.101117 0.000000 
50.000000 47.762577 45.538745 43.341845 41.184729 39.079526 37.037443 35.068581 33.181789 31.384548 29.682896 28.081384 26.583074 25.189566 23.901056 22.716420 21.633320 20.648323 19.757035 18.954231 18.233993 17.589836 17.014830 16.501703 16.042932 15.630816 15.257532 14.915174 14.595768 14.291285 13.993633 13.694643 13.386062 13.059535 12.706617 12.318796 11.887560 11.404500 10.861490 10.250932 9.566093 8.801538 7.953639 7.021159 6.005826 4.912854 3.751267 2.533930 1.277179 0.000000 
50.000000 47.869532 45.752004 43.660120 41.606114 39.601535 37.657053 35.782283 33.985648 32.274268 30.653887 29.128832 27.702011 26.374936 25.147778 24.019450 22.987702 22.049237 21.199830 20.434460 19.747431 19.132493 18.582950 18.091760 17.651611 17.254986 16.894210 16.561472 16.248836 15.948234 15.651445 15.350069 15.035489 14.698847 14.331025 13.922649 13.464137 12.945793 12.357982 11.691402 10.937474 10.088868 9.140177 8.088705 6.935327 5.685310 4.348930 2.941698 1.483992 0.000000 
50.000000 47.986477 45.985183 44.008123 42.066859 40.172305 38.334543 36.562658 34.864608 33.247118 31.715613 30.274176 28.925545 27.671141 26.511111 25.444410 24.468888 23.581401 22.777918 22.053648 21.403148 20.820434 20.299085 19.832326 19.413099 19.034113 18.687884 18.366743 18.062834 17.768092 17.474205 17.172568 16.854224 16.509806 16.129495 15.702989 15.219512 14.667884 14.036673 13.314470 12.490313 11.554311 10.498488 9.317850 8.011619 6.584524 5.047906 3.420325 1.727310 0.000000 
50.000000 48.113232 46.237923 44.385320 42.566257 40.790959 39.068873 37.408509 35.817321 34.301609 32.866450 31.515664 30.251811 29.076210 27.988988 26.989147 26.074652 25.242529 24.488966 23.809428 23.198757 22.651275 22.160873 21.721087 21.325157 20.966072 20.636587 20.329232 20.036285 19.749744 19.461262 19.162082 18.842949 18.494022 18.104785 17.663972 17.159526 16.578608 15.907700 15.132844 14.240068 13.216078 12.049273 10.731133 9.257967 7.632887 5.867729 3.984388 2.014946 0.000000 
50.000000 48.249522 46.509673 44.790890 43.103221 41.456152 39.858446 38.317997 36.841718 35.435450 34.103899 32.850605 31.677934 30.587103 29.578215 28.650331 27.801543 27.029064 26.329328 25.698082 25.130490 24.621215 24.164503 23.754249 23.384043 23.047205 22.736794 22.445600 22.166109 21.890453 21.610332 21.316916 21.000732 20.651535 20.258167 19.808422 19.288925 18.685059 17.980967 17.159701 16.203585 15.094908 13.817064 12.356279 10.703987 8.859805 6.834751 4.653972 2.357820 0.000000 
50.000000 48.394965 46.799677 45.223702 43.676253 42.166029 40.701061 39.288586 37.934942 36.645480 35.424512 34.275280 33.199946 32.199616 31.274378 30.423354 29.644777 28.936069 28.293930 27.714425 27.193069 26.724907 26.304586 25.926406 25.584363 25.272170 24.983257 24.710749 24.447426 24.185645 23.917255 23.633466 23.324708 22.980454 22.589021 22.137362 21.610843 20.993041 20.265602 19.408214 18.398803 17.214098 15.830775 14.227441 12.387710 10.304505 7.985333 5.457561 2.771702 0.000000 
50.000000 48.549073 47.106956 45.682297 44.283424 42.918197 41.593878 40.317007 39.093311 37.927624 36.823843 35.784892 34.812723 33.908326 33.071772 32.302256 31.598165 30.957149 30.376198 29.851721 29.379624 28.955372 28.574055 28.230434 27.918967 27.633824 27.368880 27.117683 26.873398 26.628724 26.375782 26.105969 25.809782 25.476593 25.094394 24.649493 24.126180 23.506358 22.769187 21.890788 20.844121 19.599210 18.124043 16.386544 14.358228 12.020075 9.370842 6.436858 3.280260 0.000000 
50.000000 48.711243 47.430310 46.164883 44.922358 43.709718 42.533409 41.399240 40.312297 39.276873 38.296424 37.373545 36.509964 35.706558 34.963380 34.279704 33.654086 33.084421 32.568015 32.101651 31.681654 31.303953 30.964127 30.657446 30.378891 30.123158 29.884647 29.657417 29.435127 29.210944 28.977413 28.726294 28.448359 28.133128 27.768551 27.340615 26.832880 26.225919 25.496691 24.617868 23.557204 22.277141 20.734997 18.884386 16.678861 14.079182 11.065580 7.655158 3.920692 0.000000 
50.000000 48.880761 47.768316 46.669337 45.590247 44.537108 43.515519 42.530524 41.586539 40.687289 39.835775 39.034247 38.284204 37.586401 36.940877 36.346997 35.803495 35.308529 34.859742 34.454319 34.089039 33.760331 33.464306 33.196796 32.953363 32.729298 32.519605 32.318952 32.121608 31.921342 31.711293 31.483789 31.230130 30.940289 30.602552 30.203040 29.725120 29.148655 28.449066 27.596196 26.552993 25.274124 23.704834 21.780789 19.430339 16.581778 13.179439 9.212430 4.754834 0.000000 
50.000000 49.056806 48.119339 47.193218 46.283856 45.396363 44.535456 43.705384 42.909868 42.152046 41.434445 40.758961 40.126852 39.538752 38.994690 38.494123 38.035978 37.618692 37.240268 36.898314 36.590097 36.312576 36.062442 35.836134 35.629851 35.439547 35.260910 35.089312 34.919749 34.746737 34.564185 34.365215 34.141935 33.885133 33.583884 33.225027 32.792475 32.266302 31.621519 30.826456 29.840640 28.612100 27.074181 25.142350 22.712503 19.664402 15.877769 11.273546 5.892857 0.000000 
50.000000 49.238461 48.481545 47.733790 46.999565 46.282997 45.587893 44.917684 44.275372 43.663493 43.084084 42.538674 42.028279 41.553406 41.114078 40.709851 40.339853 40.002816 39.697119 39.420818 39.171692 38.947268 38.744847 38.561522 38.394183 38.239507 38.093940 37.953651 37.814475 37.671816 37.520532 37.354768 37.167737 36.951428 36.696217 36.390339 36.019158 35.564170 35.001590 34.300352 33.419253 32.302880 30.875872 29.035205 26.640895 23.508103 19.410696 14.122511 7.548756 0.000000 
50.000000 49.424716 48.852925 48.288054 47.733404 47.192091 46.666992 46.160698 45.675477 45.213243 44.775536 44.363509 43.977929 43.619177 43.287268 42.981866 42.702307 42.447631 42.216606 42.007759 41.819400 41.649652 41.496458 41.357605 41.230715 41.113246 41.002467 40.895425 40.788896 40.679302 40.562618 40.434225 40.288730 40.119707 39.919353 39.678012 39.383499 39.020131 38.567321 37.997460 37.272694 36.339898 35.122734 33.508989 31.330710 28.334907 24.148348 18.266382 10.184336 0.000000 
50.000000 49.614491 49.231323 48.852791 48.481109 48.118364 47.766484 47.427206 47.102048 46.792293 46.498972 46.222859 45.964466 45.724049 45.501615 45.296939 45.109576 44.938877 44.784017 44.644003 44.517701 44.403844 44.301050 44.207822 44.122556 44.043530 43.968894 43.896638 43.824562 43.750217 43.670831 43.583211 43.483606 43.367514 43.229427 43.062466 42.857852 42.604136 42.286034 41.882618 41.364403 40.688508 39.790273 38.568173 36.855592 34.366604 30.592072 24.617470 14.925787 0.000000 
50.000000 49.806646 49.614465 49.424610 49.238191 49.056254 48.879766 48.709598 48.546512 48.391152 48.244034 48.105546 47.975944 47.855358 47.743791 47.641128 47.547147 47.461522 47.383836 47.313593 47.250221 47.193084 47.141484 47.094670 47.051833 47.012103 46.974546 46.938144 46.901782 46.864215 46.824030 46.779595 46.728984 46.669877 46.599424 46.514039 46.409121 46.278613 46.114345 45.904976 45.634233 45.277857 44.797965 44.131941 43.168739 41.693400 39.243076 34.690468 24.903759 0.000000 
50.000000 50.000000 50.000000 50.000000 50.000000 50.000000 50.000000 50.000000 50.000000 50.000000 50.000000 50.000000 50.000000 50.000000 50.000000 50.000000 50.000000 50.000000 50.000000 50.000000 50.000000 50.000000 50.000000 50.000000 50.000000 50.000000 50.000000 50.000000 50.000000 50.000000 50.000000 50.000000 50.000000 50.000000 50.000000 50.000000 50.000000 50.000000 50.000000 50.000000 50.000000 50.000000 50.000000 50.000000 50.000000 50.000000 50.000000 50.000000 50.000000 50.000000 
