50.000000 50.000000 50.000000 50.000000 50.000000 50.000000 50.000000 50.000000 50.000000 50.000000 50.000000 50.000000 50.000000 50.000000 50.000000 50.000000 50.000000 50.000000 50.000000 50.000000 50.000000 50.000000 50.000000 50.000000 50.000000 50.000000 50.000000 50.000000 50.000000 50.000000 50.000000 50.000000 50.000000 50.000000 50.000000 50.000000 50.000000 50.000000 50.000000 50.000000 50.000000 50.000000 50.000000 50.000000 50.000000 50.000000 50.000000 50.000000 50.000000 50.000000 
50.000000 49.615620 49.235880 48.865253 48.507886 48.167460 47.847082 47.549203 47.275578 47.027254 46.804597 46.607350 46.434706 46.285400 46.157818 46.050093 45.960209 45.886090 45.825675 45.776982 45.738155 45.707487 45.683444 45.664659 45.649922 45.638165 45.628425 45.619812 45.611463 45.602488 45.591906 45.578573 45.561081 45.537643 45.505929 45.462850 45.404251 45.324464 45.215623 45.066599 44.861225 44.575233 44.170604 43.584466 42.705388 41.317915 38.958591 34.499418 24.807811 0.000000 
50.000000 49.235880 48.480985 47.744206 47.033786 46.357044 45.720156 45.127996 44.584049 44.090398 43.647774 43.255663 42.912458 42.615650 42.362027 42.147878 41.969197 41.821855 41.701758 41.604965 41.527785 41.466831 41.419050 41.381728 41.352467 41.329145 41.309857 41.292846 41.276410 41.258804 41.238113 41.212109 41.178069 41.132542 41.071055 40.987707 40.874607 40.721071 40.512420 40.228146 39.838974 39.302002 38.552312 37.487866 35.941298 33.625696 30.030730 24.240496 14.736466 0.000000 
50.000000 48.865254 47.744207 46.650063 45.595063 44.590077 43.644275 42.764896 41.957115 41.224027 40.566715 39.984416 39.474745 39.033977 38.657338 38.339323 38.073978 37.855175 37.676833 37.533103 37.418504 37.328009 37.257089 37.201719 37.158347 37.123833 37.095370 37.070373 37.046354 37.020777 36.990878 36.953465 36.904661 36.839591 36.751978 36.633608 36.473606 36.257414 35.965339 35.570392 35.035029 34.306103 33.306892 31.924440 29.989694 27.248222 23.325042 17.713489 9.906669 0.000000 
50.000000 48.507888 47.033789 45.595066 44.207814 42.886328 41.642665 40.486344 39.424170 38.460212 37.595894 36.830213 36.160034 35.580457 35.085207 34.667044 34.318140 34.030438 33.795943 33.606968 33.456306 33.337354 33.244164 33.171454 33.114567 33.069401 33.032293 32.999893 32.968998 32.936368 32.898510 32.851425 32.790305 32.709158 32.600347 32.453984 32.257139 31.992772 31.638260 31.163347 30.527240 29.674499 28.529275 26.987590 24.908041 22.103932 18.346876 13.408111 7.189982 0.000000 
50.000000 48.167464 46.357053 44.590087 42.886336 41.263356 39.735954 38.315821 37.011316 35.827434 34.765927 33.825560 33.002485 32.290682 31.682447 31.168887 30.740391 30.387064 30.099089 29.867027 29.682036 29.536010 29.421657 29.332505 29.262859 29.207713 29.162619 29.123532 29.086618 29.048039 29.003711 28.949010 28.878447 28.785261 28.660935 28.494587 28.272195 27.975606 27.581244 27.058424 26.367173 25.455498 24.256169 22.683513 20.631731 17.978365 14.600438 10.415781 5.462089 0.000000 
50.000000 47.847091 45.720174 43.644299 41.642690 39.735973 37.941545 36.273139 34.740577 33.349726 32.102644 30.997881 30.030917 29.194680 28.480118 27.876784 27.373390 26.958310 26.620017 26.347425 26.130151 25.958685 25.824474 25.719935 25.638411 25.574064 25.521736 25.476765 25.434780 25.391461 25.342272 25.282159 25.205203 25.104217 24.970272 24.792125 24.555532 24.242406 23.829802 23.288706 22.582656 21.666305 20.484253 18.970878 17.052603 14.655198 11.719923 8.232347 4.262644 0.000000 
50.000000 47.549221 45.128030 42.764943 40.486399 38.315875 36.273178 34.373939 32.629339 31.046058 29.626438 28.368830 27.268086 26.316157 25.502740 24.815943 24.242917 23.770432 23.385367 23.075110 22.827850 22.632773 22.480161 22.361410 22.268980 22.196283 22.137526 22.087518 22.041444 21.994612 21.942180 21.878841 21.798482 21.693802 21.555865 21.373606 21.133251 20.817667 20.405641 19.871127 19.182550 18.302356 17.187171 15.789203 14.059902 11.957261 9.458145 6.575777 3.378645 0.000000 
50.000000 47.275609 44.584110 41.957203 39.424277 37.011432 34.740685 32.629413 30.690046 28.930009 27.351905 25.953900 24.730275 23.672079 22.767862 22.004405 21.367425 20.842218 20.414204 20.069369 19.794594 19.577872 19.408422 19.276712 19.174406 19.094247 19.029887 18.975688 18.926483 18.877316 18.823163 18.758625 18.677600 18.572926 18.435989 18.256306 18.021067 17.714673 17.318277 16.809405 16.161759 15.345395 14.327579 13.074755 11.556206 9.749976 7.651239 5.282196 2.700420 0.000000 
50.000000 47.027308 44.090504 41.224180 38.460404 35.827654 33.349954 31.046264 28.930147 27.009705 25.287779 23.762369 22.427231 21.272602 20.285988 19.452966 18.757955 18.184913 17.717936 17.341741 17.042025 16.805703 16.621037 16.477662 16.366532 16.279803 16.210652 16.153072 16.101627 16.051190 15.996667 15.932697 15.853349 15.751794 15.619974 15.448259 15.225109 14.936763 14.566996 14.097002 13.505518 12.769336 11.864406 10.767815 9.460872 7.933455 6.189360 4.251666 2.166149 0.000000 
50.000000 46.804688 43.647953 40.566975 37.596226 34.766316 32.103068 29.626863 27.352280 25.288026 23.437156 21.797519 20.362405 19.121321 18.060836 17.165450 16.418416 15.802495 15.300599 14.896307 14.574258 14.320405 14.122157 13.968413 13.849505 13.757077 13.683907 13.623690 13.570795 13.520003 13.466237 13.404274 13.328469 13.232459 13.108888 12.949133 12.743060 12.478840 12.142852 11.719739 11.192698 10.544117 9.756684 8.815097 7.708464 6.433317 4.996903 3.420017 1.738193 0.000000 
50.000000 46.607499 43.255955 39.984846 36.830768 33.826221 30.998622 28.369611 25.954665 23.763029 21.797947 20.057134 18.533468 17.215807 16.089894 15.139273 14.346166 13.692274 13.159459 12.730297 12.388492 12.119149 11.908929 11.746084 11.620407 11.523108 11.446630 11.384435 11.330758 11.280352 11.228220 11.169348 11.098450 11.009705 10.896529 10.751359 10.565483 10.328947 10.030547 9.657980 9.198204 8.638070 7.965304 7.169891 6.245831 5.193175 4.020000 2.743862 1.392039 0.000000 
50.000000 46.434945 42.912931 39.475443 36.160940 33.003575 30.032159 27.269433 24.731660 22.428559 20.363535 18.534189 16.933037 15.548369 14.365206 13.366254 12.532835 11.845724 11.285865 10.834957 10.475888 10.193026 9.972380 9.801646 9.670155 9.568750 9.489601 9.425991 9.372071 9.322611 9.272739 9.217692 9.152579 9.072152 8.970606 8.841421 8.677239 8.469822 8.210110 7.888399 7.494706 7.019336 6.453692 5.791340 5.029262 4.169191 3.218793 2.192370 1.110736 0.000000 
50.000000 46.285781 42.616404 39.035090 35.581908 32.292439 29.196702 26.318386 23.674439 21.274982 19.123565 17.217689 15.549556 14.106967 12.874317 11.833590 10.965329 10.249508 9.666281 9.196589 8.822618 8.528100 8.298488 8.121001 7.984580 7.879762 7.798498 7.733935 7.680182 7.632055 7.584833 7.534026 7.475141 7.403495 7.314034 7.201210 7.058892 6.880364 6.658394 6.385424 6.053897 5.656731 5.187967 4.643550 4.022213 3.326342 2.562667 1.742588 0.881926 0.000000 
50.000000 46.158415 42.363212 38.659091 35.087496 31.685230 28.483340 25.506329 22.771723 20.289994 18.064812 16.093592 14.368268 12.876225 11.601323 10.524930 9.626924 8.886596 8.283424 7.797707 7.411029 7.106586 6.869357 6.686161 6.545612 6.437996 6.355089 6.289942 6.236644 6.190081 6.145696 6.099264 6.046684 5.983801 5.906251 5.809359 5.688076 5.536982 5.350371 5.122413 4.847437 4.520310 4.136933 3.694806 3.193644 2.635927 2.027306 1.376728 0.696179 0.000000 
50.000000 46.051020 42.149718 38.342045 34.670605 31.173228 27.881829 24.821598 22.010550 19.459449 17.172069 15.145752 13.372206 11.838466 10.527939 9.421476 8.498393 7.737405 7.117424 6.618205 6.220829 5.908040 5.664421 5.476458 5.332497 5.222618 5.138461 5.073007 5.020348 4.975449 4.933914 4.891773 4.845286 4.790775 4.724492 4.642521 4.540736 4.414803 4.260253 4.072627 3.847697 3.581764 3.272025 2.916981 2.516856 2.073948 1.592863 1.080541 0.546035 0.000000 
50.000000 45.961631 41.972019 38.078157 34.323612 30.747071 27.381173 24.251675 21.377003 18.768163 16.429014 14.356839 12.543159 10.974714 9.634538 8.503048 7.559096 6.780918 6.146952 5.636503 5.230237 4.910520 4.661610 4.469719 4.322972 4.211288 4.126199 4.060639 4.008716 3.965474 3.926671 3.888569 3.847750 3.800957 3.744970 3.676523 3.592257 3.488724 3.362448 3.210036 3.028350 2.814733 2.567281 2.285125 1.968717 1.620058 1.242820 0.842340 0.425427 0.000000 
50.000000 45.888247 41.826137 37.861517 34.038747 30.397217 26.970157 23.783796 20.856892 18.200651 15.819004 13.709183 11.862556 10.265622 8.901107 7.749074 6.787992 5.995705 5.350264 4.830604 4.417049 4.091659 3.838427 3.643342 3.494353 3.381248 3.295479 3.229950 3.178788 3.137116 3.100831 3.066400 3.030683 2.990783 2.943927 2.887386 2.818428 2.734318 2.632357 2.509973 2.364842 2.195061 1.999338 1.777194 1.529154 1.256885 0.963274 0.652391 0.329340 0.000000 
50.000000 45.828912 41.708184 37.686353 33.808419 30.114342 26.637831 23.405493 20.436357 17.741791 15.325782 13.185524 11.312259 9.692291 8.308098 7.139457 6.164527 5.360836 4.706120 4.179018 3.759578 3.429614 3.172904 2.975261 2.824492 2.710286 2.624033 2.558616 2.508189 2.467944 2.433899 2.402697 2.371434 2.337512 2.298526 2.252183 2.196252 2.128561 2.047014 1.949658 1.834773 1.700994 1.547446 1.373884 1.180818 0.969606 0.742485 0.502541 0.253593 0.000000 
50.000000 45.781788 41.614507 37.547240 33.625496 29.889686 26.373903 23.105051 20.102375 17.377373 14.934076 12.769645 10.875224 9.236965 7.837146 6.655316 5.669390 4.856643 4.194565 3.661557 3.237449 2.903861 2.644402 2.444745 2.292588 2.177542 2.090951 2.025689 1.975931 1.936933 1.904814 1.876364 1.848872 1.819982 1.787586 1.749735 1.704595 1.650425 1.585591 1.508602 1.418179 1.313339 1.193486 1.058510 0.908871 0.745652 0.570576 0.385976 0.194706 0.000000 
50.000000 45.745216 41.541804 37.439274 33.483530 29.715332 26.169069 22.871879 19.843174 17.094550 14.630075 12.446885 10.536046 8.883591 7.471645 6.279581 5.285122 4.465349 3.797560 3.259971 2.832246 2.495851 2.234267 2.033059 1.879843 1.764170 1.677351 1.612253 1.563075 1.525123 1.494600 1.468413 1.444005 1.419212 1.392157 1.361158 1.324683 1.281321 1.229777 1.168904 1.097740 1.015566 0.921974 0.816930 0.700827 0.574524 0.439346 0.297061 0.149808 0.000000 
50.000000 45.717756 41.487214 37.358207 33.376933 29.584417 26.015267 22.696799 19.648550 16.882191 14.401814 12.204538 10.281373 8.618259 7.197208 5.997460 4.996595 4.171548 3.499471 2.958446 2.528006 2.189509 1.926335 1.723972 1.569971 1.453843 1.366875 1.301930 1.253226 1.216110 1.186850 1.162444 1.140451 1.118856 1.095952 1.070261 1.040473 1.005416 0.964046 0.915460 0.858916 0.793880 0.720065 0.637476 0.546445 0.447653 0.342130 0.231230 0.116579 0.000000 
50.000000 45.698222 41.448383 37.300542 33.301108 29.491293 25.905864 22.572261 19.510109 16.731134 14.239446 12.032152 10.100218 8.429523 7.001996 5.796782 4.791361 3.962562 3.287438 2.743968 2.311600 1.971609 1.707309 1.504128 1.349577 1.233134 1.146072 1.081254 1.032909 0.996417 0.968093 0.945000 0.924783 0.905531 0.885660 0.863835 0.838904 0.809861 0.775835 0.736089 0.690031 0.637248 0.577529 0.510898 0.437637 0.358298 0.273701 0.184913 0.093206 0.000000 
50.000000 45.685710 41.423510 37.263605 33.252538 29.431643 25.835787 22.492489 19.421432 16.634376 14.135443 11.921731 9.984181 8.308630 6.876955 5.668240 4.659901 3.828700 3.151623 2.606589 2.172986 1.832040 1.567019 1.363317 1.208416 1.091777 1.004661 0.939931 0.891828 0.855750 0.828042 0.805812 0.786760 0.769040 0.751151 0.731845 0.710070 0.684929 0.655656 0.621617 0.582315 0.537408 0.486729 0.430312 0.368403 0.301470 0.230200 0.155478 0.078355 0.000000 
50.000000 45.679608 41.411380 37.245591 33.228851 29.402552 25.801610 22.453584 19.378185 16.587188 14.084722 11.867879 9.927591 8.249672 6.815973 5.605551 4.595789 3.763416 3.085387 2.539590 2.105386 1.763974 1.498602 1.294647 1.139577 1.022842 0.935702 0.871018 0.823036 0.787163 0.759762 0.737960 0.719483 0.702521 0.685608 0.667543 0.647322 0.624097 0.597157 0.565915 0.529919 0.488860 0.442594 0.391156 0.334773 0.273874 0.209081 0.141190 0.071147 0.000000 
50.000000 45.679608 41.411380 37.245591 33.228851 29.402552 25.801610 22.453584 19.378185 16.587188 14.084722 11.867879 9.927591 8.249672 6.815973 5.605551 4.595789 3.763416 3.085387 2.539590 2.105386 1.763974 1.498602 1.294647 1.139577 1.022842 0.935702 0.871018 0.823036 0.787163 0.759762 0.737960 0.719483 0.702521 0.685608 0.667543 0.647322 0.624097 0.597157 0.565915 0.529919 0.488860 0.442594 0.391156 0.334773 0.273874 0.209081 0.141190 0.071147 0.000000 
50.000000 45.685710 41.423510 37.263605 33.252538 29.431643 25.835787 22.492489 19.421432 16.634376 14.135443 11.921731 9.984181 8.308630 6.876955 5.668240 4.659901 3.828700 3.151623 2.606589 2.172986 1.832040 1.567019 1.363317 1.208416 1.091777 1.004661 0.939931 0.891828 0.855750 0.828042 0.805812 0.786760 0.769040 0.751151 0.731845 0.710070 0.684929 0.655656 0.621617 0.582315 0.537408 0.486729 0.430312 0.368403 0.301470 0.230200 0.155478 0.078355 0.000000 
50.000000 45.698222 41.448383 37.300542 33.301108 29.491293 25.905864 22.572261 19.510109 16.731134 14.239446 12.032152 10.100218 8.429523 7.001996 5.796782 4.791361 3.962562 3.287438 2.743968 2.311600 1.971609 1.707309 1.504128 1.349577 1.233134 1.146072 1.081254 1.032909 0.996417 0.968093 0.945000 0.924783 0.905531 0.885660 0.863835 0.838904 0.809861 0.775835 0.736089 0.690031 0.637248 0.577529 0.510898 0.437637 0.358298 0.273701 0.184913 0.093206 0.000000 
50.000000 45.717756 41.487214 37.358207 33.376933 29.584417 26.015267 22.696799 19.648550 16.882191 14.401814 12.204538 10.281373 8.618259 7.197208 5.997460 4.996595 4.171548 3.499471 2.958446 2.528006 2.189509 1.926335 1.723972 1.569971 1.453843 1.366875 1.301930 1.253226 1.216110 1.186850 1.162444 1.140451 1.118856 1.095952 1.070261 1.040473 1.005416 0.964046 0.915460 0.858916 0.793880 0.720065 0.637476 0.546445 0.447653 0.342130 0.231230 0.116579 0.000000 
50.000000 45.745216 41.541804 37.439274 33.483530 29.715332 26.169069 22.871879 19.843174 17.094550 14.630075 12.446885 10.536046 8.883591 7.471645 6.279581 5.285122 4.465349 3.797560 3.259971 2.832246 2.495851 2.234267 2.033059 1.879843 1.764170 1.677351 1.612253 1.563075 1.525123 1.494600 1.468413 1.444005 1.419212 1.392157 1.361158 1.324683 1.281321 1.229777 1.168904 1.097740 1.015566 0.921974 0.816930 0.700827 0.574524 0.439346 0.297061 0.149808 0.000000 
50.000000 45.781788 41.614507 37.547240 33.625496 29.889686 26.373903 23.105051 20.102375 17.377373 14.934076 12.769645 10.875224 9.236965 7.837146 6.655316 5.669390 4.856643 4.194565 3.661557 3.237449 2.903861 2.644402 2.444745 2.292588 2.177542 2.090951 2.025689 1.975931 1.936933 1.904814 1.876364 1.848872 1.819982 1.787586 1.749735 1.704595 1.650425 1.585591 1.508602 1.418179 1.313339 1.193486 1.058510 0.908871 0.745652 0.570576 0.385976 0.194706 0.000000 
50.000000 45.828912 41.708184 37.686353 33.808419 30.114342 26.637831 23.405493 20.436357 17.741791 15.325782 13.185524 11.312259 9.692291 8.308098 7.139457 6.164527 5.360836 4.706120 4.179018 3.759578 3.429614 3.172904 2.975261 2.824492 2.710286 2.624033 2.558616 2.508189 2.467944 2.433899 2.402697 2.371434 2.337512 2.298526 2.252183 2.196252 2.128561 2.047014 1.949658 1.834773 1.700994 1.547446 1.373884 1.180818 0.969606 0.742485 0.502541 0.253593 0.000000 
50.000000 45.888247 41.826137 37.861517 34.038747 30.397217 26.970157 23.783796 20.856892 18.200651 15.819004 13.709183 11.862556 10.265622 8.901107 7.749074 6.787992 5.995705 5.350264 4.830604 4.417049 4.091659 3.838427 3.643342 3.494353 3.381248 3.295479 3.229950 3.178788 3.137116 3.100831 3.066400 3.030683 2.990783 2.943927 2.887386 2.818428 2.734318 2.632357 2.509973 2.364842 2.195061 1.999338 1.777194 1.529154 1.256885 0.963274 0.652391 0.329340 0.000000 
50.000000 45.961631 41.972019 38.078157 34.323612 30.747071 27.381173 24.251675 21.377003 18.768163 16.429014 14.356839 12.543159 10.974714 9.634538 8.503048 7.559096 6.780918 6.146952 5.636503 5.230237 4.910520 4.661610 4.469719 4.322972 4.211288 4.126199 4.060639 4.008716 3.965474 3.926671 3.888569 3.847750 3.800957 3.744970 3.676523 3.592257 3.488724 3.362448 3.210036 3.028350 2.814733 2.567281 2.285125 1.968717 1.620058 1.242820 0.842340 0.425427 0.000000 
50.000000 46.051020 42.149718 38.342045 34.670605 31.173228 27.881829 24.821598 22.010550 19.459449 17.172069 15.145752 13.372206 11.838466 10.527939 9.421476 8.498393 7.737405 7.117424 6.618205 6.220829 5.908040 5.664421 5.476458 5.332497 5.222618 5.138461 5.073007 5.020348 4.975449 4.933914 4.891773 4.845286 4.790775 4.724492 4.642521 4.540736 4.414803 4.260253 4.072627 3.847697 3.581764 3.272025 2.916981 2.516856 2.073948 1.592863 1.080541 0.546035 0.000000 
50.000000 46.158415 42.363212 38.659091 35.087496 31.685230 28.483340 25.506329 22.771723 20.289994 18.064812 16.093592 14.368268 12.876225 11.601323 10.524930 9.626924 8.886596 8.283424 7.797707 7.411029 7.106586 6.869357 6.686161 6.545612 6.437996 6.355089 6.289942 6.236644 6.190081 6.145696 6.099264 6.046684 5.983801 5.906251 5.809359 5.688076 5.536982 5.350371 5.122413 4.847437 4.520310 4.136933 3.694806 3.193644 2.635927 2.027306 1.376728 0.696179 0.000000 
50.000000 46.285781 42.616404 39.035090 35.581908 32.292439 29.196702 26.318386 23.674439 21.274982 19.123565 17.217689 15.549556 14.106967 12.874317 11.833590 10.965329 10.249508 9.666281 9.196589 8.822618 8.528100 8.298488 8.121001 7.984580 7.879762 7.798498 7.733935 7.680182 7.632055 7.584833 7.534026 7.475141 7.403495 7.314034 7.201210 7.058892 6.880364 6.658394 6.385424 6.053897 5.656731 5.187967 4.643550 4.022213 3.326342 2.562667 1.742588 0.881926 0.000000 
50.000000 46.434945 42.912931 39.475443 36.160940 33.003575 30.032159 27.269433 24.731660 22.428559 20.363535 18.534189 16.933037 15.548369 14.365206 13.366254 12.532835 11.845724 11.285865 10.834957 10.475888 10.193026 9.972380 9.801646 9.670155 9.568750 9.489601 9.425991 9.372071 9.322611 9.272739 9.217692 9.152579 9.072152 8.970606 8.841421 8.677239 8.469822 8.210110 7.888399 7.494706 7.019336 6.453692 5.791340 5.029262 4.169191 3.218793 2.192370 1.110736 0.000000 
50.000000 46.607499 43.255955 39.984846 36.830768 33.826221 30.998622 28.369611 25.954665 23.763029 21.797947 20.057134 18.533468 17.215807 16.089894 15.139273 14.346166 13.692274 13.159459 12.730297 12.388492 12.119149 11.908929 11.746084 11.620407 11.523108 11.446630 11.384435 11.330758 11.280352 11.228220 11.169348 11.098450 11.009705 10.896529 10.751359 10.565483 10.328947 10.030547 9.657980 9.198204 8.638070 7.965304 7.169891 6.245831 5.193175 4.020000 2.743862 1.392039 0.000000 
50.000000 46.804688 43.647953 40.566975 37.596226 34.766316 32.103068 29.626863 27.352280 25.288026 23.437156 21.797519 20.362405 19.121321 18.060836 17.165450 16.418416 15.802495 15.300599 14.896307 14.574258 14.320405 14.122157 13.968413 13.849505 13.757077 13.683907 13.623690 13.570795 13.520003 13.466237 13.404274 13.328469 13.232459 13.108888 12.949133 12.743060 12.478840 12.142852 11.719739 11.192698 10.544117 9.756684 8.815097 7.708464 6.433317 4.996903 3.420017 1.738193 0.000000 
50.000000 47.027308 44.090504 41.224180 38.460404 35.827654 33.349954 31.046264 28.930147 27.009705 25.287779 23.762369 22.427231 21.272602 20.285988 19.452966 18.757955 18.184913 17.717936 17.341741 17.042025 16.805703 16.621037 16.477662 16.366532 16.279803 16.210652 16.153072 16.101627 16.051190 15.996667 15.932697 15.853349 15.751794 15.619974 15.448259 15.225109 14.936763 14.566996 14.097002 13.505518 12.769336 11.864406 10.767815 9.460872 7.933455 6.189360 4.251666 2.166149 0.000000 
50.000000 47.275609 44.584110 41.957203 39.424277 37.011432 34.740685 32.629413 30.690046 28.930009 27.351905 25.953900 24.730275 23.672079 22.767862 22.004405 21.367425 20.842218 20.414204 20.069369 19.794594 19.577872 19.408422 19.276712 19.174406 19.094247 19.029887 18.975688 18.926483 18.877316 18.823163 18.758625 18.677600 18.572926 18.435989 18.256306 18.021067 17.714673 17.318277 16.809405 16.161759 15.345395 14.327579 13.074755 11.556206 9.749976 7.651239 5.282196 2.700420 0.000000 
50.000000 47.549221 45.128030 42.764943 40.486399 38.315875 36.273178 34.373939 32.629339 31.046058 29.626438 28.368830 27.268086 26.316157 25.502740 24.815943 24.242917 23.770432 23.385367 23.075110 22.827850 22.632773 22.480161 22.361410 22.268980 22.196283 22.137526 22.087518 22.041444 21.994612 21.942180 21.878841 21.798482 21.693802 21.555865 21.373606 21.133251 20.817667 20.405641 19.871127 19.182550 18.302356 17.187171 15.789203 14.059902 11.957261 9.458145 6.575777 3.378645 0.000000 
50.000000 47.847091 45.720174 43.644299 41.642690 39.735973 37.941545 36.273139 34.740577 33.349726 32.102644 30.997881 30.030917 29.194680 28.480118 27.876784 27.373390 26.958310 26.620017 26.347425 26.130151 25.958685 25.824474 25.719935 25.638411 25.574064 25.521736 25.476765 25.434780 25.391461 25.342272 25.282159 25.205203 25.104217 24.970272 24.792125 24.555532 24.242406 23.829802 23.288706 22.582656 21.666305 20.484253 18.970878 17.052603 14.655198 11.719923 8.232347 4.262644 0.000000 
50.000000 48.167464 46.357053 44.590087 42.886336 41.263356 39.735954 38.315821 37.011316 35.827434 34.765927 33.825560 33.002485 32.290682 31.682447 31.168887 30.740391 30.387064 30.099089 29.867027 29.682036 29.536010 29.421657 29.332505 29.262859 29.207713 29.162619 29.123532 29.086618 29.048039 29.003711 28.949010 28.878447 28.785261 28.660935 28.494587 28.272195 27.975606 27.581244 27.058424 26.367173 25.455498 24.256169 22.683513 20.631731 17.978365 14.600438 10.415781 5.462089 0.000000 
50.000000 48.507888 47.033789 45.595066 44.207814 42.886328 41.642665 40.486344 39.424170 38.460212 37.595894 36.830213 36.160034 35.580457 35.085207 34.667044 34.318140 34.030438 33.795943 33.606968 33.456306 33.337354 33.244164 33.171454 33.114567 33.069401 33.032293 32.999893 32.968998 32.936368 32.898510 32.851425 32.790305 32.709158 32.600347 32.453984 32.257139 31.992772 31.638260 31.163347 30.527240 29.674499 28.529275 26.987590 24.908041 22.103932 18.346876 13.408111 7.189982 0.000000 
50.000000 48.865254 47.744207 46.650063 45.595063 44.590077 43.644275 42.764896 41.957115 41.224027 40.566715 39.984416 39.474745 39.033977 38.657338 38.339323 38.073978 37.855175 37.676833 37.533103 37.418504 37.328009 37.257089 37.201719 37.158347 37.123833 37.095370 37.070373 37.046354 37.020777 36.990878 36.953465 36.904661 36.839591 36.751978 36.633608 36.473606 36.257414 35.965339 35.570392 35.035029 34.306103 33.306892 31.924440 29.989694 27.248222 23.325042 17.713489 9.906669 0.000000 
50.000000 49.235880 48.480985 47.744206 47.033786 46.357044 45.720156 45.127996 44.584049 44.090398 43.647774 43.255663 42.912458 42.615650 42.362027 42.147878 41.969197 41.821855 41.701758 41.604965 41.527785 41.466831 41.419050 41.381728 41.352467 41.329145 41.309857 41.292846 41.276410 41.258804 41.238113 41.212109 41.178069 41.132542 41.071055 40.987707 40.874607 40.721071 40.512420 40.228146 39.838974 39.302002 38.552312 37.487866 35.941298 33.625696 30.030730 24.240496 14.736466 0.000000 
50.000000 49.615620 49.235880 48.865253 48.507886 48.167460 47.847082 47.549203 47.275578 47.027254 46.804597 46.607350 46.434706 46.285400 46.157818 46.050093 45.960209 45.886090 45.825675 45.776982 45.738155 45.707487 45.683444 45.664659 45.649922 45.638165 45.628425 45.619812 45.611463 45.602488 45.591906 45.578573 45.561081 45.537643 45.505929 45.462850 45.404251 45.324464 45.215623 45.066599 44.861225 44.575233 44.170604 43.584466 42.705388 41.317915 38.958591 34.499418 24.807811 0.000000 
50.000000 50.000000 50.000000 50.000000 50.000000 50.000000 50.000000 50.000000 50.000000 50.000000 50.000000 50.000000 50.000000 50.000000 50.000000 50.000000 50.000000 50.000000 50.000000 50.000000 50.000000 50.000000 50.000000 50.000000 50.000000 50.000000 50.000000 50.000000 50.000000 50.000000 50.000000 50.000000 50.000000 50.000000 50.000000 50.000000 50.000000 50.000000 50.000000 50.000000 50.000000 50.000000 50.000000 50.000000 50.000000 50.000000 50.000000 50.000000 50.000000 50.000000 
