50.000000 50.000000 50.000000 50.000000 50.000000 50.000000 50.000000 50.000000 50.000000 50.000000 50.000000 50.000000 50.000000 50.000000 50.000000 50.000000 50.000000 50.000000 50.000000 50.000000 50.000000 50.000000 50.000000 50.000000 50.000000 50.000000 50.000000 50.000000 50.000000 50.000000 50.000000 50.000000 50.000000 50.000000 50.000000 50.000000 50.000000 50.000000 50.000000 50.000000 50.000000 50.000000 50.000000 50.000000 50.000000 50.000000 50.000000 50.000000 50.000000 50.000000 
50.000000 49.676817 49.356914 49.043473 48.739479 48.447638 48.170306 47.909433 47.666526 47.442638 47.238364 47.053869 46.888916 46.742917 46.614988 46.504009 46.408683 46.327597 46.259275 46.202226 46.154982 46.116128 46.084318 46.058292 46.036869 46.018944 46.003465 45.989413 45.975762 45.961437 45.945258 45.925871 45.901654 45.870606 45.830190 45.777122 45.707065 45.614191 45.490506 45.324782 45.100797 44.794265 44.367208 43.756836 42.851859 41.437006 39.049057 34.560287 24.838415 0.000000 
50.000000 49.356915 48.720358 48.096658 47.491757 46.911039 46.359192 45.840094 45.356747 44.911244 44.504771 44.137655 43.809424 43.518909 43.264352 43.043523 42.853841 42.692496 42.556553 42.443043 42.349048 42.271752 42.208482 42.156733 42.114160 42.078569 42.047880 42.020077 41.993137 41.964949 41.933203 41.895255 41.847959 41.787444 41.708827 41.605820 41.470176 41.290896 41.053046 40.735925 40.310145 39.732778 38.938975 37.826869 36.229363 33.859914 30.208650 24.360207 14.796654 0.000000 
50.000000 49.043477 48.096663 47.168974 46.269245 45.405487 44.584670 43.812565 43.093637 42.430997 41.826412 41.280365 40.792157 40.360049 39.981425 39.652968 39.370843 39.130869 38.928681 38.759869 38.620092 38.505166 38.411124 38.334244 38.271055 38.218307 38.172931 38.131959 38.092430 38.051268 38.005124 37.950197 37.881986 37.795000 37.682359 37.535283 37.342373 37.088615 36.753936 36.311069 35.722302 34.934450 33.870892 32.418919 30.409872 27.589856 23.584560 17.888101 9.994461 0.000000 
50.000000 48.739490 47.491775 46.269261 45.083595 43.945332 42.863656 41.846174 40.898768 40.025540 39.228817 38.509236 37.865876 37.296447 36.797500 36.364667 35.992894 35.676673 35.410256 35.187832 35.003688 34.852319 34.728506 34.627360 34.544327 34.475156 34.415842 34.362531 34.311402 34.258511 34.199606 34.129894 34.043760 33.934412 33.793437 33.610211 33.371132 33.058567 32.649408 32.113037 31.408446 30.480145 29.252413 27.621587 25.446771 22.541957 18.679614 13.631988 7.302543 0.000000 
50.000000 48.447662 46.911082 45.405537 43.945372 42.543583 41.211484 39.958439 38.791696 37.716303 36.735130 35.848957 35.056655 34.355400 33.740949 33.207921 32.750096 32.360693 32.032636 31.758777 31.532085 31.345794 31.193493 31.069184 30.967290 30.882621 30.810304 30.745682 30.684165 30.621064 30.551370 30.469502 30.368997 30.242131 30.079452 29.869195 29.596532 29.242604 28.783248 28.187348 27.414672 26.413168 25.115754 23.437133 21.272105 18.499032 14.995952 10.681895 5.595887 0.000000 
50.000000 48.170352 46.359277 44.584782 42.863772 41.211568 39.641504 38.164617 36.789448 35.521950 34.365503 33.321030 32.387196 31.560679 30.836475 30.208245 29.668660 29.209733 28.823127 28.500425 28.233355 28.013953 27.834687 27.688520 27.568919 27.469828 27.385588 27.310822 27.240281 27.168654 27.090341 26.999180 26.888134 26.748911 26.571512 26.343686 26.050267 25.672362 25.186361 24.562758 23.764794 22.747051 21.454300 19.821335 17.775259 15.242761 12.166252 8.532650 4.413632 0.000000 
50.000000 47.909514 45.840249 43.812779 41.846419 39.958675 38.164781 36.477348 34.906135 33.457944 32.136636 30.943268 29.876314 28.931978 28.104547 27.386780 26.770305 26.246001 25.804350 25.435747 25.130751 24.880286 24.675774 24.509211 24.373189 24.260864 24.165873 24.082213 24.004082 23.925679 23.840970 23.743416 23.625664 23.479186 23.293867 23.057530 22.755389 22.369422 21.877689 21.253602 20.465260 19.475029 18.239713 16.711976 14.843999 12.594776 9.942418 6.901608 3.542468 0.000000 
50.000000 47.666663 45.357013 43.094013 40.899223 38.792182 36.789893 34.906435 33.152699 31.536276 30.061479 28.729485 27.538595 26.484570 25.561037 24.759916 24.071867 23.486714 22.993843 22.582545 22.242298 21.962997 21.735099 21.549718 21.398650 21.274343 21.169816 21.078536 20.994250 20.910790 20.821836 20.720654 20.599798 20.450789 20.263744 20.026990 19.726636 19.346135 18.865863 18.262768 17.510204 16.578137 15.434019 14.044769 12.380438 10.420118 8.160293 5.624699 2.872625 0.000000 
50.000000 47.442861 44.911680 42.431625 40.026322 37.717185 35.522849 33.458741 31.536799 29.765342 28.149096 26.689353 25.384251 24.229147 23.217057 22.339130 21.585134 20.943925 20.403881 19.953277 19.580604 19.274812 19.025484 18.822933 18.658241 18.523229 18.410384 18.312728 18.223660 18.136751 18.045526 17.943208 17.822445 17.675021 17.491546 17.261144 16.971146 16.606805 16.151085 15.584580 14.885663 14.031025 12.996806 11.760573 10.304420 8.619297 6.710337 4.602190 2.342386 0.000000 
50.000000 47.238718 44.505466 41.827422 39.230099 36.736619 34.367106 32.138218 30.062847 28.149976 26.404709 24.828441 23.419163 22.171863 21.079002 20.131025 19.316890 18.624569 18.041523 17.555107 17.152914 16.823043 16.554285 16.336238 16.159350 16.014899 15.894914 15.792059 15.699465 15.610545 15.518771 15.417446 15.299447 15.156979 14.981312 14.762544 14.489386 14.149002 13.726945 13.207241 12.572717 11.805654 10.888921 9.807695 8.551866 7.119032 5.517780 3.770471 1.914395 0.000000 
50.000000 47.054417 44.138735 41.281946 38.511266 35.851361 33.323698 30.946048 28.732161 26.691623 24.829877 23.148413 21.645088 20.314558 19.148783 18.137575 17.269158 16.530713 15.908872 15.390163 14.961375 14.609844 14.323656 14.091776 13.904097 13.751425 13.625411 13.518428 13.423420 13.333714 13.242817 13.144196 13.031055 12.896112 12.731393 12.528042 12.276185 11.964855 11.582019 11.114760 10.549657 9.873449 9.074034 8.141861 7.071692 5.864621 4.530034 3.087020 1.564571 0.000000 
50.000000 46.889750 43.811073 40.794581 37.869012 35.060412 32.391448 29.880883 27.543239 25.388635 23.422820 21.647370 20.060021 18.655132 17.424217 16.356522 15.439620 14.659981 14.003503 13.455979 13.003481 12.632669 12.331011 12.086915 11.889794 11.730054 11.599028 11.488868 11.392387 11.302891 11.213980 11.119345 11.012570 10.886937 10.735252 10.549707 10.321789 10.042259 9.701238 9.288412 8.793423 8.206457 7.519078 6.725290 5.822804 4.814353 3.708856 2.522088 1.276511 0.000000 
50.000000 46.744167 43.521386 40.363701 37.301196 34.361134 31.567246 28.939172 26.492115 24.236667 22.178848 20.320305 18.658674 17.188049 15.899550 14.781924 13.822166 13.006124 12.319048 11.746080 11.272667 10.884876 10.569633 10.314866 10.109575 9.943829 9.808705 9.696182 9.598996 9.510473 9.424346 9.334566 9.235118 9.119854 8.982347 8.815779 8.612888 8.365979 8.067019 7.707857 7.280564 6.777939 6.194160 5.525585 4.771628 3.935618 3.025467 2.053961 1.038476 0.000000 
50.000000 46.616839 43.268022 39.986847 36.804575 33.749537 30.846388 28.115541 25.572790 23.229144 21.090857 19.159644 17.433047 15.904932 14.566075 13.404785 12.407556 11.559691 10.845873 10.250681 9.759016 9.356433 9.029390 8.765403 8.553122 8.382335 8.243912 8.129705 8.032409 7.945402 7.862572 7.778138 7.686490 7.582027 7.459037 7.311610 7.133596 6.918628 6.660227 6.351988 5.987880 5.562644 5.072301 4.514729 3.890269 3.202274 2.457492 1.666156 0.841695 0.000000 
50.000000 46.506716 43.048894 39.660917 36.375063 33.220584 30.222940 27.403207 24.777694 22.357769 20.149891 18.155829 16.373047 14.795215 13.412808 12.213761 11.184134 10.308758 9.571830 8.957443 8.450029 8.034702 7.697524 7.425659 7.207464 7.032497 6.891462 6.776119 6.679149 6.594000 6.514724 6.435809 6.352021 6.258271 6.149496 6.020585 5.866350 5.681549 5.460973 5.199612 4.892888 4.536972 4.129163 3.668299 3.155175 2.592882 1.987028 1.345732 0.679364 0.000000 
50.000000 46.412600 42.861618 39.382363 36.007983 32.768518 29.690115 26.794417 24.098173 21.613058 19.345704 17.297930 15.467133 13.846813 12.427191 11.195881 10.138573 9.239696 8.483032 7.852262 7.331418 6.905243 6.559460 6.280943 6.057804 5.879411 5.736341 5.620289 5.523939 5.440820 5.365145 5.291652 5.215458 5.131928 5.036571 4.924969 4.792744 4.635585 4.449310 4.229999 3.974179 3.679062 3.342822 2.964888 2.546223 2.089541 1.599418 1.082253 0.546047 0.000000 
50.000000 46.333208 42.703641 39.147388 35.698331 32.387177 29.240649 26.280871 23.524962 20.984856 18.667333 16.574252 14.702953 13.046794 11.595783 10.337263 9.256610 8.337917 7.564619 6.920046 6.387897 5.952605 5.599612 5.315549 5.088327 4.907164 4.762535 4.646092 4.550535 4.469475 4.397275 4.328903 4.259784 4.185684 4.102599 4.006695 3.894270 3.761767 3.605818 3.423351 3.211720 2.968889 2.693624 2.385705 2.046105 1.677128 1.282465 0.867133 0.437304 0.000000 
50.000000 46.267236 42.572366 38.952131 35.441020 32.070294 28.867157 25.854130 23.048643 20.462842 18.103630 15.972901 14.067948 12.382010 10.904919 9.623790 8.523745 7.588593 6.801481 6.145453 5.603931 5.161090 4.802143 4.513521 4.282977 4.099603 3.953802 3.837194 3.742504 3.663418 3.594437 3.530730 3.467990 3.402320 3.330129 3.248063 3.152971 3.041896 2.912112 2.761191 2.587104 2.388351 2.164098 1.914317 1.639914 1.342804 1.025936 0.693237 0.349467 0.000000 
50.000000 46.213415 42.465271 38.792838 35.231103 31.811778 28.562458 25.505992 22.660058 20.036979 17.643758 15.482316 13.549909 11.839679 10.341313 9.041744 7.925881 6.977308 6.178934 5.513572 4.964417 4.515439 4.151663 3.859361 3.626157 3.441051 3.294384 3.177760 3.083929 3.006647 2.940535 2.880930 2.823753 2.765385 2.702573 2.632353 2.552009 2.459059 2.351267 2.226696 2.083770 1.921367 1.738915 1.536490 1.314892 1.075693 0.821242 0.554612 0.279488 0.000000 
50.000000 46.170565 42.380006 38.666015 35.063976 31.605958 28.319870 25.228819 22.350683 19.697925 17.277628 15.091735 13.137470 11.407902 9.892598 8.578350 7.449897 6.490642 5.683308 5.010522 4.455302 4.001452 3.633851 3.338647 3.103363 2.916925 2.769634 2.653082 2.560042 2.484331 2.420670 2.364537 2.312034 2.259770 2.204757 2.144340 2.076142 1.998043 1.908181 1.804980 1.687193 1.553963 1.404890 1.240094 1.060263 0.866686 0.661236 0.446335 0.224855 0.000000 
50.000000 46.137637 42.314484 38.568557 34.935545 31.447794 28.133451 25.015823 22.112941 19.437377 16.996274 14.791591 12.820531 11.076102 9.547784 8.222257 7.084131 6.116670 5.302455 4.623968 4.064094 3.606510 3.235984 2.938569 2.701711 2.514283 2.366554 2.250111 2.157748 2.083333 2.021665 1.968331 1.919578 1.872188 1.823378 1.770728 1.712114 1.645687 1.569860 1.483317 1.385043 1.274364 1.150988 1.015049 0.867137 0.708311 0.540088 0.364401 0.183529 0.000000 
50.000000 46.113749 42.266950 38.497855 34.842374 31.333051 27.998211 24.861302 21.940469 19.248359 16.792161 14.573848 12.590604 10.835394 9.297636 7.963926 6.818784 5.845372 5.026167 4.343548 3.780302 3.320015 2.947375 2.648366 2.410380 2.222253 2.074231 1.957900 1.866070 1.792645 1.732485 1.681258 1.635316 1.591566 1.547377 1.500492 1.448973 1.391159 1.325655 1.251325 1.167312 1.073060 0.968347 0.853305 0.728444 0.594656 0.453199 0.305663 0.153911 0.000000 
50.000000 46.098214 42.236039 38.451879 34.781786 31.258437 27.910268 24.760821 21.828314 19.125446 16.659432 14.432256 12.441088 10.678868 9.134972 7.795942 6.646238 5.668957 4.846507 4.161204 3.595767 3.133725 2.759714 2.459674 2.220962 2.032388 1.884188 1.767945 1.676481 1.603725 1.544575 1.494754 1.450682 1.409350 1.368220 1.325146 1.278305 1.226159 1.167432 1.101102 1.026409 0.942870 0.850300 0.748828 0.638907 0.521319 0.397156 0.267790 0.134817 0.000000 
50.000000 46.090566 42.220820 38.429242 34.751956 31.221700 27.866969 24.711349 21.773094 19.064929 16.594083 14.362542 12.367474 10.601803 9.054884 7.713235 6.561285 5.582099 4.758053 4.071428 3.504913 3.042008 2.667323 2.366777 2.127709 1.938919 1.790635 1.674440 1.583161 1.510742 1.452098 1.402981 1.359842 1.319714 1.280108 1.238929 1.194410 1.145074 1.089702 1.027328 0.957237 0.878982 0.792393 0.697594 0.595014 0.485379 0.369698 0.249237 0.125465 0.000000 
50.000000 46.090566 42.220820 38.429242 34.751956 31.221700 27.866969 24.711349 21.773094 19.064929 16.594083 14.362542 12.367474 10.601803 9.054884 7.713235 6.561285 5.582099 4.758053 4.071428 3.504913 3.042008 2.667323 2.366777 2.127709 1.938919 1.790635 1.674440 1.583161 1.510742 1.452098 1.402981 1.359842 1.319714 1.280108 1.238929 1.194410 1.145074 1.089702 1.027328 0.957237 0.878982 0.792393 0.697594 0.595014 0.485379 0.369698 0.249237 0.125465 0.000000 
50.000000 46.098214 42.236039 38.451879 34.781786 31.258437 27.910268 24.760821 21.828314 19.125446 16.659432 14.432256 12.441088 10.678868 9.134972 7.795942 6.646238 5.668957 4.846507 4.161204 3.595767 3.133725 2.759714 2.459674 2.220962 2.032388 1.884188 1.767945 1.676481 1.603725 1.544575 1.494754 1.450682 1.409350 1.368220 1.325146 1.278305 1.226159 1.167432 1.101102 1.026409 0.942870 0.850300 0.748828 0.638907 0.521319 0.397156 0.267790 0.134817 0.000000 
50.000000 46.113749 42.266950 38.497855 34.842374 31.333051 27.998211 24.861302 21.940469 19.248359 16.792161 14.573848 12.590604 10.835394 9.297636 7.963926 6.818784 5.845372 5.026167 4.343548 3.780302 3.320015 2.947375 2.648366 2.410380 2.222253 2.074231 1.957900 1.866070 1.792645 1.732485 1.681258 1.635316 1.591566 1.547377 1.500492 1.448973 1.391159 1.325655 1.251325 1.167312 1.073060 0.968347 0.853305 0.728444 0.594656 0.453199 0.305663 0.153911 0.000000 
50.000000 46.137637 42.314484 38.568557 34.935545 31.447794 28.133451 25.015823 22.112941 19.437377 16.996274 14.791591 12.820531 11.076102 9.547784 8.222257 7.084131 6.116670 5.302455 4.623968 4.064094 3.606510 3.235984 2.938569 2.701711 2.514283 2.366554 2.250111 2.157748 2.083333 2.021665 1.968331 1.919578 1.872188 1.823378 1.770728 1.712114 1.645687 1.569860 1.483317 1.385043 1.274364 1.150988 1.015049 0.867137 0.708311 0.540088 0.364401 0.183529 0.000000 
50.000000 46.170565 42.380006 38.666015 35.063976 31.605958 28.319870 25.228819 22.350683 19.697925 17.277628 15.091735 13.137470 11.407902 9.892598 8.578350 7.449897 6.490642 5.683308 5.010522 4.455302 4.001452 3.633851 3.338647 3.103363 2.916925 2.769634 2.653082 2.560042 2.484331 2.420670 2.364537 2.312034 2.259770 2.204757 2.144340 2.076142 1.998043 1.908181 1.804980 1.687193 1.553963 1.404890 1.240094 1.060263 0.866686 0.661236 0.446335 0.224855 0.000000 
50.000000 46.213415 42.465271 38.792838 35.231103 31.811778 28.562458 25.505992 22.660058 20.036979 17.643758 15.482316 13.549909 11.839679 10.341313 9.041744 7.925881 6.977308 6.178934 5.513572 4.964417 4.515439 4.151663 3.859361 3.626157 3.441051 3.294384 3.177760 3.083929 3.006647 2.940535 2.880930 2.823753 2.765385 2.702573 2.632353 2.552009 2.459059 2.351267 2.226696 2.083770 1.921367 1.738915 1.536490 1.314892 1.075693 0.821242 0.554612 0.279488 0.000000 
50.000000 46.267236 42.572366 38.952131 35.441020 32.070294 28.867157 25.854130 23.048643 20.462842 18.103630 15.972901 14.067948 12.382010 10.904919 9.623790 8.523745 7.588593 6.801481 6.145453 5.603931 5.161090 4.802143 4.513521 4.282977 4.099603 3.953802 3.837194 3.742504 3.663418 3.594437 3.530730 3.467990 3.402320 3.330129 3.248063 3.152971 3.041896 2.912112 2.761191 2.587104 2.388351 2.164098 1.914317 1.639914 1.342804 1.025936 0.693237 0.349467 0.000000 
50.000000 46.333208 42.703641 39.147388 35.698331 32.387177 29.240649 26.280871 23.524962 20.984856 18.667333 16.574252 14.702953 13.046794 11.595783 10.337263 9.256610 8.337917 7.564619 6.920046 6.387897 5.952605 5.599612 5.315549 5.088327 4.907164 4.762535 4.646092 4.550535 4.469475 4.397275 4.328903 4.259784 4.185684 4.102599 4.006695 3.894270 3.761767 3.605818 3.423351 3.211720 2.968889 2.693624 2.385705 2.046105 1.677128 1.282465 0.867133 0.437304 0.000000 
50.000000 46.412600 42.861618 39.382363 36.007983 32.768518 29.690115 26.794417 24.098173 21.613058 19.345704 17.297930 15.467133 13.846813 12.427191 11.195881 10.138573 9.239696 8.483032 7.852262 7.331418 6.905243 6.559460 6.280943 6.057804 5.879411 5.736341 5.620289 5.523939 5.440820 5.365145 5.291652 5.215458 5.131928 5.036571 4.924969 4.792744 4.635585 4.449310 4.229999 3.974179 3.679062 3.342822 2.964888 2.546223 2.089541 1.599418 1.082253 0.546047 0.000000 
50.000000 46.506716 43.048894 39.660917 36.375063 33.220584 30.222940 27.403207 24.777694 22.357769 20.149891 18.155829 16.373047 14.795215 13.412808 12.213761 11.184134 10.308758 9.571830 8.957443 8.450029 8.034702 7.697524 7.425659 7.207464 7.032497 6.891462 6.776119 6.679149 6.594000 6.514724 6.435809 6.352021 6.258271 6.149496 6.020585 5.866350 5.681549 5.460973 5.199612 4.892888 4.536972 4.129163 3.668299 3.155175 2.592882 1.987028 1.345732 0.679364 0.000000 
50.000000 46.616839 43.268022 39.986847 36.804575 33.749537 30.846388 28.115541 25.572790 23.229144 21.090857 19.159644 17.433047 15.904932 14.566075 13.404785 12.407556 11.559691 10.845873 10.250681 9.759016 9.356433 9.029390 8.765403 8.553122 8.382335 8.243912 8.129705 8.032409 7.945402 7.862572 7.778138 7.686490 7.582027 7.459037 7.311610 7.133596 6.918628 6.660227 6.351988 5.987880 5.562644 5.072301 4.514729 3.890269 3.202274 2.457492 1.666156 0.841695 0.000000 
50.000000 46.744167 43.521386 40.363701 37.301196 34.361134 31.567246 28.939172 26.492115 24.236667 22.178848 20.320305 18.658674 17.188049 15.899550 14.781924 13.822166 13.006124 12.319048 11.746080 11.272667 10.884876 10.569633 10.314866 10.109575 9.943829 9.808705 9.696182 9.598996 9.510473 9.424346 9.334566 9.235118 9.119854 8.982347 8.815779 8.612888 8.365979 8.067019 7.707857 7.280564 6.777939 6.194160 5.525585 4.771628 3.935618 3.025467 2.053961 1.038476 0.000000 
50.000000 46.889750 43.811073 40.794581 37.869012 35.060412 32.391448 29.880883 27.543239 25.388635 23.422820 21.647370 20.060021 18.655132 17.424217 16.356522 15.439620 14.659981 14.003503 13.455979 13.003481 12.632669 12.331011 12.086915 11.889794 11.730054 11.599028 11.488868 11.392387 11.302891 11.213980 11.119345 11.012570 10.886937 10.735252 10.549707 10.321789 10.042259 9.701238 9.288412 8.793423 8.206457 7.519078 6.725290 5.822804 4.814353 3.708856 2.522088 1.276511 0.000000 
50.000000 47.054417 44.138735 41.281946 38.511266 35.851361 33.323698 30.946048 28.732161 26.691623 24.829877 23.148413 21.645088 20.314558 19.148783 18.137575 17.269158 16.530713 15.908872 15.390163 14.961375 14.609844 14.323656 14.091776 13.904097 13.751425 13.625411 13.518428 13.423420 13.333714 13.242817 13.144196 13.031055 12.896112 12.731393 12.528042 12.276185 11.964855 11.582019 11.114760 10.549657 9.873449 9.074034 8.141861 7.071692 5.864621 4.530034 3.087020 1.564571 0.000000 
50.000000 47.238718 44.505466 41.827422 39.230099 36.736619 34.367106 32.138218 30.062847 28.149976 26.404709 24.828441 23.419163 22.171863 21.079002 20.131025 19.316890 18.624569 18.041523 17.555107 17.152914 16.823043 16.554285 16.336238 16.159350 16.014899 15.894914 15.792059 15.699465 15.610545 15.518771 15.417446 15.299447 15.156979 14.981312 14.762544 14.489386 14.149002 13.726945 13.207241 12.572717 11.805654 10.888921 9.807695 8.551866 7.119032 5.517780 3.770471 1.914395 0.000000 
50.000000 47.442861 44.911680 42.431625 40.026322 37.717185 35.522849 33.458741 31.536799 29.765342 28.149096 26.689353 25.384251 24.229147 23.217057 22.339130 21.585134 20.943925 20.403881 19.953277 19.580604 19.274812 19.025484 18.822933 18.658241 18.523229 18.410384 18.312728 18.223660 18.136751 18.045526 17.943208 17.822445 17.675021 17.491546 17.261144 16.971146 16.606805 16.151085 15.584580 14.885663 14.031025 12.996806 11.760573 10.304420 8.619297 6.710337 4.602190 2.342386 0.000000 
50.000000 47.666663 45.357013 43.094013 40.899223 38.792182 36.789893 34.906435 33.152699 31.536276 30.061479 28.729485 27.538595 26.484570 25.561037 24.759916 24.071867 23.486714 22.993843 22.582545 22.242298 21.962997 21.735099 21.549718 21.398650 21.274343 21.169816 21.078536 20.994250 20.910790 20.821836 20.720654 20.599798 20.450789 20.263744 20.026990 19.726636 19.346135 18.865863 18.262768 17.510204 16.578137 15.434019 14.044769 12.380438 10.420118 8.160293 5.624699 2.872625 0.000000 
50.000000 47.909514 45.840249 43.812779 41.846419 39.958675 38.164781 36.477348 34.906135 33.457944 32.136636 30.943268 29.876314 28.931978 28.104547 27.386780 26.770305 26.246001 25.804350 25.435747 25.130751 24.880286 24.675774 24.509211 24.373189 24.260864 24.165873 24.082213 24.004082 23.925679 23.840970 23.743416 23.625664 23.479186 23.293867 23.057530 22.755389 22.369422 21.877689 21.253602 20.465260 19.475029 18.239713 16.711976 14.843999 12.594776 9.942418 6.901608 3.542468 0.000000 
50.000000 48.170352 46.359277 44.584782 42.863772 41.211568 39.641504 38.164617 36.789448 35.521950 34.365503 33.321030 32.387196 31.560679 30.836475 30.208245 29.668660 29.209733 28.823127 28.500425 28.233355 28.013953 27.834687 27.688520 27.568919 27.469828 27.385588 27.310822 27.240281 27.168654 27.090341 26.999180 26.888134 26.748911 26.571512 26.343686 26.050267 25.672362 25.186361 24.562758 23.764794 22.747051 21.454300 19.821335 17.775259 15.242761 12.166252 8.532650 4.413632 0.000000 
50.000000 48.447662 46.911082 45.405537 43.945372 42.543583 41.211484 39.958439 38.791696 37.716303 36.735130 35.848957 35.056655 34.355400 33.740949 33.207921 32.750096 32.360693 32.032636 31.758777 31.532085 31.345794 31.193493 31.069184 30.967290 30.882621 30.810304 30.745682 30.684165 30.621064 30.551370 30.469502 30.368997 30.242131 30.079452 29.869195 29.596532 29.242604 28.783248 28.187348 27.414672 26.413168 25.115754 23.437133 21.272105 18.499032 14.995952 10.681895 5.595887 0.000000 
50.000000 48.739490 47.491775 46.269261 45.083595 43.945332 42.863656 41.846174 40.898768 40.025540 39.228817 38.509236 37.865876 37.296447 36.797500 36.364667 35.992894 35.676673 35.410256 35.187832 35.003688 34.852319 34.728506 34.627360 34.544327 34.475156 34.415842 34.362531 34.311402 34.258511 34.199606 34.129894 34.043760 33.934412 33.793437 33.610211 33.371132 33.058567 32.649408 32.113037 31.408446 30.480145 29.252413 27.621587 25.446771 22.541957 18.679614 13.631988 7.302543 0.000000 
50.000000 49.043477 48.096663 47.168974 46.269245 45.405487 44.584670 43.812565 43.093637 42.430997 41.826412 41.280365 40.792157 40.360049 39.981425 39.652968 39.370843 39.130869 38.928681 38.759869 38.620092 38.505166 38.411124 38.334244 38.271055 38.218307 38.172931 38.131959 38.092430 38.051268 38.005124 37.950197 37.881986 37.795000 37.682359 37.535283 37.342373 37.088615 36.753936 36.311069 35.722302 34.934450 33.870892 32.418919 30.409872 27.589856 23.584560 17.888101 9.994461 0.000000 
50.000000 49.356915 48.720358 48.096658 47.491757 46.911039 46.359192 45.840094 45.356747 44.911244 44.504771 44.137655 43.809424 43.518909 43.264352 43.043523 42.853841 42.692496 42.556553 42.443043 42.349048 42.271752 42.208482 42.156733 42.114160 42.078569 42.047880 42.020077 41.993137 41.964949 41.933203 41.895255 41.847959 41.787444 41.708827 41.605820 41.470176 41.290896 41.053046 40.735925 40.310145 39.732778 38.938975 37.826869 36.229363 33.859914 30.208650 24.360207 14.796654 0.000000 
50.000000 49.676817 49.356914 49.043473 48.739479 48.447638 48.170306 47.909433 47.666526 47.442638 47.238364 47.053869 46.888916 46.742917 46.614988 46.504009 46.408683 46.327597 46.259275 46.202226 46.154982 46.116128 46.084318 46.058292 46.036869 46.018944 46.003465 45.989413 45.975762 45.961437 45.945258 45.925871 45.901654 45.870606 45.830190 45.777122 45.707065 45.614191 45.490506 45.324782 45.100797 44.794265 44.367208 43.756836 42.851859 41.437006 39.049057 34.560287 24.838415 0.000000 
50.000000 50.000000 50.000000 50.000000 50.000000 50.000000 50.000000 50.000000 50.000000 50.000000 50.000000 50.000000 50.000000 50.000000 50.000000 50.000000 50.000000 50.000000 50.000000 50.000000 50.000000 50.000000 50.000000 50.000000 50.000000 50.000000 50.000000 50.000000 50.000000 50.000000 50.000000 50.000000 50.000000 50.000000 50.000000 50.000000 50.000000 50.000000 50.000000 50.000000 50.000000 50.000000 50.000000 50.000000 50.000000 50.000000 50.000000 50.000000 50.000000 50.000000 
