50.000000 50.000000 50.000000 50.000000 50.000000 50.000000 50.000000 50.000000 50.000000 50.000000 50.000000 50.000000 50.000000 50.000000 50.000000 50.000000 50.000000 50.000000 50.000000 50.000000 50.000000 50.000000 50.000000 50.000000 50.000000 50.000000 50.000000 50.000000 50.000000 50.000000 50.000000 50.000000 50.000000 50.000000 50.000000 50.000000 50.000000 50.000000 50.000000 50.000000 50.000000 50.000000 50.000000 50.000000 50.000000 50.000000 50.000000 50.000000 50.000000 50.000000 
50.000000 46.415857 43.233824 40.721255 38.950908 37.832932 37.196967 36.869343 36.715674 36.649709 36.623666 36.614165 36.610949 36.609935 36.609636 36.609553 36.609532 36.609526 36.609525 36.609525 36.609525 36.609525 36.609525 36.609525 36.609525 36.609525 36.609525 36.609525 36.609525 36.609525 36.609525 36.609525 36.609525 36.609524 36.609523 36.609518 36.609498 36.609421 36.609140 36.608176 36.605054 36.595495 36.567805 36.491710 36.292139 35.787342 34.534237 31.399097 23.207928 0.000000 
50.000000 43.233824 37.226852 32.483829 29.142067 27.031862 25.831548 25.213242 24.923258 24.798789 24.749652 24.731729 24.725663 24.723750 24.723186 24.723030 24.722989 24.722979 24.722977 24.722977 24.722976 24.722976 24.722976 24.722976 24.722976 24.722976 24.722976 24.722976 24.722976 24.722976 24.722976 24.722976 24.722976 24.722976 24.722974 24.722966 24.722933 24.722809 24.722360 24.720831 24.715916 24.701030 24.658573 24.544513 24.255503 23.563240 21.991831 18.613426 11.834727 0.000000 
50.000000 40.721255 32.483829 25.979965 21.397878 18.504693 16.859173 16.011627 15.614180 15.443607 15.376280 15.351725 15.343415 15.340796 15.340023 15.339810 15.339754 15.339741 15.339737 15.339737 15.339736 15.339736 15.339736 15.339736 15.339736 15.339736 15.339736 15.339736 15.339736 15.339736 15.339736 15.339736 15.339736 15.339736 15.339734 15.339725 15.339691 15.339561 15.339094 15.337514 15.332488 15.317472 15.275430 15.165307 14.896019 14.282938 12.989982 10.491998 6.187017 0.000000 
50.000000 38.950908 29.142067 21.397878 15.942355 12.497991 10.539198 9.530423 9.057433 8.854470 8.774370 8.745162 8.735279 8.732164 8.731245 8.730992 8.730926 8.730909 8.730906 8.730905 8.730905 8.730905 8.730905 8.730905 8.730905 8.730905 8.730905 8.730905 8.730905 8.730905 8.730905 8.730904 8.730904 8.730904 8.730902 8.730895 8.730867 8.730760 8.730380 8.729105 8.725093 8.713273 8.680776 8.597669 8.400793 7.971178 7.114940 5.578827 3.163567 0.000000 
50.000000 37.832932 27.031862 18.504693 12.497991 8.705962 6.549672 5.439314 4.918761 4.695418 4.607288 4.575157 4.564287 4.560861 4.559851 4.559572 4.559499 4.559482 4.559477 4.559476 4.559476 4.559476 4.559476 4.559476 4.559476 4.559476 4.559476 4.559476 4.559476 4.559476 4.559476 4.559476 4.559476 4.559476 4.559475 4.559470 4.559450 4.559378 4.559120 4.558262 4.555591 4.547826 4.526828 4.474249 4.352981 4.097198 3.608675 2.776360 1.540793 0.000000 
50.000000 37.196967 25.831548 16.859173 10.539198 6.549672 4.281260 3.113275 2.565760 2.330875 2.238201 2.204417 2.192989 2.189388 2.188327 2.188034 2.187957 2.187939 2.187934 2.187933 2.187933 2.187933 2.187933 2.187933 2.187933 2.187933 2.187933 2.187933 2.187933 2.187933 2.187933 2.187933 2.187933 2.187933 2.187932 2.187929 2.187918 2.187875 2.187724 2.187227 2.185692 2.181283 2.169533 2.140630 2.075423 1.941529 1.693865 1.287036 0.705256 0.000000 
50.000000 36.869343 25.213242 16.011627 9.530423 5.439314 3.113275 1.915693 1.354344 1.113543 1.018542 0.983913 0.972200 0.968509 0.967422 0.967121 0.967043 0.967024 0.967020 0.967019 0.967018 0.967018 0.967018 0.967018 0.967018 0.967018 0.967018 0.967018 0.967018 0.967018 0.967018 0.967018 0.967018 0.967018 0.967018 0.967016 0.967010 0.966988 0.966911 0.966656 0.965879 0.963667 0.957847 0.943742 0.912485 0.849647 0.736198 0.554669 0.301537 0.000000 
50.000000 36.715674 24.923258 15.614180 9.057433 4.918761 2.565760 1.354344 0.786535 0.542973 0.446888 0.411866 0.400020 0.396288 0.395189 0.394885 0.394806 0.394786 0.394782 0.394781 0.394781 0.394781 0.394781 0.394781 0.394781 0.394781 0.394781 0.394781 0.394781 0.394781 0.394781 0.394781 0.394780 0.394780 0.394780 0.394780 0.394777 0.394767 0.394731 0.394615 0.394262 0.393267 0.390677 0.384476 0.370934 0.344160 0.296708 0.222229 0.120179 0.000000 
50.000000 36.649709 24.798789 15.443607 8.854470 4.695418 2.330875 1.113543 0.542973 0.298234 0.201687 0.166497 0.154595 0.150845 0.149740 0.149435 0.149356 0.149336 0.149332 0.149331 0.149331 0.149331 0.149330 0.149330 0.149330 0.149330 0.149330 0.149330 0.149330 0.149330 0.149330 0.149330 0.149330 0.149330 0.149330 0.149330 0.149329 0.149325 0.149310 0.149262 0.149117 0.148711 0.147664 0.145183 0.139827 0.129377 0.111120 0.082873 0.044655 0.000000 
50.000000 36.623666 24.749652 15.376280 8.774370 4.607288 2.238201 1.018542 0.446888 0.201687 0.104958 0.069703 0.057779 0.054023 0.052916 0.052610 0.052531 0.052511 0.052506 0.052505 0.052505 0.052505 0.052505 0.052505 0.052505 0.052505 0.052505 0.052505 0.052505 0.052505 0.052505 0.052505 0.052505 0.052505 0.052505 0.052505 0.052505 0.052503 0.052497 0.052479 0.052425 0.052273 0.051886 0.050974 0.049026 0.045265 0.038766 0.028821 0.015490 0.000000 
50.000000 36.614165 24.731729 15.351725 8.745162 4.575157 2.204417 0.983913 0.411866 0.166497 0.069703 0.034424 0.022492 0.018733 0.017626 0.017319 0.017240 0.017220 0.017216 0.017215 0.017215 0.017215 0.017215 0.017215 0.017215 0.017215 0.017215 0.017215 0.017215 0.017215 0.017215 0.017215 0.017215 0.017215 0.017215 0.017215 0.017214 0.017214 0.017212 0.017206 0.017187 0.017135 0.017002 0.016693 0.016037 0.014782 0.012632 0.009369 0.005026 0.000000 
50.000000 36.610949 24.725663 15.343415 8.735279 4.564287 2.192989 0.972200 0.400020 0.154595 0.057779 0.022492 0.010558 0.006798 0.005690 0.005384 0.005305 0.005285 0.005280 0.005279 0.005279 0.005279 0.005279 0.005279 0.005279 0.005279 0.005279 0.005279 0.005279 0.005279 0.005279 0.005279 0.005279 0.005279 0.005279 0.005279 0.005279 0.005279 0.005278 0.005276 0.005270 0.005254 0.005212 0.005114 0.004909 0.004519 0.003855 0.002854 0.001529 0.000000 
50.000000 36.609935 24.723750 15.340796 8.732164 4.560861 2.189388 0.968509 0.396288 0.150845 0.054023 0.018733 0.006798 0.003038 0.001930 0.001624 0.001544 0.001525 0.001520 0.001519 0.001519 0.001519 0.001519 0.001519 0.001519 0.001519 0.001519 0.001519 0.001519 0.001519 0.001519 0.001519 0.001519 0.001519 0.001519 0.001519 0.001519 0.001519 0.001519 0.001518 0.001516 0.001511 0.001499 0.001470 0.001410 0.001297 0.001105 0.000817 0.000437 0.000000 
50.000000 36.609636 24.723186 15.340023 8.731245 4.559851 2.188327 0.967422 0.395189 0.149740 0.052916 0.017626 0.005690 0.001930 0.000822 0.000516 0.000436 0.000417 0.000412 0.000411 0.000411 0.000411 0.000411 0.000411 0.000411 0.000411 0.000411 0.000411 0.000411 0.000411 0.000411 0.000411 0.000411 0.000411 0.000411 0.000411 0.000411 0.000411 0.000411 0.000411 0.000410 0.000409 0.000406 0.000398 0.000381 0.000350 0.000298 0.000220 0.000118 0.000000 
50.000000 36.609553 24.723030 15.339810 8.730992 4.559572 2.188034 0.967121 0.394885 0.149435 0.052610 0.017319 0.005384 0.001624 0.000516 0.000210 0.000130 0.000111 0.000106 0.000105 0.000105 0.000105 0.000105 0.000105 0.000105 0.000105 0.000105 0.000105 0.000105 0.000105 0.000105 0.000105 0.000105 0.000105 0.000105 0.000105 0.000105 0.000105 0.000105 0.000105 0.000105 0.000104 0.000103 0.000101 0.000097 0.000089 0.000076 0.000056 0.000030 0.000000 
50.000000 36.609532 24.722989 15.339754 8.730926 4.559499 2.187957 0.967043 0.394806 0.149356 0.052531 0.017240 0.005305 0.001544 0.000436 0.000130 0.000051 0.000031 0.000027 0.000026 0.000025 0.000025 0.000025 0.000025 0.000025 0.000025 0.000025 0.000025 0.000025 0.000025 0.000025 0.000025 0.000025 0.000025 0.000025 0.000025 0.000025 0.000025 0.000025 0.000025 0.000025 0.000025 0.000025 0.000024 0.000023 0.000022 0.000018 0.000013 0.000007 0.000000 
50.000000 36.609526 24.722979 15.339741 8.730909 4.559482 2.187939 0.967024 0.394786 0.149336 0.052511 0.017220 0.005285 0.001525 0.000417 0.000111 0.000031 0.000012 0.000007 0.000006 0.000006 0.000006 0.000006 0.000006 0.000006 0.000006 0.000006 0.000006 0.000006 0.000006 0.000006 0.000006 0.000006 0.000006 0.000006 0.000006 0.000006 0.000006 0.000006 0.000006 0.000006 0.000006 0.000006 0.000006 0.000005 0.000005 0.000004 0.000003 0.000002 0.000000 
50.000000 36.609525 24.722977 15.339737 8.730906 4.559477 2.187934 0.967020 0.394782 0.149332 0.052506 0.017216 0.005280 0.001520 0.000412 0.000106 0.000027 0.000007 0.000003 0.000002 0.000001 0.000001 0.000001 0.000001 0.000001 0.000001 0.000001 0.000001 0.000001 0.000001 0.000001 0.000001 0.000001 0.000001 0.000001 0.000001 0.000001 0.000001 0.000001 0.000001 0.000001 0.000001 0.000001 0.000001 0.000001 0.000001 0.000001 0.000001 0.000000 0.000000 
50.000000 36.609525 24.722977 15.339737 8.730905 4.559476 2.187933 0.967019 0.394781 0.149331 0.052505 0.017215 0.005279 0.001519 0.000411 0.000105 0.000026 0.000006 0.000002 0.000001 0.000000 0.000000 0.000000 0.000000 0.000000 0.000000 0.000000 0.000000 0.000000 0.000000 0.000000 0.000000 0.000000 0.000000 0.000000 0.000000 0.000000 0.000000 0.000000 0.000000 0.000000 0.000000 0.000000 0.000000 0.000000 0.000000 0.000000 0.000000 0.000000 0.000000 
50.000000 36.609525 24.722976 15.339736 8.730905 4.559476 2.187933 0.967018 0.394781 0.149331 0.052505 0.017215 0.005279 0.001519 0.000411 0.000105 0.000025 0.000006 0.000001 0.000000 0.000000 0.000000 0.000000 0.000000 0.000000 0.000000 0.000000 0.000000 0.000000 0.000000 0.000000 0.000000 0.000000 0.000000 0.000000 0.000000 0.000000 0.000000 0.000000 0.000000 0.000000 0.000000 0.000000 0.000000 0.000000 0.000000 0.000000 0.000000 0.000000 0.000000 
50.000000 36.609525 24.722976 15.339736 8.730905 4.559476 2.187933 0.967018 0.394781 0.149331 0.052505 0.017215 0.005279 0.001519 0.000411 0.000105 0.000025 0.000006 0.000001 0.000000 0.000000 0.000000 0.000000 0.000000 0.000000 0.000000 0.000000 0.000000 0.000000 0.000000 0.000000 0.000000 0.000000 0.000000 0.000000 0.000000 0.000000 0.000000 0.000000 0.000000 0.000000 0.000000 0.000000 0.000000 0.000000 0.000000 0.000000 0.000000 0.000000 0.000000 
50.000000 36.609525 24.722976 15.339736 8.730905 4.559476 2.187933 0.967018 0.394781 0.149330 0.052505 0.017215 0.005279 0.001519 0.000411 0.000105 0.000025 0.000006 0.000001 0.000000 0.000000 0.000000 0.000000 0.000000 0.000000 0.000000 0.000000 0.000000 0.000000 0.000000 0.000000 0.000000 0.000000 0.000000 0.000000 0.000000 0.000000 0.000000 0.000000 0.000000 0.000000 0.000000 0.000000 0.000000 0.000000 0.000000 0.000000 0.000000 0.000000 0.000000 
50.000000 36.609525 24.722976 15.339736 8.730905 4.559476 2.187933 0.967018 0.394781 0.149330 0.052505 0.017215 0.005279 0.001519 0.000411 0.000105 0.000025 0.000006 0.000001 0.000000 0.000000 0.000000 0.000000 0.000000 0.000000 0.000000 0.000000 0.000000 0.000000 0.000000 0.000000 0.000000 0.000000 0.000000 0.000000 0.000000 0.000000 0.000000 0.000000 0.000000 0.000000 0.000000 0.000000 0.000000 0.000000 0.000000 0.000000 0.000000 0.000000 0.000000 
50.000000 36.609525 24.722976 15.339736 8.730905 4.559476 2.187933 0.967018 0.394781 0.149330 0.052505 0.017215 0.005279 0.001519 0.000411 0.000105 0.000025 0.000006 0.000001 0.000000 0.000000 0.000000 0.000000 0.000000 0.000000 0.000000 0.000000 0.000000 0.000000 0.000000 0.000000 0.000000 0.000000 0.000000 0.000000 0.000000 0.000000 0.000000 0.000000 0.000000 0.000000 0.000000 0.000000 0.000000 0.000000 0.000000 0.000000 0.000000 0.000000 0.000000 
50.000000 36.609525 24.722976 15.339736 8.730905 4.559476 2.187933 0.967018 0.394781 0.149330 0.052505 0.017215 0.005279 0.001519 0.000411 0.000105 0.000025 0.000006 0.000001 0.000000 0.000000 0.000000 0.000000 0.000000 0.000000 0.000000 0.000000 0.000000 0.000000 0.000000 0.000000 0.000000 0.000000 0.000000 0.000000 0.000000 0.000000 0.000000 0.000000 0.000000 0.000000 0.000000 0.000000 0.000000 0.000000 0.000000 0.000000 0.000000 0.000000 0.000000 
50.000000 36.609525 24.722976 15.339736 8.730905 4.559476 2.187933 0.967018 0.394781 0.149330 0.052505 0.017215 0.005279 0.001519 0.000411 0.000105 0.000025 0.000006 0.000001 0.000000 0.000000 0.000000 0.000000 0.000000 0.000000 0.000000 0.000000 0.000000 0.000000 0.000000 0.000000 0.000000 0.000000 0.000000 0.000000 0.000000 0.000000 0.000000 0.000000 0.000000 0.000000 0.000000 0.000000 0.000000 0.000000 0.000000 0.000000 0.000000 0.000000 0.000000 
50.000000 36.609525 24.722976 15.339736 8.730905 4.559476 2.187933 0.967018 0.394781 0.149330 0.052505 0.017215 0.005279 0.001519 0.000411 0.000105 0.000025 0.000006 0.000001 0.000000 0.000000 0.000000 0.000000 0.000000 0.000000 0.000000 0.000000 0.000000 0.000000 0.000000 0.000000 0.000000 0.000000 0.000000 0.000000 0.000000 0.000000 0.000000 0.000000 0.000000 0.000000 0.000000 0.000000 0.000000 0.000000 0.000000 0.000000 0.000000 0.000000 0.000000 
50.000000 36.609525 24.722976 15.339736 8.730905 4.559476 2.187933 0.967018 0.394781 0.149331 0.052505 0.017215 0.005279 0.001519 0.000411 0.000105 0.000025 0.000006 0.000001 0.000000 0.000000 0.000000 0.000000 0.000000 0.000000 0.000000 0.000000 0.000000 0.000000 0.000000 0.000000 0.000000 0.000000 0.000000 0.000000 0.000000 0.000000 0.000000 0.000000 0.000000 0.000000 0.000000 0.000000 0.000000 0.000000 0.000000 0.000000 0.000000 0.000000 0.000000 
50.000000 36.609525 24.722976 15.339736 8.730905 4.559476 2.187933 0.967018 0.394781 0.149331 0.052505 0.017215 0.005279 0.001519 0.000411 0.000105 0.000025 0.000006 0.000001 0.000000 0.000000 0.000000 0.000000 0.000000 0.000000 0.000000 0.000000 0.000000 0.000000 0.000000 0.000000 0.000000 0.000000 0.000000 0.000000 0.000000 0.000000 0.000000 0.000000 0.000000 0.000000 0.000000 0.000000 0.000000 0.000000 0.000000 0.000000 0.000000 0.000000 0.000000 
50.000000 36.609525 24.722977 15.339737 8.730905 4.559476 2.187933 0.967019 0.394781 0.149331 0.052505 0.017215 0.005279 0.001519 0.000411 0.000105 0.000026 0.000006 0.000002 0.000001 0.000000 0.000000 0.000000 0.000000 0.000000 0.000000 0.000000 0.000000 0.000000 0.000000 0.000000 0.000000 0.000000 0.000000 0.000000 0.000000 0.000000 0.000000 0.000000 0.000000 0.000000 0.000000 0.000000 0.000000 0.000000 0.000000 0.000000 0.000000 0.000000 0.000000 
50.000000 36.609525 24.722977 15.339737 8.730906 4.559477 2.187934 0.967020 0.394782 0.149332 0.052506 0.017216 0.005280 0.001520 0.000412 0.000106 0.000027 0.000007 0.000003 0.000002 0.000001 0.000001 0.000001 0.000001 0.000001 0.000001 0.000001 0.000001 0.000001 0.000001 0.000001 0.000001 0.000001 0.000001 0.000001 0.000001 0.000001 0.000001 0.000001 0.000001 0.000001 0.000001 0.000001 0.000001 0.000001 0.000001 0.000001 0.000001 0.000000 0.000000 
50.000000 36.609526 24.722979 15.339741 8.730909 4.559482 2.187939 0.967024 0.394786 0.149336 0.052511 0.017220 0.005285 0.001525 0.000417 0.000111 0.000031 0.000012 0.000007 0.000006 0.000006 0.000006 0.000006 0.000006 0.000006 0.000006 0.000006 0.000006 0.000006 0.000006 0.000006 0.000006 0.000006 0.000006 0.000006 0.000006 0.000006 0.000006 0.000006 0.000006 0.000006 0.000006 0.000006 0.000006 0.000005 0.000005 0.000004 0.000003 0.000002 0.000000 
50.000000 36.609532 24.722989 15.339754 8.730926 4.559499 2.187957 0.967043 0.394806 0.149356 0.052531 0.017240 0.005305 0.001544 0.000436 0.000130 0.000051 0.000031 0.000027 0.000026 0.000025 0.000025 0.000025 0.000025 0.000025 0.000025 0.000025 0.000025 0.000025 0.000025 0.000025 0.000025 0.000025 0.000025 0.000025 0.000025 0.000025 0.000025 0.000025 0.000025 0.000025 0.000025 0.000025 0.000024 0.000023 0.000022 0.000018 0.000013 0.000007 0.000000 
50.000000 36.609553 24.723030 15.339810 8.730992 4.559572 2.188034 0.967121 0.394885 0.149435 0.052610 0.017319 0.005384 0.001624 0.000516 0.000210 0.000130 0.000111 0.000106 0.000105 0.000105 0.000105 0.000105 0.000105 0.000105 0.000105 0.000105 0.000105 0.000105 0.000105 0.000105 0.000105 0.000105 0.000105 0.000105 0.000105 0.000105 0.000105 0.000105 0.000105 0.000105 0.000104 0.000103 0.000101 0.000097 0.000089 0.000076 0.000056 0.000030 0.000000 
50.000000 36.609636 24.723186 15.340023 8.731245 4.559851 2.188327 0.967422 0.395189 0.149740 0.052916 0.017626 0.005690 0.001930 0.000822 0.000516 0.000436 0.000417 0.000412 0.000411 0.000411 0.000411 0.000411 0.000411 0.000411 0.000411 0.000411 0.000411 0.000411 0.000411 0.000411 0.000411 0.000411 0.000411 0.000411 0.000411 0.000411 0.000411 0.000411 0.000411 0.000410 0.000409 0.000406 0.000398 0.000381 0.000350 0.000298 0.000220 0.000118 0.000000 
50.000000 36.609935 24.723750 15.340796 8.732164 4.560861 2.189388 0.968509 0.396288 0.150845 0.054023 0.018733 0.006798 0.003038 0.001930 0.001624 0.001544 0.001525 0.001520 0.001519 0.001519 0.001519 0.001519 0.001519 0.001519 0.001519 0.001519 0.001519 0.001519 0.001519 0.001519 0.001519 0.001519 0.001519 0.001519 0.001519 0.001519 0.001519 0.001519 0.001518 0.001516 0.001511 0.001499 0.001470 0.001410 0.001297 0.001105 0.000817 0.000437 0.000000 
50.000000 36.610949 24.725663 15.343415 8.735279 4.564287 2.192989 0.972200 0.400020 0.154595 0.057779 0.022492 0.010558 0.006798 0.005690 0.005384 0.005305 0.005285 0.005280 0.005279 0.005279 0.005279 0.005279 0.005279 0.005279 0.005279 0.005279 0.005279 0.005279 0.005279 0.005279 0.005279 0.005279 0.005279 0.005279 0.005279 0.005279 0.005279 0.005278 0.005276 0.005270 0.005254 0.005212 0.005114 0.004909 0.004519 0.003855 0.002854 0.001529 0.000000 
50.000000 36.614165 24.731729 15.351725 8.745162 4.575157 2.204417 0.983913 0.411866 0.166497 0.069703 0.034424 0.022492 0.018733 0.017626 0.017319 0.017240 0.017220 0.017216 0.017215 0.017215 0.017215 0.017215 0.017215 0.017215 0.017215 0.017215 0.017215 0.017215 0.017215 0.017215 0.017215 0.017215 0.017215 0.017215 0.017215 0.017214 0.017214 0.017212 0.017206 0.017187 0.017135 0.017002 0.016693 0.016037 0.014782 0.012632 0.009369 0.005026 0.000000 
50.000000 36.623666 24.749652 15.376280 8.774370 4.607288 2.238201 1.018542 0.446888 0.201687 0.104958 0.069703 0.057779 0.054023 0.052916 0.052610 0.052531 0.052511 0.052506 0.052505 0.052505 0.052505 0.052505 0.052505 0.052505 0.052505 0.052505 0.052505 0.052505 0.052505 0.052505 0.052505 0.052505 0.052505 0.052505 0.052505 0.052505 0.052503 0.052497 0.052479 0.052425 0.052273 0.051886 0.050974 0.049026 0.045265 0.038766 0.028821 0.015490 0.000000 
50.000000 36.649709 24.798789 15.443607 8.854470 4.695418 2.330875 1.113543 0.542973 0.298234 0.201687 0.166497 0.154595 0.150845 0.149740 0.149435 0.149356 0.149336 0.149332 0.149331 0.149331 0.149331 0.149330 0.149330 0.149330 0.149330 0.149330 0.149330 0.149330 0.149330 0.149330 0.149330 0.149330 0.149330 0.149330 0.149330 0.149329 0.149325 0.149310 0.149262 0.149117 0.148711 0.147664 0.145183 0.139827 0.129377 0.111120 0.082873 0.044655 0.000000 
50.000000 36.715674 24.923258 15.614180 9.057433 4.918761 2.565760 1.354344 0.786535 0.542973 0.446888 0.411866 0.400020 0.396288 0.395189 0.394885 0.394806 0.394786 0.394782 0.394781 0.394781 0.394781 0.394781 0.394781 0.394781 0.394781 0.394781 0.394781 0.394781 0.394781 0.394781 0.394781 0.394780 0.394780 0.394780 0.394780 0.394777 0.394767 0.394731 0.394615 0.394262 0.393267 0.390677 0.384476 0.370934 0.344160 0.296708 0.222229 0.120179 0.000000 
50.000000 36.869343 25.213242 16.011627 9.530423 5.439314 3.113275 1.915693 1.354344 1.113543 1.018542 0.983913 0.972200 0.968509 0.967422 0.967121 0.967043 0.967024 0.967020 0.967019 0.967018 0.967018 0.967018 0.967018 0.967018 0.967018 0.967018 0.967018 0.967018 0.967018 0.967018 0.967018 0.967018 0.967018 0.967018 0.967016 0.967010 0.966988 0.966911 0.966656 0.965879 0.963667 0.957847 0.943742 0.912485 0.849647 0.736198 0.554669 0.301537 0.000000 
50.000000 37.196967 25.831548 16.859173 10.539198 6.549672 4.281260 3.113275 2.565760 2.330875 2.238201 2.204417 2.192989 2.189388 2.188327 2.188034 2.187957 2.187939 2.187934 2.187933 2.187933 2.187933 2.187933 2.187933 2.187933 2.187933 2.187933 2.187933 2.187933 2.187933 2.187933 2.187933 2.187933 2.187933 2.187932 2.187929 2.187918 2.187875 2.187724 2.187227 2.185692 2.181283 2.169533 2.140630 2.075423 1.941529 1.693865 1.287036 0.705256 0.000000 
50.000000 37.832932 27.031862 18.504693 12.497991 8.705962 6.549672 5.439314 4.918761 4.695418 4.607288 4.575157 4.564287 4.560861 4.559851 4.559572 4.559499 4.559482 4.559477 4.559476 4.559476 4.559476 4.559476 4.559476 4.559476 4.559476 4.559476 4.559476 4.559476 4.559476 4.559476 4.559476 4.559476 4.559476 4.559475 4.559470 4.559450 4.559378 4.559120 4.558262 4.555591 4.547826 4.526828 4.474249 4.352981 4.097198 3.608675 2.776360 1.540793 0.000000 
50.000000 38.950908 29.142067 21.397878 15.942355 12.497991 10.539198 9.530423 9.057433 8.854470 8.774370 8.745162 8.735279 8.732164 8.731245 8.730992 8.730926 8.730909 8.730906 8.730905 8.730905 8.730905 8.730905 8.730905 8.730905 8.730905 8.730905 8.730905 8.730905 8.730905 8.730905 8.730904 8.730904 8.730904 8.730902 8.730895 8.730867 8.730760 8.730380 8.729105 8.725093 8.713273 8.680776 8.597669 8.400793 7.971178 7.114940 5.578827 3.163567 0.000000 
50.000000 40.721255 32.483829 25.979965 21.397878 18.504693 16.859173 16.011627 15.614180 15.443607 15.376280 15.351725 15.343415 15.340796 15.340023 15.339810 15.339754 15.339741 15.339737 15.339737 15.339736 15.339736 15.339736 15.339736 15.339736 15.339736 15.339736 15.339736 15.339736 15.339736 15.339736 15.339736 15.339736 15.339736 15.339734 15.339725 15.339691 15.339561 15.339094 15.337514 15.332488 15.317472 15.275430 15.165307 14.896019 14.282938 12.989982 10.491998 6.187017 0.000000 
50.000000 43.233824 37.226852 32.483829 29.142067 27.031862 25.831548 25.213242 24.923258 24.798789 24.749652 24.731729 24.725663 24.723750 24.723186 24.723030 24.722989 24.722979 24.722977 24.722977 24.722976 24.722976 24.722976 24.722976 24.722976 24.722976 24.722976 24.722976 24.722976 24.722976 24.722976 24.722976 24.722976 24.722976 24.722974 24.722966 24.722933 24.722809 24.722360 24.720831 24.715916 24.701030 24.658573 24.544513 24.255503 23.563240 21.991831 18.613426 11.834727 0.000000 
50.000000 46.415857 43.233824 40.721255 38.950908 37.832932 37.196967 36.869343 36.715674 36.649709 36.623666 36.614165 36.610949 36.609935 36.609636 36.609553 36.609532 36.609526 36.609525 36.609525 36.609525 36.609525 36.609525 36.609525 36.609525 36.609525 36.609525 36.609525 36.609525 36.609525 36.609525 36.609525 36.609525 36.609524 36.609523 36.609518 36.609498 36.609421 36.609140 36.608176 36.605054 36.595495 36.567805 36.491710 36.292139 35.787342 34.534237 31.399097 23.207928 0.000000 
50.000000 50.000000 50.000000 50.000000 50.000000 50.000000 50.000000 50.000000 50.000000 50.000000 50.000000 50.000000 50.000000 50.000000 50.000000 50.000000 50.000000 50.000000 50.000000 50.000000 50.000000 50.000000 50.000000 50.000000 50.000000 50.000000 50.000000 50.000000 50.000000 50.000000 50.000000 50.000000 50.000000 50.000000 50.000000 50.000000 50.000000 50.000000 50.000000 50.000000 50.000000 50.000000 50.000000 50.000000 50.000000 50.000000 50.000000 50.000000 50.000000 50.000000 
