50.000000 50.000000 50.000000 50.000000 50.000000 50.000000 50.000000 50.000000 50.000000 50.000000 50.000000 50.000000 50.000000 50.000000 50.000000 50.000000 50.000000 50.000000 50.000000 50.000000 50.000000 50.000000 50.000000 50.000000 50.000000 50.000000 50.000000 50.000000 50.000000 50.000000 50.000000 50.000000 50.000000 50.000000 50.000000 50.000000 50.000000 50.000000 50.000000 50.000000 50.000000 50.000000 50.000000 50.000000 50.000000 50.000000 50.000000 50.000000 50.000000 50.000000 
50.000000 49.534167 49.075149 48.629462 48.203047 47.801031 47.427551 47.085643 46.777198 46.502987 46.262752 46.055333 45.878839 45.730826 45.608485 45.508814 45.428772 45.365409 45.315955 45.277892 45.248992 45.227325 45.211258 45.199427 45.190707 45.184170 45.179040 45.174637 45.170332 45.165480 45.159358 45.151086 45.139528 45.123175 45.099977 45.067123 45.020729 44.955376 44.863425 44.733931 44.550860 44.290012 43.913363 43.357952 42.512175 41.160312 38.838561 34.418507 24.767084 0.000000 
50.000000 49.075149 48.163829 47.278976 46.432384 45.634233 44.892738 44.213925 43.601547 43.057138 42.580183 42.168381 41.817975 41.524115 41.281224 41.083340 40.924430 40.798631 40.700448 40.624882 40.567507 40.524495 40.492602 40.469123 40.451829 40.438879 40.428736 40.420062 40.411618 40.402143 40.390230 40.374173 40.351783 40.320157 40.275372 40.212074 40.122900 39.997659 39.822116 39.576122 39.230665 38.742977 38.048127 37.043908 35.562608 33.316800 29.795478 24.081915 14.656642 0.000000 
50.000000 48.629462 47.278976 45.967712 44.713146 43.530367 42.431546 41.425613 40.518131 39.711373 39.004574 38.394326 37.875061 37.439592 37.079652 36.786411 36.550924 36.364504 36.219010 36.107033 36.022016 35.958287 35.911042 35.876275 35.850688 35.831564 35.816636 35.803943 35.791677 35.778015 35.760938 35.738018 35.706160 35.661287 35.597923 35.508651 35.383362 35.208219 34.964168 34.624746 34.152787 33.495340 32.575669 31.280566 29.440479 26.800231 22.983857 17.483499 9.790902 0.000000 
50.000000 48.203047 46.432384 44.713147 43.068249 41.517472 40.076777 38.757871 37.568046 36.510283 35.583581 34.783470 34.102650 33.531696 33.059772 32.675298 32.366548 32.122133 31.931376 31.784569 31.673113 31.589575 31.527659 31.482123 31.448649 31.423691 31.404300 31.387940 31.372291 31.355041 31.333660 31.305132 31.265657 31.210266 31.132347 31.023028 30.870363 30.658227 30.364812 29.960535 29.405082 28.643264 27.599214 26.168632 24.209485 21.534127 17.912919 13.115585 7.042736 0.000000 
50.000000 47.801031 45.634234 43.530368 41.517473 39.619757 37.856751 36.242780 34.786771 33.492369 32.358349 31.379241 30.546112 29.847429 29.269931 28.799448 28.421630 28.122541 27.889117 27.709478 27.573106 27.470907 27.395184 27.339531 27.298679 27.268311 27.244853 27.225251 27.206744 27.186616 27.161936 27.129264 27.084310 27.021529 26.933623 26.810913 26.640539 26.405432 26.082975 25.643275 25.046928 24.242236 23.161945 21.720009 19.809884 17.307994 14.089893 10.071629 5.288857 0.000000 
50.000000 47.427552 44.892741 42.431549 40.076780 37.856753 35.794316 33.906229 32.202931 30.688690 29.362072 28.216676 27.242053 26.424712 25.749136 25.198753 24.756773 24.406896 24.133839 23.923707 23.764197 23.644679 23.556155 23.491144 23.443502 23.408209 23.381128 23.358755 23.337959 23.315711 23.288798 23.253513 23.205300 23.138346 23.045096 22.915658 22.737091 22.492522 22.160081 21.711638 21.111367 20.314251 19.264865 17.897170 16.136759 13.908157 11.150989 7.848837 4.069602 0.000000 
50.000000 47.085646 44.213930 41.425620 38.757878 36.242788 33.906234 31.767204 29.837526 28.122033 26.619100 25.321477 24.217325 23.291359 22.526001 21.902475 21.401762 21.005394 20.696061 20.458021 20.277342 20.141986 20.041771 19.968236 19.914446 19.874750 19.844515 19.819855 19.797343 19.773724 19.745616 19.709195 19.659838 19.591738 19.497449 19.367367 19.189120 18.946881 18.620593 18.185160 17.609688 16.856976 15.883626 14.641400 13.080863 11.158679 8.849961 6.165809 3.172286 0.000000 
50.000000 46.777202 43.601556 40.518143 37.568061 34.786787 32.202947 29.837538 27.703638 25.806592 24.144605 22.709657 21.488656 20.464700 19.618352 18.928846 18.375151 17.936848 17.594794 17.331586 17.131821 16.982196 16.871461 16.790281 16.731013 16.687450 16.654534 16.628057 16.604369 16.580070 16.551709 16.515469 16.466831 16.400211 16.308560 16.182924 16.011959 15.781425 15.473676 15.067225 14.536480 13.851866 12.980625 11.888741 10.544583 8.924820 7.022819 4.858590 2.487196 0.000000 
50.000000 46.502995 43.057154 39.711396 36.510313 33.492403 30.688726 28.122066 25.806615 23.748173 21.944788 20.387762 19.062887 17.951821 17.033475 16.285316 15.684526 15.208946 14.837810 14.552235 14.335515 14.173222 14.053163 13.965228 13.901156 13.854256 13.819110 13.791253 13.766871 13.742488 13.714666 13.679697 13.633291 13.570247 13.484108 13.366804 13.208285 12.996167 12.715439 12.348293 11.874180 11.270262 10.512468 9.577425 8.445525 7.105268 5.558636 3.826508 1.952144 0.000000 
50.000000 46.262767 42.580212 39.004616 35.583636 32.358413 29.362143 26.619173 24.144670 21.944833 20.017576 18.353602 16.937727 15.750349 14.768931 13.969392 13.327345 12.819113 12.422503 12.117341 11.885778 11.712403 11.584201 11.490388 11.422167 11.372438 11.335480 11.306628 11.281956 11.257970 11.231304 11.198432 11.155376 11.097417 11.018806 10.912474 10.769767 10.580220 10.331411 10.008965 9.596783 9.077621 8.434146 7.650609 6.715220 5.623165 4.379918 3.004121 1.528851 0.000000 
50.000000 46.055359 42.168433 38.394402 34.783568 31.379359 28.216809 25.321619 22.709798 20.387887 18.353685 16.597378 15.102939 13.849680 12.813810 11.969913 11.292251 10.755832 10.337235 10.015169 9.770800 9.587873 9.452663 9.353810 9.282063 9.229974 9.191579 9.162057 9.137416 9.114182 9.089104 9.058884 9.019901 8.967969 8.898082 8.804201 8.679053 8.514006 8.299016 8.022730 7.672782 7.236379 6.701232 6.056896 5.296520 4.418864 3.430314 2.346371 1.191961 0.000000 
50.000000 45.878885 41.818066 37.875194 34.102823 30.546321 27.242293 24.217587 21.488929 19.063153 16.937958 15.103092 13.541810 12.232497 11.150300 10.268665 9.560702 9.000304 8.563003 8.226560 7.971305 7.780263 7.639112 7.536002 7.461301 7.407278 7.367769 7.337840 7.313464 7.291216 7.267987 7.240721 7.206177 7.160699 7.100018 7.019078 6.911897 6.771498 6.589920 6.358358 6.067470 5.707898 5.271034 4.750047 4.141118 3.444780 2.667113 1.820499 0.923555 0.000000 
50.000000 45.730905 41.524271 37.439822 33.531996 29.847793 26.425131 23.291824 20.465197 17.952328 15.750836 13.850097 12.232768 10.876456 9.755414 8.842137 8.108769 7.528267 7.075287 6.726794 6.462418 6.264584 6.118467 6.011815 5.934679 5.879095 5.838744 5.808609 5.784654 5.763519 5.742244 5.718022 5.687976 5.648961 5.597392 5.529108 5.439279 5.322366 5.172165 4.981955 4.744775 4.453859 4.103238 3.688497 3.207638 2.661944 2.056696 1.401530 0.710255 0.000000 
50.000000 45.608618 41.281489 37.080044 33.060283 29.270553 25.749857 22.526806 19.619222 17.034385 14.769845 12.814674 11.151032 9.755883 8.602744 7.663322 6.908963 6.311851 5.845918 5.487472 5.215566 5.012128 4.861923 4.752366 4.673251 4.616427 4.575456 4.545262 4.521815 4.501829 4.482491 4.461232 4.435511 4.402647 4.359668 4.303200 4.229401 4.133942 4.012061 3.858696 3.668722 3.437296 3.160315 2.834958 2.460282 2.037778 1.571790 1.069683 0.541630 0.000000 
50.000000 45.509038 41.083786 36.787069 32.676158 28.800495 25.199970 21.903840 18.930332 16.286892 13.971013 11.971519 10.270165 8.843393 7.664119 6.703408 5.931958 5.321323 4.844845 4.478299 4.200265 3.992273 3.838751 3.726846 3.646146 3.588355 3.546938 3.516784 3.493878 3.475007 3.457498 3.438995 3.417260 3.390017 3.354824 3.308976 3.249457 3.172928 3.075780 2.954247 2.804595 2.623389 2.407827 2.156130 1.867940 1.544683 1.189810 0.808862 0.409287 0.000000 
50.000000 45.429145 40.925168 36.552015 32.367975 28.423369 24.758796 21.404037 18.377639 15.687183 13.330116 11.295064 9.563455 8.111314 6.911074 5.933285 5.148125 4.526642 4.041706 3.668664 3.385720 3.174080 3.017906 2.904132 2.822183 2.763646 2.721919 2.691866 2.669491 2.651652 2.635802 2.619769 2.601577 2.579297 2.550929 2.514322 2.467131 2.406811 2.330657 2.235896 2.119833 1.980049 1.814645 1.622512 1.403600 1.159148 0.891826 0.605753 0.306343 0.000000 
50.000000 45.366018 40.799840 36.366292 32.124470 28.125390 24.410213 21.009128 17.940942 15.213339 12.823729 10.760582 9.005070 7.532886 6.316081 5.324800 4.528809 3.898757 3.407140 3.028968 2.742147 2.527630 2.369368 2.254128 2.171208 2.112107 2.070172 2.040249 2.018368 2.001447 1.987048 1.973158 1.958019 1.939987 1.917424 1.888628 1.851787 1.804977 1.746189 1.673400 1.584681 1.478340 1.353097 1.208269 1.043950 0.861161 0.661925 0.449268 0.227101 0.000000 
50.000000 45.316940 40.702402 36.221899 31.935154 27.893724 24.139204 20.702105 17.601431 14.844947 12.430039 10.345051 8.570956 7.083190 5.853508 4.851739 4.047328 3.410615 2.913806 2.531648 2.241816 2.025065 1.865186 1.748814 1.665152 1.605631 1.563559 1.533776 1.512333 1.496201 1.483033 1.470946 1.458360 1.443860 1.426100 1.403728 1.375349 1.339517 1.294748 1.239577 1.172632 1.092735 0.999028 0.891095 0.769088 0.633812 0.486777 0.330185 0.166841 0.000000 
50.000000 45.279466 40.628001 36.111646 31.790600 27.716832 23.932272 20.467673 17.342194 14.563659 12.129434 10.027770 8.239487 6.739824 5.500310 4.490533 3.679695 3.037897 2.537125 2.151924 1.859795 1.641342 1.480231 1.363002 1.278782 1.218953 1.176796 1.147148 1.126076 1.110600 1.098442 1.087827 1.077314 1.065671 1.051774 1.034543 1.012903 0.985764 0.952036 0.910660 0.860664 0.801230 0.731784 0.652079 0.562271 0.462983 0.355327 0.240893 0.121682 0.000000 
50.000000 45.251473 40.572425 36.029289 31.682620 27.584697 23.777697 20.292558 17.148549 14.353544 11.904890 9.790769 7.991889 6.483339 5.236483 4.220725 3.405086 2.759490 2.255758 1.868286 1.574442 1.354720 1.192693 1.074827 0.990197 0.930147 0.887939 0.858409 0.837641 0.822690 0.811336 0.801884 0.793002 0.783596 0.772712 0.759476 0.743047 0.722600 0.697330 0.666471 0.629332 0.585345 0.534126 0.475527 0.409694 0.337097 0.258553 0.175203 0.088474 0.000000 
50.000000 45.231188 40.532154 35.969611 31.604376 27.488949 23.665690 20.165666 17.008232 14.201291 11.742182 9.619036 7.812477 6.297489 5.045312 4.025221 3.206103 2.557756 2.051880 1.662763 1.367677 1.147036 0.984347 0.866023 0.781099 0.720894 0.678659 0.649226 0.628695 0.614147 0.603406 0.594836 0.587187 0.579466 0.570846 0.560598 0.548052 0.532574 0.513559 0.490446 0.462738 0.430036 0.392080 0.348783 0.300270 0.246897 0.189264 0.128197 0.064720 0.000000 
50.000000 45.217200 40.504381 35.928455 31.550416 27.422919 23.588446 20.078158 16.911464 14.096294 11.629975 9.500605 7.688750 6.169322 4.913476 3.890397 3.068881 2.418637 1.911283 1.521031 1.225090 1.003816 0.840671 0.722032 0.636908 0.576601 0.534351 0.504992 0.484634 0.470377 0.460075 0.452137 0.445367 0.438845 0.431829 0.423694 0.413886 0.401900 0.387267 0.369563 0.348419 0.323548 0.294766 0.262024 0.225424 0.185244 0.141932 0.096101 0.048505 0.000000 
50.000000 45.208454 40.487018 35.902725 31.516680 27.381637 23.540154 20.023448 16.850966 14.030649 11.559823 9.426562 7.611397 6.089194 4.831054 3.806106 2.983091 2.331661 1.823383 1.432422 1.135946 0.914277 0.750848 0.632013 0.546765 0.486395 0.444138 0.414829 0.394584 0.380514 0.370495 0.362962 0.356756 0.351000 0.345008 0.338218 0.330149 0.320376 0.308514 0.294222 0.277210 0.257255 0.234221 0.208077 0.178912 0.146949 0.112544 0.076179 0.038443 0.000000 
50.000000 45.204254 40.478680 35.890369 31.500481 27.361813 23.516964 19.997178 16.821916 13.999128 11.526138 9.391008 7.574253 6.050717 4.791476 3.765632 2.941896 2.289897 1.781175 1.389874 1.093142 0.871283 0.707717 0.588789 0.503481 0.443082 0.400822 0.371538 0.351348 0.337371 0.327490 0.320155 0.314223 0.308840 0.303345 0.297208 0.289983 0.281281 0.270759 0.258114 0.243094 0.225506 0.205235 0.182259 0.156659 0.128633 0.098492 0.066655 0.033633 0.000000 
50.000000 45.204254 40.478680 35.890369 31.500481 27.361813 23.516964 19.997178 16.821916 13.999128 11.526138 9.391008 7.574253 6.050717 4.791476 3.765632 2.941896 2.289897 1.781175 1.389874 1.093142 0.871283 0.707717 0.588789 0.503481 0.443082 0.400822 0.371538 0.351348 0.337371 0.327490 0.320155 0.314223 0.308840 0.303345 0.297208 0.289983 0.281281 0.270759 0.258114 0.243094 0.225506 0.205235 0.182259 0.156659 0.128633 0.098492 0.066655 0.033633 0.000000 
50.000000 45.208454 40.487018 35.902725 31.516680 27.381637 23.540154 20.023448 16.850966 14.030649 11.559823 9.426562 7.611397 6.089194 4.831054 3.806106 2.983091 2.331661 1.823383 1.432422 1.135946 0.914277 0.750848 0.632013 0.546765 0.486395 0.444138 0.414829 0.394584 0.380514 0.370495 0.362962 0.356756 0.351000 0.345008 0.338218 0.330149 0.320376 0.308514 0.294222 0.277210 0.257255 0.234221 0.208077 0.178912 0.146949 0.112544 0.076179 0.038443 0.000000 
50.000000 45.217200 40.504381 35.928455 31.550416 27.422919 23.588446 20.078158 16.911464 14.096294 11.629975 9.500605 7.688750 6.169322 4.913476 3.890397 3.068881 2.418637 1.911283 1.521031 1.225090 1.003816 0.840671 0.722032 0.636908 0.576601 0.534351 0.504992 0.484634 0.470377 0.460075 0.452137 0.445367 0.438845 0.431829 0.423694 0.413886 0.401900 0.387267 0.369563 0.348419 0.323548 0.294766 0.262024 0.225424 0.185244 0.141932 0.096101 0.048505 0.000000 
50.000000 45.231188 40.532154 35.969611 31.604376 27.488949 23.665690 20.165666 17.008232 14.201291 11.742182 9.619036 7.812477 6.297489 5.045312 4.025221 3.206103 2.557756 2.051880 1.662763 1.367677 1.147036 0.984347 0.866023 0.781099 0.720894 0.678659 0.649226 0.628695 0.614147 0.603406 0.594836 0.587187 0.579466 0.570846 0.560598 0.548052 0.532574 0.513559 0.490446 0.462738 0.430036 0.392080 0.348783 0.300270 0.246897 0.189264 0.128197 0.064720 0.000000 
50.000000 45.251473 40.572425 36.029289 31.682620 27.584697 23.777697 20.292558 17.148549 14.353544 11.904890 9.790769 7.991889 6.483339 5.236483 4.220725 3.405086 2.759490 2.255758 1.868286 1.574442 1.354720 1.192693 1.074827 0.990197 0.930147 0.887939 0.858409 0.837641 0.822690 0.811336 0.801884 0.793002 0.783596 0.772712 0.759476 0.743047 0.722600 0.697330 0.666471 0.629332 0.585345 0.534126 0.475527 0.409694 0.337097 0.258553 0.175203 0.088474 0.000000 
50.000000 45.279466 40.628001 36.111646 31.790600 27.716832 23.932272 20.467673 17.342194 14.563659 12.129434 10.027770 8.239487 6.739824 5.500310 4.490533 3.679695 3.037897 2.537125 2.151924 1.859795 1.641342 1.480231 1.363002 1.278782 1.218953 1.176796 1.147148 1.126076 1.110600 1.098442 1.087827 1.077314 1.065671 1.051774 1.034543 1.012903 0.985764 0.952036 0.910660 0.860664 0.801230 0.731784 0.652079 0.562271 0.462983 0.355327 0.240893 0.121682 0.000000 
50.000000 45.316940 40.702402 36.221899 31.935154 27.893724 24.139204 20.702105 17.601431 14.844947 12.430039 10.345051 8.570956 7.083190 5.853508 4.851739 4.047328 3.410615 2.913806 2.531648 2.241816 2.025065 1.865186 1.748814 1.665152 1.605631 1.563559 1.533776 1.512333 1.496201 1.483033 1.470946 1.458360 1.443860 1.426100 1.403728 1.375349 1.339517 1.294748 1.239577 1.172632 1.092735 0.999028 0.891095 0.769088 0.633812 0.486777 0.330185 0.166841 0.000000 
50.000000 45.366018 40.799840 36.366292 32.124470 28.125390 24.410213 21.009128 17.940942 15.213339 12.823729 10.760582 9.005070 7.532886 6.316081 5.324800 4.528809 3.898757 3.407140 3.028968 2.742147 2.527630 2.369368 2.254128 2.171208 2.112107 2.070172 2.040249 2.018368 2.001447 1.987048 1.973158 1.958019 1.939987 1.917424 1.888628 1.851787 1.804977 1.746189 1.673400 1.584681 1.478340 1.353097 1.208269 1.043950 0.861161 0.661925 0.449268 0.227101 0.000000 
50.000000 45.429145 40.925168 36.552015 32.367975 28.423369 24.758796 21.404037 18.377639 15.687183 13.330116 11.295064 9.563455 8.111314 6.911074 5.933285 5.148125 4.526642 4.041706 3.668664 3.385720 3.174080 3.017906 2.904132 2.822183 2.763646 2.721919 2.691866 2.669491 2.651652 2.635802 2.619769 2.601577 2.579297 2.550929 2.514322 2.467131 2.406811 2.330657 2.235896 2.119833 1.980049 1.814645 1.622512 1.403600 1.159148 0.891826 0.605753 0.306343 0.000000 
50.000000 45.509038 41.083786 36.787069 32.676158 28.800495 25.199970 21.903840 18.930332 16.286892 13.971013 11.971519 10.270165 8.843393 7.664119 6.703408 5.931958 5.321323 4.844845 4.478299 4.200265 3.992273 3.838751 3.726846 3.646146 3.588355 3.546938 3.516784 3.493878 3.475007 3.457498 3.438995 3.417260 3.390017 3.354824 3.308976 3.249457 3.172928 3.075780 2.954247 2.804595 2.623389 2.407827 2.156130 1.867940 1.544683 1.189810 0.808862 0.409287 0.000000 
50.000000 45.608618 41.281489 37.080044 33.060283 29.270553 25.749857 22.526806 19.619222 17.034385 14.769845 12.814674 11.151032 9.755883 8.602744 7.663322 6.908963 6.311851 5.845918 5.487472 5.215566 5.012128 4.861923 4.752366 4.673251 4.616427 4.575456 4.545262 4.521815 4.501829 4.482491 4.461232 4.435511 4.402647 4.359668 4.303200 4.229401 4.133942 4.012061 3.858696 3.668722 3.437296 3.160315 2.834958 2.460282 2.037778 1.571790 1.069683 0.541630 0.000000 
50.000000 45.730905 41.524271 37.439822 33.531996 29.847793 26.425131 23.291824 20.465197 17.952328 15.750836 13.850097 12.232768 10.876456 9.755414 8.842137 8.108769 7.528267 7.075287 6.726794 6.462418 6.264584 6.118467 6.011815 5.934679 5.879095 5.838744 5.808609 5.784654 5.763519 5.742244 5.718022 5.687976 5.648961 5.597392 5.529108 5.439279 5.322366 5.172165 4.981955 4.744775 4.453859 4.103238 3.688497 3.207638 2.661944 2.056696 1.401530 0.710255 0.000000 
50.000000 45.878885 41.818066 37.875194 34.102823 30.546321 27.242293 24.217587 21.488929 19.063153 16.937958 15.103092 13.541810 12.232497 11.150300 10.268665 9.560702 9.000304 8.563003 8.226560 7.971305 7.780263 7.639112 7.536002 7.461301 7.407278 7.367769 7.337840 7.313464 7.291216 7.267987 7.240721 7.206177 7.160699 7.100018 7.019078 6.911897 6.771498 6.589920 6.358358 6.067470 5.707898 5.271034 4.750047 4.141118 3.444780 2.667113 1.820499 0.923555 0.000000 
50.000000 46.055359 42.168433 38.394402 34.783568 31.379359 28.216809 25.321619 22.709798 20.387887 18.353685 16.597378 15.102939 13.849680 12.813810 11.969913 11.292251 10.755832 10.337235 10.015169 9.770800 9.587873 9.452663 9.353810 9.282063 9.229974 9.191579 9.162057 9.137416 9.114182 9.089104 9.058884 9.019901 8.967969 8.898082 8.804201 8.679053 8.514006 8.299016 8.022730 7.672782 7.236379 6.701232 6.056896 5.296520 4.418864 3.430314 2.346371 1.191961 0.000000 
50.000000 46.262767 42.580212 39.004616 35.583636 32.358413 29.362143 26.619173 24.144670 21.944833 20.017576 18.353602 16.937727 15.750349 14.768931 13.969392 13.327345 12.819113 12.422503 12.117341 11.885778 11.712403 11.584201 11.490388 11.422167 11.372438 11.335480 11.306628 11.281956 11.257970 11.231304 11.198432 11.155376 11.097417 11.018806 10.912474 10.769767 10.580220 10.331411 10.008965 9.596783 9.077621 8.434146 7.650609 6.715220 5.623165 4.379918 3.004121 1.528851 0.000000 
50.000000 46.502995 43.057154 39.711396 36.510313 33.492403 30.688726 28.122066 25.806615 23.748173 21.944788 20.387762 19.062887 17.951821 17.033475 16.285316 15.684526 15.208946 14.837810 14.552235 14.335515 14.173222 14.053163 13.965228 13.901156 13.854256 13.819110 13.791253 13.766871 13.742488 13.714666 13.679697 13.633291 13.570247 13.484108 13.366804 13.208285 12.996167 12.715439 12.348293 11.874180 11.270262 10.512468 9.577425 8.445525 7.105268 5.558636 3.826508 1.952144 0.000000 
50.000000 46.777202 43.601556 40.518143 37.568061 34.786787 32.202947 29.837538 27.703638 25.806592 24.144605 22.709657 21.488656 20.464700 19.618352 18.928846 18.375151 17.936848 17.594794 17.331586 17.131821 16.982196 16.871461 16.790281 16.731013 16.687450 16.654534 16.628057 16.604369 16.580070 16.551709 16.515469 16.466831 16.400211 16.308560 16.182924 16.011959 15.781425 15.473676 15.067225 14.536480 13.851866 12.980625 11.888741 10.544583 8.924820 7.022819 4.858590 2.487196 0.000000 
50.000000 47.085646 44.213930 41.425620 38.757878 36.242788 33.906234 31.767204 29.837526 28.122033 26.619100 25.321477 24.217325 23.291359 22.526001 21.902475 21.401762 21.005394 20.696061 20.458021 20.277342 20.141986 20.041771 19.968236 19.914446 19.874750 19.844515 19.819855 19.797343 19.773724 19.745616 19.709195 19.659838 19.591738 19.497449 19.367367 19.189120 18.946881 18.620593 18.185160 17.609688 16.856976 15.883626 14.641400 13.080863 11.158679 8.849961 6.165809 3.172286 0.000000 
50.000000 47.427552 44.892741 42.431549 40.076780 37.856753 35.794316 33.906229 32.202931 30.688690 29.362072 28.216676 27.242053 26.424712 25.749136 25.198753 24.756773 24.406896 24.133839 23.923707 23.764197 23.644679 23.556155 23.491144 23.443502 23.408209 23.381128 23.358755 23.337959 23.315711 23.288798 23.253513 23.205300 23.138346 23.045096 22.915658 22.737091 22.492522 22.160081 21.711638 21.111367 20.314251 19.264865 17.897170 16.136759 13.908157 11.150989 7.848837 4.069602 0.000000 
50.000000 47.801031 45.634234 43.530368 41.517473 39.619757 37.856751 36.242780 34.786771 33.492369 32.358349 31.379241 30.546112 29.847429 29.269931 28.799448 28.421630 28.122541 27.889117 27.709478 27.573106 27.470907 27.395184 27.339531 27.298679 27.268311 27.244853 27.225251 27.206744 27.186616 27.161936 27.129264 27.084310 27.021529 26.933623 26.810913 26.640539 26.405432 26.082975 25.643275 25.046928 24.242236 23.161945 21.720009 19.809884 17.307994 14.089893 10.071629 5.288857 0.000000 
50.000000 48.203047 46.432384 44.713147 43.068249 41.517472 40.076777 38.757871 37.568046 36.510283 35.583581 34.783470 34.102650 33.531696 33.059772 32.675298 32.366548 32.122133 31.931376 31.784569 31.673113 31.589575 31.527659 31.482123 31.448649 31.423691 31.404300 31.387940 31.372291 31.355041 31.333660 31.305132 31.265657 31.210266 31.132347 31.023028 30.870363 30.658227 30.364812 29.960535 29.405082 28.643264 27.599214 26.168632 24.209485 21.534127 17.912919 13.115585 7.042736 0.000000 
50.000000 48.629462 47.278976 45.967712 44.713146 43.530367 42.431546 41.425613 40.518131 39.711373 39.004574 38.394326 37.875061 37.439592 37.079652 36.786411 36.550924 36.364504 36.219010 36.107033 36.022016 35.958287 35.911042 35.876275 35.850688 35.831564 35.816636 35.803943 35.791677 35.778015 35.760938 35.738018 35.706160 35.661287 35.597923 35.508651 35.383362 35.208219 34.964168 34.624746 34.152787 33.495340 32.575669 31.280566 29.440479 26.800231 22.983857 17.483499 9.790902 0.000000 
50.000000 49.075149 48.163829 47.278976 46.432384 45.634233 44.892738 44.213925 43.601547 43.057138 42.580183 42.168381 41.817975 41.524115 41.281224 41.083340 40.924430 40.798631 40.700448 40.624882 40.567507 40.524495 40.492602 40.469123 40.451829 40.438879 40.428736 40.420062 40.411618 40.402143 40.390230 40.374173 40.351783 40.320157 40.275372 40.212074 40.122900 39.997659 39.822116 39.576122 39.230665 38.742977 38.048127 37.043908 35.562608 33.316800 29.795478 24.081915 14.656642 0.000000 
50.000000 49.534167 49.075149 48.629462 48.203047 47.801031 47.427551 47.085643 46.777198 46.502987 46.262752 46.055333 45.878839 45.730826 45.608485 45.508814 45.428772 45.365409 45.315955 45.277892 45.248992 45.227325 45.211258 45.199427 45.190707 45.184170 45.179040 45.174637 45.170332 45.165480 45.159358 45.151086 45.139528 45.123175 45.099977 45.067123 45.020729 44.955376 44.863425 44.733931 44.550860 44.290012 43.913363 43.357952 42.512175 41.160312 38.838561 34.418507 24.767084 0.000000 
50.000000 50.000000 50.000000 50.000000 50.000000 50.000000 50.000000 50.000000 50.000000 50.000000 50.000000 50.000000 50.000000 50.000000 50.000000 50.000000 50.000000 50.000000 50.000000 50.000000 50.000000 50.000000 50.000000 50.000000 50.000000 50.000000 50.000000 50.000000 50.000000 50.000000 50.000000 50.000000 50.000000 50.000000 50.000000 50.000000 50.000000 50.000000 50.000000 50.000000 50.000000 50.000000 50.000000 50.000000 50.000000 50.000000 50.000000 50.000000 50.000000 50.000000 
