50.000000 50.000000 50.000000 50.000000 50.000000 50.000000 50.000000 50.000000 50.000000 50.000000 50.000000 50.000000 50.000000 50.000000 50.000000 50.000000 50.000000 50.000000 50.000000 50.000000 50.000000 50.000000 50.000000 50.000000 50.000000 50.000000 50.000000 50.000000 50.000000 50.000000 50.000000 50.000000 50.000000 50.000000 50.000000 50.000000 50.000000 50.000000 50.000000 50.000000 50.000000 50.000000 50.000000 50.000000 50.000000 50.000000 50.000000 50.000000 50.000000 50.000000 
50.000000 49.696076 49.395053 49.099750 48.812822 48.536691 48.273487 48.024994 47.792626 47.577404 47.379957 47.200538 47.039044 46.895057 46.767886 46.656615 46.560154 46.477288 46.406724 46.347131 46.297178 46.255556 46.221002 46.192309 46.168325 46.147951 46.130124 46.113795 46.097897 46.081305 46.062781 46.040907 46.013999 45.979990 45.936282 45.879531 45.805351 45.707868 45.579053 45.407654 45.177435 44.864113 44.429723 43.811505 42.898209 41.474621 39.077588 34.579463 24.848050 0.000000 
50.000000 49.395055 48.795884 48.208098 47.636983 47.087360 46.563465 46.068854 45.606337 45.177948 44.784942 44.427817 44.106372 43.819775 43.566649 43.345172 43.153175 42.988240 42.847794 42.729189 42.629775 42.546951 42.478206 42.421138 42.373463 42.332999 42.297641 42.265316 42.233920 42.201241 42.164854 42.121991 42.069378 42.003018 41.917906 41.807637 41.663863 41.475498 41.227536 40.899229 40.461165 39.870418 39.062165 37.934596 36.320698 33.934036 30.264872 24.397994 14.815641 0.000000 
50.000000 49.099757 48.208107 47.333399 46.483499 45.665584 44.885955 44.149904 43.461615 42.824114 42.239266 41.707816 41.229463 40.802969 40.426287 40.096705 39.810995 39.565561 39.356576 39.180102 39.032198 38.908998 38.806773 38.721959 38.651167 38.591169 38.538858 38.491182 38.445061 38.397266 38.344282 38.282122 38.206100 38.110536 37.988372 37.830655 37.625837 37.358775 37.009294 36.550053 35.943307 35.135871 34.051167 32.576565 30.543530 27.698325 23.666833 17.943397 10.022245 0.000000 
50.000000 48.812840 47.637013 46.483526 45.362756 44.284163 43.256059 42.285422 41.377769 40.537091 39.765849 39.065023 38.434219 37.871802 37.375075 36.940463 36.563711 36.240078 35.964520 35.731850 35.536875 35.374509 35.239843 35.128194 35.035117 34.956389 34.887953 34.825848 34.766094 34.704551 34.636745 34.557646 34.461394 34.340954 34.187676 33.990719 33.736283 33.406568 32.978331 32.420864 31.693111 30.739581 29.484610 27.824636 25.618922 22.681664 18.785582 13.703209 7.338329 0.000000 
50.000000 48.536731 47.087430 45.665666 44.284227 42.954776 41.687557 40.491171 39.372418 38.336217 37.385602 36.521783 35.744272 35.051057 34.438813 33.903136 33.438784 33.039916 32.700320 32.413608 32.173392 31.973412 31.807637 31.670321 31.556020 31.459575 31.376054 31.300663 31.228621 31.155000 31.074521 30.981316 30.868623 30.728422 30.550979 30.324263 30.033207 29.658748 29.176566 28.555429 27.755050 26.723376 25.393388 23.679913 21.477940 18.666074 15.122653 10.767051 5.638674 0.000000 
50.000000 48.273561 46.563603 44.886135 43.256245 41.687691 40.192564 38.781009 37.461050 36.238492 35.116913 34.097741 33.180403 32.362524 31.640185 31.008190 30.460358 29.989803 29.589200 29.251025 28.967749 28.732009 28.536712 28.375112 28.240835 28.127858 28.030451 27.943079 27.860269 27.776432 27.685656 27.581443 27.456414 27.301933 27.107674 26.861079 26.546708 26.145435 25.633463 24.981158 24.151694 23.099650 21.769868 20.097286 18.009214 15.432623 12.310262 8.629438 4.462264 0.000000 
50.000000 48.025125 46.069102 44.150245 42.285811 40.491543 38.781266 37.166589 35.656689 34.258207 32.975237 31.809414 30.760080 29.824523 28.998260 28.275351 27.648729 27.110523 26.652364 26.265655 25.941801 25.672401 25.449374 25.265048 25.112188 24.983987 24.874001 24.776052 24.684081 24.591976 24.493350 24.381291 24.248060 24.084747 23.880871 23.623914 23.298784 22.887200 22.367014 21.711494 20.888665 19.860887 18.585042 17.013946 15.100012 12.802537 10.100002 7.007520 3.595684 0.000000 
50.000000 47.792843 45.606756 43.462206 41.378482 39.373176 37.461740 35.657150 33.969662 32.406698 30.972834 29.669898 28.497156 27.451579 26.528158 25.720259 25.019989 24.418557 23.906621 23.474585 23.112865 22.812098 22.563291 22.357920 22.187972 22.045933 21.924734 21.817643 21.718130 21.619683 21.515597 21.398728 21.261211 21.094151 20.887268 20.628519 20.303680 19.895925 19.385405 18.748911 17.959713 16.987773 15.800620 14.365335 12.652214 10.640669 8.327578 5.737131 2.929116 0.000000 
50.000000 47.577751 45.178626 42.825087 40.538301 38.337574 36.239868 34.259420 32.407488 30.692216 29.118627 27.688728 26.401716 25.254268 24.240889 23.354302 22.585851 21.925899 21.364202 20.890246 20.493537 20.163830 19.891298 19.666646 19.481159 19.326701 19.195659 19.080843 18.975347 18.872378 18.765045 18.646132 18.507841 18.341512 18.137332 17.884035 17.568598 17.175976 16.688897 16.087786 15.350927 14.455004 13.376233 12.092348 10.585694 8.847554 6.883466 4.718548 2.400850 0.000000 
50.000000 47.380499 44.786004 42.240807 39.767801 37.387863 35.119335 32.977615 30.974878 29.119931 27.418208 25.871880 24.480079 23.239214 22.143346 21.184611 20.353653 19.640059 19.032764 18.520418 18.091695 17.735550 17.441405 17.199272 16.999813 16.834347 16.694798 16.573602 16.463568 16.357721 16.249096 16.130534 15.994443 15.832564 15.635725 15.393616 15.094582 14.725475 14.271601 13.716813 13.043841 12.234954 11.273097 10.143615 8.836649 7.350134 5.693065 3.888278 1.973587 0.000000 
50.000000 47.201362 44.429441 41.710190 39.068066 36.525376 34.101716 31.813537 29.673846 27.692055 25.873969 24.221907 22.734946 21.409251 20.238479 19.214234 18.326526 17.564242 16.915573 16.368412 15.910685 15.530630 15.216994 14.959175 14.747288 14.572183 14.425393 14.299055 14.185774 14.078472 13.970201 13.853949 13.722434 13.567897 13.381907 13.155189 12.877494 12.537536 12.123029 11.620874 11.017552 10.299785 9.455544 8.475441 7.354486 6.094105 4.704090 3.204000 1.623347 0.000000 
50.000000 47.040276 44.108808 41.233041 38.438841 35.749799 33.186639 30.766759 28.503917 26.408064 24.485342 22.738205 21.165677 19.763705 18.525585 17.442442 16.503721 15.697676 15.011835 14.433413 13.949672 13.548207 13.217171 12.945422 12.722600 12.539153 12.386293 12.255921 12.140503 12.032924 11.926316 11.813880 11.688703 11.543578 11.370850 11.162284 10.908986 10.601397 10.229378 9.782435 9.250103 8.622549 7.891404 7.050829 6.098774 5.038296 3.878708 2.636242 1.333866 0.000000 
50.000000 46.896872 43.823369 40.808265 37.878682 35.059353 32.372006 29.834883 27.462407 25.265015 23.249145 21.417371 19.768672 18.298801 17.000734 15.865170 14.881049 14.036068 13.317166 12.710958 12.204116 11.783674 11.437264 11.153272 10.920931 10.730348 10.572475 10.439033 10.322398 10.215468 10.111498 10.003940 9.886276 9.751868 9.593820 9.404888 9.177430 8.903426 8.574587 8.182576 7.719358 7.177706 6.551859 5.838323 5.036740 4.150745 3.188629 2.163618 1.093572 0.000000 
50.000000 46.770524 43.571879 40.434013 37.385149 34.451029 31.654267 29.013846 26.544778 24.257924 22.159986 20.253645 18.537838 17.008150 15.657272 14.475531 13.451425 12.572159 11.824154 11.193503 10.666361 10.229274 9.869420 9.574780 9.334241 9.137626 8.975674 8.839974 8.722853 8.617253 8.516581 8.414554 8.305053 8.181987 8.039179 7.870293 7.668800 7.428015 7.141200 6.801767 6.403574 5.941335 5.411121 4.810947 4.141367 3.406025 2.612023 1.770011 0.893876 0.000000 
50.000000 46.660405 43.352693 40.107831 36.955008 33.920843 31.028719 28.298269 25.745016 23.380193 21.210730 19.239402 17.465111 15.883292 14.486393 13.264415 12.205471 11.296341 10.522997 9.871075 9.326288 8.874757 8.503272 8.199472 7.951949 7.750292 7.585073 7.447781 7.330726 7.226916 7.129918 7.033715 6.932571 6.820905 6.693195 6.543908 6.367485 6.158365 5.911089 5.620461 5.281793 4.891223 4.446094 3.945366 3.390029 2.783447 2.131556 1.442863 0.728167 0.000000 
50.000000 46.565541 43.163870 39.826837 36.584456 33.464104 30.489830 27.681823 25.056049 22.624059 20.392982 18.365671 16.541000 14.914277 13.477738 12.221105 11.132159 10.197317 9.402163 8.731946 8.171996 7.708077 7.326647 7.015055 6.761650 6.555830 6.388032 6.249678 6.133079 6.031320 5.938129 5.847744 5.754779 5.654116 5.540809 5.410024 5.257021 5.077177 4.866062 4.619574 4.334129 4.006901 3.636098 3.221258 2.763525 2.265857 1.733136 1.172118 0.591198 0.000000 
50.000000 46.484869 43.003297 39.587880 36.269340 33.075696 30.031562 27.157602 24.470156 21.981049 19.697577 17.622660 15.755150 14.090243 12.619998 11.333901 10.219451 9.262754 8.449071 7.763319 7.190508 6.716097 6.326271 6.008135 5.749837 5.540620 5.370819 5.231809 5.115914 5.016301 4.926852 4.842034 4.756779 4.666372 4.566365 4.452518 4.320772 4.167264 3.988388 3.780889 3.542011 3.269674 2.962673 2.620879 2.245430 1.838853 1.405114 0.949558 0.478717 0.000000 
50.000000 46.417292 42.868789 39.387713 36.005377 32.750338 29.647684 26.718477 23.979372 21.442420 19.115058 17.000266 15.096871 13.399981 11.901507 10.590732 9.454925 8.479932 7.650740 6.951993 6.368435 5.885271 5.488459 5.164905 4.902594 4.690645 4.519315 4.379945 4.264884 4.167377 4.081443 4.001757 3.923524 3.842375 3.754282 3.655496 3.542514 3.412085 3.261247 3.087394 2.888389 2.662680 2.409454 2.128765 1.821661 1.490259 1.137760 0.768385 0.387223 0.000000 
50.000000 46.361732 42.758198 39.223138 35.788350 32.482834 29.332067 26.357437 23.575858 20.999570 18.636124 16.488547 14.555650 12.832467 11.310785 9.979725 8.826365 7.836335 6.994403 6.284987 5.692611 5.202277 4.799758 4.471798 4.206252 3.992142 3.819664 3.680142 3.565947 3.470396 3.387633 3.312507 3.240453 3.167393 3.089643 3.003853 2.906964 2.796208 2.669119 2.523584 2.357917 2.170945 1.962107 1.731548 1.480195 1.209801 0.922941 0.622954 0.313824 0.000000 
50.000000 46.317173 42.669507 39.091153 35.614299 32.268300 29.078947 26.067890 23.252249 20.644413 18.252029 16.078160 14.121604 12.377336 10.837043 9.489719 8.322284 7.320202 6.468059 5.750096 5.150663 4.654599 4.247528 3.916070 3.647975 3.432193 3.258873 3.119328 3.005955 2.912132 2.832107 2.760872 2.694055 2.627808 2.558724 2.483767 2.400228 2.305707 2.198116 2.075709 1.937126 1.781458 1.608306 1.417851 1.210895 0.988884 0.753901 0.508604 0.256140 0.000000 
50.000000 46.282708 42.600905 38.989064 35.479673 32.102363 28.883164 25.843930 23.001943 20.369707 17.954940 15.760735 13.785880 12.025304 10.470618 9.110715 7.932396 6.920995 6.060960 5.336394 4.731512 4.231028 3.820454 3.486312 3.216277 2.999241 2.825322 2.685825 2.573171 2.480788 2.403005 2.334933 2.272345 2.211575 2.149429 2.083110 2.010173 1.928493 1.836261 1.731993 1.614564 1.483242 1.337733 1.178223 1.005400 0.820471 0.625136 0.421551 0.212242 0.000000 
50.000000 46.257568 42.550865 38.914597 35.381472 31.981321 28.740352 25.680566 22.819360 20.169325 17.738232 15.529194 13.540991 11.768520 10.203336 8.834258 7.648002 6.629805 5.764017 5.034638 4.425786 3.922086 3.508967 3.172882 2.901450 2.683522 2.509196 2.369774 2.257691 2.166418 2.090346 2.024667 1.965267 1.908612 1.851660 1.791789 1.726740 1.654585 1.573707 1.482808 1.380919 1.267425 1.142097 1.005110 0.857066 0.698990 0.532311 0.358823 0.180619 0.000000 
50.000000 46.241152 42.518190 38.865971 35.317349 31.902285 28.647100 25.573893 22.700139 20.038482 17.596728 15.378005 13.381087 11.600849 10.028810 8.653742 7.462304 6.439671 5.570127 4.837607 4.226167 3.720370 3.305594 2.968247 2.695911 2.477412 2.302835 2.163479 2.051794 1.961274 1.886353 1.822279 1.765009 1.711096 1.657598 1.602005 1.542179 1.476316 1.402923 1.320815 1.229121 1.127299 1.015153 0.892850 0.760928 0.620295 0.472204 0.318218 0.160152 0.000000 
50.000000 46.233049 42.502061 38.841969 35.285697 31.863270 28.601069 25.521238 22.641289 19.973895 17.526879 15.303374 13.302154 11.518083 9.942660 8.564636 7.370640 6.345818 5.474420 4.740350 4.127633 3.620803 3.205210 2.867241 2.594462 2.375685 2.200988 2.061671 1.950189 1.860050 1.785706 1.722437 1.666234 1.613690 1.561916 1.508455 1.451229 1.388492 1.318814 1.241064 1.154418 1.058365 0.952727 0.837665 0.713684 0.581634 0.442682 0.298278 0.150103 0.000000 
50.000000 46.233049 42.502061 38.841969 35.285697 31.863270 28.601069 25.521238 22.641289 19.973895 17.526879 15.303374 13.302154 11.518083 9.942660 8.564636 7.370640 6.345818 5.474420 4.740350 4.127633 3.620803 3.205210 2.867241 2.594462 2.375685 2.200988 2.061671 1.950189 1.860050 1.785706 1.722437 1.666234 1.613690 1.561916 1.508455 1.451229 1.388492 1.318814 1.241064 1.154418 1.058365 0.952727 0.837665 0.713684 0.581634 0.442682 0.298278 0.150103 0.000000 
50.000000 46.241152 42.518190 38.865971 35.317349 31.902285 28.647100 25.573893 22.700139 20.038482 17.596728 15.378005 13.381087 11.600849 10.028810 8.653742 7.462304 6.439671 5.570127 4.837607 4.226167 3.720370 3.305594 2.968247 2.695911 2.477412 2.302835 2.163479 2.051794 1.961274 1.886353 1.822279 1.765009 1.711096 1.657598 1.602005 1.542179 1.476316 1.402923 1.320815 1.229121 1.127299 1.015153 0.892850 0.760928 0.620295 0.472204 0.318218 0.160152 0.000000 
50.000000 46.257568 42.550865 38.914597 35.381472 31.981321 28.740352 25.680566 22.819360 20.169325 17.738232 15.529194 13.540991 11.768520 10.203336 8.834258 7.648002 6.629805 5.764017 5.034638 4.425786 3.922086 3.508967 3.172882 2.901450 2.683522 2.509196 2.369774 2.257691 2.166418 2.090346 2.024667 1.965267 1.908612 1.851660 1.791789 1.726740 1.654585 1.573707 1.482808 1.380919 1.267425 1.142097 1.005110 0.857066 0.698990 0.532311 0.358823 0.180619 0.000000 
50.000000 46.282708 42.600905 38.989064 35.479673 32.102363 28.883164 25.843930 23.001943 20.369707 17.954940 15.760735 13.785880 12.025304 10.470618 9.110715 7.932396 6.920995 6.060960 5.336394 4.731512 4.231028 3.820454 3.486312 3.216277 2.999241 2.825322 2.685825 2.573171 2.480788 2.403005 2.334933 2.272345 2.211575 2.149429 2.083110 2.010173 1.928493 1.836261 1.731993 1.614564 1.483242 1.337733 1.178223 1.005400 0.820471 0.625136 0.421551 0.212242 0.000000 
50.000000 46.317173 42.669507 39.091153 35.614299 32.268300 29.078947 26.067890 23.252249 20.644413 18.252029 16.078160 14.121604 12.377336 10.837043 9.489719 8.322284 7.320202 6.468059 5.750096 5.150663 4.654599 4.247528 3.916070 3.647975 3.432193 3.258873 3.119328 3.005955 2.912132 2.832107 2.760872 2.694055 2.627808 2.558724 2.483767 2.400228 2.305707 2.198116 2.075709 1.937126 1.781458 1.608306 1.417851 1.210895 0.988884 0.753901 0.508604 0.256140 0.000000 
50.000000 46.361732 42.758198 39.223138 35.788350 32.482834 29.332067 26.357437 23.575858 20.999570 18.636124 16.488547 14.555650 12.832467 11.310785 9.979725 8.826365 7.836335 6.994403 6.284987 5.692611 5.202277 4.799758 4.471798 4.206252 3.992142 3.819664 3.680142 3.565947 3.470396 3.387633 3.312507 3.240453 3.167393 3.089643 3.003853 2.906964 2.796208 2.669119 2.523584 2.357917 2.170945 1.962107 1.731548 1.480195 1.209801 0.922941 0.622954 0.313824 0.000000 
50.000000 46.417292 42.868789 39.387713 36.005377 32.750338 29.647684 26.718477 23.979372 21.442420 19.115058 17.000266 15.096871 13.399981 11.901507 10.590732 9.454925 8.479932 7.650740 6.951993 6.368435 5.885271 5.488459 5.164905 4.902594 4.690645 4.519315 4.379945 4.264884 4.167377 4.081443 4.001757 3.923524 3.842375 3.754282 3.655496 3.542514 3.412085 3.261247 3.087394 2.888389 2.662680 2.409454 2.128765 1.821661 1.490259 1.137760 0.768385 0.387223 0.000000 
50.000000 46.484869 43.003297 39.587880 36.269340 33.075696 30.031562 27.157602 24.470156 21.981049 19.697577 17.622660 15.755150 14.090243 12.619998 11.333901 10.219451 9.262754 8.449071 7.763319 7.190508 6.716097 6.326271 6.008135 5.749837 5.540620 5.370819 5.231809 5.115914 5.016301 4.926852 4.842034 4.756779 4.666372 4.566365 4.452518 4.320772 4.167264 3.988388 3.780889 3.542011 3.269674 2.962673 2.620879 2.245430 1.838853 1.405114 0.949558 0.478717 0.000000 
50.000000 46.565541 43.163870 39.826837 36.584456 33.464104 30.489830 27.681823 25.056049 22.624059 20.392982 18.365671 16.541000 14.914277 13.477738 12.221105 11.132159 10.197317 9.402163 8.731946 8.171996 7.708077 7.326647 7.015055 6.761650 6.555830 6.388032 6.249678 6.133079 6.031320 5.938129 5.847744 5.754779 5.654116 5.540809 5.410024 5.257021 5.077177 4.866062 4.619574 4.334129 4.006901 3.636098 3.221258 2.763525 2.265857 1.733136 1.172118 0.591198 0.000000 
50.000000 46.660405 43.352693 40.107831 36.955008 33.920843 31.028719 28.298269 25.745016 23.380193 21.210730 19.239402 17.465111 15.883292 14.486393 13.264415 12.205471 11.296341 10.522997 9.871075 9.326288 8.874757 8.503272 8.199472 7.951949 7.750292 7.585073 7.447781 7.330726 7.226916 7.129918 7.033715 6.932571 6.820905 6.693195 6.543908 6.367485 6.158365 5.911089 5.620461 5.281793 4.891223 4.446094 3.945366 3.390029 2.783447 2.131556 1.442863 0.728167 0.000000 
50.000000 46.770524 43.571879 40.434013 37.385149 34.451029 31.654267 29.013846 26.544778 24.257924 22.159986 20.253645 18.537838 17.008150 15.657272 14.475531 13.451425 12.572159 11.824154 11.193503 10.666361 10.229274 9.869420 9.574780 9.334241 9.137626 8.975674 8.839974 8.722853 8.617253 8.516581 8.414554 8.305053 8.181987 8.039179 7.870293 7.668800 7.428015 7.141200 6.801767 6.403574 5.941335 5.411121 4.810947 4.141367 3.406025 2.612023 1.770011 0.893876 0.000000 
50.000000 46.896872 43.823369 40.808265 37.878682 35.059353 32.372006 29.834883 27.462407 25.265015 23.249145 21.417371 19.768672 18.298801 17.000734 15.865170 14.881049 14.036068 13.317166 12.710958 12.204116 11.783674 11.437264 11.153272 10.920931 10.730348 10.572475 10.439033 10.322398 10.215468 10.111498 10.003940 9.886276 9.751868 9.593820 9.404888 9.177430 8.903426 8.574587 8.182576 7.719358 7.177706 6.551859 5.838323 5.036740 4.150745 3.188629 2.163618 1.093572 0.000000 
50.000000 47.040276 44.108808 41.233041 38.438841 35.749799 33.186639 30.766759 28.503917 26.408064 24.485342 22.738205 21.165677 19.763705 18.525585 17.442442 16.503721 15.697676 15.011835 14.433413 13.949672 13.548207 13.217171 12.945422 12.722600 12.539153 12.386293 12.255921 12.140503 12.032924 11.926316 11.813880 11.688703 11.543578 11.370850 11.162284 10.908986 10.601397 10.229378 9.782435 9.250103 8.622549 7.891404 7.050829 6.098774 5.038296 3.878708 2.636242 1.333866 0.000000 
50.000000 47.201362 44.429441 41.710190 39.068066 36.525376 34.101716 31.813537 29.673846 27.692055 25.873969 24.221907 22.734946 21.409251 20.238479 19.214234 18.326526 17.564242 16.915573 16.368412 15.910685 15.530630 15.216994 14.959175 14.747288 14.572183 14.425393 14.299055 14.185774 14.078472 13.970201 13.853949 13.722434 13.567897 13.381907 13.155189 12.877494 12.537536 12.123029 11.620874 11.017552 10.299785 9.455544 8.475441 7.354486 6.094105 4.704090 3.204000 1.623347 0.000000 
50.000000 47.380499 44.786004 42.240807 39.767801 37.387863 35.119335 32.977615 30.974878 29.119931 27.418208 25.871880 24.480079 23.239214 22.143346 21.184611 20.353653 19.640059 19.032764 18.520418 18.091695 17.735550 17.441405 17.199272 16.999813 16.834347 16.694798 16.573602 16.463568 16.357721 16.249096 16.130534 15.994443 15.832564 15.635725 15.393616 15.094582 14.725475 14.271601 13.716813 13.043841 12.234954 11.273097 10.143615 8.836649 7.350134 5.693065 3.888278 1.973587 0.000000 
50.000000 47.577751 45.178626 42.825087 40.538301 38.337574 36.239868 34.259420 32.407488 30.692216 29.118627 27.688728 26.401716 25.254268 24.240889 23.354302 22.585851 21.925899 21.364202 20.890246 20.493537 20.163830 19.891298 19.666646 19.481159 19.326701 19.195659 19.080843 18.975347 18.872378 18.765045 18.646132 18.507841 18.341512 18.137332 17.884035 17.568598 17.175976 16.688897 16.087786 15.350927 14.455004 13.376233 12.092348 10.585694 8.847554 6.883466 4.718548 2.400850 0.000000 
50.000000 47.792843 45.606756 43.462206 41.378482 39.373176 37.461740 35.657150 33.969662 32.406698 30.972834 29.669898 28.497156 27.451579 26.528158 25.720259 25.019989 24.418557 23.906621 23.474585 23.112865 22.812098 22.563291 22.357920 22.187972 22.045933 21.924734 21.817643 21.718130 21.619683 21.515597 21.398728 21.261211 21.094151 20.887268 20.628519 20.303680 19.895925 19.385405 18.748911 17.959713 16.987773 15.800620 14.365335 12.652214 10.640669 8.327578 5.737131 2.929116 0.000000 
50.000000 48.025125 46.069102 44.150245 42.285811 40.491543 38.781266 37.166589 35.656689 34.258207 32.975237 31.809414 30.760080 29.824523 28.998260 28.275351 27.648729 27.110523 26.652364 26.265655 25.941801 25.672401 25.449374 25.265048 25.112188 24.983987 24.874001 24.776052 24.684081 24.591976 24.493350 24.381291 24.248060 24.084747 23.880871 23.623914 23.298784 22.887200 22.367014 21.711494 20.888665 19.860887 18.585042 17.013946 15.100012 12.802537 10.100002 7.007520 3.595684 0.000000 
50.000000 48.273561 46.563603 44.886135 43.256245 41.687691 40.192564 38.781009 37.461050 36.238492 35.116913 34.097741 33.180403 32.362524 31.640185 31.008190 30.460358 29.989803 29.589200 29.251025 28.967749 28.732009 28.536712 28.375112 28.240835 28.127858 28.030451 27.943079 27.860269 27.776432 27.685656 27.581443 27.456414 27.301933 27.107674 26.861079 26.546708 26.145435 25.633463 24.981158 24.151694 23.099650 21.769868 20.097286 18.009214 15.432623 12.310262 8.629438 4.462264 0.000000 
50.000000 48.536731 47.087430 45.665666 44.284227 42.954776 41.687557 40.491171 39.372418 38.336217 37.385602 36.521783 35.744272 35.051057 34.438813 33.903136 33.438784 33.039916 32.700320 32.413608 32.173392 31.973412 31.807637 31.670321 31.556020 31.459575 31.376054 31.300663 31.228621 31.155000 31.074521 30.981316 30.868623 30.728422 30.550979 30.324263 30.033207 29.658748 29.176566 28.555429 27.755050 26.723376 25.393388 23.679913 21.477940 18.666074 15.122653 10.767051 5.638674 0.000000 
50.000000 48.812840 47.637013 46.483526 45.362756 44.284163 43.256059 42.285422 41.377769 40.537091 39.765849 39.065023 38.434219 37.871802 37.375075 36.940463 36.563711 36.240078 35.964520 35.731850 35.536875 35.374509 35.239843 35.128194 35.035117 34.956389 34.887953 34.825848 34.766094 34.704551 34.636745 34.557646 34.461394 34.340954 34.187676 33.990719 33.736283 33.406568 32.978331 32.420864 31.693111 30.739581 29.484610 27.824636 25.618922 22.681664 18.785582 13.703209 7.338329 0.000000 
50.000000 49.099757 48.208107 47.333399 46.483499 45.665584 44.885955 44.149904 43.461615 42.824114 42.239266 41.707816 41.229463 40.802969 40.426287 40.096705 39.810995 39.565561 39.356576 39.180102 39.032198 38.908998 38.806773 38.721959 38.651167 38.591169 38.538858 38.491182 38.445061 38.397266 38.344282 38.282122 38.206100 38.110536 37.988372 37.830655 37.625837 37.358775 37.009294 36.550053 35.943307 35.135871 34.051167 32.576565 30.543530 27.698325 23.666833 17.943397 10.022245 0.000000 
50.000000 49.395055 48.795884 48.208098 47.636983 47.087360 46.563465 46.068854 45.606337 45.177948 44.784942 44.427817 44.106372 43.819775 43.566649 43.345172 43.153175 42.988240 42.847794 42.729189 42.629775 42.546951 42.478206 42.421138 42.373463 42.332999 42.297641 42.265316 42.233920 42.201241 42.164854 42.121991 42.069378 42.003018 41.917906 41.807637 41.663863 41.475498 41.227536 40.899229 40.461165 39.870418 39.062165 37.934596 36.320698 33.934036 30.264872 24.397994 14.815641 0.000000 
50.000000 49.696076 49.395053 49.099750 48.812822 48.536691 48.273487 48.024994 47.792626 47.577404 47.379957 47.200538 47.039044 46.895057 46.767886 46.656615 46.560154 46.477288 46.406724 46.347131 46.297178 46.255556 46.221002 46.192309 46.168325 46.147951 46.130124 46.113795 46.097897 46.081305 46.062781 46.040907 46.013999 45.979990 45.936282 45.879531 45.805351 45.707868 45.579053 45.407654 45.177435 44.864113 44.429723 43.811505 42.898209 41.474621 39.077588 34.579463 24.848050 0.000000 
50.000000 50.000000 50.000000 50.000000 50.000000 50.000000 50.000000 50.000000 50.000000 50.000000 50.000000 50.000000 50.000000 50.000000 50.000000 50.000000 50.000000 50.000000 50.000000 50.000000 50.000000 50.000000 50.000000 50.000000 50.000000 50.000000 50.000000 50.000000 50.000000 50.000000 50.000000 50.000000 50.000000 50.000000 50.000000 50.000000 50.000000 50.000000 50.000000 50.000000 50.000000 50.000000 50.000000 50.000000 50.000000 50.000000 50.000000 50.000000 50.000000 50.000000 
