50.000000 50.000000 50.000000 50.000000 50.000000 50.000000 50.000000 50.000000 50.000000 50.000000 50.000000 50.000000 50.000000 50.000000 50.000000 50.000000 50.000000 50.000000 50.000000 50.000000 50.000000 50.000000 50.000000 50.000000 50.000000 50.000000 50.000000 50.000000 50.000000 50.000000 50.000000 50.000000 50.000000 50.000000 50.000000 50.000000 50.000000 50.000000 50.000000 50.000000 50.000000 50.000000 50.000000 50.000000 50.000000 50.000000 50.000000 50.000000 50.000000 50.000000 
50.000000 49.141384 48.305915 47.514868 46.786029 46.132531 45.562272 45.077921 44.677465 44.355125 44.102484 43.909646 43.766276 43.662432 43.589141 43.538725 43.504917 43.482810 43.468713 43.459941 43.454616 43.451460 43.449632 43.448596 43.448016 43.447689 43.447485 43.447320 43.447121 43.446802 43.446240 43.445231 43.443434 43.440284 43.434852 43.425639 43.410257 43.384939 43.343796 43.277646 43.172110 43.004393 42.737472 42.308828 41.606601 40.414033 38.265457 34.029807 24.570692 0.000000 
50.000000 48.305915 46.657499 45.096730 43.658702 42.369327 41.244184 40.288544 39.498432 38.862445 38.363979 37.983506 37.700635 37.495749 37.351144 37.251674 37.184970 37.141355 37.113540 37.096235 37.085729 37.079501 37.075895 37.073851 37.072709 37.072063 37.071665 37.071344 37.070962 37.070354 37.069285 37.067367 37.063957 37.057987 37.047709 37.030312 37.001334 36.953783 36.876814 36.753689 36.558597 36.251490 35.769370 35.010879 33.807809 31.870717 28.684983 23.328750 14.276108 0.000000 
50.000000 47.514868 45.096730 42.807169 40.697662 38.806224 37.155708 35.753845 34.594803 33.661855 32.930642 32.372518 31.957570 31.657021 31.444900 31.298986 31.201140 31.137162 31.096361 31.070976 31.055565 31.046430 31.041141 31.038144 31.036469 31.035526 31.034948 31.034491 31.033954 31.033112 31.031635 31.028993 31.024305 31.016114 31.002050 30.978318 30.938938 30.874624 30.771140 30.606867 30.349187 29.949003 29.332317 28.387118 26.943141 24.742330 21.403584 16.411747 9.249411 0.000000 
50.000000 46.786029 43.658702 40.697662 37.969486 35.523338 33.388773 31.575789 30.076841 28.870298 27.924652 27.202859 26.666231 26.277550 26.003228 25.814530 25.687994 25.605256 25.552493 25.519666 25.499736 25.487924 25.481085 25.477210 25.475047 25.473833 25.473096 25.472527 25.471876 25.470869 25.469114 25.465985 25.460446 25.450799 25.434291 25.406547 25.360733 25.286360 25.167583 24.980801 24.691315 24.248687 23.580421 22.583678 21.115525 18.984743 15.955331 11.787985 6.371996 0.000000 
50.000000 46.132531 42.369327 38.806224 35.523338 32.579830 30.011264 27.829669 26.025967 24.574124 23.436227 22.567696 21.921977 21.454285 21.124200 20.897146 20.744890 20.645337 20.581850 20.542352 20.518372 20.504160 20.495932 20.491272 20.488673 20.487220 20.486349 20.485696 20.484973 20.483876 20.481982 20.478619 20.472687 20.462390 20.444842 20.415488 20.367291 20.289587 20.166527 19.975003 19.681967 19.241097 18.588937 17.641072 16.289915 14.407813 11.863082 8.561518 4.525930 0.000000 
50.000000 45.562272 41.244184 37.155708 33.388773 30.011264 27.063988 24.560747 22.491123 20.825240 19.519594 18.523031 17.782129 17.245499 16.866763 16.606245 16.431552 16.317328 16.244486 16.199169 16.171656 16.155351 16.145912 16.140567 16.137591 16.135934 16.134954 16.134243 16.133489 16.132376 16.130473 16.127112 16.121209 16.111001 16.093682 16.064863 16.017837 15.942576 15.824432 15.642510 15.367744 14.960826 14.370354 13.531994 12.370191 10.805095 8.768589 6.233306 3.253444 0.000000 
50.000000 45.077921 40.288544 35.753845 31.575789 27.829669 24.560747 21.784330 19.488859 17.641198 16.193090 15.087796 14.266063 13.670892 13.250843 12.961910 12.768164 12.641484 12.560699 12.510441 12.479929 12.461847 12.451381 12.445456 12.442161 12.440334 12.439271 12.438527 12.437777 12.436706 12.434903 12.431739 12.426204 12.416677 12.400588 12.373964 12.330796 12.262229 12.155546 11.992990 11.750515 11.396691 10.892165 10.190393 9.240732 7.995368 6.421527 4.519174 2.340449 0.000000 
50.000000 44.677465 39.498432 34.594803 30.076841 26.025967 22.491123 19.488859 17.006677 15.008737 13.442858 12.247680 11.359129 10.715567 10.261370 9.948950 9.739456 9.602481 9.515132 9.460791 9.427801 9.408251 9.396937 9.390533 9.386977 9.385013 9.383888 9.383131 9.382412 9.381428 9.379801 9.376969 9.372041 9.363596 9.349406 9.326055 9.288438 9.229131 9.137652 8.999659 8.796216 8.503338 8.092168 7.530296 6.784870 5.828154 4.645799 3.246942 1.673073 0.000000 
50.000000 44.355125 38.862445 33.661855 28.870298 24.574124 20.825240 17.641198 15.008737 12.889848 11.229184 9.961668 9.019344 8.336840 7.855164 7.523845 7.301680 7.156422 7.063792 7.006165 6.971182 6.950451 6.938454 6.931667 6.927902 6.925832 6.924662 6.923907 6.923237 6.922366 6.920960 6.918538 6.914346 6.907196 6.895242 6.875681 6.844367 6.795354 6.720376 6.608337 6.444924 6.212521 5.890683 5.457496 4.892157 4.178983 3.312668 2.303849 1.183015 0.000000 
50.000000 44.102484 38.363979 32.930642 27.924652 23.436227 19.519594 16.193090 13.442858 11.229184 9.494242 8.170041 7.185581 6.472564 5.969356 5.623230 5.391139 5.239392 5.142624 5.082425 5.045880 5.024225 5.011694 5.004606 5.000679 4.998528 4.997330 4.996586 4.995972 4.995224 4.994055 4.992066 4.988644 4.982838 4.973179 4.957458 4.932446 4.893565 4.834546 4.747121 4.620847 4.443199 4.200101 3.877084 3.461224 2.943851 2.323774 1.610290 0.824838 0.000000 
50.000000 43.909646 37.983506 32.372518 27.202859 22.567696 18.523031 15.087796 12.247680 9.961668 8.170041 6.802581 5.785968 5.049668 4.530032 4.172608 3.932943 3.776245 3.676322 3.614160 3.576424 3.554063 3.541125 3.533810 3.529760 3.527549 3.526332 3.525605 3.525048 3.524422 3.523482 3.521908 3.519220 3.514682 3.507171 3.495009 3.475773 3.446064 3.401291 3.335495 3.241292 3.110028 2.932250 2.698599 2.401169 2.035276 1.601378 1.106692 0.565850 0.000000 
50.000000 43.766276 37.700635 31.957570 26.666231 21.921978 17.782129 14.266063 11.359129 9.019344 7.185581 5.785968 4.745456 3.991851 3.460005 3.094186 2.848893 2.688517 2.586248 2.522628 2.484008 2.461123 2.447883 2.440398 2.436258 2.434005 2.432778 2.432068 2.431565 2.431048 2.430314 2.429109 2.427072 2.423650 2.418014 2.408935 2.394653 2.372728 2.339904 2.292016 2.223990 2.129998 2.003834 1.839553 1.632390 1.379871 1.082946 0.746852 0.381338 0.000000 
50.000000 43.662432 37.495749 31.657021 26.277550 21.454285 17.245499 13.670892 10.715567 8.336841 6.472565 5.049668 3.991851 3.225717 2.685032 2.313134 2.063767 1.900728 1.796762 1.732086 1.692826 1.669563 1.656104 1.648497 1.644292 1.642009 1.640776 1.640084 1.639627 1.639204 1.638643 1.637750 1.636255 1.633761 1.629672 1.623117 1.612859 1.597199 1.573896 1.540119 1.492474 1.427130 1.340096 1.227663 1.086994 0.916818 0.718084 0.494416 0.252176 0.000000 
50.000000 43.589141 37.351145 31.444900 26.003229 21.124201 16.866764 13.250844 10.261371 7.855164 5.969357 4.530033 3.460006 2.685032 2.138110 1.761925 1.509684 1.344767 1.239604 1.174184 1.134472 1.110942 1.097329 1.089636 1.085386 1.083083 1.081848 1.081170 1.080752 1.080404 1.079983 1.079338 1.078275 1.076514 1.073641 1.069057 1.061916 1.051072 1.035024 1.011900 0.979485 0.935316 0.876881 0.801902 0.708714 0.596683 0.466582 0.320833 0.163501 0.000000 
50.000000 43.538725 37.251674 31.298987 25.814531 20.897147 16.606247 12.961912 9.948952 7.523847 5.623233 4.172610 3.094188 2.313136 1.761926 1.382793 1.128577 0.962368 0.856383 0.790452 0.750429 0.726716 0.712997 0.705245 0.700964 0.698648 0.697412 0.696747 0.696358 0.696069 0.695754 0.695299 0.694565 0.693358 0.691400 0.688290 0.683467 0.676177 0.665442 0.650056 0.628607 0.599548 0.561326 0.512567 0.452307 0.380241 0.296938 0.203966 0.103873 0.000000 
50.000000 43.504917 37.184972 31.201142 25.687997 20.744894 16.431556 12.768168 9.739461 7.301685 5.391144 3.932949 2.848899 2.063772 1.509689 1.128580 0.873040 0.705966 0.599430 0.533156 0.492925 0.469089 0.455300 0.447509 0.443207 0.440882 0.439646 0.438991 0.438624 0.438378 0.438142 0.437826 0.437332 0.436529 0.435233 0.433183 0.430018 0.425254 0.418272 0.408312 0.394494 0.375870 0.351496 0.320559 0.282507 0.237200 0.185031 0.126987 0.064634 0.000000 
50.000000 43.482812 37.141359 31.137167 25.605263 20.645345 16.317337 12.641494 9.602492 7.156434 5.239404 3.776258 2.688529 1.900740 1.344779 0.962379 0.705974 0.538335 0.431438 0.364940 0.324575 0.300658 0.286822 0.279006 0.274690 0.272360 0.271125 0.270477 0.270126 0.269911 0.269731 0.269513 0.269188 0.268667 0.267833 0.266519 0.264499 0.261471 0.257050 0.250772 0.242100 0.230462 0.215300 0.196138 0.172666 0.144823 0.112867 0.077405 0.039380 0.000000 
50.000000 43.468717 37.113548 31.096373 25.552508 20.581868 16.244507 12.560722 9.515157 7.063818 5.142651 3.676350 2.586277 1.796791 1.239633 0.856410 0.599454 0.431455 0.324329 0.257688 0.217236 0.193268 0.179403 0.171570 0.167246 0.164913 0.163679 0.163035 0.162696 0.162501 0.162360 0.162209 0.161998 0.161669 0.161146 0.160326 0.159071 0.157197 0.154470 0.150613 0.145306 0.138213 0.129007 0.117415 0.103267 0.086538 0.067391 0.046189 0.023490 0.000000 
50.000000 43.459951 37.096253 31.071002 25.519700 20.542392 16.199215 12.510492 9.460846 7.006223 5.082485 3.614221 2.522691 1.732150 1.174248 0.790514 0.533215 0.364993 0.257724 0.190995 0.150489 0.126489 0.112606 0.104763 0.100434 0.098099 0.096865 0.096225 0.095893 0.095713 0.095596 0.095490 0.095354 0.095150 0.094830 0.094332 0.093572 0.092441 0.090801 0.088490 0.085321 0.081099 0.075639 0.068788 0.060450 0.050619 0.039393 0.026986 0.013719 0.000000 
50.000000 43.454636 37.085767 31.055621 25.499809 20.518459 16.171755 12.480039 9.427919 6.971307 5.046010 3.576557 2.484144 1.692963 1.134611 0.750567 0.493061 0.324703 0.217347 0.150565 0.110026 0.086007 0.072113 0.064264 0.059932 0.057595 0.056362 0.055724 0.055397 0.055226 0.055125 0.055047 0.054960 0.054835 0.054643 0.054348 0.053898 0.053232 0.052269 0.050915 0.049066 0.046609 0.043442 0.039479 0.034670 0.029012 0.022565 0.015451 0.007853 0.000000 
50.000000 43.451501 37.079583 31.046549 25.488078 20.504344 16.155561 12.462079 9.408501 6.950715 5.024499 3.554346 2.461411 1.669854 1.111236 0.727010 0.469381 0.300943 0.193537 0.126722 0.086165 0.062135 0.048234 0.040381 0.036048 0.033710 0.032478 0.031841 0.031516 0.031351 0.031260 0.031200 0.031142 0.031066 0.030953 0.030780 0.030520 0.030134 0.029579 0.028802 0.027742 0.026338 0.024534 0.022282 0.019555 0.016355 0.012714 0.008702 0.004422 0.000000 
50.000000 43.449718 37.076064 31.041388 25.481403 20.496313 16.146348 12.451862 9.397453 6.939000 5.012261 3.541709 2.448479 1.656707 1.097938 0.713608 0.455910 0.287426 0.179991 0.113159 0.072590 0.048554 0.034650 0.026795 0.022460 0.020122 0.018890 0.018254 0.017931 0.017769 0.017685 0.017634 0.017593 0.017546 0.017479 0.017379 0.017228 0.017006 0.016688 0.016243 0.015638 0.014840 0.013815 0.012540 0.010999 0.009194 0.007144 0.004888 0.002483 0.000000 
50.000000 43.448770 37.074194 31.038645 25.477855 20.492045 16.141450 12.446431 9.391581 6.932773 5.005757 3.534993 2.441605 1.649720 1.090870 0.706485 0.448750 0.280242 0.172792 0.105950 0.065376 0.041336 0.027429 0.019574 0.015238 0.012901 0.011668 0.011032 0.010711 0.010550 0.010469 0.010425 0.010393 0.010362 0.010320 0.010259 0.010168 0.010034 0.009843 0.009577 0.009217 0.008742 0.008134 0.007379 0.006469 0.005405 0.004198 0.002871 0.001458 0.000000 
50.000000 43.448362 37.073390 31.037466 25.476331 20.490210 16.139346 12.444096 9.389058 6.930097 5.002961 3.532106 2.438651 1.646717 1.087832 0.703424 0.445673 0.277155 0.169698 0.102852 0.062275 0.038234 0.024327 0.016470 0.012135 0.009797 0.008565 0.007929 0.007608 0.007448 0.007369 0.007326 0.007299 0.007274 0.007244 0.007199 0.007134 0.007040 0.006904 0.006715 0.006460 0.006125 0.005697 0.005166 0.004527 0.003781 0.002936 0.002008 0.001020 0.000000 
50.000000 43.448362 37.073390 31.037466 25.476331 20.490210 16.139346 12.444096 9.389058 6.930097 5.002961 3.532106 2.438651 1.646717 1.087832 0.703424 0.445673 0.277155 0.169698 0.102852 0.062275 0.038234 0.024327 0.016470 0.012135 0.009797 0.008565 0.007929 0.007608 0.007448 0.007369 0.007326 0.007299 0.007274 0.007244 0.007199 0.007134 0.007040 0.006904 0.006715 0.006460 0.006125 0.005697 0.005166 0.004527 0.003781 0.002936 0.002008 0.001020 0.000000 
50.000000 43.448770 37.074194 31.038645 25.477855 20.492045 16.141450 12.446431 9.391581 6.932773 5.005757 3.534993 2.441605 1.649720 1.090870 0.706485 0.448750 0.280242 0.172792 0.105950 0.065376 0.041336 0.027429 0.019574 0.015238 0.012901 0.011668 0.011032 0.010711 0.010550 0.010469 0.010425 0.010393 0.010362 0.010320 0.010259 0.010168 0.010034 0.009843 0.009577 0.009217 0.008742 0.008134 0.007379 0.006469 0.005405 0.004198 0.002871 0.001458 0.000000 
50.000000 43.449718 37.076064 31.041388 25.481403 20.496313 16.146348 12.451862 9.397453 6.939000 5.012261 3.541709 2.448479 1.656707 1.097938 0.713608 0.455910 0.287426 0.179991 0.113159 0.072590 0.048554 0.034650 0.026795 0.022460 0.020122 0.018890 0.018254 0.017931 0.017769 0.017685 0.017634 0.017593 0.017546 0.017479 0.017379 0.017228 0.017006 0.016688 0.016243 0.015638 0.014840 0.013815 0.012540 0.010999 0.009194 0.007144 0.004888 0.002483 0.000000 
50.000000 43.451501 37.079583 31.046549 25.488078 20.504344 16.155561 12.462079 9.408501 6.950715 5.024499 3.554346 2.461411 1.669854 1.111236 0.727010 0.469381 0.300943 0.193537 0.126722 0.086165 0.062135 0.048234 0.040381 0.036048 0.033710 0.032478 0.031841 0.031516 0.031351 0.031260 0.031200 0.031142 0.031066 0.030953 0.030780 0.030520 0.030134 0.029579 0.028802 0.027742 0.026338 0.024534 0.022282 0.019555 0.016355 0.012714 0.008702 0.004422 0.000000 
50.000000 43.454636 37.085767 31.055621 25.499809 20.518459 16.171755 12.480039 9.427919 6.971307 5.046010 3.576557 2.484144 1.692963 1.134611 0.750567 0.493061 0.324703 0.217347 0.150565 0.110026 0.086007 0.072113 0.064264 0.059932 0.057595 0.056362 0.055724 0.055397 0.055226 0.055125 0.055047 0.054960 0.054835 0.054643 0.054348 0.053898 0.053232 0.052269 0.050915 0.049066 0.046609 0.043442 0.039479 0.034670 0.029012 0.022565 0.015451 0.007853 0.000000 
50.000000 43.459951 37.096253 31.071002 25.519700 20.542392 16.199215 12.510492 9.460846 7.006223 5.082485 3.614221 2.522691 1.732150 1.174248 0.790514 0.533215 0.364993 0.257724 0.190995 0.150489 0.126489 0.112606 0.104763 0.100434 0.098099 0.096865 0.096225 0.095893 0.095713 0.095596 0.095490 0.095354 0.095150 0.094830 0.094332 0.093572 0.092441 0.090801 0.088490 0.085321 0.081099 0.075639 0.068788 0.060450 0.050619 0.039393 0.026986 0.013719 0.000000 
50.000000 43.468717 37.113548 31.096373 25.552508 20.581868 16.244507 12.560722 9.515157 7.063818 5.142651 3.676350 2.586277 1.796791 1.239633 0.856410 0.599454 0.431455 0.324329 0.257688 0.217236 0.193268 0.179403 0.171570 0.167246 0.164913 0.163679 0.163035 0.162696 0.162501 0.162360 0.162209 0.161998 0.161669 0.161146 0.160326 0.159071 0.157197 0.154470 0.150613 0.145306 0.138213 0.129007 0.117415 0.103267 0.086538 0.067391 0.046189 0.023490 0.000000 
50.000000 43.482812 37.141359 31.137167 25.605263 20.645345 16.317337 12.641494 9.602492 7.156434 5.239404 3.776258 2.688529 1.900740 1.344779 0.962379 0.705974 0.538335 0.431438 0.364940 0.324575 0.300658 0.286822 0.279006 0.274690 0.272360 0.271125 0.270477 0.270126 0.269911 0.269731 0.269513 0.269188 0.268667 0.267833 0.266519 0.264499 0.261471 0.257050 0.250772 0.242100 0.230462 0.215300 0.196138 0.172666 0.144823 0.112867 0.077405 0.039380 0.000000 
50.000000 43.504917 37.184972 31.201142 25.687997 20.744894 16.431556 12.768168 9.739461 7.301685 5.391144 3.932949 2.848899 2.063772 1.509689 1.128580 0.873040 0.705966 0.599430 0.533156 0.492925 0.469089 0.455300 0.447509 0.443207 0.440882 0.439646 0.438991 0.438624 0.438378 0.438142 0.437826 0.437332 0.436529 0.435233 0.433183 0.430018 0.425254 0.418272 0.408312 0.394494 0.375870 0.351496 0.320559 0.282507 0.237200 0.185031 0.126987 0.064634 0.000000 
50.000000 43.538725 37.251674 31.298987 25.814531 20.897147 16.606247 12.961912 9.948952 7.523847 5.623233 4.172610 3.094188 2.313136 1.761926 1.382793 1.128577 0.962368 0.856383 0.790452 0.750429 0.726716 0.712997 0.705245 0.700964 0.698648 0.697412 0.696747 0.696358 0.696069 0.695754 0.695299 0.694565 0.693358 0.691400 0.688290 0.683467 0.676177 0.665442 0.650056 0.628607 0.599548 0.561326 0.512567 0.452307 0.380241 0.296938 0.203966 0.103873 0.000000 
50.000000 43.589141 37.351145 31.444900 26.003229 21.124201 16.866764 13.250844 10.261371 7.855164 5.969357 4.530033 3.460006 2.685032 2.138110 1.761925 1.509684 1.344767 1.239604 1.174184 1.134472 1.110942 1.097329 1.089636 1.085386 1.083083 1.081848 1.081170 1.080752 1.080404 1.079983 1.079338 1.078275 1.076514 1.073641 1.069057 1.061916 1.051072 1.035024 1.011900 0.979485 0.935316 0.876881 0.801902 0.708714 0.596683 0.466582 0.320833 0.163501 0.000000 
50.000000 43.662432 37.495749 31.657021 26.277550 21.454285 17.245499 13.670892 10.715567 8.336841 6.472565 5.049668 3.991851 3.225717 2.685032 2.313134 2.063767 1.900728 1.796762 1.732086 1.692826 1.669563 1.656104 1.648497 1.644292 1.642009 1.640776 1.640084 1.639627 1.639204 1.638643 1.637750 1.636255 1.633761 1.629672 1.623117 1.612859 1.597199 1.573896 1.540119 1.492474 1.427130 1.340096 1.227663 1.086994 0.916818 0.718084 0.494416 0.252176 0.000000 
50.000000 43.766276 37.700635 31.957570 26.666231 21.921978 17.782129 14.266063 11.359129 9.019344 7.185581 5.785968 4.745456 3.991851 3.460005 3.094186 2.848893 2.688517 2.586248 2.522628 2.484008 2.461123 2.447883 2.440398 2.436258 2.434005 2.432778 2.432068 2.431565 2.431048 2.430314 2.429109 2.427072 2.423650 2.418014 2.408935 2.394653 2.372728 2.339904 2.292016 2.223990 2.129998 2.003834 1.839553 1.632390 1.379871 1.082946 0.746852 0.381338 0.000000 
50.000000 43.909646 37.983506 32.372518 27.202859 22.567696 18.523031 15.087796 12.247680 9.961668 8.170041 6.802581 5.785968 5.049668 4.530032 4.172608 3.932943 3.776245 3.676322 3.614160 3.576424 3.554063 3.541125 3.533810 3.529760 3.527549 3.526332 3.525605 3.525048 3.524422 3.523482 3.521908 3.519220 3.514682 3.507171 3.495009 3.475773 3.446064 3.401291 3.335495 3.241292 3.110028 2.932250 2.698599 2.401169 2.035276 1.601378 1.106692 0.565850 0.000000 
50.000000 44.102484 38.363979 32.930642 27.924652 23.436227 19.519594 16.193090 13.442858 11.229184 9.494242 8.170041 7.185581 6.472564 5.969356 5.623230 5.391139 5.239392 5.142624 5.082425 5.045880 5.024225 5.011694 5.004606 5.000679 4.998528 4.997330 4.996586 4.995972 4.995224 4.994055 4.992066 4.988644 4.982838 4.973179 4.957458 4.932446 4.893565 4.834546 4.747121 4.620847 4.443199 4.200101 3.877084 3.461224 2.943851 2.323774 1.610290 0.824838 0.000000 
50.000000 44.355125 38.862445 33.661855 28.870298 24.574124 20.825240 17.641198 15.008737 12.889848 11.229184 9.961668 9.019344 8.336840 7.855164 7.523845 7.301680 7.156422 7.063792 7.006165 6.971182 6.950451 6.938454 6.931667 6.927902 6.925832 6.924662 6.923907 6.923237 6.922366 6.920960 6.918538 6.914346 6.907196 6.895242 6.875681 6.844367 6.795354 6.720376 6.608337 6.444924 6.212521 5.890683 5.457496 4.892157 4.178983 3.312668 2.303849 1.183015 0.000000 
50.000000 44.677465 39.498432 34.594803 30.076841 26.025967 22.491123 19.488859 17.006677 15.008737 13.442858 12.247680 11.359129 10.715567 10.261370 9.948950 9.739456 9.602481 9.515132 9.460791 9.427801 9.408251 9.396937 9.390533 9.386977 9.385013 9.383888 9.383131 9.382412 9.381428 9.379801 9.376969 9.372041 9.363596 9.349406 9.326055 9.288438 9.229131 9.137652 8.999659 8.796216 8.503338 8.092168 7.530296 6.784870 5.828154 4.645799 3.246942 1.673073 0.000000 
50.000000 45.077921 40.288544 35.753845 31.575789 27.829669 24.560747 21.784330 19.488859 17.641198 16.193090 15.087796 14.266063 13.670892 13.250843 12.961910 12.768164 12.641484 12.560699 12.510441 12.479929 12.461847 12.451381 12.445456 12.442161 12.440334 12.439271 12.438527 12.437777 12.436706 12.434903 12.431739 12.426204 12.416677 12.400588 12.373964 12.330796 12.262229 12.155546 11.992990 11.750515 11.396691 10.892165 10.190393 9.240732 7.995368 6.421527 4.519174 2.340449 0.000000 
50.000000 45.562272 41.244184 37.155708 33.388773 30.011264 27.063988 24.560747 22.491123 20.825240 19.519594 18.523031 17.782129 17.245499 16.866763 16.606245 16.431552 16.317328 16.244486 16.199169 16.171656 16.155351 16.145912 16.140567 16.137591 16.135934 16.134954 16.134243 16.133489 16.132376 16.130473 16.127112 16.121209 16.111001 16.093682 16.064863 16.017837 15.942576 15.824432 15.642510 15.367744 14.960826 14.370354 13.531994 12.370191 10.805095 8.768589 6.233306 3.253444 0.000000 
50.000000 46.132531 42.369327 38.806224 35.523338 32.579830 30.011264 27.829669 26.025967 24.574124 23.436227 22.567696 21.921977 21.454285 21.124200 20.897146 20.744890 20.645337 20.581850 20.542352 20.518372 20.504160 20.495932 20.491272 20.488673 20.487220 20.486349 20.485696 20.484973 20.483876 20.481982 20.478619 20.472687 20.462390 20.444842 20.415488 20.367291 20.289587 20.166527 19.975003 19.681967 19.241097 18.588937 17.641072 16.289915 14.407813 11.863082 8.561518 4.525930 0.000000 
50.000000 46.786029 43.658702 40.697662 37.969486 35.523338 33.388773 31.575789 30.076841 28.870298 27.924652 27.202859 26.666231 26.277550 26.003228 25.814530 25.687994 25.605256 25.552493 25.519666 25.499736 25.487924 25.481085 25.477210 25.475047 25.473833 25.473096 25.472527 25.471876 25.470869 25.469114 25.465985 25.460446 25.450799 25.434291 25.406547 25.360733 25.286360 25.167583 24.980801 24.691315 24.248687 23.580421 22.583678 21.115525 18.984743 15.955331 11.787985 6.371996 0.000000 
50.000000 47.514868 45.096730 42.807169 40.697662 38.806224 37.155708 35.753845 34.594803 33.661855 32.930642 32.372518 31.957570 31.657021 31.444900 31.298986 31.201140 31.137162 31.096361 31.070976 31.055565 31.046430 31.041141 31.038144 31.036469 31.035526 31.034948 31.034491 31.033954 31.033112 31.031635 31.028993 31.024305 31.016114 31.002050 30.978318 30.938938 30.874624 30.771140 30.606867 30.349187 29.949003 29.332317 28.387118 26.943141 24.742330 21.403584 16.411747 9.249411 0.000000 
50.000000 48.305915 46.657499 45.096730 43.658702 42.369327 41.244184 40.288544 39.498432 38.862445 38.363979 37.983506 37.700635 37.495749 37.351144 37.251674 37.184970 37.141355 37.113540 37.096235 37.085729 37.079501 37.075895 37.073851 37.072709 37.072063 37.071665 37.071344 37.070962 37.070354 37.069285 37.067367 37.063957 37.057987 37.047709 37.030312 37.001334 36.953783 36.876814 36.753689 36.558597 36.251490 35.769370 35.010879 33.807809 31.870717 28.684983 23.328750 14.276108 0.000000 
50.000000 49.141384 48.305915 47.514868 46.786029 46.132531 45.562272 45.077921 44.677465 44.355125 44.102484 43.909646 43.766276 43.662432 43.589141 43.538725 43.504917 43.482810 43.468713 43.459941 43.454616 43.451460 43.449632 43.448596 43.448016 43.447689 43.447485 43.447320 43.447121 43.446802 43.446240 43.445231 43.443434 43.440284 43.434852 43.425639 43.410257 43.384939 43.343796 43.277646 43.172110 43.004393 42.737472 42.308828 41.606601 40.414033 38.265457 34.029807 24.570692 0.000000 
50.000000 50.000000 50.000000 50.000000 50.000000 50.000000 50.000000 50.000000 50.000000 50.000000 50.000000 50.000000 50.000000 50.000000 50.000000 50.000000 50.000000 50.000000 50.000000 50.000000 50.000000 50.000000 50.000000 50.000000 50.000000 50.000000 50.000000 50.000000 50.000000 50.000000 50.000000 50.000000 50.000000 50.000000 50.000000 50.000000 50.000000 50.000000 50.000000 50.000000 50.000000 50.000000 50.000000 50.000000 50.000000 50.000000 50.000000 50.000000 50.000000 50.000000 
