50.000000 50.000000 50.000000 50.000000 50.000000 50.000000 50.000000 50.000000 50.000000 50.000000 50.000000 50.000000 50.000000 50.000000 50.000000 50.000000 50.000000 50.000000 50.000000 50.000000 50.000000 50.000000 50.000000 50.000000 50.000000 50.000000 50.000000 50.000000 50.000000 50.000000 50.000000 50.000000 50.000000 50.000000 50.000000 50.000000 50.000000 50.000000 50.000000 50.000000 50.000000 50.000000 50.000000 50.000000 50.000000 50.000000 50.000000 50.000000 50.000000 50.000000 
50.000000 49.728450 49.459216 49.194555 48.936608 48.687348 48.448533 48.221676 48.008011 47.808482 47.623735 47.454124 47.299724 47.160353 47.035597 46.924847 46.827327 46.742135 46.668272 46.604675 46.550246 46.503873 46.464445 46.430866 46.402056 46.376950 46.354484 46.333583 46.313128 46.291922 46.268642 46.241777 46.209542 46.169773 46.119773 46.056109 45.974313 45.868444 45.730420 45.548953 45.307791 44.982657 44.535609 43.903936 42.976455 41.538040 39.125643 34.611737 24.864259 0.000000 
50.000000 49.459220 48.923053 48.395992 47.882302 47.385910 46.910322 46.458546 46.033042 45.635689 45.267775 44.930003 44.622524 44.344973 44.096531 43.875980 43.681780 43.512131 43.365046 43.238412 43.130042 43.037723 42.959246 42.892434 42.835142 42.785256 42.740673 42.699262 42.658819 42.616989 42.571179 42.518435 42.455288 42.377541 42.279998 42.156076 41.997265 41.792346 41.526208 41.178032 40.718374 40.104317 39.271088 38.116970 36.475083 34.059166 30.359688 24.461674 14.847623 0.000000 
50.000000 49.194572 48.396013 47.611018 46.845936 46.106619 45.398286 44.725419 44.091682 43.499872 42.951907 42.448838 41.990887 41.577513 41.207493 40.879019 40.589793 40.337141 40.118103 39.929535 39.768184 39.630760 39.513983 39.414619 39.329488 39.255463 39.189438 39.128279 39.068751 39.007421 38.940522 38.863793 38.772258 38.659943 38.519507 38.341734 38.114840 37.823482 37.447330 36.958941 36.320520 35.478894 34.357558 32.844019 30.769937 27.881828 23.805881 18.036784 10.069147 0.000000 
50.000000 48.936650 47.882370 46.845998 45.835915 44.859848 43.924687 43.036350 42.199673 41.418350 40.694915 40.030753 39.426159 38.880419 38.391921 37.958277 37.576458 37.242934 36.953804 36.704920 36.491997 36.310701 36.156717 36.025793 35.913759 35.816521 35.730028 35.650209 35.572883 35.493640 35.407680 35.309612 35.193199 35.051022 34.874064 34.651137 34.368135 34.006996 33.544278 32.949135 32.180447 31.182737 29.880435 28.170156 25.911411 22.918726 18.965212 13.823851 7.398919 0.000000 
50.000000 48.687436 47.386068 46.106803 44.859991 43.655166 42.500836 41.404303 40.371539 39.407103 38.514123 37.694310 36.948028 36.274399 35.671432 35.136183 34.664917 34.253280 33.896463 33.589356 33.326680 33.103101 32.913316 32.752105 32.614361 32.495085 32.389349 32.292226 32.198693 32.103487 32.000936 31.884730 31.747647 31.581204 31.375216 31.117232 30.791814 30.379581 29.855968 29.189575 28.340039 27.255320 25.868510 24.094645 21.829015 18.950617 15.338260 10.911855 5.711400 0.000000 
50.000000 48.448698 46.910628 45.398683 43.925093 42.501127 41.136841 39.840866 38.620258 37.480409 36.425014 35.456097 34.574090 33.777955 33.065343 32.432777 31.875847 31.389414 30.967803 30.604985 30.294739 30.030781 29.806874 29.616889 29.454846 29.314908 29.191350 29.078484 28.970550 28.861574 28.745181 28.614365 28.461208 28.276537 28.049503 27.767062 27.413342 26.968848 26.409498 25.705464 24.819827 23.707181 22.312490 20.570929 18.410153 15.757577 12.556487 8.794805 4.545316 0.000000 
50.000000 48.221960 46.459086 44.726155 43.037185 41.405094 39.841405 38.356013 36.957005 35.650562 34.440919 33.330396 32.319492 31.407018 30.590286 29.865313 29.227051 28.669618 28.186521 27.770865 27.415540 27.113372 26.857250 26.640201 26.455438 26.296365 26.156545 26.029622 25.909218 25.788785 25.661417 25.519625 25.355069 25.158234 24.918052 24.621461 24.252882 23.793624 23.221216 22.508707 21.624014 20.529511 19.182213 17.535192 15.541240 13.160141 10.370965 7.189499 3.687079 0.000000 
50.000000 48.008473 46.033934 44.092933 42.201171 40.373119 38.621683 36.957945 35.390965 33.927667 32.572794 31.328948 30.196687 29.174683 28.259930 27.447970 26.733158 26.108914 25.567980 25.102650 24.704986 24.366989 24.080735 23.838479 23.632700 23.456120 23.301674 23.162439 23.031530 22.901956 22.766442 22.617213 22.445744 22.242478 21.996493 21.695151 21.323697 20.864855 20.298423 19.600952 18.745590 17.702308 16.438773 14.922338 13.123699 11.022789 8.617114 5.931583 3.026776 0.000000 
50.000000 47.809205 45.637097 43.501883 41.420837 39.409874 37.483196 35.652991 33.929228 32.319523 30.829097 29.460811 28.215283 27.091055 26.084823 25.191691 24.405456 23.718891 23.124027 22.612410 22.175336 21.804044 21.489871 21.224365 20.999348 20.806937 20.639524 20.489712 20.350215 20.213721 20.072726 19.919336 19.745044 19.540479 19.295144 18.997132 18.632853 18.186780 17.641264 16.976468 16.170542 15.200173 14.041717 12.673189 11.077346 9.246011 7.185377 4.921309 2.502682 0.000000 
50.000000 47.624832 45.269923 42.955015 40.698833 38.518634 36.429813 34.445587 32.576762 30.831597 29.215753 27.732335 26.382014 25.163214 24.072355 23.104139 22.251848 21.507662 20.862956 20.308590 19.835160 19.433209 19.093405 18.806661 18.564212 18.357650 18.178902 18.020184 17.873902 17.732531 17.588456 17.433801 17.260226 17.058722 16.819395 16.531264 16.182073 15.758170 15.244461 14.624520 13.880933 12.995964 11.952695 10.736752 9.338695 7.757007 6.001348 4.095316 2.077566 0.000000 
50.000000 47.455749 44.933201 42.453500 40.036707 37.701307 35.463791 33.338318 31.336463 29.467075 27.736218 26.147221 24.700805 23.395285 22.226834 21.189780 20.276940 19.479950 18.789590 18.196096 17.689428 17.259503 16.896387 16.590427 16.332344 16.113271 15.924752 15.758688 15.607262 15.462821 15.317739 15.164255 14.994307 14.799359 14.570227 14.296941 13.968630 13.573481 13.098794 12.531178 11.856956 11.062839 10.136928 9.070110 7.857812 6.502005 5.013146 3.411555 1.727586 0.000000 
50.000000 47.302087 44.627186 41.997722 39.434966 36.958519 34.585869 32.332031 30.209281 28.227000 26.391623 24.706681 23.172940 21.788619 20.549664 19.450070 18.482229 17.637288 16.905490 16.276507 15.739730 15.284515 14.900392 14.577212 14.305245 14.075236 13.878406 13.706415 13.551288 13.405317 13.260931 13.110562 12.946492 12.760716 12.544806 12.289813 11.986207 11.623888 11.192290 10.680616 10.078234 9.375290 8.563533 7.637390 6.595218 5.440607 4.183523 2.840946 1.436672 0.000000 
50.000000 47.163733 44.351658 41.587351 38.893173 36.289731 33.795412 31.425998 29.194397 27.110474 25.180992 23.409668 21.797308 20.342046 19.039624 17.883738 16.866402 15.978321 15.209260 14.548390 13.984592 13.506729 13.103858 12.765392 12.481219 12.241752 12.037950 11.861286 11.703686 11.557438 11.415080 11.269275 11.112689 10.937865 10.737127 10.502505 10.225708 9.898170 9.511164 9.056042 8.524595 7.909561 7.205287 6.408530 5.519320 4.541808 3.484915 2.362591 1.193499 0.000000 
50.000000 47.040367 44.105980 41.221438 38.410076 35.693399 33.090591 30.618124 28.289467 26.114914 24.101526 22.253181 20.570727 19.052217 17.693216 16.487153 15.425705 14.499189 13.696946 13.007702 12.419892 11.921943 11.502500 11.150602 10.855803 10.608244 10.398670 10.218417 10.059354 9.913802 9.774437 9.634181 9.486085 9.323237 9.138669 8.925314 8.675992 8.383464 8.040552 7.640351 7.176535 6.643771 6.038225 5.358144 4.604450 3.781274 2.896319 1.960929 0.989756 0.000000 
50.000000 46.931499 43.889173 40.898527 37.983752 35.167146 32.468600 29.905191 27.490884 25.236355 23.148924 21.232614 19.488307 17.913990 16.505068 15.254739 14.154384 13.193978 12.362490 11.648258 11.039328 10.523749 10.089809 9.726225 9.422274 9.167866 8.953579 8.770648 8.610916 8.466765 8.331026 8.196878 8.057754 7.907247 7.739043 7.546879 7.324543 7.065922 6.765113 6.416598 6.015499 5.557894 5.041205 4.464606 3.829425 3.139485 2.401289 1.623997 0.819132 0.000000 
50.000000 46.836507 43.699999 40.616771 37.611764 34.707966 31.925884 29.283124 26.794086 24.469774 22.317739 20.342130 18.543859 16.920853 15.468383 14.179442 13.045155 12.055202 11.198229 10.462238 9.834940 9.304058 8.857577 8.483941 8.172190 7.912051 7.693968 7.509105 7.349301 7.207015 7.075234 6.947390 6.817267 6.678921 6.526620 6.354801 6.158076 5.931270 5.669509 5.368368 5.024065 4.633702 4.195552 3.709343 3.176528 2.600493 1.986645 1.342353 0.676689 0.000000 
50.000000 46.754679 43.537042 40.374062 37.291329 34.312422 31.458382 28.747269 26.193857 23.809436 21.601752 19.575064 17.730311 16.065369 14.575394 13.253203 12.089701 11.074315 10.195416 9.440719 8.797648 8.253651 7.796455 7.414276 7.095961 6.831084 6.609986 6.423783 6.264328 6.124157 5.996413 5.874759 5.753298 5.626498 5.489126 5.336222 5.163082 4.965299 4.738822 4.480072 4.186089 3.854712 3.484780 3.076333 2.630792 2.151075 1.641634 1.108380 0.558475 0.000000 
50.000000 46.685259 43.398794 40.168156 37.019481 33.976855 31.061768 28.292667 25.684643 23.249227 20.994334 18.924315 17.040131 15.339618 13.817829 12.467438 11.279163 10.242217 9.344738 8.574200 7.917788 7.362717 6.896502 6.507168 6.183405 5.914664 5.691209 5.504122 5.345279 5.207296 5.083455 4.967629 4.854202 4.737992 4.614196 4.478350 4.326317 4.154304 3.958908 3.737201 3.486831 3.206160 2.894401 2.551755 2.179525 1.780183 1.357379 0.915853 0.461278 0.000000 
50.000000 46.627483 43.283735 39.996788 36.793234 33.697577 30.731683 27.914322 25.260847 22.782992 20.488810 18.382730 16.465732 14.735616 13.187357 11.813502 10.604619 9.549741 8.636816 7.853117 7.185632 6.621386 6.147718 5.752500 5.424294 5.152455 4.927187 4.739555 4.581457 4.445584 4.325344 4.214790 4.108544 4.001720 3.889870 3.768936 3.635235 3.485459 3.316709 3.126546 2.913069 2.675006 2.411809 2.123748 1.811979 1.478578 1.126530 0.759655 0.382471 0.000000 
50.000000 46.580622 43.190413 39.857794 36.609727 33.471058 30.463955 27.607450 24.917110 22.404834 20.078786 17.943459 15.999847 14.245724 12.675997 11.283117 10.057524 8.988112 8.062670 7.268314 6.591869 6.020210 5.540536 5.140596 4.808852 4.534585 4.307954 4.120012 3.962685 3.828727 3.711654 3.605669 3.505590 3.406772 3.305051 3.196694 3.078371 2.947154 2.800521 2.636402 2.453218 2.249953 2.026210 1.782273 1.519150 1.238584 0.943031 0.635592 0.319908 0.000000 
50.000000 46.544011 43.117503 39.749203 36.466359 33.294086 30.254788 27.367703 24.648563 22.109394 19.758451 17.600275 15.635872 13.862995 12.276499 10.868757 9.630115 8.549353 7.614141 6.811469 6.128040 5.550609 5.066268 4.662673 4.328208 4.052099 3.824474 3.636379 3.479764 3.347435 3.232995 3.130769 3.035727 2.943415 2.849888 2.751659 2.645671 2.529274 2.400231 2.256734 2.097435 1.921490 1.728594 1.519022 1.293648 1.053947 0.801970 0.540279 0.271861 0.000000 
50.000000 46.517082 43.063875 39.669330 36.360908 33.163918 30.100940 27.191361 24.451037 21.892089 19.522835 17.347853 15.368159 13.581489 11.982659 10.563988 9.315751 8.226644 7.284250 6.475468 5.786911 5.205246 4.717488 4.311224 3.974783 3.697353 3.469038 3.280882 3.124853 2.993800 2.881390 2.782038 2.690829 2.603445 2.516103 2.425497 2.328761 2.223445 2.107510 1.979332 1.837718 1.681935 1.511735 1.327370 1.129612 0.919735 0.699495 0.471069 0.236982 0.000000 
50.000000 46.499388 43.028638 39.616848 36.291619 33.078388 29.999850 27.075492 24.321249 21.749305 19.368020 17.181995 15.192254 13.396521 11.789588 10.363737 9.109196 8.014608 7.067498 6.254705 5.562781 4.978340 4.488344 4.080336 3.742610 3.464327 3.235578 3.047407 2.891794 2.761617 2.650585 2.553172 2.464541 2.380463 2.297260 2.211742 2.121168 2.023217 1.915973 1.797928 1.667986 1.525481 1.370193 1.202358 1.022673 0.832283 0.632750 0.426005 0.214276 0.000000 
50.000000 46.490620 43.011177 39.590841 36.257283 33.036004 29.949756 27.018074 24.256933 21.678549 19.291302 17.099805 15.105085 13.304861 11.693913 10.264505 9.006840 7.909537 6.960090 6.145310 5.451719 4.865904 4.374802 3.965932 3.627573 3.348872 3.119915 2.931743 2.776346 2.646613 2.536277 2.439841 2.352505 2.270085 2.188956 2.105983 2.018487 1.924209 1.821295 1.708291 1.584148 1.448231 1.300332 1.140678 0.969929 0.789163 0.599848 0.403794 0.203086 0.000000 
50.000000 46.490620 43.011177 39.590841 36.257283 33.036004 29.949756 27.018074 24.256933 21.678549 19.291302 17.099805 15.105085 13.304861 11.693913 10.264505 9.006840 7.909537 6.960090 6.145310 5.451719 4.865904 4.374802 3.965932 3.627573 3.348872 3.119915 2.931743 2.776346 2.646613 2.536277 2.439841 2.352505 2.270085 2.188956 2.105983 2.018487 1.924209 1.821295 1.708291 1.584148 1.448231 1.300332 1.140678 0.969929 0.789163 0.599848 0.403794 0.203086 0.000000 
50.000000 46.499388 43.028638 39.616848 36.291619 33.078388 29.999850 27.075492 24.321249 21.749305 19.368020 17.181995 15.192254 13.396521 11.789588 10.363737 9.109196 8.014608 7.067498 6.254705 5.562781 4.978340 4.488344 4.080336 3.742610 3.464327 3.235578 3.047407 2.891794 2.761617 2.650585 2.553172 2.464541 2.380463 2.297260 2.211742 2.121168 2.023217 1.915973 1.797928 1.667986 1.525481 1.370193 1.202358 1.022673 0.832283 0.632750 0.426005 0.214276 0.000000 
50.000000 46.517082 43.063875 39.669330 36.360908 33.163918 30.100940 27.191361 24.451037 21.892089 19.522835 17.347853 15.368159 13.581489 11.982659 10.563988 9.315751 8.226644 7.284250 6.475468 5.786911 5.205246 4.717488 4.311224 3.974783 3.697353 3.469038 3.280882 3.124853 2.993800 2.881390 2.782038 2.690829 2.603445 2.516103 2.425497 2.328761 2.223445 2.107510 1.979332 1.837718 1.681935 1.511735 1.327370 1.129612 0.919735 0.699495 0.471069 0.236982 0.000000 
50.000000 46.544011 43.117503 39.749203 36.466359 33.294086 30.254788 27.367703 24.648563 22.109394 19.758451 17.600275 15.635872 13.862995 12.276499 10.868757 9.630115 8.549353 7.614141 6.811469 6.128040 5.550609 5.066268 4.662673 4.328208 4.052099 3.824474 3.636379 3.479764 3.347435 3.232995 3.130769 3.035727 2.943415 2.849888 2.751659 2.645671 2.529274 2.400231 2.256734 2.097435 1.921490 1.728594 1.519022 1.293648 1.053947 0.801970 0.540279 0.271861 0.000000 
50.000000 46.580622 43.190413 39.857794 36.609727 33.471058 30.463955 27.607450 24.917110 22.404834 20.078786 17.943459 15.999847 14.245724 12.675997 11.283117 10.057524 8.988112 8.062670 7.268314 6.591869 6.020210 5.540536 5.140596 4.808852 4.534585 4.307954 4.120012 3.962685 3.828727 3.711654 3.605669 3.505590 3.406772 3.305051 3.196694 3.078371 2.947154 2.800521 2.636402 2.453218 2.249953 2.026210 1.782273 1.519150 1.238584 0.943031 0.635592 0.319908 0.000000 
50.000000 46.627483 43.283735 39.996788 36.793234 33.697577 30.731683 27.914322 25.260847 22.782992 20.488810 18.382730 16.465732 14.735616 13.187357 11.813502 10.604619 9.549741 8.636816 7.853117 7.185632 6.621386 6.147718 5.752500 5.424294 5.152455 4.927187 4.739555 4.581457 4.445584 4.325344 4.214790 4.108544 4.001720 3.889870 3.768936 3.635235 3.485459 3.316709 3.126546 2.913069 2.675006 2.411809 2.123748 1.811979 1.478578 1.126530 0.759655 0.382471 0.000000 
50.000000 46.685259 43.398794 40.168156 37.019481 33.976855 31.061768 28.292667 25.684643 23.249227 20.994334 18.924315 17.040131 15.339618 13.817829 12.467438 11.279163 10.242217 9.344738 8.574200 7.917788 7.362717 6.896502 6.507168 6.183405 5.914664 5.691209 5.504122 5.345279 5.207296 5.083455 4.967629 4.854202 4.737992 4.614196 4.478350 4.326317 4.154304 3.958908 3.737201 3.486831 3.206160 2.894401 2.551755 2.179525 1.780183 1.357379 0.915853 0.461278 0.000000 
50.000000 46.754679 43.537042 40.374062 37.291329 34.312422 31.458382 28.747269 26.193857 23.809436 21.601752 19.575064 17.730311 16.065369 14.575394 13.253203 12.089701 11.074315 10.195416 9.440719 8.797648 8.253651 7.796455 7.414276 7.095961 6.831084 6.609986 6.423783 6.264328 6.124157 5.996413 5.874759 5.753298 5.626498 5.489126 5.336222 5.163082 4.965299 4.738822 4.480072 4.186089 3.854712 3.484780 3.076333 2.630792 2.151075 1.641634 1.108380 0.558475 0.000000 
50.000000 46.836507 43.699999 40.616771 37.611764 34.707966 31.925884 29.283124 26.794086 24.469774 22.317739 20.342130 18.543859 16.920853 15.468383 14.179442 13.045155 12.055202 11.198229 10.462238 9.834940 9.304058 8.857577 8.483941 8.172190 7.912051 7.693968 7.509105 7.349301 7.207015 7.075234 6.947390 6.817267 6.678921 6.526620 6.354801 6.158076 5.931270 5.669509 5.368368 5.024065 4.633702 4.195552 3.709343 3.176528 2.600493 1.986645 1.342353 0.676689 0.000000 
50.000000 46.931499 43.889173 40.898527 37.983752 35.167146 32.468600 29.905191 27.490884 25.236355 23.148924 21.232614 19.488307 17.913990 16.505068 15.254739 14.154384 13.193978 12.362490 11.648258 11.039328 10.523749 10.089809 9.726225 9.422274 9.167866 8.953579 8.770648 8.610916 8.466765 8.331026 8.196878 8.057754 7.907247 7.739043 7.546879 7.324543 7.065922 6.765113 6.416598 6.015499 5.557894 5.041205 4.464606 3.829425 3.139485 2.401289 1.623997 0.819132 0.000000 
50.000000 47.040367 44.105980 41.221438 38.410076 35.693399 33.090591 30.618124 28.289467 26.114914 24.101526 22.253181 20.570727 19.052217 17.693216 16.487153 15.425705 14.499189 13.696946 13.007702 12.419892 11.921943 11.502500 11.150602 10.855803 10.608244 10.398670 10.218417 10.059354 9.913802 9.774437 9.634181 9.486085 9.323237 9.138669 8.925314 8.675992 8.383464 8.040552 7.640351 7.176535 6.643771 6.038225 5.358144 4.604450 3.781274 2.896319 1.960929 0.989756 0.000000 
50.000000 47.163733 44.351658 41.587351 38.893173 36.289731 33.795412 31.425998 29.194397 27.110474 25.180992 23.409668 21.797308 20.342046 19.039624 17.883738 16.866402 15.978321 15.209260 14.548390 13.984592 13.506729 13.103858 12.765392 12.481219 12.241752 12.037950 11.861286 11.703686 11.557438 11.415080 11.269275 11.112689 10.937865 10.737127 10.502505 10.225708 9.898170 9.511164 9.056042 8.524595 7.909561 7.205287 6.408530 5.519320 4.541808 3.484915 2.362591 1.193499 0.000000 
50.000000 47.302087 44.627186 41.997722 39.434966 36.958519 34.585869 32.332031 30.209281 28.227000 26.391623 24.706681 23.172940 21.788619 20.549664 19.450070 18.482229 17.637288 16.905490 16.276507 15.739730 15.284515 14.900392 14.577212 14.305245 14.075236 13.878406 13.706415 13.551288 13.405317 13.260931 13.110562 12.946492 12.760716 12.544806 12.289813 11.986207 11.623888 11.192290 10.680616 10.078234 9.375290 8.563533 7.637390 6.595218 5.440607 4.183523 2.840946 1.436672 0.000000 
50.000000 47.455749 44.933201 42.453500 40.036707 37.701307 35.463791 33.338318 31.336463 29.467075 27.736218 26.147221 24.700805 23.395285 22.226834 21.189780 20.276940 19.479950 18.789590 18.196096 17.689428 17.259503 16.896387 16.590427 16.332344 16.113271 15.924752 15.758688 15.607262 15.462821 15.317739 15.164255 14.994307 14.799359 14.570227 14.296941 13.968630 13.573481 13.098794 12.531178 11.856956 11.062839 10.136928 9.070110 7.857812 6.502005 5.013146 3.411555 1.727586 0.000000 
50.000000 47.624832 45.269923 42.955015 40.698833 38.518634 36.429813 34.445587 32.576762 30.831597 29.215753 27.732335 26.382014 25.163214 24.072355 23.104139 22.251848 21.507662 20.862956 20.308590 19.835160 19.433209 19.093405 18.806661 18.564212 18.357650 18.178902 18.020184 17.873902 17.732531 17.588456 17.433801 17.260226 17.058722 16.819395 16.531264 16.182073 15.758170 15.244461 14.624520 13.880933 12.995964 11.952695 10.736752 9.338695 7.757007 6.001348 4.095316 2.077566 0.000000 
50.000000 47.809205 45.637097 43.501883 41.420837 39.409874 37.483196 35.652991 33.929228 32.319523 30.829097 29.460811 28.215283 27.091055 26.084823 25.191691 24.405456 23.718891 23.124027 22.612410 22.175336 21.804044 21.489871 21.224365 20.999348 20.806937 20.639524 20.489712 20.350215 20.213721 20.072726 19.919336 19.745044 19.540479 19.295144 18.997132 18.632853 18.186780 17.641264 16.976468 16.170542 15.200173 14.041717 12.673189 11.077346 9.246011 7.185377 4.921309 2.502682 0.000000 
50.000000 48.008473 46.033934 44.092933 42.201171 40.373119 38.621683 36.957945 35.390965 33.927667 32.572794 31.328948 30.196687 29.174683 28.259930 27.447970 26.733158 26.108914 25.567980 25.102650 24.704986 24.366989 24.080735 23.838479 23.632700 23.456120 23.301674 23.162439 23.031530 22.901956 22.766442 22.617213 22.445744 22.242478 21.996493 21.695151 21.323697 20.864855 20.298423 19.600952 18.745590 17.702308 16.438773 14.922338 13.123699 11.022789 8.617114 5.931583 3.026776 0.000000 
50.000000 48.221960 46.459086 44.726155 43.037185 41.405094 39.841405 38.356013 36.957005 35.650562 34.440919 33.330396 32.319492 31.407018 30.590286 29.865313 29.227051 28.669618 28.186521 27.770865 27.415540 27.113372 26.857250 26.640201 26.455438 26.296365 26.156545 26.029622 25.909218 25.788785 25.661417 25.519625 25.355069 25.158234 24.918052 24.621461 24.252882 23.793624 23.221216 22.508707 21.624014 20.529511 19.182213 17.535192 15.541240 13.160141 10.370965 7.189499 3.687079 0.000000 
50.000000 48.448698 46.910628 45.398683 43.925093 42.501127 41.136841 39.840866 38.620258 37.480409 36.425014 35.456097 34.574090 33.777955 33.065343 32.432777 31.875847 31.389414 30.967803 30.604985 30.294739 30.030781 29.806874 29.616889 29.454846 29.314908 29.191350 29.078484 28.970550 28.861574 28.745181 28.614365 28.461208 28.276537 28.049503 27.767062 27.413342 26.968848 26.409498 25.705464 24.819827 23.707181 22.312490 20.570929 18.410153 15.757577 12.556487 8.794805 4.545316 0.000000 
50.000000 48.687436 47.386068 46.106803 44.859991 43.655166 42.500836 41.404303 40.371539 39.407103 38.514123 37.694310 36.948028 36.274399 35.671432 35.136183 34.664917 34.253280 33.896463 33.589356 33.326680 33.103101 32.913316 32.752105 32.614361 32.495085 32.389349 32.292226 32.198693 32.103487 32.000936 31.884730 31.747647 31.581204 31.375216 31.117232 30.791814 30.379581 29.855968 29.189575 28.340039 27.255320 25.868510 24.094645 21.829015 18.950617 15.338260 10.911855 5.711400 0.000000 
50.000000 48.936650 47.882370 46.845998 45.835915 44.859848 43.924687 43.036350 42.199673 41.418350 40.694915 40.030753 39.426159 38.880419 38.391921 37.958277 37.576458 37.242934 36.953804 36.704920 36.491997 36.310701 36.156717 36.025793 35.913759 35.816521 35.730028 35.650209 35.572883 35.493640 35.407680 35.309612 35.193199 35.051022 34.874064 34.651137 34.368135 34.006996 33.544278 32.949135 32.180447 31.182737 29.880435 28.170156 25.911411 22.918726 18.965212 13.823851 7.398919 0.000000 
50.000000 49.194572 48.396013 47.611018 46.845936 46.106619 45.398286 44.725419 44.091682 43.499872 42.951907 42.448838 41.990887 41.577513 41.207493 40.879019 40.589793 40.337141 40.118103 39.929535 39.768184 39.630760 39.513983 39.414619 39.329488 39.255463 39.189438 39.128279 39.068751 39.007421 38.940522 38.863793 38.772258 38.659943 38.519507 38.341734 38.114840 37.823482 37.447330 36.958941 36.320520 35.478894 34.357558 32.844019 30.769937 27.881828 23.805881 18.036784 10.069147 0.000000 
50.000000 49.459220 48.923053 48.395992 47.882302 47.385910 46.910322 46.458546 46.033042 45.635689 45.267775 44.930003 44.622524 44.344973 44.096531 43.875980 43.681780 43.512131 43.365046 43.238412 43.130042 43.037723 42.959246 42.892434 42.835142 42.785256 42.740673 42.699262 42.658819 42.616989 42.571179 42.518435 42.455288 42.377541 42.279998 42.156076 41.997265 41.792346 41.526208 41.178032 40.718374 40.104317 39.271088 38.116970 36.475083 34.059166 30.359688 24.461674 14.847623 0.000000 
50.000000 49.728450 49.459216 49.194555 48.936608 48.687348 48.448533 48.221676 48.008011 47.808482 47.623735 47.454124 47.299724 47.160353 47.035597 46.924847 46.827327 46.742135 46.668272 46.604675 46.550246 46.503873 46.464445 46.430866 46.402056 46.376950 46.354484 46.333583 46.313128 46.291922 46.268642 46.241777 46.209542 46.169773 46.119773 46.056109 45.974313 45.868444 45.730420 45.548953 45.307791 44.982657 44.535609 43.903936 42.976455 41.538040 39.125643 34.611737 24.864259 0.000000 
50.000000 50.000000 50.000000 50.000000 50.000000 50.000000 50.000000 50.000000 50.000000 50.000000 50.000000 50.000000 50.000000 50.000000 50.000000 50.000000 50.000000 50.000000 50.000000 50.000000 50.000000 50.000000 50.000000 50.000000 50.000000 50.000000 50.000000 50.000000 50.000000 50.000000 50.000000 50.000000 50.000000 50.000000 50.000000 50.000000 50.000000 50.000000 50.000000 50.000000 50.000000 50.000000 50.000000 50.000000 50.000000 50.000000 50.000000 50.000000 50.000000 50.000000 
