50.000000 50.000000 50.000000 50.000000 50.000000 50.000000 50.000000 50.000000 50.000000 50.000000 50.000000 50.000000 50.000000 50.000000 50.000000 50.000000 50.000000 50.000000 50.000000 50.000000 50.000000 50.000000 50.000000 50.000000 50.000000 50.000000 50.000000 50.000000 50.000000 50.000000 50.000000 50.000000 50.000000 50.000000 50.000000 50.000000 50.000000 50.000000 50.000000 50.000000 50.000000 50.000000 50.000000 50.000000 50.000000 50.000000 50.000000 50.000000 50.000000 50.000000 
50.000000 49.610826 49.226409 48.851332 48.489838 48.145691 47.822058 47.521427 47.245566 46.995517 46.771620 46.573574 46.400517 46.251127 46.123722 46.016374 45.927007 45.853491 45.793722 45.745683 45.707487 45.677413 45.653914 45.635618 45.621319 45.609953 45.600567 45.592284 45.584253 45.575599 45.565359 45.552403 45.535342 45.512404 45.481276 45.438886 45.381093 45.302242 45.194479 45.046685 44.842699 44.558253 44.155328 43.571045 42.693964 41.308612 38.951515 34.494653 24.805414 0.000000 
50.000000 49.226409 48.462275 47.716704 46.998136 46.314049 45.670738 45.073151 44.524802 44.027761 43.582703 43.189032 42.845035 42.548081 42.294830 42.081447 41.903806 41.757676 41.638872 41.543384 41.467466 41.407695 41.360997 41.324651 41.296260 41.273715 41.255131 41.238772 41.222966 41.205995 41.185978 41.160718 41.127524 41.082980 41.022646 40.940650 40.829133 40.677436 40.470903 40.189044 39.802595 39.268661 38.522316 37.461514 35.918865 33.607429 30.016837 24.231141 14.731759 0.000000 
50.000000 48.851333 47.716705 46.609644 45.542676 44.526909 43.571687 42.684359 41.870144 41.132111 40.471268 39.886726 39.375943 38.935012 38.558973 38.242133 37.978366 37.761389 37.584989 37.443214 37.330502 37.241774 37.172470 37.118553 37.076475 37.043117 37.015696 36.991664 36.968572 36.943929 36.915017 36.878691 36.831123 36.767486 36.681551 36.565150 36.407450 36.193935 35.904941 35.513508 34.982107 34.257599 33.263256 31.886104 29.957060 27.221648 23.304831 17.699879 9.899822 0.000000 
50.000000 48.489840 46.998139 45.542679 44.139931 42.804496 41.548661 40.382087 39.311634 38.341340 37.472528 36.704029 36.032502 35.452810 34.958433 34.541886 34.195116 33.909863 33.677962 33.491587 33.343431 33.226821 33.135768 33.064976 33.009796 32.966148 32.930407 32.899267 32.869578 32.838158 32.801573 32.755887 32.696352 32.617041 32.510377 32.366532 32.172631 31.911683 31.561108 31.090684 30.459639 29.612541 28.473535 26.938620 24.866355 22.069987 18.321059 13.390726 7.181236 0.000000 
50.000000 48.145696 46.314057 44.526918 42.804503 41.164742 39.622721 38.190303 36.875910 35.684502 34.617702 33.674077 32.849522 32.137730 31.530696 31.019231 30.593447 30.243201 29.958471 29.729651 29.547774 29.404651 29.292942 29.206158 29.138615 29.085333 29.041911 29.004359 28.968906 28.931786 28.888984 28.835953 28.767277 28.676270 28.554491 28.391125 28.172217 27.879676 27.489973 26.972464 26.287201 25.382203 24.190230 22.625583 20.582417 17.938209 14.569897 10.395215 5.451743 0.000000 
50.000000 47.822066 45.670754 43.571708 41.548684 39.622738 37.811592 36.129177 34.585389 33.186049 31.933066 30.824755 29.856297 29.020283 28.307312 27.706591 27.206507 26.795151 26.460753 26.192035 25.978471 25.810454 25.679375 25.577636 25.498590 25.436433 25.386060 25.342875 25.302580 25.260935 25.213487 25.155269 25.080446 24.981918 24.850837 24.676043 24.443363 24.134780 23.727405 23.192268 22.492938 21.584077 20.410278 18.905889 16.997280 14.610148 11.685660 8.209274 4.251037 0.000000 
50.000000 47.521442 45.073181 42.684401 40.382136 38.190351 36.129212 34.214573 32.457697 30.865208 29.439279 28.177991 27.075862 26.124460 25.313086 24.629458 24.060363 23.592249 23.211725 22.905963 22.662992 22.471889 22.322878 22.207337 22.117738 22.047534 21.990992 21.942993 21.898807 21.853831 21.803315 21.742046 21.664008 21.561991 21.427153 21.248514 21.012381 20.701696 20.295306 19.767215 19.085879 18.213757 17.107464 15.719178 14.000292 11.908721 9.421228 6.550916 3.366139 0.000000 
50.000000 47.245594 44.524857 41.870222 39.311730 36.876014 34.585486 32.457763 30.505362 28.735645 27.151024 25.749370 24.524589 23.467311 22.565648 21.805950 21.173538 20.653353 20.230518 19.890783 19.620855 19.408611 19.243207 19.115092 19.015946 18.938557 18.876645 18.824652 18.777502 18.730337 18.678233 18.615893 18.537316 18.435440 18.301748 18.125849 17.895020 17.593739 17.203224 16.701052 16.060957 15.253010 14.244467 13.001739 11.494051 9.699363 7.612745 5.256274 2.687380 0.000000 
50.000000 46.995565 44.027855 41.132249 38.341513 35.684699 33.186253 30.865393 28.735769 26.805413 25.076957 23.548078 22.212127 21.058887 20.075389 19.246748 18.556951 17.989577 17.528404 17.157894 16.863561 16.632195 16.451993 16.312571 16.204905 16.121198 16.054702 15.999497 15.950243 15.901920 15.849538 15.787844 15.711013 15.612320 15.483809 15.315945 15.097276 14.814121 14.450321 13.987123 13.403299 12.675653 11.780127 10.693774 9.397843 7.882132 6.150326 4.225380 2.152926 0.000000 
50.000000 46.771701 43.582863 40.471502 37.472827 34.618053 31.933448 29.439662 27.151363 25.077181 23.219943 21.577154 20.141670 18.902513 17.845748 16.955382 16.214213 15.604597 15.109109 14.711064 14.394905 14.146458 13.953064 13.803605 13.688436 13.599257 13.528922 13.471221 13.420625 13.372025 13.320453 13.260800 13.187527 13.094381 12.974107 12.818177 12.616549 12.357473 12.027395 11.611010 11.091550 10.451417 9.673289 8.741833 7.646098 6.382533 4.958279 3.394007 1.725109 0.000000 
50.000000 46.573707 43.189297 39.887115 36.704530 33.674674 30.825425 28.178698 25.750062 23.548677 21.577543 19.834011 18.310499 16.995357 15.873796 14.928843 14.142243 13.495276 12.969451 12.547069 12.211631 11.948113 11.743107 11.584849 11.463161 11.369310 11.295823 11.236259 11.184962 11.136796 11.086878 11.030309 10.961912 10.875976 10.766017 10.624568 10.443008 10.211459 9.918784 9.552734 9.100298 8.548342 7.884585 7.098978 6.185466 5.144020 3.982616 2.718687 1.379374 0.000000 
50.000000 46.400734 42.845465 39.376576 36.033324 32.850511 29.857424 27.077085 24.525848 22.213336 20.142700 18.311157 16.710745 15.329222 14.151057 13.158420 12.332137 11.652545 11.100228 10.656599 10.304342 10.027691 9.812588 9.646716 9.519436 9.421654 9.345627 9.284740 9.233255 9.186057 9.138390 9.085607 9.022925 8.945203 8.846739 8.721106 8.561031 8.358356 8.104082 7.788557 7.401830 6.934219 6.377122 5.724072 4.972000 4.122564 3.183331 2.168489 1.098722 0.000000 
50.000000 46.251473 42.548768 38.936026 35.454132 32.139332 29.022126 26.126493 23.469464 21.061060 18.904565 16.997079 15.330310 13.891511 12.664504 11.630724 10.770202 10.062466 9.487297 9.025349 8.658598 8.370643 8.146871 7.974491 7.842478 7.741433 7.663400 7.601631 7.550348 7.504484 7.459435 7.410823 7.354268 7.285189 7.198632 7.089139 6.950663 6.776561 6.559662 6.292457 5.967418 5.577480 5.116674 4.580919 3.968899 3.282929 2.529650 1.720354 0.870741 0.000000 
50.000000 46.124269 42.295915 38.560577 34.960528 31.533244 28.310262 25.316372 22.569185 20.079061 17.849396 15.877191 14.153873 12.666263 11.397635 10.328795 9.439099 8.707382 8.112748 7.635199 7.256113 6.958551 6.727428 6.549556 6.413585 6.309871 6.230285 6.167984 6.117173 6.072857 6.030593 5.986271 5.935897 5.875417 5.800563 5.706746 5.588998 5.441968 5.260006 5.037329 4.768295 4.447784 4.071691 3.637492 3.144856 2.596200 1.997092 1.356382 0.685944 0.000000 
50.000000 46.017226 42.083138 38.244636 34.545160 31.023222 27.711230 24.634658 21.811604 19.252714 16.961477 14.934813 13.163912 11.635229 10.331580 9.233239 8.318997 7.567107 6.956099 6.465433 6.075982 5.770357 5.533079 5.350630 5.211394 5.105526 5.024761 4.962190 4.912023 4.869341 4.829865 4.789734 4.745315 4.693028 4.629215 4.550044 4.451464 4.329204 4.178852 3.995989 3.776414 3.516442 3.213265 2.865362 2.472917 2.038169 1.565652 1.062217 0.536817 0.000000 
50.000000 45.928320 41.906413 37.982227 34.200171 30.599616 27.213695 24.068452 21.182385 18.566382 16.224007 14.152113 12.341691 10.778897 9.446163 8.323323 7.388697 6.620056 5.995454 5.493902 5.095855 4.783550 4.541186 4.354972 4.213077 4.105493 4.023853 3.961202 3.911764 3.870702 3.833887 3.797690 3.758796 3.714041 3.660294 3.594366 3.512967 3.412711 3.290172 3.141994 2.965067 2.756745 2.515119 2.239303 1.929713 1.588298 1.218665 0.826074 0.417244 0.000000 
50.000000 45.855493 41.761649 37.767274 33.917572 30.252620 26.806141 23.604645 20.666964 18.004177 15.619913 13.510970 11.668177 10.077442 8.720884 7.577979 6.626658 5.844298 5.208567 4.698104 4.293025 3.975263 3.728753 3.539484 3.395452 3.286522 3.204246 3.141640 3.092951 3.053416 3.019046 2.986414 2.952479 2.914436 2.869593 2.815295 2.748876 2.667655 2.568981 2.450317 2.309362 2.144225 1.953612 1.737027 1.494963 1.229045 0.942101 0.638132 0.322167 0.000000 
50.000000 45.796740 41.644861 37.593862 33.689587 29.972683 26.477349 23.230472 20.251151 17.550622 15.132567 12.993735 11.124827 9.511553 8.135776 6.976685 6.011897 5.218473 4.573767 4.056121 3.645377 3.323224 3.073385 2.881674 2.735950 2.625978 2.543251 2.480767 2.432794 2.394643 2.362441 2.332937 2.303322 2.271085 2.233899 2.189539 2.135838 2.070672 1.991990 1.897870 1.786615 1.656870 1.507759 1.339022 1.151145 0.945444 0.724109 0.490167 0.247369 0.000000 
50.000000 45.750182 41.552315 37.456445 33.508926 29.750853 26.216806 22.933969 19.921651 17.191216 14.746383 12.583867 10.694267 9.063133 7.672128 6.500211 5.524755 4.722565 4.070750 3.547416 3.132188 2.806564 2.554098 2.360470 2.213428 2.102664 2.019625 1.957298 1.909976 1.873030 1.842688 1.815843 1.789875 1.762514 1.731724 1.695623 1.652433 1.600460 1.538108 1.463919 1.376633 1.275275 1.159251 1.028439 0.883276 0.724811 0.554726 0.375303 0.189337 0.000000 
50.000000 45.714126 41.480643 37.350024 33.369014 29.579058 26.015030 22.704344 19.666473 16.912877 14.447307 12.266450 10.360825 8.715860 7.313063 6.131215 5.147497 4.338520 3.681202 3.153465 2.734770 2.406462 2.151972 1.956870 1.808824 1.697469 1.614220 1.552058 1.505298 1.469359 1.440555 1.415891 1.392901 1.369501 1.343884 1.314432 1.279665 1.238214 1.188824 1.130373 1.061918 0.982750 0.892461 0.791007 0.678763 0.556558 0.425683 0.287860 0.145180 0.000000 
50.000000 45.687105 41.426933 37.270272 33.264165 29.450316 25.863820 22.532265 19.475245 16.704292 14.223182 12.028581 10.110948 8.455618 7.043985 5.854695 4.864787 4.050726 3.389284 2.858250 2.436959 2.106645 1.850642 1.654444 1.505657 1.393875 1.310489 1.248478 1.202175 1.167041 1.139451 1.116500 1.095837 1.075523 1.053920 1.029608 1.001327 0.967948 0.928461 0.881985 0.827799 0.765377 0.694432 0.614962 0.527283 0.432051 0.330265 0.223240 0.112559 0.000000 
50.000000 45.667917 41.388791 37.213638 33.189708 29.358893 25.756442 22.410066 19.339448 16.556170 14.064025 11.859664 9.933504 8.270814 6.852906 5.658332 4.664028 3.846357 3.181988 2.648615 2.225481 1.893745 1.636671 1.439699 1.290392 1.178315 1.094844 1.032957 0.987000 0.952465 0.925772 0.904083 0.885128 0.867071 0.848396 0.827823 0.804246 0.776703 0.744351 0.706478 0.662510 0.612041 0.554862 0.490990 0.420693 0.344502 0.263210 0.177848 0.089652 0.000000 
50.000000 45.655642 41.364391 37.177408 33.142077 29.300408 25.687751 22.331894 19.252578 16.461415 13.962211 11.751607 9.819991 8.152594 6.730672 5.532717 4.535602 3.715621 3.049381 2.514511 2.090200 1.757554 1.499797 1.302332 1.152696 1.040435 0.956915 0.895115 0.849390 0.815251 0.789150 0.768288 0.750452 0.733870 0.717104 0.698963 0.678441 0.654678 0.626939 0.594614 0.557220 0.514425 0.466063 0.412162 0.352956 0.288893 0.220635 0.149037 0.075115 0.000000 
50.000000 45.649661 41.352502 37.159754 33.118867 29.271909 25.654278 22.293802 19.210246 16.415242 13.912598 11.698951 9.764677 8.094986 6.671108 5.471506 4.473021 3.651915 2.984763 2.449164 2.024279 1.691191 1.433102 1.235397 1.085601 0.973251 0.889710 0.827954 0.782345 0.748403 0.722595 0.702143 0.684860 0.669006 0.653181 0.636238 0.617218 0.595310 0.569834 0.540225 0.506045 0.466997 0.422935 0.373891 0.320079 0.261911 0.199983 0.135064 0.068065 0.000000 
50.000000 45.649661 41.352502 37.159754 33.118867 29.271909 25.654278 22.293802 19.210246 16.415242 13.912598 11.698951 9.764677 8.094986 6.671108 5.471506 4.473021 3.651915 2.984763 2.449164 2.024279 1.691191 1.433102 1.235397 1.085601 0.973251 0.889710 0.827954 0.782345 0.748403 0.722595 0.702143 0.684860 0.669006 0.653181 0.636238 0.617218 0.595310 0.569834 0.540225 0.506045 0.466997 0.422935 0.373891 0.320079 0.261911 0.199983 0.135064 0.068065 0.000000 
50.000000 45.655642 41.364391 37.177408 33.142077 29.300408 25.687751 22.331894 19.252578 16.461415 13.962211 11.751607 9.819991 8.152594 6.730672 5.532717 4.535602 3.715621 3.049381 2.514511 2.090200 1.757554 1.499797 1.302332 1.152696 1.040435 0.956915 0.895115 0.849390 0.815251 0.789150 0.768288 0.750452 0.733870 0.717104 0.698963 0.678441 0.654678 0.626939 0.594614 0.557220 0.514425 0.466063 0.412162 0.352956 0.288893 0.220635 0.149037 0.075115 0.000000 
50.000000 45.667917 41.388791 37.213638 33.189708 29.358893 25.756442 22.410066 19.339448 16.556170 14.064025 11.859664 9.933504 8.270814 6.852906 5.658332 4.664028 3.846357 3.181988 2.648615 2.225481 1.893745 1.636671 1.439699 1.290392 1.178315 1.094844 1.032957 0.987000 0.952465 0.925772 0.904083 0.885128 0.867071 0.848396 0.827823 0.804246 0.776703 0.744351 0.706478 0.662510 0.612041 0.554862 0.490990 0.420693 0.344502 0.263210 0.177848 0.089652 0.000000 
50.000000 45.687105 41.426933 37.270272 33.264165 29.450316 25.863820 22.532265 19.475245 16.704292 14.223182 12.028581 10.110948 8.455618 7.043985 5.854695 4.864787 4.050726 3.389284 2.858250 2.436959 2.106645 1.850642 1.654444 1.505657 1.393875 1.310489 1.248478 1.202175 1.167041 1.139451 1.116500 1.095837 1.075523 1.053920 1.029608 1.001327 0.967948 0.928461 0.881985 0.827799 0.765377 0.694432 0.614962 0.527283 0.432051 0.330265 0.223240 0.112559 0.000000 
50.000000 45.714126 41.480643 37.350024 33.369014 29.579058 26.015030 22.704344 19.666473 16.912877 14.447307 12.266450 10.360825 8.715860 7.313063 6.131215 5.147497 4.338520 3.681202 3.153465 2.734770 2.406462 2.151972 1.956870 1.808824 1.697469 1.614220 1.552058 1.505298 1.469359 1.440555 1.415891 1.392901 1.369501 1.343884 1.314432 1.279665 1.238214 1.188824 1.130373 1.061918 0.982750 0.892461 0.791007 0.678763 0.556558 0.425683 0.287860 0.145180 0.000000 
50.000000 45.750182 41.552315 37.456445 33.508926 29.750853 26.216806 22.933969 19.921651 17.191216 14.746383 12.583867 10.694267 9.063133 7.672128 6.500211 5.524755 4.722565 4.070750 3.547416 3.132188 2.806564 2.554098 2.360470 2.213428 2.102664 2.019625 1.957298 1.909976 1.873030 1.842688 1.815843 1.789875 1.762514 1.731724 1.695623 1.652433 1.600460 1.538108 1.463919 1.376633 1.275275 1.159251 1.028439 0.883276 0.724811 0.554726 0.375303 0.189337 0.000000 
50.000000 45.796740 41.644861 37.593862 33.689587 29.972683 26.477349 23.230472 20.251151 17.550622 15.132567 12.993735 11.124827 9.511553 8.135776 6.976685 6.011897 5.218473 4.573767 4.056121 3.645377 3.323224 3.073385 2.881674 2.735950 2.625978 2.543251 2.480767 2.432794 2.394643 2.362441 2.332937 2.303322 2.271085 2.233899 2.189539 2.135838 2.070672 1.991990 1.897870 1.786615 1.656870 1.507759 1.339022 1.151145 0.945444 0.724109 0.490167 0.247369 0.000000 
50.000000 45.855493 41.761649 37.767274 33.917572 30.252620 26.806141 23.604645 20.666964 18.004177 15.619913 13.510970 11.668177 10.077442 8.720884 7.577979 6.626658 5.844298 5.208567 4.698104 4.293025 3.975263 3.728753 3.539484 3.395452 3.286522 3.204246 3.141640 3.092951 3.053416 3.019046 2.986414 2.952479 2.914436 2.869593 2.815295 2.748876 2.667655 2.568981 2.450317 2.309362 2.144225 1.953612 1.737027 1.494963 1.229045 0.942101 0.638132 0.322167 0.000000 
50.000000 45.928320 41.906413 37.982227 34.200171 30.599616 27.213695 24.068452 21.182385 18.566382 16.224007 14.152113 12.341691 10.778897 9.446163 8.323323 7.388697 6.620056 5.995454 5.493902 5.095855 4.783550 4.541186 4.354972 4.213077 4.105493 4.023853 3.961202 3.911764 3.870702 3.833887 3.797690 3.758796 3.714041 3.660294 3.594366 3.512967 3.412711 3.290172 3.141994 2.965067 2.756745 2.515119 2.239303 1.929713 1.588298 1.218665 0.826074 0.417244 0.000000 
50.000000 46.017226 42.083138 38.244636 34.545160 31.023222 27.711230 24.634658 21.811604 19.252714 16.961477 14.934813 13.163912 11.635229 10.331580 9.233239 8.318997 7.567107 6.956099 6.465433 6.075982 5.770357 5.533079 5.350630 5.211394 5.105526 5.024761 4.962190 4.912023 4.869341 4.829865 4.789734 4.745315 4.693028 4.629215 4.550044 4.451464 4.329204 4.178852 3.995989 3.776414 3.516442 3.213265 2.865362 2.472917 2.038169 1.565652 1.062217 0.536817 0.000000 
50.000000 46.124269 42.295915 38.560577 34.960528 31.533244 28.310262 25.316372 22.569185 20.079061 17.849396 15.877191 14.153873 12.666263 11.397635 10.328795 9.439099 8.707382 8.112748 7.635199 7.256113 6.958551 6.727428 6.549556 6.413585 6.309871 6.230285 6.167984 6.117173 6.072857 6.030593 5.986271 5.935897 5.875417 5.800563 5.706746 5.588998 5.441968 5.260006 5.037329 4.768295 4.447784 4.071691 3.637492 3.144856 2.596200 1.997092 1.356382 0.685944 0.000000 
50.000000 46.251473 42.548768 38.936026 35.454132 32.139332 29.022126 26.126493 23.469464 21.061060 18.904565 16.997079 15.330310 13.891511 12.664504 11.630724 10.770202 10.062466 9.487297 9.025349 8.658598 8.370643 8.146871 7.974491 7.842478 7.741433 7.663400 7.601631 7.550348 7.504484 7.459435 7.410823 7.354268 7.285189 7.198632 7.089139 6.950663 6.776561 6.559662 6.292457 5.967418 5.577480 5.116674 4.580919 3.968899 3.282929 2.529650 1.720354 0.870741 0.000000 
50.000000 46.400734 42.845465 39.376576 36.033324 32.850511 29.857424 27.077085 24.525848 22.213336 20.142700 18.311157 16.710745 15.329222 14.151057 13.158420 12.332137 11.652545 11.100228 10.656599 10.304342 10.027691 9.812588 9.646716 9.519436 9.421654 9.345627 9.284740 9.233255 9.186057 9.138390 9.085607 9.022925 8.945203 8.846739 8.721106 8.561031 8.358356 8.104082 7.788557 7.401830 6.934219 6.377122 5.724072 4.972000 4.122564 3.183331 2.168489 1.098722 0.000000 
50.000000 46.573707 43.189297 39.887115 36.704530 33.674674 30.825425 28.178698 25.750062 23.548677 21.577543 19.834011 18.310499 16.995357 15.873796 14.928843 14.142243 13.495276 12.969451 12.547069 12.211631 11.948113 11.743107 11.584849 11.463161 11.369310 11.295823 11.236259 11.184962 11.136796 11.086878 11.030309 10.961912 10.875976 10.766017 10.624568 10.443008 10.211459 9.918784 9.552734 9.100298 8.548342 7.884585 7.098978 6.185466 5.144020 3.982616 2.718687 1.379374 0.000000 
50.000000 46.771701 43.582863 40.471502 37.472827 34.618053 31.933448 29.439662 27.151363 25.077181 23.219943 21.577154 20.141670 18.902513 17.845748 16.955382 16.214213 15.604597 15.109109 14.711064 14.394905 14.146458 13.953064 13.803605 13.688436 13.599257 13.528922 13.471221 13.420625 13.372025 13.320453 13.260800 13.187527 13.094381 12.974107 12.818177 12.616549 12.357473 12.027395 11.611010 11.091550 10.451417 9.673289 8.741833 7.646098 6.382533 4.958279 3.394007 1.725109 0.000000 
50.000000 46.995565 44.027855 41.132249 38.341513 35.684699 33.186253 30.865393 28.735769 26.805413 25.076957 23.548078 22.212127 21.058887 20.075389 19.246748 18.556951 17.989577 17.528404 17.157894 16.863561 16.632195 16.451993 16.312571 16.204905 16.121198 16.054702 15.999497 15.950243 15.901920 15.849538 15.787844 15.711013 15.612320 15.483809 15.315945 15.097276 14.814121 14.450321 13.987123 13.403299 12.675653 11.780127 10.693774 9.397843 7.882132 6.150326 4.225380 2.152926 0.000000 
50.000000 47.245594 44.524857 41.870222 39.311730 36.876014 34.585486 32.457763 30.505362 28.735645 27.151024 25.749370 24.524589 23.467311 22.565648 21.805950 21.173538 20.653353 20.230518 19.890783 19.620855 19.408611 19.243207 19.115092 19.015946 18.938557 18.876645 18.824652 18.777502 18.730337 18.678233 18.615893 18.537316 18.435440 18.301748 18.125849 17.895020 17.593739 17.203224 16.701052 16.060957 15.253010 14.244467 13.001739 11.494051 9.699363 7.612745 5.256274 2.687380 0.000000 
50.000000 47.521442 45.073181 42.684401 40.382136 38.190351 36.129212 34.214573 32.457697 30.865208 29.439279 28.177991 27.075862 26.124460 25.313086 24.629458 24.060363 23.592249 23.211725 22.905963 22.662992 22.471889 22.322878 22.207337 22.117738 22.047534 21.990992 21.942993 21.898807 21.853831 21.803315 21.742046 21.664008 21.561991 21.427153 21.248514 21.012381 20.701696 20.295306 19.767215 19.085879 18.213757 17.107464 15.719178 14.000292 11.908721 9.421228 6.550916 3.366139 0.000000 
50.000000 47.822066 45.670754 43.571708 41.548684 39.622738 37.811592 36.129177 34.585389 33.186049 31.933066 30.824755 29.856297 29.020283 28.307312 27.706591 27.206507 26.795151 26.460753 26.192035 25.978471 25.810454 25.679375 25.577636 25.498590 25.436433 25.386060 25.342875 25.302580 25.260935 25.213487 25.155269 25.080446 24.981918 24.850837 24.676043 24.443363 24.134780 23.727405 23.192268 22.492938 21.584077 20.410278 18.905889 16.997280 14.610148 11.685660 8.209274 4.251037 0.000000 
50.000000 48.145696 46.314057 44.526918 42.804503 41.164742 39.622721 38.190303 36.875910 35.684502 34.617702 33.674077 32.849522 32.137730 31.530696 31.019231 30.593447 30.243201 29.958471 29.729651 29.547774 29.404651 29.292942 29.206158 29.138615 29.085333 29.041911 29.004359 28.968906 28.931786 28.888984 28.835953 28.767277 28.676270 28.554491 28.391125 28.172217 27.879676 27.489973 26.972464 26.287201 25.382203 24.190230 22.625583 20.582417 17.938209 14.569897 10.395215 5.451743 0.000000 
50.000000 48.489840 46.998139 45.542679 44.139931 42.804496 41.548661 40.382087 39.311634 38.341340 37.472528 36.704029 36.032502 35.452810 34.958433 34.541886 34.195116 33.909863 33.677962 33.491587 33.343431 33.226821 33.135768 33.064976 33.009796 32.966148 32.930407 32.899267 32.869578 32.838158 32.801573 32.755887 32.696352 32.617041 32.510377 32.366532 32.172631 31.911683 31.561108 31.090684 30.459639 29.612541 28.473535 26.938620 24.866355 22.069987 18.321059 13.390726 7.181236 0.000000 
50.000000 48.851333 47.716705 46.609644 45.542676 44.526909 43.571687 42.684359 41.870144 41.132111 40.471268 39.886726 39.375943 38.935012 38.558973 38.242133 37.978366 37.761389 37.584989 37.443214 37.330502 37.241774 37.172470 37.118553 37.076475 37.043117 37.015696 36.991664 36.968572 36.943929 36.915017 36.878691 36.831123 36.767486 36.681551 36.565150 36.407450 36.193935 35.904941 35.513508 34.982107 34.257599 33.263256 31.886104 29.957060 27.221648 23.304831 17.699879 9.899822 0.000000 
50.000000 49.226409 48.462275 47.716704 46.998136 46.314049 45.670738 45.073151 44.524802 44.027761 43.582703 43.189032 42.845035 42.548081 42.294830 42.081447 41.903806 41.757676 41.638872 41.543384 41.467466 41.407695 41.360997 41.324651 41.296260 41.273715 41.255131 41.238772 41.222966 41.205995 41.185978 41.160718 41.127524 41.082980 41.022646 40.940650 40.829133 40.677436 40.470903 40.189044 39.802595 39.268661 38.522316 37.461514 35.918865 33.607429 30.016837 24.231141 14.731759 0.000000 
50.000000 49.610826 49.226409 48.851332 48.489838 48.145691 47.822058 47.521427 47.245566 46.995517 46.771620 46.573574 46.400517 46.251127 46.123722 46.016374 45.927007 45.853491 45.793722 45.745683 45.707487 45.677413 45.653914 45.635618 45.621319 45.609953 45.600567 45.592284 45.584253 45.575599 45.565359 45.552403 45.535342 45.512404 45.481276 45.438886 45.381093 45.302242 45.194479 45.046685 44.842699 44.558253 44.155328 43.571045 42.693964 41.308612 38.951515 34.494653 24.805414 0.000000 
50.000000 50.000000 50.000000 50.000000 50.000000 50.000000 50.000000 50.000000 50.000000 50.000000 50.000000 50.000000 50.000000 50.000000 50.000000 50.000000 50.000000 50.000000 50.000000 50.000000 50.000000 50.000000 50.000000 50.000000 50.000000 50.000000 50.000000 50.000000 50.000000 50.000000 50.000000 50.000000 50.000000 50.000000 50.000000 50.000000 50.000000 50.000000 50.000000 50.000000 50.000000 50.000000 50.000000 50.000000 50.000000 50.000000 50.000000 50.000000 50.000000 50.000000 
