50.000000 50.000000 50.000000 50.000000 50.000000 50.000000 50.000000 50.000000 50.000000 50.000000 50.000000 50.000000 50.000000 50.000000 50.000000 50.000000 50.000000 50.000000 50.000000 50.000000 50.000000 50.000000 50.000000 50.000000 50.000000 50.000000 50.000000 50.000000 50.000000 50.000000 50.000000 50.000000 50.000000 50.000000 50.000000 50.000000 50.000000 50.000000 50.000000 50.000000 50.000000 50.000000 50.000000 50.000000 50.000000 50.000000 50.000000 50.000000 50.000000 50.000000 
50.000000 49.666523 49.336538 49.013430 48.700367 48.400212 48.115444 47.848100 47.599735 47.371412 47.163702 46.976713 46.810127 46.663258 46.535111 46.424448 46.329859 46.249822 46.182762 46.127102 46.081305 46.043898 46.013500 45.988823 45.968676 45.951953 45.937615 45.924657 45.912081 45.898840 45.883786 45.865600 45.842695 45.813106 45.774330 45.723114 45.655151 45.564637 45.443597 45.280820 45.060088 44.757119 44.333925 43.727702 42.827137 41.416929 39.033820 34.550042 24.833266 0.000000 
50.000000 49.336539 48.680027 48.037195 47.414349 46.817185 46.250632 45.718744 45.224617 44.770363 44.357120 43.985101 43.653675 43.361477 43.106526 42.886361 42.698177 42.538944 42.405532 42.294804 42.203700 42.129296 42.068842 42.019781 41.979750 41.946552 41.918129 41.892499 41.867690 41.841648 41.812126 41.776551 41.731845 41.674207 41.598823 41.499465 41.367945 41.193314 40.960675 40.649355 40.229983 39.659632 38.873437 37.769501 36.180683 33.820380 30.178647 24.340033 14.786516 0.000000 
50.000000 49.013433 48.037199 47.081308 46.155136 45.267152 44.424689 43.633771 42.899005 42.223529 41.609037 41.055845 40.563017 40.128520 39.749410 39.422030 39.142205 38.905435 38.707064 38.542430 38.406986 38.296387 38.206551 38.133683 38.074279 38.025090 37.983078 37.945326 37.908948 37.870950 37.828083 37.776641 37.712231 37.629461 37.521553 37.379818 37.192941 36.945980 36.618920 36.184534 35.605135 34.827537 33.775099 32.335069 30.338721 27.532073 23.540707 17.858615 9.979642 0.000000 
50.000000 48.700375 47.414363 46.155148 44.935083 43.765324 42.655531 41.613640 40.645718 39.755902 38.946421 38.217692 37.568482 36.996114 36.496711 36.065454 35.696846 35.384960 35.123665 34.906823 34.728450 34.582828 34.464590 34.368752 34.290717 34.226235 34.171341 34.122252 34.075240 34.026473 33.971823 33.906628 33.825406 33.721502 33.586627 33.410280 33.178967 32.875149 32.475791 31.950330 31.257786 30.342671 29.129238 27.513769 25.355283 22.467658 18.623227 13.594074 7.283489 0.000000 
50.000000 48.400230 46.817217 45.267190 43.765355 42.325443 40.959347 39.676836 38.485376 37.390062 36.393636 35.496612 34.697474 33.992924 33.378194 32.847351 32.393631 32.009739 31.688134 31.421266 31.201773 31.022630 30.877245 30.759506 30.663781 30.584885 30.517995 30.458537 30.402037 30.343941 30.279391 30.202967 30.108366 29.988026 29.832650 29.630620 29.367236 29.023752 28.576098 27.993218 27.234920 26.249150 24.968797 23.308499 21.162954 18.410389 14.928679 10.636662 5.573154 0.000000 
50.000000 48.115480 46.250698 44.424775 42.655620 40.959413 39.350160 37.839370 36.435839 35.145566 33.971785 32.915101 31.973726 31.143779 30.419640 29.794326 29.259870 28.807681 28.428881 28.114582 27.856124 27.645247 27.474204 27.335824 27.223517 27.131229 27.053359 26.984631 26.919928 26.854098 26.781715 26.696803 26.592511 26.460734 26.291649 26.073175 25.790295 25.424245 24.951518 24.342683 23.561021 22.561119 21.287710 19.675517 17.651526 15.142277 12.089993 8.481375 4.387862 0.000000 
50.000000 47.848163 45.718865 43.633937 41.613831 39.677020 37.839498 36.114407 34.511789 33.038497 31.698221 30.491654 29.416754 28.469090 27.642249 26.928256 26.318017 25.801729 25.369258 25.010468 24.715482 24.474884 24.279858 24.122252 23.994592 23.890037 23.802291 23.725465 23.653908 23.581996 23.503889 23.413257 23.302955 23.164662 22.988462 22.762363 22.471744 22.098729 21.621490 21.013522 20.242970 19.272204 18.057991 16.552913 14.709030 12.485167 9.859233 6.845677 3.514358 0.000000 
50.000000 47.599843 45.224826 42.899299 40.646075 38.485759 36.436191 34.512027 32.724472 31.081168 29.586231 28.240434 27.041501 25.984491 25.062250 24.265888 23.585264 23.009449 22.527148 22.127063 21.798196 21.530067 21.312871 21.137560 20.995859 20.880222 20.783742 20.700011 20.622943 20.546563 20.464765 20.371041 20.258172 20.117902 19.940565 19.714686 19.426554 19.059776 18.594853 18.008820 17.275080 16.363607 15.241813 13.876532 12.237685 10.304188 8.072312 5.565544 2.842894 0.000000 
50.000000 47.371588 44.770708 42.224025 39.756521 37.390761 35.146281 33.039133 31.081587 29.282009 27.644911 26.171138 24.858197 23.700682 22.690757 21.818691 21.073381 20.442867 19.914786 19.476781 19.116823 18.823462 18.585997 18.394567 18.240180 18.114667 18.010593 17.921118 17.839817 17.760474 17.676840 17.582378 17.469979 17.331665 17.158272 16.939138 16.661779 16.311614 15.871735 15.322830 14.643325 13.809919 12.798712 11.587185 10.157297 8.499820 6.619665 4.541225 2.311746 0.000000 
50.000000 47.163984 44.357674 41.609842 38.947444 36.394826 33.973069 31.699492 29.587333 27.645623 25.879226 24.289056 22.872427 21.623502 20.533832 19.592919 18.788788 18.108540 17.538846 17.066387 16.678202 16.361966 16.106171 15.900231 15.734517 15.600318 15.489751 15.395623 15.311256 15.230284 15.146421 15.053219 14.943810 14.810645 14.645233 14.437890 14.177522 13.851461 13.445394 12.943446 12.328496 11.582837 10.689299 9.632973 8.403613 6.998638 5.426412 3.709039 1.883520 0.000000 
50.000000 46.977153 43.985969 41.057117 38.219327 35.498550 32.917255 30.493903 28.242605 26.172985 24.290230 22.595314 21.085373 19.754191 18.592761 17.589898 16.732844 16.007855 15.400736 14.897304 14.483766 14.147014 13.874822 13.655965 13.480257 13.338518 13.222490 13.124700 13.038291 12.956820 12.874044 12.783690 12.679224 12.553619 12.399141 12.207158 11.967997 11.670860 11.303851 10.854153 10.308401 9.653346 8.876849 7.969276 6.925255 5.745703 4.439787 3.026341 1.534075 0.000000 
50.000000 46.810803 43.655013 40.564984 37.571029 34.700528 31.977186 29.420479 27.045295 24.861789 22.875433 21.087256 19.494237 18.089818 16.864502 15.806488 14.902322 14.137512 13.497093 12.966115 12.530050 12.175095 11.888396 11.658167 11.473740 11.325538 11.204993 11.104414 11.016823 10.935761 10.855084 10.768753 10.670615 10.554210 10.412591 10.238172 10.022642 9.756934 9.431305 9.035543 8.559345 7.992914 7.327776 6.557858 5.680741 4.698989 3.621307 2.463224 1.246927 0.000000 
50.000000 46.664282 43.363505 40.131512 37.000007 33.997628 31.149170 28.475004 25.990703 23.706887 21.629281 19.758962 18.092770 16.623848 15.342264 14.235680 13.290029 12.490159 11.820429 11.265218 10.809350 10.438421 10.139026 9.898896 9.706950 9.553278 9.429058 9.326434 9.238354 9.158386 9.080525 8.998991 8.908037 8.801775 8.674020 8.518182 8.327197 8.093539 7.809314 7.466467 7.057130 6.574116 6.011574 5.365786 4.636046 3.825518 2.941913 1.997784 1.010243 0.000000 
50.000000 46.536641 43.109560 39.753895 36.502565 33.385302 30.427852 27.651363 25.072006 22.700808 20.543711 18.601836 16.871903 15.346793 14.016197 12.867308 11.885526 11.055127 10.359880 9.783584 9.310502 8.925708 8.615325 8.366670 8.168314 8.010068 7.882907 7.778853 7.690816 7.612420 7.537817 7.461498 7.378117 7.282335 7.168682 7.031468 6.864741 6.662301 6.417803 6.124941 5.777741 5.370963 4.900600 4.364461 3.762776 3.098745 2.378926 1.613332 0.815148 0.000000 
50.000000 46.426709 42.890847 39.428669 36.074138 32.857931 29.806609 26.941995 24.280771 21.834313 19.608756 17.605255 15.820426 14.246927 12.874123 11.688804 10.675912 9.819229 9.102023 8.507588 8.019711 7.623020 7.303236 7.047325 6.843567 6.681543 6.552068 6.447075 6.359463 6.282929 6.211787 6.140796 6.064991 5.979534 5.879604 5.760306 5.616646 5.443543 5.235922 4.988867 4.697858 4.359087 3.969829 3.528861 3.036874 2.496819 1.914129 1.296719 0.654732 0.000000 
50.000000 46.333162 42.704735 39.151920 35.709570 32.409167 29.277967 26.338363 23.607475 21.096978 18.813166 16.757225 14.925685 13.311012 11.902295 10.685982 9.646622 8.767584 8.031704 7.421853 6.921413 6.514635 6.186902 5.924888 5.716630 5.551525 5.420261 5.314708 5.227771 5.153228 5.085556 5.019760 4.951222 4.875558 4.788511 4.685873 4.563458 4.417110 4.242774 4.036626 3.795249 3.515876 3.196665 2.836988 2.437715 2.001432 1.532556 1.037299 0.523455 0.000000 
50.000000 46.254599 42.548432 38.919497 35.403396 32.032282 28.833997 25.831415 23.042022 20.477744 18.145009 16.045029 14.174262 12.525012 11.086137 9.843797 8.782216 7.884410 7.132857 6.510075 5.999106 5.583887 5.249520 4.982438 4.770480 4.602894 4.470269 4.364435 4.278313 4.205762 4.141409 4.080486 4.018679 3.952000 3.876674 3.789073 3.685677 3.563081 3.418042 3.247578 3.049100 2.820594 2.560815 2.269492 1.947516 1.597076 1.221718 0.826292 0.416779 0.000000 
50.000000 46.189604 42.419121 38.727213 35.150096 31.720483 28.466700 25.412017 22.574222 19.965451 17.592242 15.455831 13.552611 11.874758 10.410935 9.147066 8.067105 7.153780 6.389270 5.755802 5.236139 4.813960 4.474138 4.202908 3.987951 3.818394 3.684755 3.578834 3.493575 3.422914 3.361613 3.305103 3.249332 3.190645 3.125673 3.051265 2.964443 2.862397 2.742522 2.602478 2.440294 2.254491 2.044226 1.809432 1.550939 1.270561 0.971117 0.656381 0.330945 0.000000 
50.000000 46.136807 42.314082 38.571019 34.944339 31.467208 28.168343 25.071338 22.194228 19.549314 17.143230 14.977225 13.047646 11.346559 9.862473 8.581119 7.486232 6.560304 5.785275 5.143137 4.616424 4.188609 3.844381 3.569816 3.352469 3.181374 3.046993 2.941107 2.856689 2.787741 2.729143 2.676493 2.625960 2.574163 2.518066 2.454900 2.382118 2.297381 2.198569 2.083829 1.951642 1.800911 1.631059 1.442126 1.234846 1.010702 0.771927 0.521457 0.262826 0.000000 
50.000000 46.094943 42.230792 38.447167 34.781187 31.266376 27.931765 24.801200 21.892915 19.219344 16.787192 14.597722 12.647242 10.927733 9.427581 8.132364 7.025644 6.089726 5.306362 4.657354 4.125061 3.692791 3.345086 3.067901 2.848691 2.676421 2.541509 2.435728 2.352073 2.284608 2.228308 2.178908 2.132757 2.086695 2.037947 1.984047 1.922782 1.852171 1.770464 1.676167 1.568088 1.445396 1.307690 1.155059 0.988136 0.808127 0.616803 0.416462 0.209843 0.000000 
50.000000 46.062889 42.167020 38.352339 34.656267 31.112607 27.750625 24.594367 21.662212 18.966700 16.514588 14.307152 12.340669 10.607056 9.094605 7.788775 6.672995 5.729431 4.939689 4.285426 3.748867 3.313194 2.962839 2.683663 2.463049 2.289907 2.154627 2.048976 1.965970 1.899719 1.845279 1.798489 1.755840 1.714341 1.671418 1.624833 1.572624 1.513077 1.444712 1.366293 1.276862 1.175770 1.062727 0.937840 0.801652 0.655147 0.499749 0.337282 0.169901 0.000000 
50.000000 46.039706 42.120897 38.283754 34.565920 31.001394 27.619618 24.444776 21.495358 18.783977 16.317430 14.097000 12.118945 10.375131 8.853784 7.540279 6.417949 5.468856 4.674502 4.016441 3.476800 3.038671 2.686406 2.405801 2.184184 2.010429 1.874905 1.769377 1.686876 1.621551 1.568513 1.523683 1.483650 1.445549 1.406951 1.365780 1.320255 1.268848 1.210266 1.143456 1.067613 0.982211 0.887027 0.782174 0.668117 0.545681 0.416040 0.280683 0.141358 0.000000 
50.000000 46.024666 42.090975 38.239259 34.507306 30.929244 27.534625 24.347727 21.387110 18.665433 16.189522 13.960663 11.975099 10.224668 8.697550 7.379066 6.252487 5.299808 4.502463 3.841940 3.300301 2.860581 2.507081 2.225552 2.003291 1.829146 1.693474 1.588040 1.505885 1.441183 1.389082 1.345555 1.307260 1.271410 1.235669 1.198069 1.156942 1.110879 1.058707 0.999484 0.932502 0.857308 0.773720 0.681846 0.582102 0.475205 0.362169 0.244269 0.122997 0.000000 
50.000000 46.017272 42.076264 38.217384 34.478490 30.893773 27.492840 24.300015 21.333892 18.607154 16.126638 13.893635 11.904380 10.150696 8.620741 7.299810 6.171141 5.216700 4.417884 3.756151 3.213530 2.773029 2.418922 2.136942 1.914365 1.740031 1.604290 1.498906 1.416926 1.352537 1.300905 1.258029 1.220600 1.185870 1.151550 1.115723 1.076776 1.033359 0.984356 0.928879 0.866267 0.796101 0.718215 0.632717 0.539995 0.440715 0.335811 0.226456 0.114017 0.000000 
50.000000 46.017272 42.076264 38.217384 34.478490 30.893773 27.492840 24.300015 21.333892 18.607154 16.126638 13.893635 11.904380 10.150696 8.620741 7.299810 6.171141 5.216700 4.417884 3.756151 3.213530 2.773029 2.418922 2.136942 1.914365 1.740031 1.604290 1.498906 1.416926 1.352537 1.300905 1.258029 1.220600 1.185870 1.151550 1.115723 1.076776 1.033359 0.984356 0.928879 0.866267 0.796101 0.718215 0.632717 0.539995 0.440715 0.335811 0.226456 0.114017 0.000000 
50.000000 46.024666 42.090975 38.239259 34.507306 30.929244 27.534625 24.347727 21.387110 18.665433 16.189522 13.960663 11.975099 10.224668 8.697550 7.379066 6.252487 5.299808 4.502463 3.841940 3.300301 2.860581 2.507081 2.225552 2.003291 1.829146 1.693474 1.588040 1.505885 1.441183 1.389082 1.345555 1.307260 1.271410 1.235669 1.198069 1.156942 1.110879 1.058707 0.999484 0.932502 0.857308 0.773720 0.681846 0.582102 0.475205 0.362169 0.244269 0.122997 0.000000 
50.000000 46.039706 42.120897 38.283754 34.565920 31.001394 27.619618 24.444776 21.495358 18.783977 16.317430 14.097000 12.118945 10.375131 8.853784 7.540279 6.417949 5.468856 4.674502 4.016441 3.476800 3.038671 2.686406 2.405801 2.184184 2.010429 1.874905 1.769377 1.686876 1.621551 1.568513 1.523683 1.483650 1.445549 1.406951 1.365780 1.320255 1.268848 1.210266 1.143456 1.067613 0.982211 0.887027 0.782174 0.668117 0.545681 0.416040 0.280683 0.141358 0.000000 
50.000000 46.062889 42.167020 38.352339 34.656267 31.112607 27.750625 24.594367 21.662212 18.966700 16.514588 14.307152 12.340669 10.607056 9.094605 7.788775 6.672995 5.729431 4.939689 4.285426 3.748867 3.313194 2.962839 2.683663 2.463049 2.289907 2.154627 2.048976 1.965970 1.899719 1.845279 1.798489 1.755840 1.714341 1.671418 1.624833 1.572624 1.513077 1.444712 1.366293 1.276862 1.175770 1.062727 0.937840 0.801652 0.655147 0.499749 0.337282 0.169901 0.000000 
50.000000 46.094943 42.230792 38.447167 34.781187 31.266376 27.931765 24.801200 21.892915 19.219344 16.787192 14.597722 12.647242 10.927733 9.427581 8.132364 7.025644 6.089726 5.306362 4.657354 4.125061 3.692791 3.345086 3.067901 2.848691 2.676421 2.541509 2.435728 2.352073 2.284608 2.228308 2.178908 2.132757 2.086695 2.037947 1.984047 1.922782 1.852171 1.770464 1.676167 1.568088 1.445396 1.307690 1.155059 0.988136 0.808127 0.616803 0.416462 0.209843 0.000000 
50.000000 46.136807 42.314082 38.571019 34.944339 31.467208 28.168343 25.071338 22.194228 19.549314 17.143230 14.977225 13.047646 11.346559 9.862473 8.581119 7.486232 6.560304 5.785275 5.143137 4.616424 4.188609 3.844381 3.569816 3.352469 3.181374 3.046993 2.941107 2.856689 2.787741 2.729143 2.676493 2.625960 2.574163 2.518066 2.454900 2.382118 2.297381 2.198569 2.083829 1.951642 1.800911 1.631059 1.442126 1.234846 1.010702 0.771927 0.521457 0.262826 0.000000 
50.000000 46.189604 42.419121 38.727213 35.150096 31.720483 28.466700 25.412017 22.574222 19.965451 17.592242 15.455831 13.552611 11.874758 10.410935 9.147066 8.067105 7.153780 6.389270 5.755802 5.236139 4.813960 4.474138 4.202908 3.987951 3.818394 3.684755 3.578834 3.493575 3.422914 3.361613 3.305103 3.249332 3.190645 3.125673 3.051265 2.964443 2.862397 2.742522 2.602478 2.440294 2.254491 2.044226 1.809432 1.550939 1.270561 0.971117 0.656381 0.330945 0.000000 
50.000000 46.254599 42.548432 38.919497 35.403396 32.032282 28.833997 25.831415 23.042022 20.477744 18.145009 16.045029 14.174262 12.525012 11.086137 9.843797 8.782216 7.884410 7.132857 6.510075 5.999106 5.583887 5.249520 4.982438 4.770480 4.602894 4.470269 4.364435 4.278313 4.205762 4.141409 4.080486 4.018679 3.952000 3.876674 3.789073 3.685677 3.563081 3.418042 3.247578 3.049100 2.820594 2.560815 2.269492 1.947516 1.597076 1.221718 0.826292 0.416779 0.000000 
50.000000 46.333162 42.704735 39.151920 35.709570 32.409167 29.277967 26.338363 23.607475 21.096978 18.813166 16.757225 14.925685 13.311012 11.902295 10.685982 9.646622 8.767584 8.031704 7.421853 6.921413 6.514635 6.186902 5.924888 5.716630 5.551525 5.420261 5.314708 5.227771 5.153228 5.085556 5.019760 4.951222 4.875558 4.788511 4.685873 4.563458 4.417110 4.242774 4.036626 3.795249 3.515876 3.196665 2.836988 2.437715 2.001432 1.532556 1.037299 0.523455 0.000000 
50.000000 46.426709 42.890847 39.428669 36.074138 32.857931 29.806609 26.941995 24.280771 21.834313 19.608756 17.605255 15.820426 14.246927 12.874123 11.688804 10.675912 9.819229 9.102023 8.507588 8.019711 7.623020 7.303236 7.047325 6.843567 6.681543 6.552068 6.447075 6.359463 6.282929 6.211787 6.140796 6.064991 5.979534 5.879604 5.760306 5.616646 5.443543 5.235922 4.988867 4.697858 4.359087 3.969829 3.528861 3.036874 2.496819 1.914129 1.296719 0.654732 0.000000 
50.000000 46.536641 43.109560 39.753895 36.502565 33.385302 30.427852 27.651363 25.072006 22.700808 20.543711 18.601836 16.871903 15.346793 14.016197 12.867308 11.885526 11.055127 10.359880 9.783584 9.310502 8.925708 8.615325 8.366670 8.168314 8.010068 7.882907 7.778853 7.690816 7.612420 7.537817 7.461498 7.378117 7.282335 7.168682 7.031468 6.864741 6.662301 6.417803 6.124941 5.777741 5.370963 4.900600 4.364461 3.762776 3.098745 2.378926 1.613332 0.815148 0.000000 
50.000000 46.664282 43.363505 40.131512 37.000007 33.997628 31.149170 28.475004 25.990703 23.706887 21.629281 19.758962 18.092770 16.623848 15.342264 14.235680 13.290029 12.490159 11.820429 11.265218 10.809350 10.438421 10.139026 9.898896 9.706950 9.553278 9.429058 9.326434 9.238354 9.158386 9.080525 8.998991 8.908037 8.801775 8.674020 8.518182 8.327197 8.093539 7.809314 7.466467 7.057130 6.574116 6.011574 5.365786 4.636046 3.825518 2.941913 1.997784 1.010243 0.000000 
50.000000 46.810803 43.655013 40.564984 37.571029 34.700528 31.977186 29.420479 27.045295 24.861789 22.875433 21.087256 19.494237 18.089818 16.864502 15.806488 14.902322 14.137512 13.497093 12.966115 12.530050 12.175095 11.888396 11.658167 11.473740 11.325538 11.204993 11.104414 11.016823 10.935761 10.855084 10.768753 10.670615 10.554210 10.412591 10.238172 10.022642 9.756934 9.431305 9.035543 8.559345 7.992914 7.327776 6.557858 5.680741 4.698989 3.621307 2.463224 1.246927 0.000000 
50.000000 46.977153 43.985969 41.057117 38.219327 35.498550 32.917255 30.493903 28.242605 26.172985 24.290230 22.595314 21.085373 19.754191 18.592761 17.589898 16.732844 16.007855 15.400736 14.897304 14.483766 14.147014 13.874822 13.655965 13.480257 13.338518 13.222490 13.124700 13.038291 12.956820 12.874044 12.783690 12.679224 12.553619 12.399141 12.207158 11.967997 11.670860 11.303851 10.854153 10.308401 9.653346 8.876849 7.969276 6.925255 5.745703 4.439787 3.026341 1.534075 0.000000 
50.000000 47.163984 44.357674 41.609842 38.947444 36.394826 33.973069 31.699492 29.587333 27.645623 25.879226 24.289056 22.872427 21.623502 20.533832 19.592919 18.788788 18.108540 17.538846 17.066387 16.678202 16.361966 16.106171 15.900231 15.734517 15.600318 15.489751 15.395623 15.311256 15.230284 15.146421 15.053219 14.943810 14.810645 14.645233 14.437890 14.177522 13.851461 13.445394 12.943446 12.328496 11.582837 10.689299 9.632973 8.403613 6.998638 5.426412 3.709039 1.883520 0.000000 
50.000000 47.371588 44.770708 42.224025 39.756521 37.390761 35.146281 33.039133 31.081587 29.282009 27.644911 26.171138 24.858197 23.700682 22.690757 21.818691 21.073381 20.442867 19.914786 19.476781 19.116823 18.823462 18.585997 18.394567 18.240180 18.114667 18.010593 17.921118 17.839817 17.760474 17.676840 17.582378 17.469979 17.331665 17.158272 16.939138 16.661779 16.311614 15.871735 15.322830 14.643325 13.809919 12.798712 11.587185 10.157297 8.499820 6.619665 4.541225 2.311746 0.000000 
50.000000 47.599843 45.224826 42.899299 40.646075 38.485759 36.436191 34.512027 32.724472 31.081168 29.586231 28.240434 27.041501 25.984491 25.062250 24.265888 23.585264 23.009449 22.527148 22.127063 21.798196 21.530067 21.312871 21.137560 20.995859 20.880222 20.783742 20.700011 20.622943 20.546563 20.464765 20.371041 20.258172 20.117902 19.940565 19.714686 19.426554 19.059776 18.594853 18.008820 17.275080 16.363607 15.241813 13.876532 12.237685 10.304188 8.072312 5.565544 2.842894 0.000000 
50.000000 47.848163 45.718865 43.633937 41.613831 39.677020 37.839498 36.114407 34.511789 33.038497 31.698221 30.491654 29.416754 28.469090 27.642249 26.928256 26.318017 25.801729 25.369258 25.010468 24.715482 24.474884 24.279858 24.122252 23.994592 23.890037 23.802291 23.725465 23.653908 23.581996 23.503889 23.413257 23.302955 23.164662 22.988462 22.762363 22.471744 22.098729 21.621490 21.013522 20.242970 19.272204 18.057991 16.552913 14.709030 12.485167 9.859233 6.845677 3.514358 0.000000 
50.000000 48.115480 46.250698 44.424775 42.655620 40.959413 39.350160 37.839370 36.435839 35.145566 33.971785 32.915101 31.973726 31.143779 30.419640 29.794326 29.259870 28.807681 28.428881 28.114582 27.856124 27.645247 27.474204 27.335824 27.223517 27.131229 27.053359 26.984631 26.919928 26.854098 26.781715 26.696803 26.592511 26.460734 26.291649 26.073175 25.790295 25.424245 24.951518 24.342683 23.561021 22.561119 21.287710 19.675517 17.651526 15.142277 12.089993 8.481375 4.387862 0.000000 
50.000000 48.400230 46.817217 45.267190 43.765355 42.325443 40.959347 39.676836 38.485376 37.390062 36.393636 35.496612 34.697474 33.992924 33.378194 32.847351 32.393631 32.009739 31.688134 31.421266 31.201773 31.022630 30.877245 30.759506 30.663781 30.584885 30.517995 30.458537 30.402037 30.343941 30.279391 30.202967 30.108366 29.988026 29.832650 29.630620 29.367236 29.023752 28.576098 27.993218 27.234920 26.249150 24.968797 23.308499 21.162954 18.410389 14.928679 10.636662 5.573154 0.000000 
50.000000 48.700375 47.414363 46.155148 44.935083 43.765324 42.655531 41.613640 40.645718 39.755902 38.946421 38.217692 37.568482 36.996114 36.496711 36.065454 35.696846 35.384960 35.123665 34.906823 34.728450 34.582828 34.464590 34.368752 34.290717 34.226235 34.171341 34.122252 34.075240 34.026473 33.971823 33.906628 33.825406 33.721502 33.586627 33.410280 33.178967 32.875149 32.475791 31.950330 31.257786 30.342671 29.129238 27.513769 25.355283 22.467658 18.623227 13.594074 7.283489 0.000000 
50.000000 49.013433 48.037199 47.081308 46.155136 45.267152 44.424689 43.633771 42.899005 42.223529 41.609037 41.055845 40.563017 40.128520 39.749410 39.422030 39.142205 38.905435 38.707064 38.542430 38.406986 38.296387 38.206551 38.133683 38.074279 38.025090 37.983078 37.945326 37.908948 37.870950 37.828083 37.776641 37.712231 37.629461 37.521553 37.379818 37.192941 36.945980 36.618920 36.184534 35.605135 34.827537 33.775099 32.335069 30.338721 27.532073 23.540707 17.858615 9.979642 0.000000 
50.000000 49.336539 48.680027 48.037195 47.414349 46.817185 46.250632 45.718744 45.224617 44.770363 44.357120 43.985101 43.653675 43.361477 43.106526 42.886361 42.698177 42.538944 42.405532 42.294804 42.203700 42.129296 42.068842 42.019781 41.979750 41.946552 41.918129 41.892499 41.867690 41.841648 41.812126 41.776551 41.731845 41.674207 41.598823 41.499465 41.367945 41.193314 40.960675 40.649355 40.229983 39.659632 38.873437 37.769501 36.180683 33.820380 30.178647 24.340033 14.786516 0.000000 
50.000000 49.666523 49.336538 49.013430 48.700367 48.400212 48.115444 47.848100 47.599735 47.371412 47.163702 46.976713 46.810127 46.663258 46.535111 46.424448 46.329859 46.249822 46.182762 46.127102 46.081305 46.043898 46.013500 45.988823 45.968676 45.951953 45.937615 45.924657 45.912081 45.898840 45.883786 45.865600 45.842695 45.813106 45.774330 45.723114 45.655151 45.564637 45.443597 45.280820 45.060088 44.757119 44.333925 43.727702 42.827137 41.416929 39.033820 34.550042 24.833266 0.000000 
50.000000 50.000000 50.000000 50.000000 50.000000 50.000000 50.000000 50.000000 50.000000 50.000000 50.000000 50.000000 50.000000 50.000000 50.000000 50.000000 50.000000 50.000000 50.000000 50.000000 50.000000 50.000000 50.000000 50.000000 50.000000 50.000000 50.000000 50.000000 50.000000 50.000000 50.000000 50.000000 50.000000 50.000000 50.000000 50.000000 50.000000 50.000000 50.000000 50.000000 50.000000 50.000000 50.000000 50.000000 50.000000 50.000000 50.000000 50.000000 50.000000 50.000000 
