50.000000 50.000000 50.000000 50.000000 50.000000 50.000000 50.000000 50.000000 50.000000 50.000000 50.000000 50.000000 50.000000 50.000000 50.000000 50.000000 50.000000 50.000000 50.000000 50.000000 50.000000 50.000000 50.000000 50.000000 50.000000 50.000000 50.000000 50.000000 50.000000 50.000000 50.000000 50.000000 50.000000 50.000000 50.000000 50.000000 50.000000 50.000000 50.000000 50.000000 50.000000 50.000000 50.000000 50.000000 50.000000 50.000000 50.000000 50.000000 50.000000 50.000000 
50.000000 49.769938 49.541537 49.316426 49.096158 48.882186 48.675829 48.478252 48.290442 48.113199 47.947128 47.792635 47.649934 47.519051 47.399842 47.292005 47.195099 47.108564 47.031742 46.963890 46.904205 46.851833 46.805881 46.765426 46.729520 46.697182 46.667395 46.639090 46.611125 46.582250 46.551072 46.515990 46.475121 46.426200 46.366428 46.292276 46.199191 46.081160 45.930045 45.734523 45.478329 45.137193 44.673206 44.023711 43.077606 41.619861 39.187545 34.653265 24.885102 0.000000 
50.000000 49.541549 49.086410 48.637824 48.198891 47.772503 47.361291 46.967574 46.593320 46.240125 45.909193 45.601333 45.316971 45.056161 44.818615 44.603732 44.410635 44.238209 44.085141 43.949957 43.831055 43.726737 43.635229 43.554697 43.483257 43.418965 43.359808 43.303671 43.248301 43.191243 43.129758 43.060719 42.980461 42.884586 42.767695 42.623016 42.441869 42.212891 41.920863 41.544894 41.055512 40.409816 39.543098 38.353748 36.675042 34.220911 30.482057 24.543766 14.888825 0.000000 
50.000000 49.316471 48.637882 47.969062 47.314635 46.678912 46.065816 45.478803 44.920811 44.394217 43.900816 43.441817 43.017853 42.629008 42.274851 41.954489 41.666615 41.409569 41.181397 40.979906 40.802712 40.647291 40.511007 40.391142 40.284900 40.189407 40.101692 40.018645 39.936960 39.853053 39.762946 39.662116 39.545300 39.406225 39.237251 39.028881 38.769077 38.442286 38.028014 37.498712 36.816543 35.928358 34.757743 33.192367 31.064112 28.119783 23.985906 18.157555 10.129762 0.000000 
50.000000 49.096275 48.199080 47.314803 46.449554 45.609036 44.798434 44.022319 43.284574 42.588344 41.936002 41.329147 40.768616 40.254523 39.786299 39.362764 38.982196 38.642405 38.340810 38.074520 37.840394 37.635107 37.455192 37.297078 37.157100 37.031499 36.916400 36.807765 36.701323 36.592465 36.476112 36.346534 36.197117 36.020049 35.805920 35.543176 35.217378 34.810187 34.297946 33.649669 32.824178 31.766027 30.399761 28.622201 26.293152 23.227507 19.198818 13.980567 7.477574 0.000000 
50.000000 48.882428 47.772931 46.679409 45.609418 44.570011 43.567600 42.607837 41.695526 40.834554 40.027858 39.277417 38.584268 37.948551 37.369568 36.845863 36.375310 35.955207 35.582373 35.253242 34.963947 34.710395 34.488327 34.293360 34.121009 33.966689 33.825690 33.693127 33.563864 33.432400 33.292720 33.138100 32.960858 32.752029 32.500949 32.194718 31.817492 31.349548 30.766058 30.035450 29.117286 27.959559 26.495501 24.640394 22.289877 19.323392 15.620277 11.101045 5.806353 0.000000 
50.000000 48.676271 47.362107 46.066865 44.799496 43.568352 42.381030 41.244225 40.163628 39.143843 38.188350 37.299495 36.478508 35.725558 35.039821 34.419578 33.862318 33.364849 32.923415 32.533809 32.191470 31.891580 31.629130 31.398977 31.195872 31.014469 30.849300 30.694728 30.544865 30.393456 30.233728 30.058191 29.858389 29.624585 29.345374 29.007185 28.593669 28.084932 27.456585 26.678591 25.713945 24.517270 23.033691 21.198659 18.940231 16.186329 12.880849 9.012401 4.654525 0.000000 
50.000000 48.478994 46.968979 45.480707 44.024461 42.609842 41.245575 39.939357 38.697725 37.525972 36.428099 35.406801 34.463496 33.598380 32.810513 32.097925 31.457740 30.886301 30.379309 29.931950 29.539011 29.194990 28.894179 28.630730 28.398695 28.192036 28.004610 27.830124 27.662056 27.493541 27.317223 27.125069 26.908127 26.656249 26.357734 25.998923 25.563700 25.032919 24.383759 23.589031 22.616548 21.428711 19.982705 18.231910 16.129554 13.635986 10.730947 7.430988 3.808279 0.000000 
50.000000 48.291620 46.595585 44.923972 43.288331 41.699445 40.167118 38.699992 37.305413 35.989326 34.756226 33.609143 32.549674 31.578042 30.693198 29.892937 29.174039 28.532413 27.963247 27.461158 27.020326 26.634614 26.297666 26.002991 25.744001 25.514043 25.306385 25.114174 24.930369 24.747631 24.558191 24.353671 24.124875 23.861542 23.552057 23.183121 22.739385 22.203070 21.553582 20.767207 19.816971 18.672867 17.302738 15.674264 13.758609 11.536308 9.005588 6.192181 3.157565 0.000000 
50.000000 48.114991 46.243603 44.399164 42.594417 40.841260 39.150511 37.531708 35.992956 34.540817 33.180252 31.914609 30.745651 29.673632 28.697401 27.814534 27.021490 26.313771 25.686092 25.132542 24.646736 24.221953 23.851248 23.527539 23.243673 22.992451 22.766633 22.558902 22.361804 22.167656 21.968418 21.755545 21.519804 21.251065 20.938077 20.568219 20.127259 19.599121 18.965728 18.206952 17.300802 16.223979 14.953017 13.466266 11.746973 9.787591 7.595069 5.196136 2.640611 0.000000 
50.000000 47.949766 45.914349 43.908242 41.945307 40.038487 38.199547 36.438862 34.765249 33.185848 31.706057 30.329519 29.058157 27.892253 26.830563 25.870462 25.008112 24.238640 23.556322 22.954762 22.427059 21.965957 21.563975 21.213507 20.906894 20.636465 20.394548 20.173450 19.965402 19.762483 19.556513 19.338920 19.100593 18.831715 18.521590 18.158474 17.729426 17.220208 16.615264 15.897855 15.050402 14.055176 12.895431 11.557133 10.031340 8.317181 6.425094 4.379566 2.220222 0.000000 
50.000000 47.796422 45.608769 43.452619 41.342872 39.293438 37.316964 35.424602 33.625829 31.928321 30.337883 28.858435 27.492047 26.239029 25.098053 24.066309 23.139688 22.312974 21.580040 20.934048 20.367627 19.873040 19.442324 19.067405 18.740181 18.452577 18.196562 17.964141 17.747318 17.538026 17.328043 17.108883 16.871672 16.607023 16.304913 15.954568 15.544394 15.061961 14.494078 13.827015 13.046916 12.140481 11.095976 9.904621 8.562345 7.071769 5.444132 3.700654 1.872673 0.000000 
50.000000 47.655258 45.327461 43.033187 40.788289 38.607570 36.504488 34.490910 32.576922 30.770695 29.078406 27.504231 26.050380 24.717187 23.503250 22.405590 21.419853 20.540509 19.761070 19.074295 18.472390 17.947187 17.490294 17.093227 16.747499 16.444689 16.176474 15.934625 15.710987 15.497424 15.285751 15.067642 14.834538 14.577551 14.287379 13.954239 13.567847 13.117456 12.591986 11.980278 11.271503 10.455780 9.525009 8.473942 7.301426 6.011695 4.615494 3.130698 1.582086 0.000000 
50.000000 47.526410 45.070698 42.650351 40.282095 37.981547 35.762905 33.638689 31.619543 29.714085 27.928840 26.268213 24.734542 23.328189 22.047681 20.889892 19.850243 18.922924 18.101120 17.377231 16.743086 16.190132 15.709600 15.292646 14.930454 14.614315 14.335665 14.086102 13.857369 13.641318 13.429853 13.214862 12.988143 12.741334 12.465854 12.152875 11.793330 11.377980 10.897565 10.343054 9.706020 8.979158 8.156952 7.236463 6.218198 5.106935 3.912359 2.649298 1.337382 0.000000 
50.000000 47.409870 44.838459 42.304081 39.824250 37.415319 35.092156 32.867873 30.753614 28.758410 26.889092 25.150280 23.544426 22.071916 20.731220 19.519075 18.430706 17.460051 16.600004 15.842648 15.179475 14.601594 14.099908 13.665262 13.288559 12.960848 12.673379 12.417619 12.185255 11.968169 11.758390 11.548047 11.329309 11.094335 10.835237 10.544069 10.212854 9.833664 9.398769 8.900861 8.333380 7.690931 6.969794 6.168504 5.288434 4.334320 3.314606 2.241484 1.130549 0.000000 
50.000000 47.305500 44.630475 41.993976 39.414223 36.908229 34.491462 32.177564 29.978130 27.902555 25.957951 24.149127 22.478640 20.946898 19.552320 18.291524 17.159561 16.150147 15.255919 14.468678 13.779626 13.179576 12.659144 12.208910 11.819540 11.481888 11.187050 10.926406 10.691621 10.474630 10.267611 10.062943 9.853159 9.630913 9.388955 9.120131 8.817416 8.473994 8.083394 7.639680 7.137720 6.573514 5.944574 5.250336 4.492556 3.675631 2.806771 1.895954 0.955607 0.000000 
50.000000 47.213065 44.446274 41.719330 39.051082 36.459124 33.959458 31.566193 29.291326 27.144575 25.133298 23.262475 21.534754 19.950567 18.508285 17.204427 16.033886 14.990189 14.065746 13.252115 12.540243 11.920689 11.383825 10.920003 10.519694 10.173589 9.872671 9.608256 9.372012 9.155946 8.952391 8.753969 8.553560 8.344271 8.119423 7.872553 7.597451 7.288227 6.939426 6.546192 6.104472 5.611268 5.064921 4.465397 3.814545 3.116291 2.376715 1.603962 0.807968 0.000000 
50.000000 47.132251 44.285230 41.479214 38.733595 36.066483 33.494340 31.031689 28.690873 26.481897 24.412334 22.487312 20.709562 19.079533 17.595561 16.254074 15.049834 13.976199 13.025389 12.188750 11.457010 10.820513 10.269422 9.793901 9.384257 9.031051 8.725178 8.457916 8.220947 8.006361 7.806643 7.614643 7.423556 7.226894 7.018476 6.792432 6.543232 6.265744 5.955327 5.607957 5.220388 4.790339 4.316696 3.799709 3.241162 2.644478 2.014743 1.358603 0.684037 0.000000 
50.000000 47.062696 44.146622 41.272548 38.460339 35.728541 33.094020 30.571649 28.174075 25.911545 23.791819 21.820153 19.999350 18.329875 16.810033 15.436175 14.202953 13.103581 12.130116 11.273725 10.524953 9.873960 9.310736 8.825289 8.407791 8.048701 7.738848 7.469485 7.232322 7.019530 6.823734 6.637994 6.455782 6.270962 6.077778 5.870855 5.645222 5.396359 5.120263 4.813550 4.473569 4.098543 3.687709 3.241451 2.761405 2.250513 1.713016 1.154348 0.580952 0.000000 
50.000000 47.004012 44.029679 41.098187 38.229795 35.443424 32.756274 30.183520 27.738060 25.430349 23.268304 21.257289 19.400167 17.697419 16.147323 14.746168 13.488510 12.367448 11.374898 10.501883 9.738792 9.075635 8.502261 8.008548 7.584562 7.220680 6.907683 6.636812 6.399806 6.188912 5.996884 5.816963 5.642860 5.468734 5.289183 5.099238 4.894381 4.670573 4.424307 4.152680 3.853478 3.525274 3.167525 2.780656 2.366127 1.926449 1.465161 0.986734 0.496413 0.000000 
50.000000 46.955817 43.933637 40.954987 38.040454 35.209263 32.478891 29.864759 27.379972 25.035155 22.838357 20.795028 18.908082 17.178013 15.603076 14.179511 12.901799 11.762938 10.754737 9.868097 9.093284 8.420186 7.838537 7.338113 6.908898 6.541204 6.225778 5.953855 5.717205 5.508143 5.319530 5.144763 4.977748 4.812888 4.645067 4.469640 4.282442 4.079808 3.858609 3.616299 3.350979 3.061460 2.747331 2.409011 2.047782 1.665792 1.266016 0.852169 0.428577 0.000000 
50.000000 46.917749 43.857778 40.841881 37.890904 35.024312 32.259803 29.612988 27.097139 24.723017 22.498769 20.429919 18.519419 16.767774 15.173223 13.731964 12.438419 11.285512 10.264964 9.367581 8.583535 7.902617 7.314473 6.808802 6.375522 6.004900 5.687655 5.415025 5.178805 4.971367 4.785662 4.615207 4.454067 4.296837 4.138619 3.975020 3.802144 3.616606 3.415553 3.196701 2.958369 2.699530 2.419849 2.119714 1.800253 1.463320 1.111451 0.747792 0.375980 0.000000 
50.000000 46.889497 43.801478 40.757938 37.779913 34.887048 32.097202 29.426132 26.887231 24.491359 22.246741 20.158951 18.230972 16.463315 14.854209 13.399823 12.094532 10.931207 9.901504 8.996161 8.205276 7.518574 6.925634 6.416100 5.979841 5.607094 5.288560 5.015477 4.779663 4.573534 4.390108 4.222994 4.066375 3.914983 3.764087 3.609471 3.447434 3.274790 3.088882 2.887602 2.669422 2.433415 2.179288 1.907395 1.618739 1.314955 0.998261 0.671390 0.337490 0.000000 
50.000000 46.870809 43.764237 40.702411 37.706495 34.796250 31.989646 29.302531 26.748382 24.338123 22.080030 19.979712 18.040172 16.261925 14.643193 13.180124 11.867067 10.696854 9.661100 8.750495 7.955095 7.264575 6.668476 6.156400 5.718190 5.344060 5.024701 4.751354 4.515850 4.310636 4.128775 3.963938 3.810384 3.662938 3.516975 3.368397 3.213627 3.049608 2.873805 2.684225 2.479427 2.258549 2.021317 1.768057 1.499687 1.217694 0.924090 0.621341 0.312281 0.000000 
50.000000 46.861510 43.745706 40.674781 37.669962 34.751070 31.936126 29.241027 26.679291 24.261873 21.997075 19.890524 17.945230 16.161715 14.538193 13.070805 11.753884 10.580244 9.541480 8.628259 7.830614 7.138198 6.540529 6.027194 5.588018 5.213207 4.893447 4.619978 4.384641 4.179897 3.998833 3.835148 3.683141 3.537685 3.394203 3.248657 3.097532 2.937832 2.767084 2.583346 2.385223 2.171880 1.943052 1.699049 1.440745 1.169556 0.887389 0.596581 0.299811 0.000000 
50.000000 46.861510 43.745706 40.674781 37.669962 34.751070 31.936126 29.241027 26.679291 24.261873 21.997075 19.890524 17.945230 16.161715 14.538193 13.070805 11.753884 10.580244 9.541480 8.628259 7.830614 7.138198 6.540529 6.027194 5.588018 5.213207 4.893447 4.619978 4.384641 4.179897 3.998833 3.835148 3.683141 3.537685 3.394203 3.248657 3.097532 2.937832 2.767084 2.583346 2.385223 2.171880 1.943052 1.699049 1.440745 1.169556 0.887389 0.596581 0.299811 0.000000 
50.000000 46.870809 43.764237 40.702411 37.706495 34.796250 31.989646 29.302531 26.748382 24.338123 22.080030 19.979712 18.040172 16.261925 14.643193 13.180124 11.867067 10.696854 9.661100 8.750495 7.955095 7.264575 6.668476 6.156400 5.718190 5.344060 5.024701 4.751354 4.515850 4.310636 4.128775 3.963938 3.810384 3.662938 3.516975 3.368397 3.213627 3.049608 2.873805 2.684225 2.479427 2.258549 2.021317 1.768057 1.499687 1.217694 0.924090 0.621341 0.312281 0.000000 
50.000000 46.889497 43.801478 40.757938 37.779913 34.887048 32.097202 29.426132 26.887231 24.491359 22.246741 20.158951 18.230972 16.463315 14.854209 13.399823 12.094532 10.931207 9.901504 8.996161 8.205276 7.518574 6.925634 6.416100 5.979841 5.607094 5.288560 5.015477 4.779663 4.573534 4.390108 4.222994 4.066375 3.914983 3.764087 3.609471 3.447434 3.274790 3.088882 2.887602 2.669422 2.433415 2.179288 1.907395 1.618739 1.314955 0.998261 0.671390 0.337490 0.000000 
50.000000 46.917749 43.857778 40.841881 37.890904 35.024312 32.259803 29.612988 27.097139 24.723017 22.498769 20.429919 18.519419 16.767774 15.173223 13.731964 12.438419 11.285512 10.264964 9.367581 8.583535 7.902617 7.314473 6.808802 6.375522 6.004900 5.687655 5.415025 5.178805 4.971367 4.785662 4.615207 4.454067 4.296837 4.138619 3.975020 3.802144 3.616606 3.415553 3.196701 2.958369 2.699530 2.419849 2.119714 1.800253 1.463320 1.111451 0.747792 0.375980 0.000000 
50.000000 46.955817 43.933637 40.954987 38.040454 35.209263 32.478891 29.864759 27.379972 25.035155 22.838357 20.795028 18.908082 17.178013 15.603076 14.179511 12.901799 11.762938 10.754737 9.868097 9.093284 8.420186 7.838537 7.338113 6.908898 6.541204 6.225778 5.953855 5.717205 5.508143 5.319530 5.144763 4.977748 4.812888 4.645067 4.469640 4.282442 4.079808 3.858609 3.616299 3.350979 3.061460 2.747331 2.409011 2.047782 1.665792 1.266016 0.852169 0.428577 0.000000 
50.000000 47.004012 44.029679 41.098187 38.229795 35.443424 32.756274 30.183520 27.738060 25.430349 23.268304 21.257289 19.400167 17.697419 16.147323 14.746168 13.488510 12.367448 11.374898 10.501883 9.738792 9.075635 8.502261 8.008548 7.584562 7.220680 6.907683 6.636812 6.399806 6.188912 5.996884 5.816963 5.642860 5.468734 5.289183 5.099238 4.894381 4.670573 4.424307 4.152680 3.853478 3.525274 3.167525 2.780656 2.366127 1.926449 1.465161 0.986734 0.496413 0.000000 
50.000000 47.062696 44.146622 41.272548 38.460339 35.728541 33.094020 30.571649 28.174075 25.911545 23.791819 21.820153 19.999350 18.329875 16.810033 15.436175 14.202953 13.103581 12.130116 11.273725 10.524953 9.873960 9.310736 8.825289 8.407791 8.048701 7.738848 7.469485 7.232322 7.019530 6.823734 6.637994 6.455782 6.270962 6.077778 5.870855 5.645222 5.396359 5.120263 4.813550 4.473569 4.098543 3.687709 3.241451 2.761405 2.250513 1.713016 1.154348 0.580952 0.000000 
50.000000 47.132251 44.285230 41.479214 38.733595 36.066483 33.494340 31.031689 28.690873 26.481897 24.412334 22.487312 20.709562 19.079533 17.595561 16.254074 15.049834 13.976199 13.025389 12.188750 11.457010 10.820513 10.269422 9.793901 9.384257 9.031051 8.725178 8.457916 8.220947 8.006361 7.806643 7.614643 7.423556 7.226894 7.018476 6.792432 6.543232 6.265744 5.955327 5.607957 5.220388 4.790339 4.316696 3.799709 3.241162 2.644478 2.014743 1.358603 0.684037 0.000000 
50.000000 47.213065 44.446274 41.719330 39.051082 36.459124 33.959458 31.566193 29.291326 27.144575 25.133298 23.262475 21.534754 19.950567 18.508285 17.204427 16.033886 14.990189 14.065746 13.252115 12.540243 11.920689 11.383825 10.920003 10.519694 10.173589 9.872671 9.608256 9.372012 9.155946 8.952391 8.753969 8.553560 8.344271 8.119423 7.872553 7.597451 7.288227 6.939426 6.546192 6.104472 5.611268 5.064921 4.465397 3.814545 3.116291 2.376715 1.603962 0.807968 0.000000 
50.000000 47.305500 44.630475 41.993976 39.414223 36.908229 34.491462 32.177564 29.978130 27.902555 25.957951 24.149127 22.478640 20.946898 19.552320 18.291524 17.159561 16.150147 15.255919 14.468678 13.779626 13.179576 12.659144 12.208910 11.819540 11.481888 11.187050 10.926406 10.691621 10.474630 10.267611 10.062943 9.853159 9.630913 9.388955 9.120131 8.817416 8.473994 8.083394 7.639680 7.137720 6.573514 5.944574 5.250336 4.492556 3.675631 2.806771 1.895954 0.955607 0.000000 
50.000000 47.409870 44.838459 42.304081 39.824250 37.415319 35.092156 32.867873 30.753614 28.758410 26.889092 25.150280 23.544426 22.071916 20.731220 19.519075 18.430706 17.460051 16.600004 15.842648 15.179475 14.601594 14.099908 13.665262 13.288559 12.960848 12.673379 12.417619 12.185255 11.968169 11.758390 11.548047 11.329309 11.094335 10.835237 10.544069 10.212854 9.833664 9.398769 8.900861 8.333380 7.690931 6.969794 6.168504 5.288434 4.334320 3.314606 2.241484 1.130549 0.000000 
50.000000 47.526410 45.070698 42.650351 40.282095 37.981547 35.762905 33.638689 31.619543 29.714085 27.928840 26.268213 24.734542 23.328189 22.047681 20.889892 19.850243 18.922924 18.101120 17.377231 16.743086 16.190132 15.709600 15.292646 14.930454 14.614315 14.335665 14.086102 13.857369 13.641318 13.429853 13.214862 12.988143 12.741334 12.465854 12.152875 11.793330 11.377980 10.897565 10.343054 9.706020 8.979158 8.156952 7.236463 6.218198 5.106935 3.912359 2.649298 1.337382 0.000000 
50.000000 47.655258 45.327461 43.033187 40.788289 38.607570 36.504488 34.490910 32.576922 30.770695 29.078406 27.504231 26.050380 24.717187 23.503250 22.405590 21.419853 20.540509 19.761070 19.074295 18.472390 17.947187 17.490294 17.093227 16.747499 16.444689 16.176474 15.934625 15.710987 15.497424 15.285751 15.067642 14.834538 14.577551 14.287379 13.954239 13.567847 13.117456 12.591986 11.980278 11.271503 10.455780 9.525009 8.473942 7.301426 6.011695 4.615494 3.130698 1.582086 0.000000 
50.000000 47.796422 45.608769 43.452619 41.342872 39.293438 37.316964 35.424602 33.625829 31.928321 30.337883 28.858435 27.492047 26.239029 25.098053 24.066309 23.139688 22.312974 21.580040 20.934048 20.367627 19.873040 19.442324 19.067405 18.740181 18.452577 18.196562 17.964141 17.747318 17.538026 17.328043 17.108883 16.871672 16.607023 16.304913 15.954568 15.544394 15.061961 14.494078 13.827015 13.046916 12.140481 11.095976 9.904621 8.562345 7.071769 5.444132 3.700654 1.872673 0.000000 
50.000000 47.949766 45.914349 43.908242 41.945307 40.038487 38.199547 36.438862 34.765249 33.185848 31.706057 30.329519 29.058157 27.892253 26.830563 25.870462 25.008112 24.238640 23.556322 22.954762 22.427059 21.965957 21.563975 21.213507 20.906894 20.636465 20.394548 20.173450 19.965402 19.762483 19.556513 19.338920 19.100593 18.831715 18.521590 18.158474 17.729426 17.220208 16.615264 15.897855 15.050402 14.055176 12.895431 11.557133 10.031340 8.317181 6.425094 4.379566 2.220222 0.000000 
50.000000 48.114991 46.243603 44.399164 42.594417 40.841260 39.150511 37.531708 35.992956 34.540817 33.180252 31.914609 30.745651 29.673632 28.697401 27.814534 27.021490 26.313771 25.686092 25.132542 24.646736 24.221953 23.851248 23.527539 23.243673 22.992451 22.766633 22.558902 22.361804 22.167656 21.968418 21.755545 21.519804 21.251065 20.938077 20.568219 20.127259 19.599121 18.965728 18.206952 17.300802 16.223979 14.953017 13.466266 11.746973 9.787591 7.595069 5.196136 2.640611 0.000000 
50.000000 48.291620 46.595585 44.923972 43.288331 41.699445 40.167118 38.699992 37.305413 35.989326 34.756226 33.609143 32.549674 31.578042 30.693198 29.892937 29.174039 28.532413 27.963247 27.461158 27.020326 26.634614 26.297666 26.002991 25.744001 25.514043 25.306385 25.114174 24.930369 24.747631 24.558191 24.353671 24.124875 23.861542 23.552057 23.183121 22.739385 22.203070 21.553582 20.767207 19.816971 18.672867 17.302738 15.674264 13.758609 11.536308 9.005588 6.192181 3.157565 0.000000 
50.000000 48.478994 46.968979 45.480707 44.024461 42.609842 41.245575 39.939357 38.697725 37.525972 36.428099 35.406801 34.463496 33.598380 32.810513 32.097925 31.457740 30.886301 30.379309 29.931950 29.539011 29.194990 28.894179 28.630730 28.398695 28.192036 28.004610 27.830124 27.662056 27.493541 27.317223 27.125069 26.908127 26.656249 26.357734 25.998923 25.563700 25.032919 24.383759 23.589031 22.616548 21.428711 19.982705 18.231910 16.129554 13.635986 10.730947 7.430988 3.808279 0.000000 
50.000000 48.676271 47.362107 46.066865 44.799496 43.568352 42.381030 41.244225 40.163628 39.143843 38.188350 37.299495 36.478508 35.725558 35.039821 34.419578 33.862318 33.364849 32.923415 32.533809 32.191470 31.891580 31.629130 31.398977 31.195872 31.014469 30.849300 30.694728 30.544865 30.393456 30.233728 30.058191 29.858389 29.624585 29.345374 29.007185 28.593669 28.084932 27.456585 26.678591 25.713945 24.517270 23.033691 21.198659 18.940231 16.186329 12.880849 9.012401 4.654525 0.000000 
50.000000 48.882428 47.772931 46.679409 45.609418 44.570011 43.567600 42.607837 41.695526 40.834554 40.027858 39.277417 38.584268 37.948551 37.369568 36.845863 36.375310 35.955207 35.582373 35.253242 34.963947 34.710395 34.488327 34.293360 34.121009 33.966689 33.825690 33.693127 33.563864 33.432400 33.292720 33.138100 32.960858 32.752029 32.500949 32.194718 31.817492 31.349548 30.766058 30.035450 29.117286 27.959559 26.495501 24.640394 22.289877 19.323392 15.620277 11.101045 5.806353 0.000000 
50.000000 49.096275 48.199080 47.314803 46.449554 45.609036 44.798434 44.022319 43.284574 42.588344 41.936002 41.329147 40.768616 40.254523 39.786299 39.362764 38.982196 38.642405 38.340810 38.074520 37.840394 37.635107 37.455192 37.297078 37.157100 37.031499 36.916400 36.807765 36.701323 36.592465 36.476112 36.346534 36.197117 36.020049 35.805920 35.543176 35.217378 34.810187 34.297946 33.649669 32.824178 31.766027 30.399761 28.622201 26.293152 23.227507 19.198818 13.980567 7.477574 0.000000 
50.000000 49.316471 48.637882 47.969062 47.314635 46.678912 46.065816 45.478803 44.920811 44.394217 43.900816 43.441817 43.017853 42.629008 42.274851 41.954489 41.666615 41.409569 41.181397 40.979906 40.802712 40.647291 40.511007 40.391142 40.284900 40.189407 40.101692 40.018645 39.936960 39.853053 39.762946 39.662116 39.545300 39.406225 39.237251 39.028881 38.769077 38.442286 38.028014 37.498712 36.816543 35.928358 34.757743 33.192367 31.064112 28.119783 23.985906 18.157555 10.129762 0.000000 
50.000000 49.541549 49.086410 48.637824 48.198891 47.772503 47.361291 46.967574 46.593320 46.240125 45.909193 45.601333 45.316971 45.056161 44.818615 44.603732 44.410635 44.238209 44.085141 43.949957 43.831055 43.726737 43.635229 43.554697 43.483257 43.418965 43.359808 43.303671 43.248301 43.191243 43.129758 43.060719 42.980461 42.884586 42.767695 42.623016 42.441869 42.212891 41.920863 41.544894 41.055512 40.409816 39.543098 38.353748 36.675042 34.220911 30.482057 24.543766 14.888825 0.000000 
50.000000 49.769938 49.541537 49.316426 49.096158 48.882186 48.675829 48.478252 48.290442 48.113199 47.947128 47.792635 47.649934 47.519051 47.399842 47.292005 47.195099 47.108564 47.031742 46.963890 46.904205 46.851833 46.805881 46.765426 46.729520 46.697182 46.667395 46.639090 46.611125 46.582250 46.551072 46.515990 46.475121 46.426200 46.366428 46.292276 46.199191 46.081160 45.930045 45.734523 45.478329 45.137193 44.673206 44.023711 43.077606 41.619861 39.187545 34.653265 24.885102 0.000000 
50.000000 50.000000 50.000000 50.000000 50.000000 50.000000 50.000000 50.000000 50.000000 50.000000 50.000000 50.000000 50.000000 50.000000 50.000000 50.000000 50.000000 50.000000 50.000000 50.000000 50.000000 50.000000 50.000000 50.000000 50.000000 50.000000 50.000000 50.000000 50.000000 50.000000 50.000000 50.000000 50.000000 50.000000 50.000000 50.000000 50.000000 50.000000 50.000000 50.000000 50.000000 50.000000 50.000000 50.000000 50.000000 50.000000 50.000000 50.000000 50.000000 50.000000 
