50.000000 50.000000 50.000000 50.000000 50.000000 50.000000 50.000000 50.000000 50.000000 50.000000 50.000000 50.000000 50.000000 50.000000 50.000000 50.000000 50.000000 50.000000 50.000000 50.000000 50.000000 50.000000 50.000000 50.000000 50.000000 50.000000 50.000000 50.000000 50.000000 50.000000 50.000000 50.000000 50.000000 50.000000 50.000000 50.000000 50.000000 50.000000 50.000000 50.000000 50.000000 50.000000 50.000000 50.000000 50.000000 50.000000 50.000000 50.000000 50.000000 50.000000 
50.000000 49.781269 49.564041 49.349787 49.139917 48.935752 48.738500 48.549231 48.368864 48.198154 48.037682 47.887855 47.748907 47.620905 47.503759 47.397233 47.300963 47.214470 47.137174 47.068415 47.007465 46.953539 46.905806 46.863396 46.825399 46.790867 46.758805 46.728154 46.697777 46.666419 46.632676 46.594931 46.551286 46.499451 46.436608 46.359208 46.262678 46.140990 45.985994 45.786360 45.525820 45.180106 44.711319 44.056814 43.105508 41.642396 39.204573 34.664678 24.890827 0.000000 
50.000000 49.564056 49.131106 48.704084 48.285800 47.878886 47.485750 47.108525 46.749044 46.408809 46.088980 45.790367 45.513439 45.258327 45.024853 44.812549 44.620689 44.448316 44.294282 44.157270 44.035831 43.928404 43.833337 43.748901 43.673291 43.604627 43.540938 43.480134 43.419966 43.357972 43.291392 43.217068 43.131298 43.029644 42.906664 42.755546 42.567573 42.331351 42.031635 41.647522 41.149534 40.494774 39.618551 38.419282 36.730279 34.265523 30.515767 24.566361 14.900159 0.000000 
50.000000 49.349846 48.704159 48.067311 47.443496 46.836639 46.250328 45.687748 45.151631 44.644218 44.167239 43.721904 43.308908 42.928454 42.580274 42.263671 41.977565 41.720532 41.490861 41.286596 41.105579 40.945490 40.803877 40.678172 40.565704 40.463693 40.369228 40.279237 40.190422 40.099186 40.001520 39.892859 39.767881 39.620255 39.442278 39.224392 38.954506 38.617018 38.191399 37.650079 36.955211 36.053655 34.869020 33.289013 31.145573 28.185572 24.035617 18.190874 10.146475 0.000000 
50.000000 49.140069 48.286046 47.443714 46.618620 45.815957 45.040470 44.296372 43.587276 42.916148 42.285275 41.696259 41.150023 40.646832 40.186336 39.767617 39.389247 39.049350 38.745668 38.475620 38.236365 38.024848 37.837842 37.671977 37.523752 37.389531 37.265521 37.147732 37.031903 36.913411 36.787136 36.647291 36.487186 36.298932 36.073037 35.797867 35.458910 35.037767 34.510733 33.846791 33.004754 31.929184 30.544657 28.748043 26.399219 23.313167 19.263543 14.023949 7.499336 0.000000 
50.000000 48.936066 47.879442 46.837283 45.816452 44.823373 43.863919 42.943301 42.065991 41.235658 40.455133 39.726401 39.050602 38.428070 37.858372 37.340379 36.872327 36.451903 36.076322 35.742404 35.446651 35.185302 34.954396 34.749797 34.567224 34.402241 34.250242 34.106399 33.965594 33.822303 33.670465 33.503283 33.312986 33.090511 32.825095 32.503739 32.110510 31.625610 31.024151 30.274525 29.336280 28.157418 26.671206 24.792989 22.418489 19.427256 15.698757 11.153646 5.832738 0.000000 
50.000000 48.739071 47.486804 46.251683 45.041837 43.864885 42.727784 41.636712 40.596968 39.612904 38.687876 37.824235 37.023339 36.285583 35.610462 34.996640 34.442035 33.943917 33.498996 33.103523 32.753370 32.444115 32.171098 31.929470 31.714222 31.520186 31.342015 31.174142 31.010697 30.845404 30.671432 30.481207 30.266169 30.016468 29.720579 29.364815 28.932725 28.404325 27.755154 26.955134 25.967238 24.746104 23.236892 21.375126 19.088957 16.306435 12.971598 9.073225 4.685035 0.000000 
50.000000 48.550186 47.110332 45.690193 44.299116 42.945861 41.638429 40.383923 39.188439 38.056978 36.993403 36.000421 35.079593 34.231380 33.455205 32.749540 32.112001 31.539461 31.028155 30.573793 30.171660 29.816706 29.503624 29.226904 28.980870 28.759689 28.557360 28.367668 28.184114 27.999808 27.807332 27.598554 27.364407 27.094610 26.777331 26.398777 25.942714 25.389894 24.717414 23.898035 22.899547 21.684360 20.209703 18.429032 16.295683 13.770141 10.832309 7.498923 3.842356 0.000000 
50.000000 48.370371 46.751937 45.155664 43.592060 42.070968 40.601386 39.191297 37.847554 36.575780 35.380321 34.264220 33.229236 32.275893 31.403549 30.610494 29.894063 29.250754 28.676357 28.166076 27.714647 27.316439 26.965547 26.655856 26.381085 26.134811 25.910459 25.701266 25.500217 25.299948 25.092618 24.869743 24.621998 24.338978 24.008916 23.618369 23.151855 22.591479 21.916559 21.103320 20.124762 18.950886 17.549581 15.888606 13.939240 11.682168 9.115792 6.266041 3.194613 0.000000 
50.000000 48.200430 46.413223 44.650489 42.923831 41.244121 39.621294 38.064169 36.580313 35.175938 33.855845 32.623399 31.480546 30.427870 29.464671 28.589071 27.798141 27.088032 26.454118 25.891136 25.393313 24.954484 24.568198 24.227790 23.926442 23.657210 23.413026 23.186674 22.970730 22.757483 22.538817 22.306073 22.049875 21.759937 21.424845 21.031820 20.566481 20.012629 19.352086 18.564659 17.628324 16.519789 15.215631 13.694286 11.939120 9.942744 7.712289 5.274698 2.680017 0.000000 
50.000000 48.041008 46.095475 44.176583 42.296965 40.468457 38.701873 37.006816 35.391524 33.862763 32.425761 31.084183 29.840157 28.694322 27.645925 26.692936 25.832179 25.059488 24.369853 23.757579 23.216428 22.739750 22.320596 21.951813 21.626106 21.336079 21.074250 20.833034 20.604697 20.381290 20.154550 19.915786 19.655733 19.364406 19.030935 18.643405 18.188718 17.652498 17.019084 16.271659 15.392611 14.364211 13.169758 11.795303 10.232028 8.479222 6.547514 4.461609 2.261375 0.000000 
50.000000 47.892591 45.799661 43.735392 41.713373 39.746339 37.845924 36.022459 34.284809 32.640255 31.094422 29.651260 28.313061 27.080522 25.952843 24.927851 24.002150 23.171277 22.429875 21.771856 21.190558 20.678892 20.229467 19.834692 19.486856 19.178179 18.900833 18.646942 18.408547 18.177554 17.945655 17.704236 17.444263 17.156172 16.829753 16.454051 16.017305 15.506939 14.909647 14.211615 13.398946 12.458339 11.378102 10.149539 8.768704 7.238378 5.569997 3.785004 1.914982 0.000000 
50.000000 47.755510 45.526443 43.327900 41.174359 39.079381 37.055359 35.113297 33.262640 31.511142 29.864801 28.327827 26.902666 25.590069 24.389195 23.297744 22.312117 21.427585 20.638474 19.938341 19.320142 18.776397 18.299319 17.880936 17.513177 17.187933 16.897099 16.632571 16.386237 16.149933 15.915386 15.674135 15.417457 15.136275 14.821094 14.461940 14.048352 13.569430 13.013969 12.370722 11.628812 10.778352 9.811281 8.722433 7.510777 6.180709 4.743170 3.216259 1.625001 0.000000 
50.000000 47.629954 45.276193 42.954666 40.680659 38.468494 36.331259 34.280574 32.326413 30.476969 28.738578 27.115689 25.610893 24.224992 22.957106 21.804824 20.764363 19.830756 18.998043 18.259463 17.607634 17.034725 16.532602 16.092961 15.707422 15.367605 15.065176 14.791866 14.539465 14.299797 14.064676 13.825853 13.574953 13.303420 13.002472 12.663082 12.275998 11.831821 11.321159 10.734885 10.064520 9.302747 8.444084 7.485670 6.428132 5.276408 4.040375 2.735083 1.380409 0.000000 
50.000000 47.515979 45.049027 42.615860 40.232500 37.913959 35.673955 33.524669 31.476556 29.538206 27.716263 26.015396 24.438326 22.985901 21.657214 20.449749 19.359562 18.381473 17.509269 16.735904 16.053697 15.454510 14.929907 14.471296 14.070036 13.717521 13.405239 13.124798 12.867938 12.626512 12.392458 12.157766 11.914426 11.654398 11.369586 11.051839 10.692989 10.284940 9.819823 9.290231 8.689541 8.012345 7.254950 6.415963 5.496874 4.502573 3.441692 2.326643 1.173261 0.000000 
50.000000 47.413530 44.844834 42.311318 39.829665 37.415507 35.083128 32.845215 30.712655 28.694395 26.797357 25.026407 23.384385 21.872184 20.488868 19.231834 18.096994 17.078981 16.171357 15.366828 14.657449 14.034814 13.490228 13.014851 12.599823 12.236354 11.915792 11.629663 11.369685 11.127770 10.896004 10.666621 10.431975 10.184516 9.916780 9.621403 9.291162 8.919068 8.498506 8.023433 7.488652 6.890139 6.225431 5.494029 4.697801 3.841290 2.931890 1.979791 0.997655 0.000000 
50.000000 47.322460 44.663320 42.040599 39.471570 36.972415 34.557923 32.241227 30.033602 27.944312 25.980526 24.147285 22.447537 20.882213 19.450358 18.149289 16.974795 15.921343 14.982299 14.150155 13.416736 12.773407 12.211247 11.721209 11.294250 10.921431 10.593994 10.303407 10.041396 9.799946 9.571297 9.347926 9.122528 8.888006 8.637462 8.364218 8.061862 7.724324 7.346003 6.921928 6.447974 5.921118 5.339716 4.703794 4.015304 3.278314 2.499080 1.685949 0.849087 0.000000 
50.000000 47.242549 44.504047 41.803052 39.157354 36.583617 34.097074 31.711251 29.437762 27.286148 25.263797 23.375905 21.625514 20.013591 18.539162 17.199478 15.990221 14.905714 13.939158 13.082856 12.328439 11.667073 11.089649 10.586947 10.149773 9.769067 9.435991 9.141980 8.878779 8.638455 8.413401 8.196323 7.980228 7.758420 7.524498 7.272372 6.996306 6.690985 6.351615 5.974054 5.554980 5.092077 4.584242 4.031780 3.436569 2.802166 2.133824 1.438386 0.724049 0.000000 
50.000000 47.173528 44.366481 41.597880 38.885962 36.247809 33.699035 31.253508 28.923132 26.717693 24.644763 22.709674 20.915550 19.263390 17.752203 16.379188 15.139931 14.028638 13.038364 12.161255 11.388778 10.711932 10.121451 9.607971 9.162173 8.774905 8.437269 8.140681 7.876915 7.638122 7.416835 7.205968 6.998807 6.789003 6.570578 6.337936 6.085898 5.809753 5.505345 5.169165 4.798481 4.391479 3.947397 3.466668 2.951015 2.403508 1.828544 1.231746 0.619767 0.000000 
50.000000 47.115105 44.250035 41.424209 38.656237 35.963559 33.362110 30.866046 28.487520 26.236520 24.120780 22.145746 20.314610 18.628398 17.086110 15.684895 14.420265 13.286324 12.276009 11.381334 10.593628 9.903755 9.302318 8.779835 8.326891 7.934259 7.592997 7.294513 7.030615 6.793530 6.575921 6.370882 6.171938 5.973035 5.768546 5.553279 5.322503 5.071989 4.798070 4.497718 4.168632 3.809341 3.419299 2.998973 2.549903 2.074721 1.577115 1.061735 0.534024 0.000000 
50.000000 47.066979 44.154116 41.281151 38.467007 35.729415 33.084576 30.546885 28.128696 25.840169 23.689168 21.681233 19.819613 18.105358 16.537459 15.113027 13.827511 12.674934 11.648136 10.739024 9.938817 9.238268 8.627875 8.098064 7.639343 7.242428 6.898346 6.598505 6.334742 6.099357 5.885120 5.685280 5.493558 5.304142 5.111690 4.911332 4.698690 4.469906 4.221686 3.951357 3.656929 3.337164 2.991645 2.620826 2.226064 1.809617 1.374604 0.924911 0.465055 0.000000 
50.000000 47.028870 44.078159 41.167866 38.317159 35.543999 32.864802 30.294147 27.844551 25.526308 23.347386 21.313399 19.427643 17.691186 16.103010 14.660200 13.358156 12.190834 11.151001 10.230479 9.420400 8.711433 8.093996 7.558440 7.095217 6.695001 6.348797 6.048014 5.784520 5.550671 5.339328 5.143862 4.958152 4.776575 4.594010 4.405835 4.207940 3.996745 3.769234 3.522987 3.256232 2.967890 2.657613 2.325821 1.973711 1.603240 1.217085 0.818552 0.411462 0.000000 
50.000000 47.000526 44.021667 41.083612 38.205712 35.406100 32.701349 30.106178 27.633225 25.292882 23.093194 21.039833 19.136128 17.383161 15.779909 14.323435 13.009104 11.830824 10.781306 9.852312 9.034909 8.319703 7.697052 7.157260 6.690731 6.288113 5.940395 5.638991 5.375790 5.143195 4.934134 4.742071 4.561000 4.385440 4.210430 4.031530 3.844821 3.646922 3.435009 3.206839 2.960788 2.695875 2.411791 2.108918 1.788323 1.451741 1.101523 0.740558 0.372173 0.000000 
50.000000 46.981748 43.984241 41.027792 38.131877 35.314741 32.593060 29.981647 27.493219 25.138234 22.924790 20.858594 18.942999 17.179094 15.565857 14.100333 12.777863 11.592328 10.536398 9.601797 8.779550 8.060221 7.434131 6.891547 6.422850 6.018666 5.669976 5.368198 5.105237 4.873525 4.666038 4.476299 4.298381 4.126895 3.956986 3.784330 3.605133 3.416141 3.214651 2.998534 2.766253 2.516886 2.250144 1.966377 1.666565 1.352291 1.025694 0.689397 0.346407 0.000000 
50.000000 46.972396 43.965600 40.999990 38.095102 35.269237 32.539124 29.919621 27.423486 25.061209 22.840913 20.768324 18.846807 17.077455 15.459244 13.989213 12.662692 11.473543 10.414422 9.477030 8.652373 7.930994 7.303194 6.759225 6.289454 5.884497 5.535333 5.233380 4.970551 4.739296 4.532611 4.344051 4.167727 3.998296 3.830956 3.661439 3.486013 3.301486 3.105215 2.895122 2.669715 2.428098 2.169990 1.895723 1.606232 1.303027 0.988142 0.664066 0.333650 0.000000 
50.000000 46.972396 43.965600 40.999990 38.095102 35.269237 32.539124 29.919621 27.423486 25.061209 22.840913 20.768324 18.846807 17.077455 15.459244 13.989213 12.662692 11.473543 10.414422 9.477030 8.652373 7.930994 7.303194 6.759225 6.289454 5.884497 5.535333 5.233380 4.970551 4.739296 4.532611 4.344051 4.167727 3.998296 3.830956 3.661439 3.486013 3.301486 3.105215 2.895122 2.669715 2.428098 2.169990 1.895723 1.606232 1.303027 0.988142 0.664066 0.333650 0.000000 
50.000000 46.981748 43.984241 41.027792 38.131877 35.314741 32.593060 29.981647 27.493219 25.138234 22.924790 20.858594 18.942999 17.179094 15.565857 14.100333 12.777863 11.592328 10.536398 9.601797 8.779550 8.060221 7.434131 6.891547 6.422850 6.018666 5.669976 5.368198 5.105237 4.873525 4.666038 4.476299 4.298381 4.126895 3.956986 3.784330 3.605133 3.416141 3.214651 2.998534 2.766253 2.516886 2.250144 1.966377 1.666565 1.352291 1.025694 0.689397 0.346407 0.000000 
50.000000 47.000526 44.021667 41.083612 38.205712 35.406100 32.701349 30.106178 27.633225 25.292882 23.093194 21.039833 19.136128 17.383161 15.779909 14.323435 13.009104 11.830824 10.781306 9.852312 9.034909 8.319703 7.697052 7.157260 6.690731 6.288113 5.940395 5.638991 5.375790 5.143195 4.934134 4.742071 4.561000 4.385440 4.210430 4.031530 3.844821 3.646922 3.435009 3.206839 2.960788 2.695875 2.411791 2.108918 1.788323 1.451741 1.101523 0.740558 0.372173 0.000000 
50.000000 47.028870 44.078159 41.167866 38.317159 35.543999 32.864802 30.294147 27.844551 25.526308 23.347386 21.313399 19.427643 17.691186 16.103010 14.660200 13.358156 12.190834 11.151001 10.230479 9.420400 8.711433 8.093996 7.558440 7.095217 6.695001 6.348797 6.048014 5.784520 5.550671 5.339328 5.143862 4.958152 4.776575 4.594010 4.405835 4.207940 3.996745 3.769234 3.522987 3.256232 2.967890 2.657613 2.325821 1.973711 1.603240 1.217085 0.818552 0.411462 0.000000 
50.000000 47.066979 44.154116 41.281151 38.467007 35.729415 33.084576 30.546885 28.128696 25.840169 23.689168 21.681233 19.819613 18.105358 16.537459 15.113027 13.827511 12.674934 11.648136 10.739024 9.938817 9.238268 8.627875 8.098064 7.639343 7.242428 6.898346 6.598505 6.334742 6.099357 5.885120 5.685280 5.493558 5.304142 5.111690 4.911332 4.698690 4.469906 4.221686 3.951357 3.656929 3.337164 2.991645 2.620826 2.226064 1.809617 1.374604 0.924911 0.465055 0.000000 
50.000000 47.115105 44.250035 41.424209 38.656237 35.963559 33.362110 30.866046 28.487520 26.236520 24.120780 22.145746 20.314610 18.628398 17.086110 15.684895 14.420265 13.286324 12.276009 11.381334 10.593628 9.903755 9.302318 8.779835 8.326891 7.934259 7.592997 7.294513 7.030615 6.793530 6.575921 6.370882 6.171938 5.973035 5.768546 5.553279 5.322503 5.071989 4.798070 4.497718 4.168632 3.809341 3.419299 2.998973 2.549903 2.074721 1.577115 1.061735 0.534024 0.000000 
50.000000 47.173528 44.366481 41.597880 38.885962 36.247809 33.699035 31.253508 28.923132 26.717693 24.644763 22.709674 20.915550 19.263390 17.752203 16.379188 15.139931 14.028638 13.038364 12.161255 11.388778 10.711932 10.121451 9.607971 9.162173 8.774905 8.437269 8.140681 7.876915 7.638122 7.416835 7.205968 6.998807 6.789003 6.570578 6.337936 6.085898 5.809753 5.505345 5.169165 4.798481 4.391479 3.947397 3.466668 2.951015 2.403508 1.828544 1.231746 0.619767 0.000000 
50.000000 47.242549 44.504047 41.803052 39.157354 36.583617 34.097074 31.711251 29.437762 27.286148 25.263797 23.375905 21.625514 20.013591 18.539162 17.199478 15.990221 14.905714 13.939158 13.082856 12.328439 11.667073 11.089649 10.586947 10.149773 9.769067 9.435991 9.141980 8.878779 8.638455 8.413401 8.196323 7.980228 7.758420 7.524498 7.272372 6.996306 6.690985 6.351615 5.974054 5.554980 5.092077 4.584242 4.031780 3.436569 2.802166 2.133824 1.438386 0.724049 0.000000 
50.000000 47.322460 44.663320 42.040599 39.471570 36.972415 34.557923 32.241227 30.033602 27.944312 25.980526 24.147285 22.447537 20.882213 19.450358 18.149289 16.974795 15.921343 14.982299 14.150155 13.416736 12.773407 12.211247 11.721209 11.294250 10.921431 10.593994 10.303407 10.041396 9.799946 9.571297 9.347926 9.122528 8.888006 8.637462 8.364218 8.061862 7.724324 7.346003 6.921928 6.447974 5.921118 5.339716 4.703794 4.015304 3.278314 2.499080 1.685949 0.849087 0.000000 
50.000000 47.413530 44.844834 42.311318 39.829665 37.415507 35.083128 32.845215 30.712655 28.694395 26.797357 25.026407 23.384385 21.872184 20.488868 19.231834 18.096994 17.078981 16.171357 15.366828 14.657449 14.034814 13.490228 13.014851 12.599823 12.236354 11.915792 11.629663 11.369685 11.127770 10.896004 10.666621 10.431975 10.184516 9.916780 9.621403 9.291162 8.919068 8.498506 8.023433 7.488652 6.890139 6.225431 5.494029 4.697801 3.841290 2.931890 1.979791 0.997655 0.000000 
50.000000 47.515979 45.049027 42.615860 40.232500 37.913959 35.673955 33.524669 31.476556 29.538206 27.716263 26.015396 24.438326 22.985901 21.657214 20.449749 19.359562 18.381473 17.509269 16.735904 16.053697 15.454510 14.929907 14.471296 14.070036 13.717521 13.405239 13.124798 12.867938 12.626512 12.392458 12.157766 11.914426 11.654398 11.369586 11.051839 10.692989 10.284940 9.819823 9.290231 8.689541 8.012345 7.254950 6.415963 5.496874 4.502573 3.441692 2.326643 1.173261 0.000000 
50.000000 47.629954 45.276193 42.954666 40.680659 38.468494 36.331259 34.280574 32.326413 30.476969 28.738578 27.115689 25.610893 24.224992 22.957106 21.804824 20.764363 19.830756 18.998043 18.259463 17.607634 17.034725 16.532602 16.092961 15.707422 15.367605 15.065176 14.791866 14.539465 14.299797 14.064676 13.825853 13.574953 13.303420 13.002472 12.663082 12.275998 11.831821 11.321159 10.734885 10.064520 9.302747 8.444084 7.485670 6.428132 5.276408 4.040375 2.735083 1.380409 0.000000 
50.000000 47.755510 45.526443 43.327900 41.174359 39.079381 37.055359 35.113297 33.262640 31.511142 29.864801 28.327827 26.902666 25.590069 24.389195 23.297744 22.312117 21.427585 20.638474 19.938341 19.320142 18.776397 18.299319 17.880936 17.513177 17.187933 16.897099 16.632571 16.386237 16.149933 15.915386 15.674135 15.417457 15.136275 14.821094 14.461940 14.048352 13.569430 13.013969 12.370722 11.628812 10.778352 9.811281 8.722433 7.510777 6.180709 4.743170 3.216259 1.625001 0.000000 
50.000000 47.892591 45.799661 43.735392 41.713373 39.746339 37.845924 36.022459 34.284809 32.640255 31.094422 29.651260 28.313061 27.080522 25.952843 24.927851 24.002150 23.171277 22.429875 21.771856 21.190558 20.678892 20.229467 19.834692 19.486856 19.178179 18.900833 18.646942 18.408547 18.177554 17.945655 17.704236 17.444263 17.156172 16.829753 16.454051 16.017305 15.506939 14.909647 14.211615 13.398946 12.458339 11.378102 10.149539 8.768704 7.238378 5.569997 3.785004 1.914982 0.000000 
50.000000 48.041008 46.095475 44.176583 42.296965 40.468457 38.701873 37.006816 35.391524 33.862763 32.425761 31.084183 29.840157 28.694322 27.645925 26.692936 25.832179 25.059488 24.369853 23.757579 23.216428 22.739750 22.320596 21.951813 21.626106 21.336079 21.074250 20.833034 20.604697 20.381290 20.154550 19.915786 19.655733 19.364406 19.030935 18.643405 18.188718 17.652498 17.019084 16.271659 15.392611 14.364211 13.169758 11.795303 10.232028 8.479222 6.547514 4.461609 2.261375 0.000000 
50.000000 48.200430 46.413223 44.650489 42.923831 41.244121 39.621294 38.064169 36.580313 35.175938 33.855845 32.623399 31.480546 30.427870 29.464671 28.589071 27.798141 27.088032 26.454118 25.891136 25.393313 24.954484 24.568198 24.227790 23.926442 23.657210 23.413026 23.186674 22.970730 22.757483 22.538817 22.306073 22.049875 21.759937 21.424845 21.031820 20.566481 20.012629 19.352086 18.564659 17.628324 16.519789 15.215631 13.694286 11.939120 9.942744 7.712289 5.274698 2.680017 0.000000 
50.000000 48.370371 46.751937 45.155664 43.592060 42.070968 40.601386 39.191297 37.847554 36.575780 35.380321 34.264220 33.229236 32.275893 31.403549 30.610494 29.894063 29.250754 28.676357 28.166076 27.714647 27.316439 26.965547 26.655856 26.381085 26.134811 25.910459 25.701266 25.500217 25.299948 25.092618 24.869743 24.621998 24.338978 24.008916 23.618369 23.151855 22.591479 21.916559 21.103320 20.124762 18.950886 17.549581 15.888606 13.939240 11.682168 9.115792 6.266041 3.194613 0.000000 
50.000000 48.550186 47.110332 45.690193 44.299116 42.945861 41.638429 40.383923 39.188439 38.056978 36.993403 36.000421 35.079593 34.231380 33.455205 32.749540 32.112001 31.539461 31.028155 30.573793 30.171660 29.816706 29.503624 29.226904 28.980870 28.759689 28.557360 28.367668 28.184114 27.999808 27.807332 27.598554 27.364407 27.094610 26.777331 26.398777 25.942714 25.389894 24.717414 23.898035 22.899547 21.684360 20.209703 18.429032 16.295683 13.770141 10.832309 7.498923 3.842356 0.000000 
50.000000 48.739071 47.486804 46.251683 45.041837 43.864885 42.727784 41.636712 40.596968 39.612904 38.687876 37.824235 37.023339 36.285583 35.610462 34.996640 34.442035 33.943917 33.498996 33.103523 32.753370 32.444115 32.171098 31.929470 31.714222 31.520186 31.342015 31.174142 31.010697 30.845404 30.671432 30.481207 30.266169 30.016468 29.720579 29.364815 28.932725 28.404325 27.755154 26.955134 25.967238 24.746104 23.236892 21.375126 19.088957 16.306435 12.971598 9.073225 4.685035 0.000000 
50.000000 48.936066 47.879442 46.837283 45.816452 44.823373 43.863919 42.943301 42.065991 41.235658 40.455133 39.726401 39.050602 38.428070 37.858372 37.340379 36.872327 36.451903 36.076322 35.742404 35.446651 35.185302 34.954396 34.749797 34.567224 34.402241 34.250242 34.106399 33.965594 33.822303 33.670465 33.503283 33.312986 33.090511 32.825095 32.503739 32.110510 31.625610 31.024151 30.274525 29.336280 28.157418 26.671206 24.792989 22.418489 19.427256 15.698757 11.153646 5.832738 0.000000 
50.000000 49.140069 48.286046 47.443714 46.618620 45.815957 45.040470 44.296372 43.587276 42.916148 42.285275 41.696259 41.150023 40.646832 40.186336 39.767617 39.389247 39.049350 38.745668 38.475620 38.236365 38.024848 37.837842 37.671977 37.523752 37.389531 37.265521 37.147732 37.031903 36.913411 36.787136 36.647291 36.487186 36.298932 36.073037 35.797867 35.458910 35.037767 34.510733 33.846791 33.004754 31.929184 30.544657 28.748043 26.399219 23.313167 19.263543 14.023949 7.499336 0.000000 
50.000000 49.349846 48.704159 48.067311 47.443496 46.836639 46.250328 45.687748 45.151631 44.644218 44.167239 43.721904 43.308908 42.928454 42.580274 42.263671 41.977565 41.720532 41.490861 41.286596 41.105579 40.945490 40.803877 40.678172 40.565704 40.463693 40.369228 40.279237 40.190422 40.099186 40.001520 39.892859 39.767881 39.620255 39.442278 39.224392 38.954506 38.617018 38.191399 37.650079 36.955211 36.053655 34.869020 33.289013 31.145573 28.185572 24.035617 18.190874 10.146475 0.000000 
50.000000 49.564056 49.131106 48.704084 48.285800 47.878886 47.485750 47.108525 46.749044 46.408809 46.088980 45.790367 45.513439 45.258327 45.024853 44.812549 44.620689 44.448316 44.294282 44.157270 44.035831 43.928404 43.833337 43.748901 43.673291 43.604627 43.540938 43.480134 43.419966 43.357972 43.291392 43.217068 43.131298 43.029644 42.906664 42.755546 42.567573 42.331351 42.031635 41.647522 41.149534 40.494774 39.618551 38.419282 36.730279 34.265523 30.515767 24.566361 14.900159 0.000000 
50.000000 49.781269 49.564041 49.349787 49.139917 48.935752 48.738500 48.549231 48.368864 48.198154 48.037682 47.887855 47.748907 47.620905 47.503759 47.397233 47.300963 47.214470 47.137174 47.068415 47.007465 46.953539 46.905806 46.863396 46.825399 46.790867 46.758805 46.728154 46.697777 46.666419 46.632676 46.594931 46.551286 46.499451 46.436608 46.359208 46.262678 46.140990 45.985994 45.786360 45.525820 45.180106 44.711319 44.056814 43.105508 41.642396 39.204573 34.664678 24.890827 0.000000 
50.000000 50.000000 50.000000 50.000000 50.000000 50.000000 50.000000 50.000000 50.000000 50.000000 50.000000 50.000000 50.000000 50.000000 50.000000 50.000000 50.000000 50.000000 50.000000 50.000000 50.000000 50.000000 50.000000 50.000000 50.000000 50.000000 50.000000 50.000000 50.000000 50.000000 50.000000 50.000000 50.000000 50.000000 50.000000 50.000000 50.000000 50.000000 50.000000 50.000000 50.000000 50.000000 50.000000 50.000000 50.000000 50.000000 50.000000 50.000000 50.000000 50.000000 
