50.000000 50.000000 50.000000 50.000000 50.000000 50.000000 50.000000 50.000000 50.000000 50.000000 50.000000 50.000000 50.000000 50.000000 50.000000 50.000000 50.000000 50.000000 50.000000 50.000000 50.000000 50.000000 50.000000 50.000000 50.000000 50.000000 50.000000 50.000000 50.000000 50.000000 50.000000 50.000000 50.000000 50.000000 50.000000 50.000000 50.000000 50.000000 50.000000 50.000000 50.000000 50.000000 50.000000 50.000000 50.000000 50.000000 50.000000 50.000000 50.000000 50.000000 
50.000000 49.738542 49.479231 49.224161 48.975323 48.734557 48.503513 48.283615 48.076041 47.881702 47.701242 47.535035 47.383199 47.245611 47.121933 47.011639 46.914044 46.828334 46.753599 46.688856 46.633081 46.585224 46.544226 46.509029 46.478583 46.451838 46.427737 46.405203 46.383103 46.360227 46.335227 46.306568 46.272437 46.230642 46.178459 46.112428 46.028059 45.919392 45.778329 45.593573 45.348868 45.019939 44.568852 43.932909 43.000949 41.557872 39.140657 34.621815 24.869319 0.000000 
50.000000 49.479236 48.962748 48.454708 47.959081 47.479531 47.019345 46.581359 46.167920 45.780843 45.421410 45.090365 44.787943 44.513902 44.267568 44.047893 43.853513 43.682808 43.533964 43.405030 43.293964 43.198677 43.117065 43.047026 42.986472 42.933323 42.885486 42.840827 42.797118 42.751972 42.702751 42.646453 42.579551 42.497795 42.395932 42.267330 42.103434 41.892984 41.620842 41.266168 40.799512 40.177957 39.336750 38.174199 36.523465 34.098337 30.389343 24.481578 14.857616 0.000000 
50.000000 49.224182 48.454735 47.697873 46.959504 46.245086 45.559515 44.907019 44.291090 43.714437 43.178966 42.685789 42.235255 41.827002 41.460030 41.132776 40.843210 40.588921 40.367210 40.175171 40.009768 39.867895 39.746426 39.642242 39.552246 39.473360 39.402495 39.336511 39.272140 39.205898 39.133956 39.051976 38.954901 38.836677 38.689880 38.505220 38.270844 37.971353 37.586374 37.088434 36.439727 35.587085 34.454026 32.928097 30.841016 27.939375 23.849448 18.066026 10.083828 0.000000 
50.000000 48.975377 47.959169 46.959582 45.984418 45.040888 44.135454 43.273704 42.460250 41.698667 40.991474 40.340140 39.745127 39.205958 38.721312 38.289129 37.906728 37.570928 37.278170 37.024622 36.806283 36.619062 36.458843 36.321529 36.203059 36.099402 36.006531 35.920365 35.836682 35.751005 35.658451 35.553530 35.429900 35.280035 35.094810 34.862940 34.570229 34.198544 33.724383 33.116862 32.334846 31.322865 30.005377 28.279049 26.003468 22.993255 19.021636 13.861722 7.417933 0.000000 
50.000000 48.734671 47.479733 46.245322 45.041071 43.875885 42.757747 41.693554 40.689004 39.748512 38.875190 38.070851 37.336067 36.670251 36.071773 35.538092 35.065901 34.651277 34.289830 33.976838 33.707372 33.476398 33.278856 33.109717 32.964007 32.836806 32.723215 32.618295 32.516972 32.413903 32.303312 32.178771 32.032930 31.857171 31.641183 31.372394 31.035257 30.610301 30.072890 29.391580 28.525986 27.424073 26.018970 24.225777 21.939871 19.040365 15.406206 10.957459 5.734295 0.000000 
50.000000 48.503723 47.019735 45.560020 44.135969 42.758115 41.435896 40.177470 38.989573 37.877428 36.844715 35.893579 35.024698 34.237380 33.529699 32.898655 32.340340 31.850125 31.422827 31.052875 30.734457 30.461643 30.228483 30.029072 29.857583 29.708275 29.575459 29.453429 29.336369 29.218211 29.092459 28.951967 28.788668 28.593235 28.354669 28.059787 27.692588 27.233473 26.658279 25.937122 25.033058 23.900688 22.485016 20.721288 18.537260 15.860481 12.634392 8.847093 4.571567 0.000000 
50.000000 48.283975 46.582043 44.907950 43.274759 41.694550 40.178148 38.734908 37.372557 36.097086 34.912715 33.821907 32.825439 31.922521 31.110948 30.387283 29.747052 29.184954 28.695057 28.270987 27.906103 27.593634 27.326794 27.098865 26.903238 26.733423 26.583022 26.445666 26.314908 26.184096 26.046186 25.893534 25.717630 25.508786 25.255765 24.945345 24.561807 24.086338 23.496377 22.764909 21.859823 20.743497 19.372990 17.701452 15.681787 13.273923 10.457104 7.247314 3.716105 0.000000 
50.000000 48.076623 46.169042 44.292664 42.462131 40.690983 38.991352 37.373726 35.846764 34.417183 33.089713 31.867117 30.750268 29.738283 28.828695 28.017657 27.300164 26.670283 26.121380 25.646333 25.237723 24.887998 24.589600 24.335064 24.117067 23.928451 23.762195 23.611359 23.468985 23.327966 23.180877 23.019771 22.835936 22.619624 22.359729 22.043436 21.655836 21.179519 20.594183 19.876308 18.999009 17.932261 16.643776 15.100990 13.274717 11.145046 8.709667 5.993702 3.057962 0.000000 
50.000000 47.882607 45.782604 43.716950 41.701768 39.751961 37.880887 36.100092 34.419108 32.845331 31.383970 30.038068 28.808589 27.694564 26.693282 25.800515 25.010761 24.317503 23.713453 23.190796 22.741394 22.356975 22.029275 21.750149 21.511633 21.305977 21.125621 20.963149 20.811198 20.662329 20.508879 20.342766 20.155281 19.936851 19.676775 19.362959 18.981646 18.517166 17.951758 17.265509 16.436532 15.441517 14.256864 12.860672 11.235824 9.374305 7.282498 4.986494 2.535407 0.000000 
50.000000 47.702605 45.424078 43.182821 40.996327 38.880766 36.850633 34.918455 33.094576 31.387022 29.801446 28.341150 27.007185 25.798502 24.712167 23.743597 22.886836 22.134825 21.479677 20.912936 20.425810 20.009367 19.654705 19.353065 19.095916 18.874987 18.682262 18.509937 18.350335 18.195797 18.038539 17.870484 17.683081 17.467103 17.212443 16.907920 16.541102 16.098182 15.563948 14.921895 14.154564 13.244220 12.173989 10.929583 9.501687 7.888951 6.101231 4.162354 2.111221 0.000000 
50.000000 47.537038 45.094304 42.691527 40.347459 38.079438 35.903003 33.831584 31.876272 30.045672 28.345846 26.780337 25.350273 24.054536 22.889984 21.851715 20.933353 20.127346 19.425259 18.818056 18.296347 17.850608 17.471359 17.149299 16.875394 16.640927 16.437497 16.256989 16.091498 15.933233 15.774385 15.606990 15.422761 15.212933 14.968102 14.678087 14.331832 13.917364 13.421857 12.831834 12.133574 11.313781 10.360600 9.265002 8.022539 6.635349 5.114087 3.479301 1.761596 0.000000 
50.000000 47.386085 44.793638 42.243598 39.755866 37.348843 35.039020 32.840652 30.765510 28.822728 27.018741 25.357311 23.839639 22.464543 21.228696 20.126902 19.152407 18.297213 17.552391 16.908378 16.355249 15.882949 15.481484 15.141073 14.852247 14.605907 14.393334 14.206170 14.036350 13.876022 13.717430 13.552790 13.374154 13.173280 12.941511 12.669683 12.348070 11.966409 11.514004 10.979963 10.353609 9.625077 8.786156 7.831355 6.759154 5.573305 4.283972 2.908360 1.470516 0.000000 
50.000000 47.249704 44.521997 41.838909 39.221382 36.688775 34.258442 31.945381 29.761979 27.717847 25.819757 24.071671 22.474856 21.028073 19.727827 18.568662 17.543482 16.643889 15.860511 15.183317 14.601903 14.105742 13.684389 13.327643 13.025660 12.769016 12.548736 12.356273 12.183463 12.022444 11.865564 11.705266 11.533979 11.344005 11.127433 10.876069 10.581428 10.234769 9.827235 9.350081 8.795042 8.154847 7.423878 6.598966 5.680264 4.672079 3.583524 2.428769 1.226721 0.000000 
50.000000 47.127660 44.278911 41.476762 38.743083 36.098094 33.559919 31.144223 28.863942 26.729116 24.746820 22.921192 21.253561 19.742637 18.384776 17.174288 16.103778 15.164490 14.346659 13.639838 13.033203 12.515812 12.076826 11.705679 11.392207 11.126716 10.900022 10.703440 10.528748 10.368116 10.214026 10.059175 9.896375 9.718465 9.518242 9.288411 9.021591 8.710370 8.347432 7.925773 7.439008 6.881790 6.250316 5.542902 4.760584 3.907645 2.991973 2.025122 1.021982 0.000000 
50.000000 47.019555 44.063590 41.155979 38.319416 35.574882 32.941184 30.434576 28.068484 25.853325 23.796443 21.902136 20.171783 18.604052 17.195169 15.939239 14.828599 13.854182 13.005876 12.272873 11.643978 11.107889 10.653425 10.269710 9.946308 9.673301 9.441339 9.241639 9.065950 8.906502 8.755929 8.607184 8.453457 8.288092 8.104534 7.896293 7.656953 7.380225 7.060065 6.690854 6.267651 5.786518 5.244897 4.642029 3.979350 3.260824 2.493130 1.685630 0.850072 0.000000 
50.000000 46.924870 43.874997 40.875015 37.948339 35.116617 32.399253 29.813021 27.371770 25.086253 22.964046 21.009588 19.224305 17.606826 16.153265 14.857548 13.711780 12.706622 11.831662 11.075777 10.427453 9.875078 9.407179 9.012616 8.680723 8.401402 8.165171 7.963176 7.787166 7.629443 7.482797 7.340433 7.195890 7.042975 6.875712 6.688312 6.475180 6.230964 5.950649 5.629704 5.264283 4.851464 4.389539 3.878294 3.319282 2.716021 2.074084 1.401029 0.706144 0.000000 
50.000000 46.842996 43.711922 40.632068 37.627472 34.720360 31.930652 29.275568 26.769330 24.422976 22.244286 20.237819 18.405043 16.744555 15.252369 13.922261 12.746135 11.714419 10.816443 10.040814 9.375747 8.809365 8.329948 7.926135 7.587070 7.302507 7.062864 6.859239 6.683392 6.527707 6.385126 6.249086 6.113445 5.972419 5.820536 5.652604 5.463716 5.249286 5.005120 4.727532 4.413493 4.060816 3.668353 3.236196 2.765854 2.260369 1.724350 1.163886 0.586337 0.000000 
50.000000 46.773278 43.573059 40.425191 37.354245 34.382936 31.531625 28.817914 26.256338 23.858181 21.631396 19.580645 17.707431 16.010323 14.485256 13.125873 11.923910 10.869597 9.952048 9.159640 8.480361 7.902112 7.412967 7.001380 6.656341 6.367487 6.125157 5.920418 5.745054 5.591525 5.452917 5.322876 5.195539 5.065476 4.927642 4.777345 4.610242 4.422364 4.210162 3.970599 3.701254 3.400457 3.067428 2.702413 2.306797 1.883167 1.435315 0.968150 0.487529 0.000000 
50.000000 46.715050 43.457080 40.252407 37.126044 34.101118 31.198357 28.435680 25.827886 23.386463 21.119511 19.031775 17.124790 15.397103 13.844578 12.460751 11.237220 10.164048 9.230170 8.423775 7.732662 7.144547 6.647337 6.229335 5.879410 5.587101 5.342691 5.137228 4.962521 4.811105 4.676193 4.551610 4.431734 4.311431 4.186010 4.051189 3.903079 3.738195 3.553493 3.346423 3.115012 2.857952 2.574698 2.265559 1.931765 1.575496 1.199872 0.808867 0.407173 0.000000 
50.000000 46.667667 43.362704 40.111806 36.940349 33.871792 30.927164 28.124643 25.479240 23.002612 20.702975 18.585145 16.650681 14.898113 13.323249 11.919537 10.678462 9.589955 8.642805 7.825047 7.124328 6.528218 6.024489 5.601325 5.247495 4.952468 4.706482 4.500576 4.326584 4.177108 4.045466 3.925637 3.812194 3.700247 3.585392 3.463668 3.331544 3.185912 3.024108 2.843949 2.643782 2.422551 2.179857 1.916020 1.632113 1.329975 1.012185 0.681992 0.343198 0.000000 
50.000000 46.630542 43.288759 40.001645 36.794857 33.692116 30.714685 27.880945 25.206077 22.701865 20.376620 18.235213 16.279221 14.507160 12.914796 11.495508 10.240693 9.140178 8.182637 7.355990 6.647761 6.045410 5.536602 5.109431 4.752590 4.455495 4.208352 4.002195 3.828881 3.681067 3.552159 3.436256 3.328088 3.222953 3.116669 3.005524 2.886258 2.756045 2.612502 2.453709 2.278243 2.085216 1.874320 1.645856 1.400761 1.140599 0.867535 0.584270 0.293941 0.000000 
50.000000 46.603171 43.234242 39.920426 36.687589 33.559645 30.558029 27.701273 25.004681 22.480133 20.136008 17.977218 16.005355 14.218924 12.613659 11.182891 9.917949 8.808584 7.843389 7.010194 6.296439 5.689500 5.176965 4.746861 4.387830 4.089246 3.841295 3.635008 3.462264 3.315759 3.188966 3.076075 2.971929 2.871969 2.772171 2.669006 2.559407 2.440749 2.310845 2.167959 2.010822 1.838657 1.651206 1.448748 1.232107 1.002646 0.762227 0.513157 0.258107 0.000000 
50.000000 46.585155 43.198357 39.866966 36.616982 33.472448 30.454914 27.583008 24.872116 22.334182 19.977631 17.807399 15.825089 14.029200 12.415445 10.977120 9.705513 8.590326 7.620095 6.782594 6.065207 5.455254 4.940273 4.508251 4.147791 3.848244 3.599783 3.393439 3.221102 3.075499 2.950145 2.839291 2.737857 2.641373 2.545924 2.448096 2.344946 2.233979 2.113134 1.980789 1.835769 1.677364 1.505344 1.319966 1.121980 0.912610 0.693525 0.466779 0.234741 0.000000 
50.000000 46.576217 43.180555 39.840444 36.581955 33.429191 30.403759 27.524337 24.806352 22.261778 19.899061 17.723154 15.735662 13.935081 12.317113 10.875040 9.600128 8.482053 7.509324 6.669689 5.950501 5.339054 4.822864 4.389892 4.028727 3.728708 3.480001 3.273636 3.101512 2.956368 2.831742 2.721915 2.621845 2.527108 2.433838 2.338682 2.238758 2.131632 2.015304 1.888208 1.749215 1.597644 1.433278 1.256362 1.067607 0.868171 0.659624 0.443897 0.223214 0.000000 
50.000000 46.576217 43.180555 39.840444 36.581955 33.429191 30.403759 27.524337 24.806352 22.261778 19.899061 17.723154 15.735662 13.935081 12.317113 10.875040 9.600128 8.482053 7.509324 6.669689 5.950501 5.339054 4.822864 4.389892 4.028727 3.728708 3.480001 3.273636 3.101512 2.956368 2.831742 2.721915 2.621845 2.527108 2.433838 2.338682 2.238758 2.131632 2.015304 1.888208 1.749215 1.597644 1.433278 1.256362 1.067607 0.868171 0.659624 0.443897 0.223214 0.000000 
50.000000 46.585155 43.198357 39.866966 36.616982 33.472448 30.454914 27.583008 24.872116 22.334182 19.977631 17.807399 15.825089 14.029200 12.415445 10.977120 9.705513 8.590326 7.620095 6.782594 6.065207 5.455254 4.940273 4.508251 4.147791 3.848244 3.599783 3.393439 3.221102 3.075499 2.950145 2.839291 2.737857 2.641373 2.545924 2.448096 2.344946 2.233979 2.113134 1.980789 1.835769 1.677364 1.505344 1.319966 1.121980 0.912610 0.693525 0.466779 0.234741 0.000000 
50.000000 46.603171 43.234242 39.920426 36.687589 33.559645 30.558029 27.701273 25.004681 22.480133 20.136008 17.977218 16.005355 14.218924 12.613659 11.182891 9.917949 8.808584 7.843389 7.010194 6.296439 5.689500 5.176965 4.746861 4.387830 4.089246 3.841295 3.635008 3.462264 3.315759 3.188966 3.076075 2.971929 2.871969 2.772171 2.669006 2.559407 2.440749 2.310845 2.167959 2.010822 1.838657 1.651206 1.448748 1.232107 1.002646 0.762227 0.513157 0.258107 0.000000 
50.000000 46.630542 43.288759 40.001645 36.794857 33.692116 30.714685 27.880945 25.206077 22.701865 20.376620 18.235213 16.279221 14.507160 12.914796 11.495508 10.240693 9.140178 8.182637 7.355990 6.647761 6.045410 5.536602 5.109431 4.752590 4.455495 4.208352 4.002195 3.828881 3.681067 3.552159 3.436256 3.328088 3.222953 3.116669 3.005524 2.886258 2.756045 2.612502 2.453709 2.278243 2.085216 1.874320 1.645856 1.400761 1.140599 0.867535 0.584270 0.293941 0.000000 
50.000000 46.667667 43.362704 40.111806 36.940349 33.871792 30.927164 28.124643 25.479240 23.002612 20.702975 18.585145 16.650681 14.898113 13.323249 11.919537 10.678462 9.589955 8.642805 7.825047 7.124328 6.528218 6.024489 5.601325 5.247495 4.952468 4.706482 4.500576 4.326584 4.177108 4.045466 3.925637 3.812194 3.700247 3.585392 3.463668 3.331544 3.185912 3.024108 2.843949 2.643782 2.422551 2.179857 1.916020 1.632113 1.329975 1.012185 0.681992 0.343198 0.000000 
50.000000 46.715050 43.457080 40.252407 37.126044 34.101118 31.198357 28.435680 25.827886 23.386463 21.119511 19.031775 17.124790 15.397103 13.844578 12.460751 11.237220 10.164048 9.230170 8.423775 7.732662 7.144547 6.647337 6.229335 5.879410 5.587101 5.342691 5.137228 4.962521 4.811105 4.676193 4.551610 4.431734 4.311431 4.186010 4.051189 3.903079 3.738195 3.553493 3.346423 3.115012 2.857952 2.574698 2.265559 1.931765 1.575496 1.199872 0.808867 0.407173 0.000000 
50.000000 46.773278 43.573059 40.425191 37.354245 34.382936 31.531625 28.817914 26.256338 23.858181 21.631396 19.580645 17.707431 16.010323 14.485256 13.125873 11.923910 10.869597 9.952048 9.159640 8.480361 7.902112 7.412967 7.001380 6.656341 6.367487 6.125157 5.920418 5.745054 5.591525 5.452917 5.322876 5.195539 5.065476 4.927642 4.777345 4.610242 4.422364 4.210162 3.970599 3.701254 3.400457 3.067428 2.702413 2.306797 1.883167 1.435315 0.968150 0.487529 0.000000 
50.000000 46.842996 43.711922 40.632068 37.627472 34.720360 31.930652 29.275568 26.769330 24.422976 22.244286 20.237819 18.405043 16.744555 15.252369 13.922261 12.746135 11.714419 10.816443 10.040814 9.375747 8.809365 8.329948 7.926135 7.587070 7.302507 7.062864 6.859239 6.683392 6.527707 6.385126 6.249086 6.113445 5.972419 5.820536 5.652604 5.463716 5.249286 5.005120 4.727532 4.413493 4.060816 3.668353 3.236196 2.765854 2.260369 1.724350 1.163886 0.586337 0.000000 
50.000000 46.924870 43.874997 40.875015 37.948339 35.116617 32.399253 29.813021 27.371770 25.086253 22.964046 21.009588 19.224305 17.606826 16.153265 14.857548 13.711780 12.706622 11.831662 11.075777 10.427453 9.875078 9.407179 9.012616 8.680723 8.401402 8.165171 7.963176 7.787166 7.629443 7.482797 7.340433 7.195890 7.042975 6.875712 6.688312 6.475180 6.230964 5.950649 5.629704 5.264283 4.851464 4.389539 3.878294 3.319282 2.716021 2.074084 1.401029 0.706144 0.000000 
50.000000 47.019555 44.063590 41.155979 38.319416 35.574882 32.941184 30.434576 28.068484 25.853325 23.796443 21.902136 20.171783 18.604052 17.195169 15.939239 14.828599 13.854182 13.005876 12.272873 11.643978 11.107889 10.653425 10.269710 9.946308 9.673301 9.441339 9.241639 9.065950 8.906502 8.755929 8.607184 8.453457 8.288092 8.104534 7.896293 7.656953 7.380225 7.060065 6.690854 6.267651 5.786518 5.244897 4.642029 3.979350 3.260824 2.493130 1.685630 0.850072 0.000000 
50.000000 47.127660 44.278911 41.476762 38.743083 36.098094 33.559919 31.144223 28.863942 26.729116 24.746820 22.921192 21.253561 19.742637 18.384776 17.174288 16.103778 15.164490 14.346659 13.639838 13.033203 12.515812 12.076826 11.705679 11.392207 11.126716 10.900022 10.703440 10.528748 10.368116 10.214026 10.059175 9.896375 9.718465 9.518242 9.288411 9.021591 8.710370 8.347432 7.925773 7.439008 6.881790 6.250316 5.542902 4.760584 3.907645 2.991973 2.025122 1.021982 0.000000 
50.000000 47.249704 44.521997 41.838909 39.221382 36.688775 34.258442 31.945381 29.761979 27.717847 25.819757 24.071671 22.474856 21.028073 19.727827 18.568662 17.543482 16.643889 15.860511 15.183317 14.601903 14.105742 13.684389 13.327643 13.025660 12.769016 12.548736 12.356273 12.183463 12.022444 11.865564 11.705266 11.533979 11.344005 11.127433 10.876069 10.581428 10.234769 9.827235 9.350081 8.795042 8.154847 7.423878 6.598966 5.680264 4.672079 3.583524 2.428769 1.226721 0.000000 
50.000000 47.386085 44.793638 42.243598 39.755866 37.348843 35.039020 32.840652 30.765510 28.822728 27.018741 25.357311 23.839639 22.464543 21.228696 20.126902 19.152407 18.297213 17.552391 16.908378 16.355249 15.882949 15.481484 15.141073 14.852247 14.605907 14.393334 14.206170 14.036350 13.876022 13.717430 13.552790 13.374154 13.173280 12.941511 12.669683 12.348070 11.966409 11.514004 10.979963 10.353609 9.625077 8.786156 7.831355 6.759154 5.573305 4.283972 2.908360 1.470516 0.000000 
50.000000 47.537038 45.094304 42.691527 40.347459 38.079438 35.903003 33.831584 31.876272 30.045672 28.345846 26.780337 25.350273 24.054536 22.889984 21.851715 20.933353 20.127346 19.425259 18.818056 18.296347 17.850608 17.471359 17.149299 16.875394 16.640927 16.437497 16.256989 16.091498 15.933233 15.774385 15.606990 15.422761 15.212933 14.968102 14.678087 14.331832 13.917364 13.421857 12.831834 12.133574 11.313781 10.360600 9.265002 8.022539 6.635349 5.114087 3.479301 1.761596 0.000000 
50.000000 47.702605 45.424078 43.182821 40.996327 38.880766 36.850633 34.918455 33.094576 31.387022 29.801446 28.341150 27.007185 25.798502 24.712167 23.743597 22.886836 22.134825 21.479677 20.912936 20.425810 20.009367 19.654705 19.353065 19.095916 18.874987 18.682262 18.509937 18.350335 18.195797 18.038539 17.870484 17.683081 17.467103 17.212443 16.907920 16.541102 16.098182 15.563948 14.921895 14.154564 13.244220 12.173989 10.929583 9.501687 7.888951 6.101231 4.162354 2.111221 0.000000 
50.000000 47.882607 45.782604 43.716950 41.701768 39.751961 37.880887 36.100092 34.419108 32.845331 31.383970 30.038068 28.808589 27.694564 26.693282 25.800515 25.010761 24.317503 23.713453 23.190796 22.741394 22.356975 22.029275 21.750149 21.511633 21.305977 21.125621 20.963149 20.811198 20.662329 20.508879 20.342766 20.155281 19.936851 19.676775 19.362959 18.981646 18.517166 17.951758 17.265509 16.436532 15.441517 14.256864 12.860672 11.235824 9.374305 7.282498 4.986494 2.535407 0.000000 
50.000000 48.076623 46.169042 44.292664 42.462131 40.690983 38.991352 37.373726 35.846764 34.417183 33.089713 31.867117 30.750268 29.738283 28.828695 28.017657 27.300164 26.670283 26.121380 25.646333 25.237723 24.887998 24.589600 24.335064 24.117067 23.928451 23.762195 23.611359 23.468985 23.327966 23.180877 23.019771 22.835936 22.619624 22.359729 22.043436 21.655836 21.179519 20.594183 19.876308 18.999009 17.932261 16.643776 15.100990 13.274717 11.145046 8.709667 5.993702 3.057962 0.000000 
50.000000 48.283975 46.582043 44.907950 43.274759 41.694550 40.178148 38.734908 37.372557 36.097086 34.912715 33.821907 32.825439 31.922521 31.110948 30.387283 29.747052 29.184954 28.695057 28.270987 27.906103 27.593634 27.326794 27.098865 26.903238 26.733423 26.583022 26.445666 26.314908 26.184096 26.046186 25.893534 25.717630 25.508786 25.255765 24.945345 24.561807 24.086338 23.496377 22.764909 21.859823 20.743497 19.372990 17.701452 15.681787 13.273923 10.457104 7.247314 3.716105 0.000000 
50.000000 48.503723 47.019735 45.560020 44.135969 42.758115 41.435896 40.177470 38.989573 37.877428 36.844715 35.893579 35.024698 34.237380 33.529699 32.898655 32.340340 31.850125 31.422827 31.052875 30.734457 30.461643 30.228483 30.029072 29.857583 29.708275 29.575459 29.453429 29.336369 29.218211 29.092459 28.951967 28.788668 28.593235 28.354669 28.059787 27.692588 27.233473 26.658279 25.937122 25.033058 23.900688 22.485016 20.721288 18.537260 15.860481 12.634392 8.847093 4.571567 0.000000 
50.000000 48.734671 47.479733 46.245322 45.041071 43.875885 42.757747 41.693554 40.689004 39.748512 38.875190 38.070851 37.336067 36.670251 36.071773 35.538092 35.065901 34.651277 34.289830 33.976838 33.707372 33.476398 33.278856 33.109717 32.964007 32.836806 32.723215 32.618295 32.516972 32.413903 32.303312 32.178771 32.032930 31.857171 31.641183 31.372394 31.035257 30.610301 30.072890 29.391580 28.525986 27.424073 26.018970 24.225777 21.939871 19.040365 15.406206 10.957459 5.734295 0.000000 
50.000000 48.975377 47.959169 46.959582 45.984418 45.040888 44.135454 43.273704 42.460250 41.698667 40.991474 40.340140 39.745127 39.205958 38.721312 38.289129 37.906728 37.570928 37.278170 37.024622 36.806283 36.619062 36.458843 36.321529 36.203059 36.099402 36.006531 35.920365 35.836682 35.751005 35.658451 35.553530 35.429900 35.280035 35.094810 34.862940 34.570229 34.198544 33.724383 33.116862 32.334846 31.322865 30.005377 28.279049 26.003468 22.993255 19.021636 13.861722 7.417933 0.000000 
50.000000 49.224182 48.454735 47.697873 46.959504 46.245086 45.559515 44.907019 44.291090 43.714437 43.178966 42.685789 42.235255 41.827002 41.460030 41.132776 40.843210 40.588921 40.367210 40.175171 40.009768 39.867895 39.746426 39.642242 39.552246 39.473360 39.402495 39.336511 39.272140 39.205898 39.133956 39.051976 38.954901 38.836677 38.689880 38.505220 38.270844 37.971353 37.586374 37.088434 36.439727 35.587085 34.454026 32.928097 30.841016 27.939375 23.849448 18.066026 10.083828 0.000000 
50.000000 49.479236 48.962748 48.454708 47.959081 47.479531 47.019345 46.581359 46.167920 45.780843 45.421410 45.090365 44.787943 44.513902 44.267568 44.047893 43.853513 43.682808 43.533964 43.405030 43.293964 43.198677 43.117065 43.047026 42.986472 42.933323 42.885486 42.840827 42.797118 42.751972 42.702751 42.646453 42.579551 42.497795 42.395932 42.267330 42.103434 41.892984 41.620842 41.266168 40.799512 40.177957 39.336750 38.174199 36.523465 34.098337 30.389343 24.481578 14.857616 0.000000 
50.000000 49.738542 49.479231 49.224161 48.975323 48.734557 48.503513 48.283615 48.076041 47.881702 47.701242 47.535035 47.383199 47.245611 47.121933 47.011639 46.914044 46.828334 46.753599 46.688856 46.633081 46.585224 46.544226 46.509029 46.478583 46.451838 46.427737 46.405203 46.383103 46.360227 46.335227 46.306568 46.272437 46.230642 46.178459 46.112428 46.028059 45.919392 45.778329 45.593573 45.348868 45.019939 44.568852 43.932909 43.000949 41.557872 39.140657 34.621815 24.869319 0.000000 
50.000000 50.000000 50.000000 50.000000 50.000000 50.000000 50.000000 50.000000 50.000000 50.000000 50.000000 50.000000 50.000000 50.000000 50.000000 50.000000 50.000000 50.000000 50.000000 50.000000 50.000000 50.000000 50.000000 50.000000 50.000000 50.000000 50.000000 50.000000 50.000000 50.000000 50.000000 50.000000 50.000000 50.000000 50.000000 50.000000 50.000000 50.000000 50.000000 50.000000 50.000000 50.000000 50.000000 50.000000 50.000000 50.000000 50.000000 50.000000 50.000000 50.000000 
