50.000000 50.000000 50.000000 50.000000 50.000000 50.000000 50.000000 50.000000 50.000000 50.000000 50.000000 50.000000 50.000000 50.000000 50.000000 50.000000 50.000000 50.000000 50.000000 50.000000 50.000000 50.000000 50.000000 50.000000 50.000000 50.000000 50.000000 50.000000 50.000000 50.000000 50.000000 50.000000 50.000000 50.000000 50.000000 50.000000 50.000000 50.000000 50.000000 50.000000 50.000000 50.000000 50.000000 50.000000 50.000000 50.000000 50.000000 50.000000 50.000000 50.000000 
50.000000 49.698152 49.399165 49.105820 48.820739 48.546315 48.284650 48.037513 47.806306 47.592047 47.395368 47.216529 47.055440 46.911701 46.784641 46.673363 46.576801 46.493759 46.422964 46.363103 46.312858 46.270935 46.236078 46.207086 46.182812 46.162158 46.144060 46.127467 46.111308 46.094452 46.075655 46.053493 46.026274 45.991927 45.947845 45.890680 45.816038 45.718042 45.588660 45.416635 45.185733 44.871670 44.436481 43.817410 42.903212 41.478680 39.080665 34.581530 24.849088 0.000000 
50.000000 49.399167 48.804030 48.220124 47.652666 47.106420 46.585573 46.093644 45.633424 45.206939 44.815448 44.459466 44.138818 43.852705 43.599791 43.378294 43.186089 43.020798 42.879888 42.760745 42.660748 42.577321 42.507971 42.450308 42.402056 42.361035 42.325138 42.292288 42.260373 42.227171 42.190243 42.146810 42.093585 42.026556 41.940707 41.829620 41.684935 41.495559 41.246477 40.916938 40.477526 39.885316 39.075488 37.946239 36.330563 33.942038 30.270939 24.402070 14.817689 0.000000 
50.000000 49.105828 48.220133 47.351152 46.506651 45.693717 44.918581 44.186484 43.501576 42.866874 42.284249 41.754471 41.277278 40.851482 40.475095 40.145465 39.859431 39.613455 39.403768 39.226485 39.077707 38.953604 38.850474 38.764771 38.693119 38.632292 38.579181 38.530728 38.483837 38.435268 38.381487 38.318489 38.241566 38.145020 38.021773 37.862856 37.656704 37.388160 37.037038 36.575991 35.967271 35.157692 34.070681 32.593618 30.557978 27.710044 23.675719 17.949368 10.025245 0.000000 
50.000000 48.820759 47.652698 46.506680 45.392945 44.320842 43.298588 42.333093 41.429833 40.592783 39.824415 39.125743 38.496422 37.934885 37.438510 37.003804 36.626595 36.302225 36.025722 35.791968 35.595828 35.432261 35.296394 35.183569 35.089355 35.009534 34.940046 34.876919 34.816158 34.753604 34.684760 34.604571 34.507151 34.385440 34.230762 34.032253 33.776094 33.444465 33.014113 32.454316 31.724016 30.767722 29.509775 27.846627 25.637555 22.696777 18.797041 13.710908 7.342197 0.000000 
50.000000 48.546356 47.106494 45.693804 44.320910 42.999334 41.739208 40.549049 39.435607 38.403783 37.456623 36.595378 35.819623 35.127428 34.515562 33.979719 33.514762 33.114948 32.774158 32.486085 32.244412 32.042936 31.875670 31.736897 31.621191 31.523398 31.438583 31.361941 31.288670 31.213818 31.132080 31.037556 30.923453 30.781722 30.602595 30.374016 30.080892 29.704140 29.219420 28.595492 27.792062 26.757077 25.423525 23.706249 21.500254 18.684173 15.136376 10.776271 5.643306 0.000000 
50.000000 48.284728 46.585718 44.918771 43.298783 41.739349 40.252426 38.848062 37.534224 36.316695 35.199069 34.182822 33.267455 32.450690 31.728716 31.096457 30.547851 30.076129 29.674075 29.334259 29.049237 28.811710 28.614637 28.451308 28.315368 28.200800 28.101872 28.013033 27.928789 27.843522 27.751287 27.645554 27.518904 27.362668 27.166482 26.917758 26.601027 26.197137 25.682273 25.026787 24.193846 23.138031 21.804191 20.127277 18.034625 15.453234 12.325889 8.639938 4.467539 0.000000 
50.000000 48.037650 46.093905 44.186841 42.333502 40.549439 38.848332 37.241678 35.738590 34.345685 33.067075 31.904450 30.857239 29.922838 29.096889 28.373588 27.746003 27.206396 26.746521 26.357888 26.032000 25.760528 25.535449 25.349130 25.194361 25.064341 24.952622 24.853008 24.759417 24.665705 24.565448 24.451694 24.316664 24.151409 23.945408 23.686106 23.358379 22.943920 22.420558 21.761546 20.934901 19.902985 18.622688 17.046841 15.127883 12.825144 10.117142 7.019036 3.601469 0.000000 
50.000000 47.806534 45.633865 43.502197 41.430581 39.436401 37.534948 35.739073 34.058962 32.502012 31.072821 29.773278 28.602745 27.558314 26.635116 25.826666 25.125222 24.522143 24.008219 23.573977 23.209938 22.906819 22.655693 22.448078 22.275988 22.131916 22.008787 21.899853 21.798555 21.698347 21.592483 21.473776 21.334319 21.165170 20.956008 20.694750 20.367138 19.956315 19.442409 18.802194 18.008932 17.032586 15.840692 14.400350 12.681880 10.664731 8.345821 5.749388 2.935274 0.000000 
50.000000 47.592412 45.207650 42.867893 40.594050 38.405204 36.318136 34.346954 32.502838 30.793908 29.225210 27.798818 26.514036 25.367672 24.354384 23.467060 22.697207 22.035348 21.471387 20.994944 20.595635 20.263305 19.988197 19.761063 19.573215 19.416526 19.283377 19.166557 19.059133 18.954271 18.845041 18.724179 18.583840 18.415316 18.208750 17.952832 17.634503 17.238688 16.748087 16.143108 15.402028 14.501528 13.417834 12.128698 10.616491 8.872533 6.902404 4.731273 2.407242 0.000000 
50.000000 47.395935 44.816560 42.285862 39.826457 37.458987 35.201601 33.069559 31.074955 29.226570 27.529864 25.987082 24.597470 23.357579 22.261636 21.301950 20.469343 19.753576 19.143740 18.628625 18.197028 17.838000 17.541034 17.296193 17.094169 16.926291 16.784474 16.661133 16.549049 16.441203 16.330588 16.209995 16.071783 15.907642 15.708353 15.463563 15.161576 14.789213 14.331753 13.773030 13.095764 12.282224 11.315364 10.180546 8.867938 7.375512 5.712305 3.901206 1.980081 0.000000 
50.000000 47.217390 44.461163 41.756951 39.128921 36.599129 34.186971 31.908752 29.777395 27.802285 25.989256 24.340709 22.855839 21.530964 20.359918 19.334487 18.444873 17.680142 17.028654 16.478450 16.017584 15.634394 15.317705 15.056968 14.842328 14.664644 14.515444 14.386840 14.271407 14.162023 14.051694 13.933358 13.799680 13.642851 13.454389 13.224975 12.944320 12.601103 12.183011 11.676927 11.069319 10.346911 9.497680 8.512256 7.385676 6.119402 4.723269 3.216886 1.629821 0.000000 
50.000000 47.056726 44.141358 41.281008 38.501241 35.825384 33.273953 30.864197 28.609783 26.520641 24.602942 22.859225 21.288641 19.887299 18.648679 17.564101 16.623205 15.814438 15.125503 14.543771 14.056634 13.651796 13.317490 13.042628 12.816881 12.630706 12.475310 12.342570 12.224917 12.115194 12.006483 11.891935 11.764583 11.617167 11.441983 11.230748 10.974528 10.663730 10.288187 9.837384 9.300847 8.668741 7.932703 7.086911 6.129342 5.063088 3.897503 2.648870 1.340210 0.000000 
50.000000 46.913591 43.856445 40.856995 37.942045 35.136060 32.460553 29.933612 27.569570 25.378839 23.367891 21.539391 19.892450 18.422989 17.124177 15.986915 15.000348 14.152373 13.430108 12.820331 12.309851 11.885813 11.535930 11.248644 11.013222 10.819780 10.659262 10.523364 10.404430 10.295312 10.189215 10.079540 9.959714 9.823044 9.662586 9.471049 9.240748 8.963630 8.631377 8.235631 7.768347 7.222296 6.591724 5.873150 5.066244 4.174674 3.206770 2.175807 1.099695 0.000000 
50.000000 46.787382 43.605224 40.483121 37.448974 34.528249 31.743339 29.113071 26.652365 24.372059 22.278891 20.375636 18.661370 17.131852 15.779971 14.596265 13.569443 12.686915 11.935290 11.300824 10.769817 10.328924 9.965409 9.667312 9.423551 9.223960 9.059270 8.921044 8.801576 8.693761 8.590955 8.486824 8.375194 8.249919 8.104774 7.933373 7.729149 7.485379 7.195299 6.852300 6.450229 5.983796 5.449080 4.844107 4.169459 3.428807 2.629295 1.781615 0.899706 0.000000 
50.000000 46.677294 43.386091 40.157002 37.018884 33.998075 31.117736 28.397340 25.852318 23.493880 21.328996 19.360537 17.587550 16.005649 14.607486 13.383278 12.321354 11.408705 10.631493 9.975527 9.426661 8.971132 8.595817 8.288412 8.037542 7.832807 7.664771 7.524897 7.405459 7.299420 7.200297 7.102018 6.998794 6.884990 6.755033 6.603344 6.424322 6.212374 5.962011 5.668018 5.325694 4.931174 4.481805 3.976561 3.416454 2.804877 2.147802 1.453778 0.733650 0.000000 
50.000000 46.582376 43.197157 39.875825 36.648063 33.540963 30.578346 27.780242 25.162524 22.736723 20.510007 18.485332 16.661718 15.034657 13.596595 12.337473 11.245296 10.306691 9.507441 8.832966 8.268743 7.800650 7.415237 7.099908 6.843047 6.634061 6.463380 6.322399 6.203394 6.099404 6.004106 5.911684 5.816699 5.713979 5.598528 5.465468 5.310016 5.127516 4.913510 4.663876 4.375019 4.044106 3.669351 3.250305 2.788129 2.285809 1.748262 1.182279 0.596303 0.000000 
50.000000 46.501590 43.036350 39.636508 36.332450 33.151905 30.119261 27.255018 24.575428 22.092293 19.812952 17.740432 15.873731 14.208237 12.736221 11.447390 10.329472 9.368789 8.550798 7.860593 7.283333 6.804593 6.410646 6.088657 5.826807 5.614351 5.441613 5.299942 5.181626 5.079788 4.988258 4.901449 4.814241 4.721865 4.619824 4.503833 4.369793 4.213809 4.032245 3.821828 3.579789 3.304044 2.993388 2.647707 2.268153 1.857279 1.419082 0.958942 0.483430 0.000000 
50.000000 46.433860 42.901533 39.435870 36.067846 32.825727 29.734372 26.814682 24.083219 21.552017 19.228558 17.115926 15.213105 13.515392 12.014912 10.701179 9.561689 8.582504 7.748816 7.045443 6.457279 5.969648 5.568596 5.241089 4.975145 4.759895 4.585582 4.443527 4.326039 4.226317 4.138332 4.056705 3.976586 3.893557 3.803540 3.702742 3.587621 3.454892 3.301567 3.125022 2.923103 2.694257 2.437670 2.153407 1.842532 1.507183 1.150589 0.777003 0.391552 0.000000 
50.000000 46.378128 42.790598 39.270774 35.850115 32.557330 29.417665 26.452349 23.678204 21.107451 18.747689 16.602053 14.669510 12.945288 11.421390 10.087171 8.929934 7.935534 7.088939 6.374746 5.777630 5.282711 4.875849 4.543852 4.274605 4.057142 3.881647 3.739420 3.622796 3.525046 3.440263 3.363244 3.289372 3.214517 3.134947 3.047269 2.948387 2.835499 2.706112 2.558095 2.389749 2.199895 1.987973 1.754135 1.499324 1.225310 0.934697 0.630852 0.317792 0.000000 
50.000000 46.333398 42.701562 39.138269 35.675366 32.341916 29.163479 26.161544 23.353143 20.750646 18.361749 16.189625 14.233229 12.487733 10.945042 9.594382 8.422907 7.416301 6.559355 5.836488 5.232201 4.731453 4.319955 3.984389 3.712539 3.493361 3.316998 3.174736 3.058934 2.962927 2.880912 2.807830 2.739255 2.671290 2.600481 2.523749 2.438348 2.341845 2.232127 2.107427 1.966375 1.808053 1.632065 1.438596 1.228462 1.003128 0.764696 0.515857 0.259783 0.000000 
50.000000 46.298777 42.632648 39.035709 35.540109 32.175184 28.966737 25.936460 23.101543 20.474478 18.063030 15.870404 13.895547 12.133585 10.576350 9.212968 8.030474 7.014424 6.149472 5.419899 4.810072 4.304824 3.889757 3.551452 3.277617 3.057154 2.880171 2.737948 2.622868 2.528316 2.448571 2.378690 2.314397 2.251975 2.188185 2.120187 2.045498 1.961964 1.867748 1.761348 1.641627 1.507845 1.359709 1.197409 1.021647 0.833642 0.635120 0.428258 0.215610 0.000000 
50.000000 46.273508 42.582351 38.960856 35.441391 32.053495 28.823145 25.772181 22.917913 20.272916 17.845010 15.637421 13.649091 11.875112 10.307262 8.934595 7.744062 6.721121 5.850329 5.115865 4.502000 3.993477 3.575814 3.235525 2.960261 2.738883 2.561478 2.419324 2.304820 2.211390 2.133376 2.065921 2.004857 1.946602 1.888069 1.826593 1.759880 1.685970 1.603221 1.510316 1.406273 1.290472 1.162680 1.023079 0.872280 0.711324 0.541659 0.365103 0.183773 0.000000 
50.000000 46.257002 42.549494 38.911958 35.376904 31.974001 28.729343 25.664866 22.797957 20.141246 17.702589 15.485226 13.488094 11.706265 10.131482 8.752751 7.556966 6.529525 5.654919 4.917263 4.300763 3.790104 3.370751 3.029172 2.752983 2.531019 2.353354 2.211263 2.097158 2.004491 1.927643 1.861814 1.802909 1.747432 1.692397 1.635251 1.573820 1.506270 1.431083 1.347056 1.253304 1.149278 1.034780 0.909983 0.775434 0.632054 0.481116 0.324205 0.163159 0.000000 
50.000000 46.248851 42.533271 38.887814 35.345063 31.934751 28.683028 25.611879 22.738728 20.076233 17.632268 15.410079 13.408601 11.622896 10.044690 8.662965 7.464587 6.434925 5.558437 4.819205 4.201404 3.689692 3.269505 2.927292 2.650648 2.428399 2.250610 2.108556 1.994656 1.902373 1.826111 1.761099 1.703274 1.649186 1.595896 1.540908 1.482108 1.417719 1.346287 1.266661 1.178005 1.079801 0.971869 0.854373 0.727830 0.593102 0.451373 0.304116 0.153035 0.000000 
50.000000 46.248851 42.533271 38.887814 35.345063 31.934751 28.683028 25.611879 22.738728 20.076233 17.632268 15.410079 13.408601 11.622896 10.044690 8.662965 7.464587 6.434925 5.558437 4.819205 4.201404 3.689692 3.269505 2.927292 2.650648 2.428399 2.250610 2.108556 1.994656 1.902373 1.826111 1.761099 1.703274 1.649186 1.595896 1.540908 1.482108 1.417719 1.346287 1.266661 1.178005 1.079801 0.971869 0.854373 0.727830 0.593102 0.451373 0.304116 0.153035 0.000000 
50.000000 46.257002 42.549494 38.911958 35.376904 31.974001 28.729343 25.664866 22.797957 20.141246 17.702589 15.485226 13.488094 11.706265 10.131482 8.752751 7.556966 6.529525 5.654919 4.917263 4.300763 3.790104 3.370751 3.029172 2.752983 2.531019 2.353354 2.211263 2.097158 2.004491 1.927643 1.861814 1.802909 1.747432 1.692397 1.635251 1.573820 1.506270 1.431083 1.347056 1.253304 1.149278 1.034780 0.909983 0.775434 0.632054 0.481116 0.324205 0.163159 0.000000 
50.000000 46.273508 42.582351 38.960856 35.441391 32.053495 28.823145 25.772181 22.917913 20.272916 17.845010 15.637421 13.649091 11.875112 10.307262 8.934595 7.744062 6.721121 5.850329 5.115865 4.502000 3.993477 3.575814 3.235525 2.960261 2.738883 2.561478 2.419324 2.304820 2.211390 2.133376 2.065921 2.004857 1.946602 1.888069 1.826593 1.759880 1.685970 1.603221 1.510316 1.406273 1.290472 1.162680 1.023079 0.872280 0.711324 0.541659 0.365103 0.183773 0.000000 
50.000000 46.298777 42.632648 39.035709 35.540109 32.175184 28.966737 25.936460 23.101543 20.474478 18.063030 15.870404 13.895547 12.133585 10.576350 9.212968 8.030474 7.014424 6.149472 5.419899 4.810072 4.304824 3.889757 3.551452 3.277617 3.057154 2.880171 2.737948 2.622868 2.528316 2.448571 2.378690 2.314397 2.251975 2.188185 2.120187 2.045498 1.961964 1.867748 1.761348 1.641627 1.507845 1.359709 1.197409 1.021647 0.833642 0.635120 0.428258 0.215610 0.000000 
50.000000 46.333398 42.701562 39.138269 35.675366 32.341916 29.163479 26.161544 23.353143 20.750646 18.361749 16.189625 14.233229 12.487733 10.945042 9.594382 8.422907 7.416301 6.559355 5.836488 5.232201 4.731453 4.319955 3.984389 3.712539 3.493361 3.316998 3.174736 3.058934 2.962927 2.880912 2.807830 2.739255 2.671290 2.600481 2.523749 2.438348 2.341845 2.232127 2.107427 1.966375 1.808053 1.632065 1.438596 1.228462 1.003128 0.764696 0.515857 0.259783 0.000000 
50.000000 46.378128 42.790598 39.270774 35.850115 32.557330 29.417665 26.452349 23.678204 21.107451 18.747689 16.602053 14.669510 12.945288 11.421390 10.087171 8.929934 7.935534 7.088939 6.374746 5.777630 5.282711 4.875849 4.543852 4.274605 4.057142 3.881647 3.739420 3.622796 3.525046 3.440263 3.363244 3.289372 3.214517 3.134947 3.047269 2.948387 2.835499 2.706112 2.558095 2.389749 2.199895 1.987973 1.754135 1.499324 1.225310 0.934697 0.630852 0.317792 0.000000 
50.000000 46.433860 42.901533 39.435870 36.067846 32.825727 29.734372 26.814682 24.083219 21.552017 19.228558 17.115926 15.213105 13.515392 12.014912 10.701179 9.561689 8.582504 7.748816 7.045443 6.457279 5.969648 5.568596 5.241089 4.975145 4.759895 4.585582 4.443527 4.326039 4.226317 4.138332 4.056705 3.976586 3.893557 3.803540 3.702742 3.587621 3.454892 3.301567 3.125022 2.923103 2.694257 2.437670 2.153407 1.842532 1.507183 1.150589 0.777003 0.391552 0.000000 
50.000000 46.501590 43.036350 39.636508 36.332450 33.151905 30.119261 27.255018 24.575428 22.092293 19.812952 17.740432 15.873731 14.208237 12.736221 11.447390 10.329472 9.368789 8.550798 7.860593 7.283333 6.804593 6.410646 6.088657 5.826807 5.614351 5.441613 5.299942 5.181626 5.079788 4.988258 4.901449 4.814241 4.721865 4.619824 4.503833 4.369793 4.213809 4.032245 3.821828 3.579789 3.304044 2.993388 2.647707 2.268153 1.857279 1.419082 0.958942 0.483430 0.000000 
50.000000 46.582376 43.197157 39.875825 36.648063 33.540963 30.578346 27.780242 25.162524 22.736723 20.510007 18.485332 16.661718 15.034657 13.596595 12.337473 11.245296 10.306691 9.507441 8.832966 8.268743 7.800650 7.415237 7.099908 6.843047 6.634061 6.463380 6.322399 6.203394 6.099404 6.004106 5.911684 5.816699 5.713979 5.598528 5.465468 5.310016 5.127516 4.913510 4.663876 4.375019 4.044106 3.669351 3.250305 2.788129 2.285809 1.748262 1.182279 0.596303 0.000000 
50.000000 46.677294 43.386091 40.157002 37.018884 33.998075 31.117736 28.397340 25.852318 23.493880 21.328996 19.360537 17.587550 16.005649 14.607486 13.383278 12.321354 11.408705 10.631493 9.975527 9.426661 8.971132 8.595817 8.288412 8.037542 7.832807 7.664771 7.524897 7.405459 7.299420 7.200297 7.102018 6.998794 6.884990 6.755033 6.603344 6.424322 6.212374 5.962011 5.668018 5.325694 4.931174 4.481805 3.976561 3.416454 2.804877 2.147802 1.453778 0.733650 0.000000 
50.000000 46.787382 43.605224 40.483121 37.448974 34.528249 31.743339 29.113071 26.652365 24.372059 22.278891 20.375636 18.661370 17.131852 15.779971 14.596265 13.569443 12.686915 11.935290 11.300824 10.769817 10.328924 9.965409 9.667312 9.423551 9.223960 9.059270 8.921044 8.801576 8.693761 8.590955 8.486824 8.375194 8.249919 8.104774 7.933373 7.729149 7.485379 7.195299 6.852300 6.450229 5.983796 5.449080 4.844107 4.169459 3.428807 2.629295 1.781615 0.899706 0.000000 
50.000000 46.913591 43.856445 40.856995 37.942045 35.136060 32.460553 29.933612 27.569570 25.378839 23.367891 21.539391 19.892450 18.422989 17.124177 15.986915 15.000348 14.152373 13.430108 12.820331 12.309851 11.885813 11.535930 11.248644 11.013222 10.819780 10.659262 10.523364 10.404430 10.295312 10.189215 10.079540 9.959714 9.823044 9.662586 9.471049 9.240748 8.963630 8.631377 8.235631 7.768347 7.222296 6.591724 5.873150 5.066244 4.174674 3.206770 2.175807 1.099695 0.000000 
50.000000 47.056726 44.141358 41.281008 38.501241 35.825384 33.273953 30.864197 28.609783 26.520641 24.602942 22.859225 21.288641 19.887299 18.648679 17.564101 16.623205 15.814438 15.125503 14.543771 14.056634 13.651796 13.317490 13.042628 12.816881 12.630706 12.475310 12.342570 12.224917 12.115194 12.006483 11.891935 11.764583 11.617167 11.441983 11.230748 10.974528 10.663730 10.288187 9.837384 9.300847 8.668741 7.932703 7.086911 6.129342 5.063088 3.897503 2.648870 1.340210 0.000000 
50.000000 47.217390 44.461163 41.756951 39.128921 36.599129 34.186971 31.908752 29.777395 27.802285 25.989256 24.340709 22.855839 21.530964 20.359918 19.334487 18.444873 17.680142 17.028654 16.478450 16.017584 15.634394 15.317705 15.056968 14.842328 14.664644 14.515444 14.386840 14.271407 14.162023 14.051694 13.933358 13.799680 13.642851 13.454389 13.224975 12.944320 12.601103 12.183011 11.676927 11.069319 10.346911 9.497680 8.512256 7.385676 6.119402 4.723269 3.216886 1.629821 0.000000 
50.000000 47.395935 44.816560 42.285862 39.826457 37.458987 35.201601 33.069559 31.074955 29.226570 27.529864 25.987082 24.597470 23.357579 22.261636 21.301950 20.469343 19.753576 19.143740 18.628625 18.197028 17.838000 17.541034 17.296193 17.094169 16.926291 16.784474 16.661133 16.549049 16.441203 16.330588 16.209995 16.071783 15.907642 15.708353 15.463563 15.161576 14.789213 14.331753 13.773030 13.095764 12.282224 11.315364 10.180546 8.867938 7.375512 5.712305 3.901206 1.980081 0.000000 
50.000000 47.592412 45.207650 42.867893 40.594050 38.405204 36.318136 34.346954 32.502838 30.793908 29.225210 27.798818 26.514036 25.367672 24.354384 23.467060 22.697207 22.035348 21.471387 20.994944 20.595635 20.263305 19.988197 19.761063 19.573215 19.416526 19.283377 19.166557 19.059133 18.954271 18.845041 18.724179 18.583840 18.415316 18.208750 17.952832 17.634503 17.238688 16.748087 16.143108 15.402028 14.501528 13.417834 12.128698 10.616491 8.872533 6.902404 4.731273 2.407242 0.000000 
50.000000 47.806534 45.633865 43.502197 41.430581 39.436401 37.534948 35.739073 34.058962 32.502012 31.072821 29.773278 28.602745 27.558314 26.635116 25.826666 25.125222 24.522143 24.008219 23.573977 23.209938 22.906819 22.655693 22.448078 22.275988 22.131916 22.008787 21.899853 21.798555 21.698347 21.592483 21.473776 21.334319 21.165170 20.956008 20.694750 20.367138 19.956315 19.442409 18.802194 18.008932 17.032586 15.840692 14.400350 12.681880 10.664731 8.345821 5.749388 2.935274 0.000000 
50.000000 48.037650 46.093905 44.186841 42.333502 40.549439 38.848332 37.241678 35.738590 34.345685 33.067075 31.904450 30.857239 29.922838 29.096889 28.373588 27.746003 27.206396 26.746521 26.357888 26.032000 25.760528 25.535449 25.349130 25.194361 25.064341 24.952622 24.853008 24.759417 24.665705 24.565448 24.451694 24.316664 24.151409 23.945408 23.686106 23.358379 22.943920 22.420558 21.761546 20.934901 19.902985 18.622688 17.046841 15.127883 12.825144 10.117142 7.019036 3.601469 0.000000 
50.000000 48.284728 46.585718 44.918771 43.298783 41.739349 40.252426 38.848062 37.534224 36.316695 35.199069 34.182822 33.267455 32.450690 31.728716 31.096457 30.547851 30.076129 29.674075 29.334259 29.049237 28.811710 28.614637 28.451308 28.315368 28.200800 28.101872 28.013033 27.928789 27.843522 27.751287 27.645554 27.518904 27.362668 27.166482 26.917758 26.601027 26.197137 25.682273 25.026787 24.193846 23.138031 21.804191 20.127277 18.034625 15.453234 12.325889 8.639938 4.467539 0.000000 
50.000000 48.546356 47.106494 45.693804 44.320910 42.999334 41.739208 40.549049 39.435607 38.403783 37.456623 36.595378 35.819623 35.127428 34.515562 33.979719 33.514762 33.114948 32.774158 32.486085 32.244412 32.042936 31.875670 31.736897 31.621191 31.523398 31.438583 31.361941 31.288670 31.213818 31.132080 31.037556 30.923453 30.781722 30.602595 30.374016 30.080892 29.704140 29.219420 28.595492 27.792062 26.757077 25.423525 23.706249 21.500254 18.684173 15.136376 10.776271 5.643306 0.000000 
50.000000 48.820759 47.652698 46.506680 45.392945 44.320842 43.298588 42.333093 41.429833 40.592783 39.824415 39.125743 38.496422 37.934885 37.438510 37.003804 36.626595 36.302225 36.025722 35.791968 35.595828 35.432261 35.296394 35.183569 35.089355 35.009534 34.940046 34.876919 34.816158 34.753604 34.684760 34.604571 34.507151 34.385440 34.230762 34.032253 33.776094 33.444465 33.014113 32.454316 31.724016 30.767722 29.509775 27.846627 25.637555 22.696777 18.797041 13.710908 7.342197 0.000000 
50.000000 49.105828 48.220133 47.351152 46.506651 45.693717 44.918581 44.186484 43.501576 42.866874 42.284249 41.754471 41.277278 40.851482 40.475095 40.145465 39.859431 39.613455 39.403768 39.226485 39.077707 38.953604 38.850474 38.764771 38.693119 38.632292 38.579181 38.530728 38.483837 38.435268 38.381487 38.318489 38.241566 38.145020 38.021773 37.862856 37.656704 37.388160 37.037038 36.575991 35.967271 35.157692 34.070681 32.593618 30.557978 27.710044 23.675719 17.949368 10.025245 0.000000 
50.000000 49.399167 48.804030 48.220124 47.652666 47.106420 46.585573 46.093644 45.633424 45.206939 44.815448 44.459466 44.138818 43.852705 43.599791 43.378294 43.186089 43.020798 42.879888 42.760745 42.660748 42.577321 42.507971 42.450308 42.402056 42.361035 42.325138 42.292288 42.260373 42.227171 42.190243 42.146810 42.093585 42.026556 41.940707 41.829620 41.684935 41.495559 41.246477 40.916938 40.477526 39.885316 39.075488 37.946239 36.330563 33.942038 30.270939 24.402070 14.817689 0.000000 
50.000000 49.698152 49.399165 49.105820 48.820739 48.546315 48.284650 48.037513 47.806306 47.592047 47.395368 47.216529 47.055440 46.911701 46.784641 46.673363 46.576801 46.493759 46.422964 46.363103 46.312858 46.270935 46.236078 46.207086 46.182812 46.162158 46.144060 46.127467 46.111308 46.094452 46.075655 46.053493 46.026274 45.991927 45.947845 45.890680 45.816038 45.718042 45.588660 45.416635 45.185733 44.871670 44.436481 43.817410 42.903212 41.478680 39.080665 34.581530 24.849088 0.000000 
50.000000 50.000000 50.000000 50.000000 50.000000 50.000000 50.000000 50.000000 50.000000 50.000000 50.000000 50.000000 50.000000 50.000000 50.000000 50.000000 50.000000 50.000000 50.000000 50.000000 50.000000 50.000000 50.000000 50.000000 50.000000 50.000000 50.000000 50.000000 50.000000 50.000000 50.000000 50.000000 50.000000 50.000000 50.000000 50.000000 50.000000 50.000000 50.000000 50.000000 50.000000 50.000000 50.000000 50.000000 50.000000 50.000000 50.000000 50.000000 50.000000 50.000000 
