50.000000 50.000000 50.000000 50.000000 50.000000 50.000000 50.000000 50.000000 50.000000 50.000000 50.000000 50.000000 50.000000 50.000000 50.000000 50.000000 50.000000 50.000000 50.000000 50.000000 50.000000 50.000000 50.000000 50.000000 50.000000 50.000000 50.000000 50.000000 50.000000 50.000000 50.000000 50.000000 50.000000 50.000000 50.000000 50.000000 50.000000 50.000000 50.000000 50.000000 50.000000 50.000000 50.000000 50.000000 50.000000 50.000000 50.000000 50.000000 50.000000 50.000000 
50.000000 49.616083 49.236796 48.866600 48.509632 48.169566 47.849504 47.551893 47.278485 47.030329 46.807794 46.610626 46.438022 46.288726 46.161128 46.053367 45.963434 45.889257 45.828779 45.780024 45.741134 45.710409 45.686313 45.667480 45.652701 45.640905 45.631130 45.622485 45.614104 45.605097 45.594482 45.581111 45.563577 45.540090 45.508319 45.465172 45.406495 45.326616 45.217671 45.068527 44.863019 44.576876 44.172082 43.585764 42.706493 41.318815 38.959275 34.499879 24.808043 0.000000 
50.000000 49.236796 48.482795 47.746867 47.037235 46.361205 45.724940 45.133307 44.589789 44.096469 43.654083 43.262125 42.919000 42.622208 42.368551 42.154330 41.975550 41.828091 41.707869 41.610950 41.533647 41.472578 41.424691 41.387274 41.357927 41.334528 41.315171 41.298095 41.281598 41.263929 41.243172 41.217095 41.182971 41.137347 41.075748 40.992268 40.879014 40.725298 40.516442 40.231933 39.842496 39.305230 38.555215 37.490416 35.943469 33.627464 30.032074 24.241401 14.736921 0.000000 
50.000000 48.866601 47.746868 46.653974 45.600132 44.596191 43.651303 42.772696 41.965542 41.232937 40.575971 39.993892 39.484334 39.043584 38.666891 38.348764 38.083268 37.864290 37.685760 37.541841 37.427058 37.336391 37.265313 37.209801 37.166301 37.131675 37.103109 37.078016 37.053906 37.028236 36.998241 36.960721 36.911795 36.846584 36.758807 36.640245 36.480018 36.263566 35.971191 35.575902 35.040154 34.310799 33.311116 31.928151 29.992852 27.250793 23.326998 17.714806 9.907331 0.000000 
50.000000 48.509634 47.037239 45.600136 44.214385 42.894251 41.651770 40.496444 39.435077 38.471737 37.607859 36.842457 36.172414 35.592852 35.097522 34.679205 34.330097 34.042160 33.807414 33.618186 33.467282 33.348101 33.254703 33.181804 33.124751 33.079435 33.042192 33.009668 32.978653 32.945904 32.907921 32.860698 32.799422 32.718095 32.609074 32.462465 32.265333 32.000632 31.645737 31.170388 30.533789 29.680500 28.534673 26.992331 24.912076 22.107218 18.349375 13.409794 7.190828 0.000000 
50.000000 48.169571 46.361214 44.596202 42.894259 41.272906 39.746924 38.327985 37.024443 35.841296 34.780307 33.840262 33.017337 32.305539 31.697193 31.183434 30.754679 30.401054 30.112766 29.880390 29.695096 29.548788 29.434176 29.344792 29.274940 29.219610 29.174352 29.135113 29.098054 29.059332 29.014853 28.959988 28.889239 28.795839 28.671264 28.504624 28.281891 27.984909 27.590093 27.066756 26.374923 25.462600 24.262557 22.689124 20.636507 17.982254 14.603395 10.417773 5.463091 0.000000 
50.000000 47.849514 45.724958 43.651327 41.651795 39.746942 37.954138 36.287094 34.755626 33.365605 32.119102 31.014691 30.047879 29.211627 28.496917 27.893335 27.389623 26.974185 26.635515 26.362547 26.144913 25.973111 25.838593 25.733780 25.652013 25.587451 25.534930 25.489783 25.447630 25.404146 25.354785 25.294486 25.217320 25.116093 24.981867 24.803392 24.566417 24.252847 23.839734 23.298058 22.591354 21.674275 20.491423 18.977176 17.057964 14.659562 11.723242 8.234582 4.263769 0.000000 
50.000000 47.551911 45.133342 42.772744 40.496500 38.328039 36.287133 34.389392 32.645990 31.063609 29.644610 28.387367 27.286766 26.334793 25.521185 24.834087 24.260684 23.787777 23.402273 23.091581 22.843904 22.648439 22.495475 22.376410 22.283702 22.210760 22.151785 22.101578 22.055317 22.008302 21.955680 21.892137 21.811550 21.706608 21.568367 21.385754 21.144986 20.828924 20.416348 19.881209 19.191928 18.310949 17.194900 15.795992 14.065680 11.961966 9.461723 6.578186 3.379857 0.000000 
50.000000 47.278517 44.589851 41.965631 39.435185 37.024560 34.755735 32.646065 30.707969 28.948880 27.371417 25.973777 24.750273 23.691997 22.787540 22.023724 21.386305 20.860615 20.432100 20.086770 19.811524 19.594365 19.424519 19.292457 19.189841 19.109409 19.044808 18.990391 18.940982 18.891617 18.837262 18.772507 18.691241 18.586292 18.449037 18.268982 18.033312 17.726419 17.329450 16.819925 16.171543 15.354361 14.335644 13.081839 11.562236 9.754885 7.654972 5.284710 2.701684 0.000000 
50.000000 47.030384 44.096576 41.233091 38.471931 35.841518 33.365834 31.063817 28.949019 27.029549 25.308267 23.783204 22.448155 21.293401 20.306493 19.473053 18.777541 18.203952 17.736414 17.359668 17.059429 16.822623 16.637520 16.493758 16.382288 16.295261 16.225849 16.168034 16.116372 16.065726 16.010991 15.946796 15.867200 15.765363 15.633218 15.461126 15.237537 14.948684 14.578334 14.107677 13.515448 12.778434 11.872590 10.775003 9.466990 7.938437 6.193149 4.254217 2.167432 0.000000 
50.000000 46.807885 43.654263 40.576233 37.608195 34.780701 32.119530 29.645039 27.371796 25.308517 23.458276 21.818956 20.383890 19.142629 18.081792 17.185926 16.438328 15.821799 15.319283 14.914385 14.591762 14.337382 14.138660 13.984495 13.865220 13.772472 13.699023 13.638557 13.585434 13.534425 13.480441 13.418250 13.342195 13.245904 13.122009 12.961878 12.755369 12.490647 12.154082 11.730312 11.202532 10.553128 9.764788 8.822216 7.714524 6.438250 5.000655 3.422543 1.739464 0.000000 
50.000000 46.610776 43.262421 39.994327 36.843017 33.840930 31.015439 28.388156 25.974548 23.783871 21.819388 20.078852 18.555184 17.237289 16.110963 15.159799 14.366066 13.711505 13.178014 12.748194 12.405769 12.135858 11.925127 11.761833 11.635764 11.538125 11.461352 11.398897 11.344985 11.294357 11.242004 11.182905 11.111759 11.022738 10.909246 10.763709 10.577411 10.340387 10.041426 9.668223 9.207731 8.646799 7.973156 7.176787 6.251701 5.197954 4.023634 2.746309 1.393270 0.000000 
50.000000 46.438264 42.919478 39.485038 36.173328 33.018438 30.049133 27.288125 24.751671 22.449496 20.385030 18.555911 16.954699 15.569738 14.386099 13.386542 12.552436 11.864598 11.304009 10.852394 10.492662 10.209193 9.988005 9.816795 9.684891 9.583128 9.503671 9.439791 9.385631 9.335946 9.285855 9.230584 9.165231 9.084536 8.982687 8.853153 8.688567 8.480686 8.220441 7.898126 7.503753 7.027625 6.461147 5.797888 5.034835 4.173729 3.222244 2.194693 1.111905 0.000000 
50.000000 46.289110 42.622969 39.044708 35.594316 32.307312 29.213667 26.337043 23.694377 21.295802 19.144893 17.239187 15.570934 14.127990 12.894801 11.853408 10.984402 10.267800 9.683792 9.213348 8.838673 8.543514 8.313331 8.135343 7.998489 7.893299 7.811716 7.746877 7.692879 7.644526 7.597090 7.546064 7.486949 7.415049 7.325302 7.212150 7.069455 6.890493 6.668025 6.394491 6.062329 5.664457 5.194916 4.649654 4.027408 3.330571 2.565884 1.744754 0.883015 0.000000 
50.000000 46.161731 42.369746 38.668658 35.099830 31.700000 28.500166 25.524805 22.791434 20.310534 18.085801 16.114691 14.389186 12.896725 11.621224 10.544106 9.645299 8.904138 8.300139 7.813627 7.426210 7.121095 6.883268 6.699550 6.558551 6.450551 6.367315 6.301886 6.248341 6.201555 6.156960 6.110318 6.057520 5.994399 5.916583 5.819388 5.697757 5.546264 5.359196 5.130721 4.855163 4.527389 4.143299 3.700399 3.198404 2.639802 2.030253 1.378712 0.697177 0.000000 
50.000000 46.054302 42.156185 38.351508 34.682795 31.187810 27.898421 24.839788 22.029919 19.479589 17.192598 15.166329 13.392541 11.858323 10.547138 9.439893 8.515958 7.754090 7.133239 6.633187 6.235040 5.921551 5.677311 5.488807 5.344381 5.234107 5.149615 5.083875 5.030969 4.985850 4.944110 4.901770 4.855078 4.800346 4.733818 4.651571 4.549470 4.423175 4.268213 4.080120 3.854665 3.588148 3.277766 2.922024 2.521148 2.077443 1.595520 1.082331 0.546935 0.000000 
50.000000 45.964867 41.978393 38.087480 34.335611 30.761410 27.397466 24.269509 21.395957 18.787828 16.449007 14.376820 12.562838 10.993857 9.652968 8.520646 7.575794 6.796692 6.161818 5.650504 5.243436 4.922995 4.673444 4.480996 4.333772 4.221684 4.136254 4.070406 4.018236 3.974778 3.935777 3.897486 3.856475 3.809479 3.753271 3.684575 3.600026 3.496170 3.369527 3.216698 3.034545 2.820409 2.572385 2.289608 1.972533 1.623164 1.245182 0.843930 0.426227 0.000000 
50.000000 45.891429 41.832404 37.870678 34.050529 30.411281 26.986118 23.801239 20.875395 18.219806 15.838428 13.728537 11.881551 10.284028 8.918750 7.765839 6.803814 6.010566 5.364182 4.843627 4.429246 4.103111 3.849220 3.653565 3.504088 3.390572 3.304457 3.238638 3.187231 3.145347 3.108871 3.074260 3.038366 2.998281 2.951226 2.894463 2.825253 2.740858 2.638574 2.515823 2.370281 2.200044 2.003819 1.781130 1.532504 1.259613 0.965348 0.653787 0.330042 0.000000 
50.000000 45.832038 41.714339 37.695345 33.819976 30.128123 26.653452 23.422538 20.454405 17.760434 15.344640 13.204258 11.330583 9.709978 8.324978 7.155417 6.179507 5.374820 4.719133 4.191110 3.770822 3.440095 3.182712 2.984486 2.833222 2.718598 2.631996 2.566289 2.515617 2.475164 2.440935 2.409564 2.378137 2.344048 2.304883 2.258342 2.202191 2.134250 2.052420 1.954745 1.839503 1.705327 1.551342 1.377306 1.183731 0.971977 0.744288 0.503755 0.254204 0.000000 
50.000000 45.784861 41.620552 37.556068 33.636834 29.903196 26.389196 23.121715 20.119990 17.395532 14.952399 12.787797 10.892922 9.253983 7.853317 6.670532 5.683594 4.869824 4.206749 3.672800 3.247826 2.913459 2.653315 2.453065 2.300406 2.184937 2.097996 2.032442 1.982443 1.943240 1.910944 1.882334 1.854689 1.825647 1.793091 1.755066 1.709733 1.655345 1.590265 1.512999 1.422267 1.317083 1.196853 1.061467 0.911388 0.747701 0.572134 0.387025 0.195234 0.000000 
50.000000 45.748239 41.547750 37.447953 33.494669 29.728594 26.184067 22.888200 19.860400 17.112275 14.647921 12.464519 10.553188 8.900018 7.487192 6.294143 5.298645 4.477826 3.809019 3.270472 2.841865 2.504679 2.242401 2.040593 1.886868 1.770769 1.683597 1.618209 1.568791 1.530638 1.499943 1.473604 1.449054 1.424123 1.396923 1.365770 1.329126 1.285573 1.233817 1.172704 1.101272 1.018801 0.924883 0.819484 0.703001 0.576294 0.440692 0.297967 0.150264 0.000000 
50.000000 45.720735 41.493076 37.366759 33.387903 29.597468 26.030014 22.712830 19.665447 16.899549 14.419259 12.221738 10.298049 8.634191 7.212235 6.011477 5.009553 4.183440 3.510331 2.968332 2.537000 2.197702 1.933826 1.730857 1.576344 1.459786 1.372464 1.307229 1.258286 1.220973 1.191546 1.166994 1.144869 1.123145 1.100111 1.074282 1.044344 1.009120 0.967563 0.918767 0.861990 0.796695 0.722596 0.639699 0.548336 0.449193 0.343301 0.232019 0.116975 0.000000 
50.000000 45.701168 41.454178 37.308994 33.311946 29.504179 25.920415 22.588065 19.526750 16.748208 14.256580 12.049015 10.116534 8.445073 7.016621 5.810380 4.803883 3.974006 3.297836 2.753383 2.320114 1.979315 1.714307 1.510516 1.355449 1.238575 1.151158 1.086049 1.037468 1.000781 0.972293 0.949060 0.928717 0.909344 0.889355 0.867404 0.842337 0.813145 0.778953 0.739020 0.692755 0.639743 0.579772 0.512867 0.439313 0.359662 0.274739 0.185612 0.093557 0.000000 
50.000000 45.688633 41.429259 37.271988 33.263285 29.444416 25.850203 22.508138 19.437898 16.651256 14.152364 11.938364 10.000252 8.323920 6.891307 5.681553 4.672128 3.839839 3.161708 2.615684 2.181175 1.839417 1.573684 1.369369 1.213951 1.096879 1.009407 0.944388 0.896048 0.859776 0.831908 0.809542 0.790367 0.772534 0.754531 0.735109 0.713209 0.687930 0.658504 0.624294 0.584803 0.539686 0.488777 0.432110 0.369933 0.302715 0.231147 0.156115 0.078675 0.000000 
50.000000 45.682520 41.417105 37.253939 33.239552 29.415268 25.815958 22.469154 19.394561 16.603968 14.101534 11.884396 9.943537 8.264830 6.830187 5.618720 4.607867 3.774401 3.095315 2.548525 2.113411 1.771185 1.505099 1.300530 1.144941 1.027774 0.940278 0.875304 0.827086 0.791020 0.763460 0.741522 0.722926 0.705853 0.688831 0.670654 0.650312 0.626956 0.599869 0.568465 0.532288 0.491029 0.444544 0.392868 0.336230 0.275060 0.209983 0.141797 0.071452 0.000000 
50.000000 45.682520 41.417105 37.253939 33.239552 29.415268 25.815958 22.469154 19.394561 16.603968 14.101534 11.884396 9.943537 8.264830 6.830187 5.618720 4.607867 3.774401 3.095315 2.548525 2.113411 1.771185 1.505099 1.300530 1.144941 1.027774 0.940278 0.875304 0.827086 0.791020 0.763460 0.741522 0.722926 0.705853 0.688831 0.670654 0.650312 0.626956 0.599869 0.568465 0.532288 0.491029 0.444544 0.392868 0.336230 0.275060 0.209983 0.141797 0.071452 0.000000 
50.000000 45.688633 41.429259 37.271988 33.263285 29.444416 25.850203 22.508138 19.437898 16.651256 14.152364 11.938364 10.000252 8.323920 6.891307 5.681553 4.672128 3.839839 3.161708 2.615684 2.181175 1.839417 1.573684 1.369369 1.213951 1.096879 1.009407 0.944388 0.896048 0.859776 0.831908 0.809542 0.790367 0.772534 0.754531 0.735109 0.713209 0.687930 0.658504 0.624294 0.584803 0.539686 0.488777 0.432110 0.369933 0.302715 0.231147 0.156115 0.078675 0.000000 
50.000000 45.701168 41.454178 37.308994 33.311946 29.504179 25.920415 22.588065 19.526750 16.748208 14.256580 12.049015 10.116534 8.445073 7.016621 5.810380 4.803883 3.974006 3.297836 2.753383 2.320114 1.979315 1.714307 1.510516 1.355449 1.238575 1.151158 1.086049 1.037468 1.000781 0.972293 0.949060 0.928717 0.909344 0.889355 0.867404 0.842337 0.813145 0.778953 0.739020 0.692755 0.639743 0.579772 0.512867 0.439313 0.359662 0.274739 0.185612 0.093557 0.000000 
50.000000 45.720735 41.493076 37.366759 33.387903 29.597468 26.030014 22.712830 19.665447 16.899549 14.419259 12.221738 10.298049 8.634191 7.212235 6.011477 5.009553 4.183440 3.510331 2.968332 2.537000 2.197702 1.933826 1.730857 1.576344 1.459786 1.372464 1.307229 1.258286 1.220973 1.191546 1.166994 1.144869 1.123145 1.100111 1.074282 1.044344 1.009120 0.967563 0.918767 0.861990 0.796695 0.722596 0.639699 0.548336 0.449193 0.343301 0.232019 0.116975 0.000000 
50.000000 45.748239 41.547750 37.447953 33.494669 29.728594 26.184067 22.888200 19.860400 17.112275 14.647921 12.464519 10.553188 8.900018 7.487192 6.294143 5.298645 4.477826 3.809019 3.270472 2.841865 2.504679 2.242401 2.040593 1.886868 1.770769 1.683597 1.618209 1.568791 1.530638 1.499943 1.473604 1.449054 1.424123 1.396923 1.365770 1.329126 1.285573 1.233817 1.172704 1.101272 1.018801 0.924883 0.819484 0.703001 0.576294 0.440692 0.297967 0.150264 0.000000 
50.000000 45.784861 41.620552 37.556068 33.636834 29.903196 26.389196 23.121715 20.119990 17.395532 14.952399 12.787797 10.892922 9.253983 7.853317 6.670532 5.683594 4.869824 4.206749 3.672800 3.247826 2.913459 2.653315 2.453065 2.300406 2.184937 2.097996 2.032442 1.982443 1.943240 1.910944 1.882334 1.854689 1.825647 1.793091 1.755066 1.709733 1.655345 1.590265 1.512999 1.422267 1.317083 1.196853 1.061467 0.911388 0.747701 0.572134 0.387025 0.195234 0.000000 
50.000000 45.832038 41.714339 37.695345 33.819976 30.128123 26.653452 23.422538 20.454405 17.760434 15.344640 13.204258 11.330583 9.709978 8.324978 7.155417 6.179507 5.374820 4.719133 4.191110 3.770822 3.440095 3.182712 2.984486 2.833222 2.718598 2.631996 2.566289 2.515617 2.475164 2.440935 2.409564 2.378137 2.344048 2.304883 2.258342 2.202191 2.134250 2.052420 1.954745 1.839503 1.705327 1.551342 1.377306 1.183731 0.971977 0.744288 0.503755 0.254204 0.000000 
50.000000 45.891429 41.832404 37.870678 34.050529 30.411281 26.986118 23.801239 20.875395 18.219806 15.838428 13.728537 11.881551 10.284028 8.918750 7.765839 6.803814 6.010566 5.364182 4.843627 4.429246 4.103111 3.849220 3.653565 3.504088 3.390572 3.304457 3.238638 3.187231 3.145347 3.108871 3.074260 3.038366 2.998281 2.951226 2.894463 2.825253 2.740858 2.638574 2.515823 2.370281 2.200044 2.003819 1.781130 1.532504 1.259613 0.965348 0.653787 0.330042 0.000000 
50.000000 45.964867 41.978393 38.087480 34.335611 30.761410 27.397466 24.269509 21.395957 18.787828 16.449007 14.376820 12.562838 10.993857 9.652968 8.520646 7.575794 6.796692 6.161818 5.650504 5.243436 4.922995 4.673444 4.480996 4.333772 4.221684 4.136254 4.070406 4.018236 3.974778 3.935777 3.897486 3.856475 3.809479 3.753271 3.684575 3.600026 3.496170 3.369527 3.216698 3.034545 2.820409 2.572385 2.289608 1.972533 1.623164 1.245182 0.843930 0.426227 0.000000 
50.000000 46.054302 42.156185 38.351508 34.682795 31.187810 27.898421 24.839788 22.029919 19.479589 17.192598 15.166329 13.392541 11.858323 10.547138 9.439893 8.515958 7.754090 7.133239 6.633187 6.235040 5.921551 5.677311 5.488807 5.344381 5.234107 5.149615 5.083875 5.030969 4.985850 4.944110 4.901770 4.855078 4.800346 4.733818 4.651571 4.549470 4.423175 4.268213 4.080120 3.854665 3.588148 3.277766 2.922024 2.521148 2.077443 1.595520 1.082331 0.546935 0.000000 
50.000000 46.161731 42.369746 38.668658 35.099830 31.700000 28.500166 25.524805 22.791434 20.310534 18.085801 16.114691 14.389186 12.896725 11.621224 10.544106 9.645299 8.904138 8.300139 7.813627 7.426210 7.121095 6.883268 6.699550 6.558551 6.450551 6.367315 6.301886 6.248341 6.201555 6.156960 6.110318 6.057520 5.994399 5.916583 5.819388 5.697757 5.546264 5.359196 5.130721 4.855163 4.527389 4.143299 3.700399 3.198404 2.639802 2.030253 1.378712 0.697177 0.000000 
50.000000 46.289110 42.622969 39.044708 35.594316 32.307312 29.213667 26.337043 23.694377 21.295802 19.144893 17.239187 15.570934 14.127990 12.894801 11.853408 10.984402 10.267800 9.683792 9.213348 8.838673 8.543514 8.313331 8.135343 7.998489 7.893299 7.811716 7.746877 7.692879 7.644526 7.597090 7.546064 7.486949 7.415049 7.325302 7.212150 7.069455 6.890493 6.668025 6.394491 6.062329 5.664457 5.194916 4.649654 4.027408 3.330571 2.565884 1.744754 0.883015 0.000000 
50.000000 46.438264 42.919478 39.485038 36.173328 33.018438 30.049133 27.288125 24.751671 22.449496 20.385030 18.555911 16.954699 15.569738 14.386099 13.386542 12.552436 11.864598 11.304009 10.852394 10.492662 10.209193 9.988005 9.816795 9.684891 9.583128 9.503671 9.439791 9.385631 9.335946 9.285855 9.230584 9.165231 9.084536 8.982687 8.853153 8.688567 8.480686 8.220441 7.898126 7.503753 7.027625 6.461147 5.797888 5.034835 4.173729 3.222244 2.194693 1.111905 0.000000 
50.000000 46.610776 43.262421 39.994327 36.843017 33.840930 31.015439 28.388156 25.974548 23.783871 21.819388 20.078852 18.555184 17.237289 16.110963 15.159799 14.366066 13.711505 13.178014 12.748194 12.405769 12.135858 11.925127 11.761833 11.635764 11.538125 11.461352 11.398897 11.344985 11.294357 11.242004 11.182905 11.111759 11.022738 10.909246 10.763709 10.577411 10.340387 10.041426 9.668223 9.207731 8.646799 7.973156 7.176787 6.251701 5.197954 4.023634 2.746309 1.393270 0.000000 
50.000000 46.807885 43.654263 40.576233 37.608195 34.780701 32.119530 29.645039 27.371796 25.308517 23.458276 21.818956 20.383890 19.142629 18.081792 17.185926 16.438328 15.821799 15.319283 14.914385 14.591762 14.337382 14.138660 13.984495 13.865220 13.772472 13.699023 13.638557 13.585434 13.534425 13.480441 13.418250 13.342195 13.245904 13.122009 12.961878 12.755369 12.490647 12.154082 11.730312 11.202532 10.553128 9.764788 8.822216 7.714524 6.438250 5.000655 3.422543 1.739464 0.000000 
50.000000 47.030384 44.096576 41.233091 38.471931 35.841518 33.365834 31.063817 28.949019 27.029549 25.308267 23.783204 22.448155 21.293401 20.306493 19.473053 18.777541 18.203952 17.736414 17.359668 17.059429 16.822623 16.637520 16.493758 16.382288 16.295261 16.225849 16.168034 16.116372 16.065726 16.010991 15.946796 15.867200 15.765363 15.633218 15.461126 15.237537 14.948684 14.578334 14.107677 13.515448 12.778434 11.872590 10.775003 9.466990 7.938437 6.193149 4.254217 2.167432 0.000000 
50.000000 47.278517 44.589851 41.965631 39.435185 37.024560 34.755735 32.646065 30.707969 28.948880 27.371417 25.973777 24.750273 23.691997 22.787540 22.023724 21.386305 20.860615 20.432100 20.086770 19.811524 19.594365 19.424519 19.292457 19.189841 19.109409 19.044808 18.990391 18.940982 18.891617 18.837262 18.772507 18.691241 18.586292 18.449037 18.268982 18.033312 17.726419 17.329450 16.819925 16.171543 15.354361 14.335644 13.081839 11.562236 9.754885 7.654972 5.284710 2.701684 0.000000 
50.000000 47.551911 45.133342 42.772744 40.496500 38.328039 36.287133 34.389392 32.645990 31.063609 29.644610 28.387367 27.286766 26.334793 25.521185 24.834087 24.260684 23.787777 23.402273 23.091581 22.843904 22.648439 22.495475 22.376410 22.283702 22.210760 22.151785 22.101578 22.055317 22.008302 21.955680 21.892137 21.811550 21.706608 21.568367 21.385754 21.144986 20.828924 20.416348 19.881209 19.191928 18.310949 17.194900 15.795992 14.065680 11.961966 9.461723 6.578186 3.379857 0.000000 
50.000000 47.849514 45.724958 43.651327 41.651795 39.746942 37.954138 36.287094 34.755626 33.365605 32.119102 31.014691 30.047879 29.211627 28.496917 27.893335 27.389623 26.974185 26.635515 26.362547 26.144913 25.973111 25.838593 25.733780 25.652013 25.587451 25.534930 25.489783 25.447630 25.404146 25.354785 25.294486 25.217320 25.116093 24.981867 24.803392 24.566417 24.252847 23.839734 23.298058 22.591354 21.674275 20.491423 18.977176 17.057964 14.659562 11.723242 8.234582 4.263769 0.000000 
50.000000 48.169571 46.361214 44.596202 42.894259 41.272906 39.746924 38.327985 37.024443 35.841296 34.780307 33.840262 33.017337 32.305539 31.697193 31.183434 30.754679 30.401054 30.112766 29.880390 29.695096 29.548788 29.434176 29.344792 29.274940 29.219610 29.174352 29.135113 29.098054 29.059332 29.014853 28.959988 28.889239 28.795839 28.671264 28.504624 28.281891 27.984909 27.590093 27.066756 26.374923 25.462600 24.262557 22.689124 20.636507 17.982254 14.603395 10.417773 5.463091 0.000000 
50.000000 48.509634 47.037239 45.600136 44.214385 42.894251 41.651770 40.496444 39.435077 38.471737 37.607859 36.842457 36.172414 35.592852 35.097522 34.679205 34.330097 34.042160 33.807414 33.618186 33.467282 33.348101 33.254703 33.181804 33.124751 33.079435 33.042192 33.009668 32.978653 32.945904 32.907921 32.860698 32.799422 32.718095 32.609074 32.462465 32.265333 32.000632 31.645737 31.170388 30.533789 29.680500 28.534673 26.992331 24.912076 22.107218 18.349375 13.409794 7.190828 0.000000 
50.000000 48.866601 47.746868 46.653974 45.600132 44.596191 43.651303 42.772696 41.965542 41.232937 40.575971 39.993892 39.484334 39.043584 38.666891 38.348764 38.083268 37.864290 37.685760 37.541841 37.427058 37.336391 37.265313 37.209801 37.166301 37.131675 37.103109 37.078016 37.053906 37.028236 36.998241 36.960721 36.911795 36.846584 36.758807 36.640245 36.480018 36.263566 35.971191 35.575902 35.040154 34.310799 33.311116 31.928151 29.992852 27.250793 23.326998 17.714806 9.907331 0.000000 
50.000000 49.236796 48.482795 47.746867 47.037235 46.361205 45.724940 45.133307 44.589789 44.096469 43.654083 43.262125 42.919000 42.622208 42.368551 42.154330 41.975550 41.828091 41.707869 41.610950 41.533647 41.472578 41.424691 41.387274 41.357927 41.334528 41.315171 41.298095 41.281598 41.263929 41.243172 41.217095 41.182971 41.137347 41.075748 40.992268 40.879014 40.725298 40.516442 40.231933 39.842496 39.305230 38.555215 37.490416 35.943469 33.627464 30.032074 24.241401 14.736921 0.000000 
50.000000 49.616083 49.236796 48.866600 48.509632 48.169566 47.849504 47.551893 47.278485 47.030329 46.807794 46.610626 46.438022 46.288726 46.161128 46.053367 45.963434 45.889257 45.828779 45.780024 45.741134 45.710409 45.686313 45.667480 45.652701 45.640905 45.631130 45.622485 45.614104 45.605097 45.594482 45.581111 45.563577 45.540090 45.508319 45.465172 45.406495 45.326616 45.217671 45.068527 44.863019 44.576876 44.172082 43.585764 42.706493 41.318815 38.959275 34.499879 24.808043 0.000000 
50.000000 50.000000 50.000000 50.000000 50.000000 50.000000 50.000000 50.000000 50.000000 50.000000 50.000000 50.000000 50.000000 50.000000 50.000000 50.000000 50.000000 50.000000 50.000000 50.000000 50.000000 50.000000 50.000000 50.000000 50.000000 50.000000 50.000000 50.000000 50.000000 50.000000 50.000000 50.000000 50.000000 50.000000 50.000000 50.000000 50.000000 50.000000 50.000000 50.000000 50.000000 50.000000 50.000000 50.000000 50.000000 50.000000 50.000000 50.000000 50.000000 50.000000 
