50.000000 50.000000 50.000000 50.000000 50.000000 50.000000 50.000000 50.000000 50.000000 50.000000 50.000000 50.000000 50.000000 50.000000 50.000000 50.000000 50.000000 50.000000 50.000000 50.000000 50.000000 50.000000 50.000000 50.000000 50.000000 50.000000 50.000000 50.000000 50.000000 50.000000 50.000000 50.000000 50.000000 50.000000 50.000000 50.000000 50.000000 50.000000 50.000000 50.000000 50.000000 50.000000 50.000000 50.000000 50.000000 50.000000 50.000000 50.000000 50.000000 50.000000 
50.000000 49.075558 48.177946 47.331659 46.556864 45.868006 45.273182 44.774282 44.367774 44.045946 43.798341 43.613176 43.478551 43.383370 43.317914 43.274118 43.245600 43.227522 43.216363 43.209654 43.205723 43.203478 43.202228 43.201547 43.201182 43.200985 43.200866 43.200770 43.200646 43.200437 43.200051 43.199329 43.197999 43.195591 43.191310 43.183838 43.171020 43.149381 43.113377 43.054215 42.957925 42.802112 42.550103 42.139623 41.458916 40.291137 38.170324 33.964902 24.537779 0.000000 
50.000000 48.177946 46.408773 44.740764 43.213662 41.855942 40.683563 39.700247 38.899035 38.264725 37.776708 37.411756 37.146418 36.958822 36.829812 36.743493 36.687286 36.651657 36.629664 36.616440 36.608694 36.604269 36.601805 36.600463 36.599744 36.599356 36.599124 36.598937 36.598702 36.598304 36.597572 36.596205 36.593690 36.589141 36.581069 36.567007 36.542942 36.502441 36.435318 36.325581 36.148206 35.863909 35.410360 34.686673 33.524836 31.635241 28.502703 23.204387 14.213044 0.000000 
50.000000 47.331659 44.740764 42.298020 40.061634 38.073304 36.356403 34.916380 33.743044 32.814131 32.099458 31.565009 31.176441 30.901720 30.712796 30.586390 30.504080 30.451905 30.419699 30.400335 30.388991 30.382513 30.378904 30.376939 30.375888 30.375321 30.374986 30.374721 30.374392 30.373845 30.372839 30.370967 30.367528 30.361323 30.350340 30.331266 30.298747 30.244278 30.154545 30.008971 29.776034 29.407707 28.830921 27.934330 26.547939 24.413463 21.149010 16.238061 9.161335 0.000000 
50.000000 46.556864 43.213662 40.061634 37.175887 34.610227 32.394814 30.536679 29.022669 27.824054 26.901886 26.212271 25.710894 25.356419 25.112650 24.949549 24.843345 24.776024 24.734470 24.709486 24.694849 24.686491 24.681835 24.679301 24.677946 24.677218 24.676793 24.676465 24.676070 24.675421 24.674235 24.672036 24.668006 24.660755 24.647963 24.625838 24.588303 24.525809 24.423623 24.259402 23.999769 23.595578 22.975454 22.037360 20.638688 18.587943 15.648171 11.578421 6.265727 0.000000 
50.000000 45.868006 41.855942 38.073304 34.610227 31.531283 28.872665 26.642808 24.825928 23.387542 22.280911 21.453356 20.851695 20.426322 20.133800 19.938080 19.810638 19.729856 19.679993 19.650013 19.632450 19.622421 19.616835 19.613796 19.612172 19.611303 19.610802 19.610428 19.609996 19.609297 19.608031 19.605691 19.601418 19.593756 19.580293 19.557118 19.518024 19.453379 19.348560 19.181841 18.921628 18.523017 17.923789 17.040407 15.765642 13.971539 11.525365 8.331106 4.409089 0.000000 
50.000000 45.273182 40.683563 36.356403 32.394814 28.872665 25.831357 23.280539 21.202150 19.556744 18.290848 17.344200 16.655959 16.169378 15.834766 15.610888 15.465113 15.372710 15.315675 15.281384 15.261295 15.249824 15.243436 15.239961 15.238106 15.237118 15.236557 15.236154 15.235709 15.235010 15.233754 15.231445 15.227244 15.219740 15.206613 15.184134 15.146447 15.084584 14.985157 14.828685 14.587597 14.224039 13.687877 12.915679 11.832258 10.357454 8.422073 5.996891 3.133559 0.000000 
50.000000 44.774282 39.700247 34.916380 30.536679 26.642808 23.280539 20.460536 18.162829 16.343806 14.944347 13.897826 13.136981 12.599075 12.229171 11.981683 11.820536 11.718391 11.655343 11.617437 11.595231 11.582552 11.575491 11.571651 11.569604 11.568518 11.567912 11.567495 11.567060 11.566399 11.565226 11.563084 11.559201 11.552295 11.540273 11.519797 11.485686 11.430114 11.341582 11.203707 10.993894 10.682123 10.230268 9.592662 8.719020 7.561225 6.085459 4.289888 2.224179 0.000000 
50.000000 44.367774 38.899035 33.743044 29.022669 24.825928 21.202150 18.162829 15.686438 13.725968 12.217698 11.089816 10.269826 9.690111 9.291460 9.024741 8.851074 8.740993 8.673049 8.632200 8.608270 8.594606 8.586998 8.582862 8.580660 8.579496 8.578857 8.578438 8.578028 8.577432 8.576393 8.574507 8.571106 8.565084 8.554650 8.536978 8.507727 8.460424 8.385713 8.270521 8.097250 7.843219 7.480707 6.978111 6.302910 5.427091 4.335338 3.035126 1.565662 0.000000 
50.000000 44.045946 38.264725 32.814131 27.824054 23.387542 19.556744 16.343806 13.725968 11.653531 10.059131 8.866851 8.000049 7.387243 6.965842 6.683904 6.500329 6.383971 6.312152 6.268974 6.243680 6.229238 6.221197 6.216827 6.214502 6.213280 6.212619 6.212204 6.211829 6.211313 6.210433 6.208850 6.206009 6.201003 6.192371 6.177832 6.153917 6.115520 6.055371 5.963496 5.826766 5.628718 5.349912 4.969148 4.465915 3.824285 3.038097 2.116519 1.088021 0.000000 
50.000000 43.798341 37.776708 32.099458 26.901886 22.280911 18.290848 14.944347 12.217698 10.059131 8.398479 7.156664 6.253857 5.615601 5.176703 4.883062 4.691868 4.570682 4.495884 4.450916 4.424574 4.409533 4.401160 4.396610 4.394192 4.392925 4.392250 4.391846 4.391509 4.391076 4.390361 4.389088 4.386816 4.382832 4.375995 4.364541 4.345815 4.315953 4.269533 4.199239 4.095636 3.947177 3.740639 3.462163 3.099070 2.642484 2.090487 1.451126 0.744127 0.000000 
50.000000 43.613176 37.411756 31.565009 26.212271 21.453356 17.344200 13.897826 11.089816 8.866851 7.156664 5.877815 4.948091 4.290811 3.838833 3.536444 3.339557 3.214762 3.137738 3.091432 3.064307 3.048819 3.040197 3.035514 3.033027 3.031728 3.031045 3.030652 3.030353 3.030000 3.029439 3.028454 3.026709 3.023663 3.018462 3.009792 2.995700 2.973371 2.938908 2.887131 2.811480 2.704103 2.556244 2.359043 2.104796 1.788648 1.410464 0.976438 0.499799 0.000000 
50.000000 43.478551 37.146418 31.176441 25.710894 20.851695 16.655959 13.136981 10.269826 8.000049 6.253857 4.948091 3.998804 3.327697 2.866215 2.557469 2.356444 2.229028 2.150387 2.103109 2.075415 2.059603 2.050801 2.046020 2.043483 2.042162 2.041474 2.041094 2.040828 2.040545 2.040118 2.039384 2.038093 2.035850 2.032039 2.025718 2.015498 1.999402 1.974720 1.937904 1.884529 1.809402 1.706868 1.571375 1.398317 1.185085 0.932163 0.643978 0.329171 0.000000 
50.000000 43.383370 36.958822 30.901720 25.356419 20.426322 16.169378 12.599075 9.690111 7.387244 5.615602 4.290811 3.327697 2.646819 2.178620 1.865383 1.661435 1.532167 1.452383 1.404419 1.376323 1.360282 1.351352 1.346503 1.343932 1.342595 1.341906 1.341536 1.341298 1.341073 1.340756 1.340227 1.339305 1.337711 1.335016 1.330567 1.323410 1.312199 1.295111 1.269787 1.233326 1.182384 1.113389 1.022931 0.908299 0.768116 0.602973 0.415880 0.212350 0.000000 
50.000000 43.317914 36.829812 30.712797 25.112650 20.133800 15.834766 12.229172 9.291460 6.965842 5.176703 3.838834 2.866215 2.178621 1.705806 1.389481 1.183524 1.052984 0.972415 0.923979 0.895607 0.879409 0.870392 0.865496 0.862901 0.861554 0.860864 0.860503 0.860288 0.860108 0.859878 0.859507 0.858869 0.857775 0.855932 0.852903 0.848054 0.840497 0.829042 0.812162 0.788010 0.754482 0.709375 0.650633 0.576682 0.486812 0.381531 0.262805 0.134076 0.000000 
50.000000 43.274118 36.743494 30.586391 24.949549 19.938081 15.610889 11.981684 9.024742 6.683905 4.883062 3.536445 2.557470 1.865384 1.389482 1.071093 0.863793 0.732402 0.651309 0.602558 0.574001 0.557698 0.548623 0.543695 0.541084 0.539731 0.539041 0.538687 0.538489 0.538342 0.538176 0.537923 0.537496 0.536768 0.535548 0.533551 0.530369 0.525432 0.517984 0.507068 0.491534 0.470092 0.441412 0.404276 0.357788 0.301586 0.236051 0.162425 0.082808 0.000000 
50.000000 43.245600 36.687287 30.504081 24.843346 19.810640 15.465114 11.820538 8.851075 6.500331 4.691870 3.339559 2.356446 1.661437 1.183526 0.863795 0.655621 0.523676 0.442242 0.393285 0.364609 0.348237 0.339124 0.334176 0.331555 0.330198 0.329509 0.329160 0.328973 0.328851 0.328731 0.328562 0.328283 0.327814 0.327030 0.325754 0.323728 0.320598 0.315898 0.309041 0.299330 0.285994 0.268244 0.245376 0.216885 0.182593 0.142759 0.098146 0.050009 0.000000 
50.000000 43.227523 36.651658 30.451907 24.776027 19.729859 15.372714 11.718395 8.740998 6.383975 4.570687 3.214767 2.229033 1.532172 1.052989 0.732406 0.523679 0.391384 0.309733 0.260647 0.231895 0.215480 0.206343 0.201382 0.198755 0.197395 0.196706 0.196361 0.196183 0.196078 0.195989 0.195877 0.195700 0.195405 0.194917 0.194125 0.192873 0.190945 0.188063 0.183875 0.177970 0.169896 0.159198 0.145474 0.128444 0.108024 0.084381 0.057970 0.029524 0.000000 
50.000000 43.216365 36.629667 30.419704 24.734477 19.680001 15.315684 11.655352 8.673059 6.312163 4.495895 3.137750 2.150398 1.452395 0.972427 0.651320 0.442251 0.309740 0.227956 0.178790 0.149991 0.133549 0.124398 0.119429 0.116798 0.115437 0.114748 0.114405 0.114233 0.114139 0.114071 0.113996 0.113886 0.113706 0.113411 0.112933 0.112180 0.111026 0.109307 0.106818 0.103323 0.098562 0.092278 0.084247 0.074317 0.062447 0.048742 0.033465 0.017037 0.000000 
50.000000 43.209658 36.616448 30.400347 24.709501 19.650031 15.281404 11.617459 8.632223 6.268999 4.450941 3.091458 2.103136 1.404446 0.924006 0.602584 0.393311 0.260670 0.178806 0.129592 0.100764 0.084307 0.075146 0.070173 0.067539 0.066177 0.065489 0.065148 0.064980 0.064892 0.064838 0.064787 0.064719 0.064612 0.064437 0.064157 0.063717 0.063045 0.062046 0.060606 0.058590 0.055854 0.052255 0.047670 0.042018 0.035280 0.027519 0.018885 0.009611 0.000000 
50.000000 43.205732 36.608711 30.389017 24.694883 19.632490 15.261341 11.595281 8.608324 6.243737 4.424632 3.064367 2.075476 1.376384 0.895669 0.574063 0.364670 0.231953 0.150042 0.100800 0.071956 0.055489 0.046323 0.041347 0.038712 0.037350 0.036662 0.036322 0.036155 0.036073 0.036026 0.035990 0.035948 0.035885 0.035785 0.035625 0.035374 0.034992 0.034427 0.033614 0.032480 0.030945 0.028932 0.026376 0.023233 0.019495 0.015198 0.010425 0.005304 0.000000 
50.000000 43.203498 36.604309 30.382570 24.686565 19.622509 15.249925 11.582662 8.594725 6.229363 4.409663 3.048952 2.059738 1.360419 0.879547 0.557836 0.348374 0.215614 0.133677 0.084419 0.055566 0.039093 0.029925 0.024947 0.022311 0.020949 0.020261 0.019921 0.019756 0.019676 0.019635 0.019607 0.019581 0.019544 0.019487 0.019398 0.019258 0.019046 0.018733 0.018284 0.017659 0.016816 0.015713 0.014316 0.012602 0.010568 0.008235 0.005646 0.002872 0.000000 
50.000000 43.202271 36.601890 30.379028 24.681995 19.617027 15.243654 11.575730 8.587255 6.221468 4.401440 3.040485 2.051094 1.351649 0.870691 0.548922 0.339423 0.206640 0.124688 0.075421 0.046563 0.030088 0.020917 0.015939 0.013303 0.011940 0.011252 0.010913 0.010749 0.010670 0.010631 0.010609 0.010591 0.010570 0.010538 0.010488 0.010410 0.010293 0.010121 0.009875 0.009534 0.009074 0.008475 0.007717 0.006789 0.005691 0.004432 0.003038 0.001545 0.000000 
50.000000 43.201639 36.600644 30.377204 24.679641 19.614202 15.240423 11.572160 8.583407 6.217401 4.397205 3.036124 2.046641 1.347132 0.866130 0.544331 0.334813 0.202017 0.120058 0.070787 0.041926 0.025449 0.016278 0.011299 0.008663 0.007300 0.006612 0.006273 0.006109 0.006032 0.005994 0.005975 0.005961 0.005948 0.005929 0.005900 0.005855 0.005788 0.005690 0.005550 0.005356 0.005095 0.004756 0.004329 0.003806 0.003189 0.002483 0.001701 0.000865 0.000000 
50.000000 43.201374 36.600121 30.376438 24.678653 19.613016 15.239066 11.570660 8.581791 6.215692 4.395426 3.034292 2.044771 1.345234 0.864213 0.542403 0.332876 0.200076 0.118113 0.068840 0.039978 0.023500 0.014329 0.009350 0.006713 0.005351 0.004663 0.004324 0.004160 0.004083 0.004046 0.004028 0.004017 0.004006 0.003993 0.003973 0.003942 0.003896 0.003830 0.003734 0.003603 0.003426 0.003197 0.002908 0.002556 0.002141 0.001666 0.001141 0.000580 0.000000 
50.000000 43.201374 36.600121 30.376438 24.678653 19.613016 15.239066 11.570660 8.581791 6.215692 4.395426 3.034292 2.044771 1.345234 0.864213 0.542403 0.332876 0.200076 0.118113 0.068840 0.039978 0.023500 0.014329 0.009350 0.006713 0.005351 0.004663 0.004324 0.004160 0.004083 0.004046 0.004028 0.004017 0.004006 0.003993 0.003973 0.003942 0.003896 0.003830 0.003734 0.003603 0.003426 0.003197 0.002908 0.002556 0.002141 0.001666 0.001141 0.000580 0.000000 
50.000000 43.201639 36.600644 30.377204 24.679641 19.614202 15.240423 11.572160 8.583407 6.217401 4.397205 3.036124 2.046641 1.347132 0.866130 0.544331 0.334813 0.202017 0.120058 0.070787 0.041926 0.025449 0.016278 0.011299 0.008663 0.007300 0.006612 0.006273 0.006109 0.006032 0.005994 0.005975 0.005961 0.005948 0.005929 0.005900 0.005855 0.005788 0.005690 0.005550 0.005356 0.005095 0.004756 0.004329 0.003806 0.003189 0.002483 0.001701 0.000865 0.000000 
50.000000 43.202271 36.601890 30.379028 24.681995 19.617027 15.243654 11.575730 8.587255 6.221468 4.401440 3.040485 2.051094 1.351649 0.870691 0.548922 0.339423 0.206640 0.124688 0.075421 0.046563 0.030088 0.020917 0.015939 0.013303 0.011940 0.011252 0.010913 0.010749 0.010670 0.010631 0.010609 0.010591 0.010570 0.010538 0.010488 0.010410 0.010293 0.010121 0.009875 0.009534 0.009074 0.008475 0.007717 0.006789 0.005691 0.004432 0.003038 0.001545 0.000000 
50.000000 43.203498 36.604309 30.382570 24.686565 19.622509 15.249925 11.582662 8.594725 6.229363 4.409663 3.048952 2.059738 1.360419 0.879547 0.557836 0.348374 0.215614 0.133677 0.084419 0.055566 0.039093 0.029925 0.024947 0.022311 0.020949 0.020261 0.019921 0.019756 0.019676 0.019635 0.019607 0.019581 0.019544 0.019487 0.019398 0.019258 0.019046 0.018733 0.018284 0.017659 0.016816 0.015713 0.014316 0.012602 0.010568 0.008235 0.005646 0.002872 0.000000 
50.000000 43.205732 36.608711 30.389017 24.694883 19.632490 15.261341 11.595281 8.608324 6.243737 4.424632 3.064367 2.075476 1.376384 0.895669 0.574063 0.364670 0.231953 0.150042 0.100800 0.071956 0.055489 0.046323 0.041347 0.038712 0.037350 0.036662 0.036322 0.036155 0.036073 0.036026 0.035990 0.035948 0.035885 0.035785 0.035625 0.035374 0.034992 0.034427 0.033614 0.032480 0.030945 0.028932 0.026376 0.023233 0.019495 0.015198 0.010425 0.005304 0.000000 
50.000000 43.209658 36.616448 30.400347 24.709501 19.650031 15.281404 11.617459 8.632223 6.268999 4.450941 3.091458 2.103136 1.404446 0.924006 0.602584 0.393311 0.260670 0.178806 0.129592 0.100764 0.084307 0.075146 0.070173 0.067539 0.066177 0.065489 0.065148 0.064980 0.064892 0.064838 0.064787 0.064719 0.064612 0.064437 0.064157 0.063717 0.063045 0.062046 0.060606 0.058590 0.055854 0.052255 0.047670 0.042018 0.035280 0.027519 0.018885 0.009611 0.000000 
50.000000 43.216365 36.629667 30.419704 24.734477 19.680001 15.315684 11.655352 8.673059 6.312163 4.495895 3.137750 2.150398 1.452395 0.972427 0.651320 0.442251 0.309740 0.227956 0.178790 0.149991 0.133549 0.124398 0.119429 0.116798 0.115437 0.114748 0.114405 0.114233 0.114139 0.114071 0.113996 0.113886 0.113706 0.113411 0.112933 0.112180 0.111026 0.109307 0.106818 0.103323 0.098562 0.092278 0.084247 0.074317 0.062447 0.048742 0.033465 0.017037 0.000000 
50.000000 43.227523 36.651658 30.451907 24.776027 19.729859 15.372714 11.718395 8.740998 6.383975 4.570687 3.214767 2.229033 1.532172 1.052989 0.732406 0.523679 0.391384 0.309733 0.260647 0.231895 0.215480 0.206343 0.201382 0.198755 0.197395 0.196706 0.196361 0.196183 0.196078 0.195989 0.195877 0.195700 0.195405 0.194917 0.194125 0.192873 0.190945 0.188063 0.183875 0.177970 0.169896 0.159198 0.145474 0.128444 0.108024 0.084381 0.057970 0.029524 0.000000 
50.000000 43.245600 36.687287 30.504081 24.843346 19.810640 15.465114 11.820538 8.851075 6.500331 4.691870 3.339559 2.356446 1.661437 1.183526 0.863795 0.655621 0.523676 0.442242 0.393285 0.364609 0.348237 0.339124 0.334176 0.331555 0.330198 0.329509 0.329160 0.328973 0.328851 0.328731 0.328562 0.328283 0.327814 0.327030 0.325754 0.323728 0.320598 0.315898 0.309041 0.299330 0.285994 0.268244 0.245376 0.216885 0.182593 0.142759 0.098146 0.050009 0.000000 
50.000000 43.274118 36.743494 30.586391 24.949549 19.938081 15.610889 11.981684 9.024742 6.683905 4.883062 3.536445 2.557470 1.865384 1.389482 1.071093 0.863793 0.732402 0.651309 0.602558 0.574001 0.557698 0.548623 0.543695 0.541084 0.539731 0.539041 0.538687 0.538489 0.538342 0.538176 0.537923 0.537496 0.536768 0.535548 0.533551 0.530369 0.525432 0.517984 0.507068 0.491534 0.470092 0.441412 0.404276 0.357788 0.301586 0.236051 0.162425 0.082808 0.000000 
50.000000 43.317914 36.829812 30.712797 25.112650 20.133800 15.834766 12.229172 9.291460 6.965842 5.176703 3.838834 2.866215 2.178621 1.705806 1.389481 1.183524 1.052984 0.972415 0.923979 0.895607 0.879409 0.870392 0.865496 0.862901 0.861554 0.860864 0.860503 0.860288 0.860108 0.859878 0.859507 0.858869 0.857775 0.855932 0.852903 0.848054 0.840497 0.829042 0.812162 0.788010 0.754482 0.709375 0.650633 0.576682 0.486812 0.381531 0.262805 0.134076 0.000000 
50.000000 43.383370 36.958822 30.901720 25.356419 20.426322 16.169378 12.599075 9.690111 7.387244 5.615602 4.290811 3.327697 2.646819 2.178620 1.865383 1.661435 1.532167 1.452383 1.404419 1.376323 1.360282 1.351352 1.346503 1.343932 1.342595 1.341906 1.341536 1.341298 1.341073 1.340756 1.340227 1.339305 1.337711 1.335016 1.330567 1.323410 1.312199 1.295111 1.269787 1.233326 1.182384 1.113389 1.022931 0.908299 0.768116 0.602973 0.415880 0.212350 0.000000 
50.000000 43.478551 37.146418 31.176441 25.710894 20.851695 16.655959 13.136981 10.269826 8.000049 6.253857 4.948091 3.998804 3.327697 2.866215 2.557469 2.356444 2.229028 2.150387 2.103109 2.075415 2.059603 2.050801 2.046020 2.043483 2.042162 2.041474 2.041094 2.040828 2.040545 2.040118 2.039384 2.038093 2.035850 2.032039 2.025718 2.015498 1.999402 1.974720 1.937904 1.884529 1.809402 1.706868 1.571375 1.398317 1.185085 0.932163 0.643978 0.329171 0.000000 
50.000000 43.613176 37.411756 31.565009 26.212271 21.453356 17.344200 13.897826 11.089816 8.866851 7.156664 5.877815 4.948091 4.290811 3.838833 3.536444 3.339557 3.214762 3.137738 3.091432 3.064307 3.048819 3.040197 3.035514 3.033027 3.031728 3.031045 3.030652 3.030353 3.030000 3.029439 3.028454 3.026709 3.023663 3.018462 3.009792 2.995700 2.973371 2.938908 2.887131 2.811480 2.704103 2.556244 2.359043 2.104796 1.788648 1.410464 0.976438 0.499799 0.000000 
50.000000 43.798341 37.776708 32.099458 26.901886 22.280911 18.290848 14.944347 12.217698 10.059131 8.398479 7.156664 6.253857 5.615601 5.176703 4.883062 4.691868 4.570682 4.495884 4.450916 4.424574 4.409533 4.401160 4.396610 4.394192 4.392925 4.392250 4.391846 4.391509 4.391076 4.390361 4.389088 4.386816 4.382832 4.375995 4.364541 4.345815 4.315953 4.269533 4.199239 4.095636 3.947177 3.740639 3.462163 3.099070 2.642484 2.090487 1.451126 0.744127 0.000000 
50.000000 44.045946 38.264725 32.814131 27.824054 23.387542 19.556744 16.343806 13.725968 11.653531 10.059131 8.866851 8.000049 7.387243 6.965842 6.683904 6.500329 6.383971 6.312152 6.268974 6.243680 6.229238 6.221197 6.216827 6.214502 6.213280 6.212619 6.212204 6.211829 6.211313 6.210433 6.208850 6.206009 6.201003 6.192371 6.177832 6.153917 6.115520 6.055371 5.963496 5.826766 5.628718 5.349912 4.969148 4.465915 3.824285 3.038097 2.116519 1.088021 0.000000 
50.000000 44.367774 38.899035 33.743044 29.022669 24.825928 21.202150 18.162829 15.686438 13.725968 12.217698 11.089816 10.269826 9.690111 9.291460 9.024741 8.851074 8.740993 8.673049 8.632200 8.608270 8.594606 8.586998 8.582862 8.580660 8.579496 8.578857 8.578438 8.578028 8.577432 8.576393 8.574507 8.571106 8.565084 8.554650 8.536978 8.507727 8.460424 8.385713 8.270521 8.097250 7.843219 7.480707 6.978111 6.302910 5.427091 4.335338 3.035126 1.565662 0.000000 
50.000000 44.774282 39.700247 34.916380 30.536679 26.642808 23.280539 20.460536 18.162829 16.343806 14.944347 13.897826 13.136981 12.599075 12.229171 11.981683 11.820536 11.718391 11.655343 11.617437 11.595231 11.582552 11.575491 11.571651 11.569604 11.568518 11.567912 11.567495 11.567060 11.566399 11.565226 11.563084 11.559201 11.552295 11.540273 11.519797 11.485686 11.430114 11.341582 11.203707 10.993894 10.682123 10.230268 9.592662 8.719020 7.561225 6.085459 4.289888 2.224179 0.000000 
50.000000 45.273182 40.683563 36.356403 32.394814 28.872665 25.831357 23.280539 21.202150 19.556744 18.290848 17.344200 16.655959 16.169378 15.834766 15.610888 15.465113 15.372710 15.315675 15.281384 15.261295 15.249824 15.243436 15.239961 15.238106 15.237118 15.236557 15.236154 15.235709 15.235010 15.233754 15.231445 15.227244 15.219740 15.206613 15.184134 15.146447 15.084584 14.985157 14.828685 14.587597 14.224039 13.687877 12.915679 11.832258 10.357454 8.422073 5.996891 3.133559 0.000000 
50.000000 45.868006 41.855942 38.073304 34.610227 31.531283 28.872665 26.642808 24.825928 23.387542 22.280911 21.453356 20.851695 20.426322 20.133800 19.938080 19.810638 19.729856 19.679993 19.650013 19.632450 19.622421 19.616835 19.613796 19.612172 19.611303 19.610802 19.610428 19.609996 19.609297 19.608031 19.605691 19.601418 19.593756 19.580293 19.557118 19.518024 19.453379 19.348560 19.181841 18.921628 18.523017 17.923789 17.040407 15.765642 13.971539 11.525365 8.331106 4.409089 0.000000 
50.000000 46.556864 43.213662 40.061634 37.175887 34.610227 32.394814 30.536679 29.022669 27.824054 26.901886 26.212271 25.710894 25.356419 25.112650 24.949549 24.843345 24.776024 24.734470 24.709486 24.694849 24.686491 24.681835 24.679301 24.677946 24.677218 24.676793 24.676465 24.676070 24.675421 24.674235 24.672036 24.668006 24.660755 24.647963 24.625838 24.588303 24.525809 24.423623 24.259402 23.999769 23.595578 22.975454 22.037360 20.638688 18.587943 15.648171 11.578421 6.265727 0.000000 
50.000000 47.331659 44.740764 42.298020 40.061634 38.073304 36.356403 34.916380 33.743044 32.814131 32.099458 31.565009 31.176441 30.901720 30.712796 30.586390 30.504080 30.451905 30.419699 30.400335 30.388991 30.382513 30.378904 30.376939 30.375888 30.375321 30.374986 30.374721 30.374392 30.373845 30.372839 30.370967 30.367528 30.361323 30.350340 30.331266 30.298747 30.244278 30.154545 30.008971 29.776034 29.407707 28.830921 27.934330 26.547939 24.413463 21.149010 16.238061 9.161335 0.000000 
50.000000 48.177946 46.408773 44.740764 43.213662 41.855942 40.683563 39.700247 38.899035 38.264725 37.776708 37.411756 37.146418 36.958822 36.829812 36.743493 36.687286 36.651657 36.629664 36.616440 36.608694 36.604269 36.601805 36.600463 36.599744 36.599356 36.599124 36.598937 36.598702 36.598304 36.597572 36.596205 36.593690 36.589141 36.581069 36.567007 36.542942 36.502441 36.435318 36.325581 36.148206 35.863909 35.410360 34.686673 33.524836 31.635241 28.502703 23.204387 14.213044 0.000000 
50.000000 49.075558 48.177946 47.331659 46.556864 45.868006 45.273182 44.774282 44.367774 44.045946 43.798341 43.613176 43.478551 43.383370 43.317914 43.274118 43.245600 43.227522 43.216363 43.209654 43.205723 43.203478 43.202228 43.201547 43.201182 43.200985 43.200866 43.200770 43.200646 43.200437 43.200051 43.199329 43.197999 43.195591 43.191310 43.183838 43.171020 43.149381 43.113377 43.054215 42.957925 42.802112 42.550103 42.139623 41.458916 40.291137 38.170324 33.964902 24.537779 0.000000 
50.000000 50.000000 50.000000 50.000000 50.000000 50.000000 50.000000 50.000000 50.000000 50.000000 50.000000 50.000000 50.000000 50.000000 50.000000 50.000000 50.000000 50.000000 50.000000 50.000000 50.000000 50.000000 50.000000 50.000000 50.000000 50.000000 50.000000 50.000000 50.000000 50.000000 50.000000 50.000000 50.000000 50.000000 50.000000 50.000000 50.000000 50.000000 50.000000 50.000000 50.000000 50.000000 50.000000 50.000000 50.000000 50.000000 50.000000 50.000000 50.000000 50.000000 
