50.000000 50.000000 50.000000 50.000000 50.000000 50.000000 50.000000 50.000000 50.000000 50.000000 50.000000 50.000000 50.000000 50.000000 50.000000 50.000000 50.000000 50.000000 50.000000 50.000000 50.000000 50.000000 50.000000 50.000000 50.000000 50.000000 50.000000 50.000000 50.000000 50.000000 50.000000 50.000000 50.000000 50.000000 50.000000 50.000000 50.000000 50.000000 50.000000 50.000000 50.000000 50.000000 50.000000 50.000000 50.000000 50.000000 50.000000 50.000000 50.000000 50.000000 
50.000000 49.833903 49.668671 49.505155 49.344179 49.186526 49.032926 48.884047 48.740484 48.602753 48.471283 48.346413 48.228392 48.117371 48.013414 47.916492 47.826488 47.743201 47.666354 47.595589 47.530482 47.470536 47.415189 47.363812 47.315707 47.270102 47.226140 47.182871 47.139227 47.093998 47.045792 46.992987 46.933657 46.865477 46.785583 46.690379 46.575247 46.434119 46.258819 46.037999 45.755392 45.386749 44.894204 44.215169 43.238630 41.749673 39.285494 34.718850 24.917981 0.000000 
50.000000 49.668718 49.339161 49.013027 48.691958 48.377517 48.071161 47.774222 47.487887 47.213183 46.950969 46.701921 46.466532 46.245111 46.037781 45.844485 45.664992 45.498905 45.345669 45.204576 45.074781 44.955297 44.845009 44.742669 44.646892 44.556150 44.468749 44.382812 44.296234 44.206635 44.111287 44.007016 43.890071 43.755937 43.599086 43.412609 43.187700 42.912887 42.572870 42.146713 41.604938 40.904683 39.981327 38.733394 36.994337 34.478311 30.676276 24.673811 14.954019 0.000000 
50.000000 49.505343 49.013263 48.526294 48.046889 47.577381 47.119945 46.676572 46.249033 45.838865 45.447348 45.075493 44.724039 44.393447 44.083902 43.795322 43.527365 43.279441 43.050726 42.840170 42.646516 42.468303 42.303877 42.151389 42.008794 41.873833 41.744017 41.616585 41.488457 41.356159 41.215729 41.062578 40.891313 40.695489 40.467272 40.196964 39.872337 39.477676 38.992365 38.388786 37.629093 36.660192 35.405798 33.753773 31.536264 28.500401 24.273095 18.349848 10.226161 0.000000 
50.000000 49.344655 48.692724 48.047564 47.412427 46.790403 46.184375 45.596979 45.030565 44.487168 43.968485 43.475859 43.010269 42.572328 42.162286 41.780037 41.425133 41.096800 40.793952 40.515211 40.258923 40.023172 39.805786 39.604346 39.416177 39.238337 39.067588 38.900355 38.732663 38.560055 38.377473 38.179099 37.958149 37.706588 37.414747 37.070807 36.660078 36.164007 35.558774 34.813299 33.886391 32.722672 31.246852 29.356003 26.910273 23.724978 19.574169 14.231888 7.603564 0.000000 
50.000000 49.187493 48.379218 47.579340 46.791889 46.020697 45.269340 44.541088 43.838853 43.165162 42.522119 41.911392 41.334198 40.791300 40.283012 39.809211 39.369349 38.962474 38.587254 38.241998 37.924673 37.632931 37.364114 37.115266 36.883125 36.664117 36.454320 36.249425 36.044664 35.834724 35.613618 35.374517 35.109532 34.809420 34.463201 34.057648 33.576605 33.000085 32.303056 31.453828 30.411938 29.125461 27.527823 25.534611 23.041874 19.929569 16.077639 11.407272 5.959866 0.000000 
50.000000 49.034650 48.074330 47.123987 46.188410 45.272154 44.379469 43.514237 42.679925 41.879534 41.115567 40.390010 39.704311 39.059384 38.455608 37.892845 37.370454 36.887320 36.441876 36.032136 35.655715 35.309857 34.991453 34.697048 34.422847 34.164698 33.918071 33.678009 33.439068 33.195216 32.939716 32.664956 32.362238 32.021501 31.630964 31.176670 30.641903 30.006454 29.245688 28.329426 27.220624 25.873998 24.234888 22.239095 19.815148 16.891564 13.412933 9.368651 4.833113 0.000000 
50.000000 48.886868 47.779536 46.683710 45.604914 44.548400 43.519069 42.521401 41.559395 40.636513 39.755646 38.919087 38.128513 37.384982 36.688943 36.040244 35.438163 34.881432 34.368268 33.896407 33.463138 33.065330 32.699458 32.361614 32.047518 31.752510 31.471526 31.199058 30.929095 30.655033 30.369562 30.064512 29.730659 29.357481 28.932852 28.442670 27.870397 27.196521 26.397939 25.447289 24.312334 22.955567 21.334410 19.402625 17.113967 14.429443 11.329571 7.831779 4.009192 0.000000 
50.000000 48.744824 47.496190 46.260532 45.044080 43.852757 42.692092 41.567140 40.482409 39.441810 38.448605 37.505384 36.614046 35.775793 34.991140 34.259932 33.581372 32.954050 32.375985 31.844661 31.357065 30.909724 30.498734 30.119784 29.768164 29.438767 29.126075 28.824123 28.526446 28.226005 27.915085 27.585160 27.226733 26.829130 26.380259 25.866325 25.271507 24.577611 23.763723 22.805925 21.677178 20.347563 18.785173 16.958095 14.838062 12.406321 9.661943 6.631611 3.377844 0.000000 
50.000000 48.609132 47.225513 45.856276 44.508324 43.188223 41.902103 40.655564 39.453609 38.300571 37.200073 36.154991 35.167436 34.238750 33.369516 32.559581 31.808080 31.113478 30.473613 29.885738 29.346567 28.852320 28.398754 27.981198 27.594569 27.233379 26.891729 26.563285 26.241237 25.918234 25.586305 25.236748 24.860002 24.445486 23.981427 23.454661 22.850431 22.152206 21.341544 20.398088 19.299759 18.023340 16.545618 14.845370 12.906439 10.722034 8.299997 5.668070 2.877179 0.000000 
50.000000 48.480331 46.968584 45.472554 43.999785 42.557451 41.152252 39.790312 38.477098 37.217351 36.015034 34.873296 33.794452 32.779982 31.830537 30.945967 30.125352 29.367044 28.668718 28.027420 27.439620 26.901262 26.407806 25.954265 25.535235 25.144910 24.777080 24.425125 24.081982 23.740100 23.391378 23.027082 22.637750 22.213081 21.741816 21.211622 20.608989 19.919177 19.126233 18.213150 17.162244 15.955854 14.577485 13.013538 11.255686 9.303841 7.169373 4.877825 2.469981 0.000000 
50.000000 48.358893 46.726343 45.110768 43.520317 41.962741 40.445276 38.974540 37.556439 36.196099 34.897806 33.664968 32.500096 31.404800 30.379800 29.424954 28.539295 27.721076 26.967828 26.276412 25.643081 25.063537 24.532978 24.046149 23.597372 23.180578 22.789313 22.416742 22.055632 21.698322 21.336683 20.962062 20.565217 20.136246 19.664526 19.138652 18.546421 17.874858 17.110337 16.238831 15.246351 14.119649 12.847233 11.420759 9.836778 8.098710 6.218749 4.219201 2.132595 0.000000 
50.000000 48.245216 46.499582 44.772103 43.071493 41.406043 39.783493 38.210921 36.694648 35.240161 33.852047 32.533962 31.288599 30.117696 29.022038 28.001498 27.055067 26.180914 25.376442 24.638351 23.962703 23.344988 22.780180 22.262793 21.786924 21.346291 20.934251 20.543816 20.167651 19.798060 19.426964 19.045870 18.645834 18.217429 17.750718 17.235251 16.660095 16.013921 15.285177 14.462373 13.534524 12.491775 11.326257 10.033147 8.611915 7.067597 5.411903 3.663809 1.849300 0.000000 
50.000000 48.139628 46.288958 44.457540 42.654612 40.888968 39.168816 37.501664 35.894217 34.352297 32.880777 31.483539 30.163453 28.922372 27.761151 26.679675 25.676905 24.750938 23.899064 23.117844 22.403173 21.750359 21.154185 20.608971 20.108630 19.646710 19.216429 18.810698 18.422132 18.043057 17.665498 17.281175 16.881490 16.457518 16.000018 15.499459 14.946090 14.330053 13.641582 12.871283 12.010543 11.052061 9.990527 8.823417 7.551848 6.181396 4.722707 3.191711 1.609251 0.000000 
50.000000 48.042393 46.094998 44.167864 42.270715 40.412807 38.602779 36.848536 35.157139 33.534719 31.986410 30.516308 29.127445 27.821785 26.600247 25.462733 24.408182 23.434626 22.539262 21.718528 20.968179 20.283366 19.658710 19.088371 18.566113 18.085354 17.639210 17.220534 16.821934 16.435793 16.054282 15.669360 15.272793 14.856157 14.410879 13.928282 13.399670 12.816465 12.170396 11.453762 10.659784 9.783047 8.820014 7.769610 6.633803 5.418111 4.131925 2.788534 1.404733 0.000000 
50.000000 47.953716 45.918107 43.903681 41.920605 39.978554 38.086564 36.252901 34.484950 32.789127 31.170806 29.634276 28.182719 26.818205 25.541711 24.353161 23.251474 22.234630 21.299747 20.443158 19.660498 18.946786 18.296508 17.703694 17.161989 16.664711 16.204911 15.775410 15.368840 14.977672 14.594236 14.210746 13.819325 13.412030 12.980904 12.518034 12.015650 11.466254 10.862802 10.198935 9.469273 8.669764 7.798077 6.854014 5.839901 4.760895 3.625134 2.443671 1.230116 0.000000 
50.000000 47.873744 45.758584 43.665436 41.604870 39.586941 37.621040 35.715760 33.878780 32.116772 30.435327 28.838913 27.330845 25.913291 24.587284 23.352768 22.208650 21.152867 20.182468 19.293701 18.482098 17.742569 17.069488 16.456780 15.897996 15.386383 14.914947 14.476506 14.063734 13.669200 13.285406 12.904815 12.519888 12.123126 11.707123 11.264637 10.788685 10.272668 9.710530 9.096960 8.427628 7.699455 6.910910 6.062295 5.156002 4.196690 3.191340 2.149143 1.081196 0.000000 
50.000000 47.802583 45.616633 43.453437 41.323918 39.238471 37.206805 35.237802 33.339405 31.518512 29.780910 28.131225 26.572896 25.108174 23.738149 22.462782 21.280971 20.190620 19.188723 18.271453 17.434259 16.671959 15.978839 15.348738 14.775135 14.251226 13.769993 13.324264 12.906768 12.510179 12.127165 11.750423 11.372727 10.986973 10.586237 10.163852 9.713492 9.229291 8.705979 8.139052 7.524956 6.861300 6.147068 5.382817 4.570841 3.715266 2.822050 1.898854 0.954784 0.000000 
50.000000 47.740295 45.492385 43.267876 41.078004 38.933461 36.844232 34.819458 32.867307 30.994880 29.208136 27.511838 25.909533 24.403551 22.995028 21.683945 20.469195 19.348654 18.319270 17.377157 16.517695 15.735628 15.025168 14.380090 13.793817 13.259510 12.770141 12.318557 11.897546 11.499887 11.118403 10.746004 10.375740 10.000851 9.614828 9.211480 8.785023 8.330180 7.842296 7.317478 6.752744 6.146178 5.497083 4.806122 4.075408 3.308556 2.510644 1.688089 0.848427 0.000000 
50.000000 47.686915 45.385906 43.108853 40.867260 38.672074 36.533518 34.460951 32.462738 30.546155 28.717304 26.981070 25.341094 23.799773 22.358282 21.016623 19.773685 18.627323 17.574449 16.611127 15.732682 14.933800 14.208635 13.550909 12.954008 12.411067 11.915057 11.458850 11.035292 10.637260 10.257714 9.889752 9.526663 9.161978 8.789529 8.403521 7.998604 7.569963 7.113419 6.625539 6.103750 5.546461 4.953167 4.324542 3.662495 2.970177 2.251932 1.513179 0.760223 0.000000 
50.000000 47.642456 45.297219 42.976403 40.691733 38.454366 36.274727 34.162355 32.125782 30.172424 28.308509 26.539021 24.867679 23.296937 21.828006 20.460903 19.194518 18.026687 16.954294 15.973367 15.079184 14.266388 13.529086 12.860963 12.255374 11.705440 11.204135 10.744358 10.319009 9.921049 9.543558 9.179793 8.823239 8.467666 8.107186 7.736314 7.350043 6.943916 6.514112 6.057537 5.571909 5.055853 4.508973 3.931908 3.326363 2.695094 2.041852 1.371269 0.688698 0.000000 
50.000000 47.606912 45.226318 42.870515 40.551406 38.280319 36.067836 33.923644 31.856405 29.873651 27.981708 26.185640 24.489230 22.894977 21.404120 20.016693 18.731581 17.546613 16.458647 15.463685 14.556970 13.733110 12.986180 12.309835 11.697409 11.142017 10.636635 10.174190 9.747626 9.349974 8.974414 8.614328 8.263359 7.915465 7.564973 7.206642 6.835720 6.448019 6.039982 5.608755 5.152262 4.669267 4.159429 3.623335 3.062509 2.479389 1.877261 1.260159 0.632719 0.000000 
50.000000 47.580272 45.173179 42.791154 40.446234 38.149875 35.912777 33.744737 31.654515 29.649731 27.736784 25.920799 24.205605 22.593736 21.086454 19.683803 18.384669 17.186870 16.087253 15.081794 14.165716 13.333600 12.579498 11.897044 11.279560 10.720154 10.211809 9.747473 9.320124 8.922850 8.548903 8.191762 7.845187 7.503274 7.160509 6.811824 6.452655 6.079003 5.687493 5.275440 4.840901 4.382728 3.900606 3.395067 2.867495 2.320085 1.755785 1.178194 0.591436 0.000000 
50.000000 47.562523 45.137774 42.738277 40.376161 38.062963 35.809465 33.625536 31.520003 29.500541 27.573600 25.744346 24.016639 22.393035 20.874814 19.462023 18.153552 16.947213 15.839841 14.827401 13.905098 13.067499 12.308639 11.622141 11.001317 10.439274 9.929000 9.463455 9.035644 8.638691 8.265898 7.910808 7.567259 7.229437 6.891933 6.549791 6.198568 5.834385 5.453985 5.054785 4.634925 4.193308 3.729626 3.244373 2.738831 2.215038 1.675717 1.124187 0.564240 0.000000 
50.000000 47.553652 45.120078 42.711849 40.341137 38.019524 35.757829 33.565959 31.452772 29.425976 27.492041 25.656155 23.922194 22.292727 20.769039 19.351182 18.038046 16.827440 15.716195 14.700269 13.774860 12.934525 12.173294 11.484782 10.862298 10.298948 9.787723 9.321589 8.893566 8.496794 8.124602 7.770564 7.428556 7.092811 6.757969 6.419131 6.071913 5.712495 5.337676 4.944923 4.532415 4.099076 3.644603 3.169466 2.674899 2.162857 1.635954 1.097371 0.550738 0.000000 
50.000000 47.553652 45.120078 42.711849 40.341137 38.019524 35.757829 33.565959 31.452772 29.425976 27.492041 25.656155 23.922194 22.292727 20.769039 19.351182 18.038046 16.827440 15.716195 14.700269 13.774860 12.934525 12.173294 11.484782 10.862298 10.298948 9.787723 9.321589 8.893566 8.496794 8.124602 7.770564 7.428556 7.092811 6.757969 6.419131 6.071913 5.712495 5.337676 4.944923 4.532415 4.099076 3.644603 3.169466 2.674899 2.162857 1.635954 1.097371 0.550738 0.000000 
50.000000 47.562523 45.137774 42.738277 40.376161 38.062963 35.809465 33.625536 31.520003 29.500541 27.573600 25.744346 24.016639 22.393035 20.874814 19.462023 18.153552 16.947213 15.839841 14.827401 13.905098 13.067499 12.308639 11.622141 11.001317 10.439274 9.929000 9.463455 9.035644 8.638691 8.265898 7.910808 7.567259 7.229437 6.891933 6.549791 6.198568 5.834385 5.453985 5.054785 4.634925 4.193308 3.729626 3.244373 2.738831 2.215038 1.675717 1.124187 0.564240 0.000000 
50.000000 47.580272 45.173179 42.791154 40.446234 38.149875 35.912777 33.744737 31.654515 29.649731 27.736784 25.920799 24.205605 22.593736 21.086454 19.683803 18.384669 17.186870 16.087253 15.081794 14.165716 13.333600 12.579498 11.897044 11.279560 10.720154 10.211809 9.747473 9.320124 8.922850 8.548903 8.191762 7.845187 7.503274 7.160509 6.811824 6.452655 6.079003 5.687493 5.275440 4.840901 4.382728 3.900606 3.395067 2.867495 2.320085 1.755785 1.178194 0.591436 0.000000 
50.000000 47.606912 45.226318 42.870515 40.551406 38.280319 36.067836 33.923644 31.856405 29.873651 27.981708 26.185640 24.489230 22.894977 21.404120 20.016693 18.731581 17.546613 16.458647 15.463685 14.556970 13.733110 12.986180 12.309835 11.697409 11.142017 10.636635 10.174190 9.747626 9.349974 8.974414 8.614328 8.263359 7.915465 7.564973 7.206642 6.835720 6.448019 6.039982 5.608755 5.152262 4.669267 4.159429 3.623335 3.062509 2.479389 1.877261 1.260159 0.632719 0.000000 
50.000000 47.642456 45.297219 42.976403 40.691733 38.454366 36.274727 34.162355 32.125782 30.172424 28.308509 26.539021 24.867679 23.296937 21.828006 20.460903 19.194518 18.026687 16.954294 15.973367 15.079184 14.266388 13.529086 12.860963 12.255374 11.705440 11.204135 10.744358 10.319009 9.921049 9.543558 9.179793 8.823239 8.467666 8.107186 7.736314 7.350043 6.943916 6.514112 6.057537 5.571909 5.055853 4.508973 3.931908 3.326363 2.695094 2.041852 1.371269 0.688698 0.000000 
50.000000 47.686915 45.385906 43.108853 40.867260 38.672074 36.533518 34.460951 32.462738 30.546155 28.717304 26.981070 25.341094 23.799773 22.358282 21.016623 19.773685 18.627323 17.574449 16.611127 15.732682 14.933800 14.208635 13.550909 12.954008 12.411067 11.915057 11.458850 11.035292 10.637260 10.257714 9.889752 9.526663 9.161978 8.789529 8.403521 7.998604 7.569963 7.113419 6.625539 6.103750 5.546461 4.953167 4.324542 3.662495 2.970177 2.251932 1.513179 0.760223 0.000000 
50.000000 47.740295 45.492385 43.267876 41.078004 38.933461 36.844232 34.819458 32.867307 30.994880 29.208136 27.511838 25.909533 24.403551 22.995028 21.683945 20.469195 19.348654 18.319270 17.377157 16.517695 15.735628 15.025168 14.380090 13.793817 13.259510 12.770141 12.318557 11.897546 11.499887 11.118403 10.746004 10.375740 10.000851 9.614828 9.211480 8.785023 8.330180 7.842296 7.317478 6.752744 6.146178 5.497083 4.806122 4.075408 3.308556 2.510644 1.688089 0.848427 0.000000 
50.000000 47.802583 45.616633 43.453437 41.323918 39.238471 37.206805 35.237802 33.339405 31.518512 29.780910 28.131225 26.572896 25.108174 23.738149 22.462782 21.280971 20.190620 19.188723 18.271453 17.434259 16.671959 15.978839 15.348738 14.775135 14.251226 13.769993 13.324264 12.906768 12.510179 12.127165 11.750423 11.372727 10.986973 10.586237 10.163852 9.713492 9.229291 8.705979 8.139052 7.524956 6.861300 6.147068 5.382817 4.570841 3.715266 2.822050 1.898854 0.954784 0.000000 
50.000000 47.873744 45.758584 43.665436 41.604870 39.586941 37.621040 35.715760 33.878780 32.116772 30.435327 28.838913 27.330845 25.913291 24.587284 23.352768 22.208650 21.152867 20.182468 19.293701 18.482098 17.742569 17.069488 16.456780 15.897996 15.386383 14.914947 14.476506 14.063734 13.669200 13.285406 12.904815 12.519888 12.123126 11.707123 11.264637 10.788685 10.272668 9.710530 9.096960 8.427628 7.699455 6.910910 6.062295 5.156002 4.196690 3.191340 2.149143 1.081196 0.000000 
50.000000 47.953716 45.918107 43.903681 41.920605 39.978554 38.086564 36.252901 34.484950 32.789127 31.170806 29.634276 28.182719 26.818205 25.541711 24.353161 23.251474 22.234630 21.299747 20.443158 19.660498 18.946786 18.296508 17.703694 17.161989 16.664711 16.204911 15.775410 15.368840 14.977672 14.594236 14.210746 13.819325 13.412030 12.980904 12.518034 12.015650 11.466254 10.862802 10.198935 9.469273 8.669764 7.798077 6.854014 5.839901 4.760895 3.625134 2.443671 1.230116 0.000000 
50.000000 48.042393 46.094998 44.167864 42.270715 40.412807 38.602779 36.848536 35.157139 33.534719 31.986410 30.516308 29.127445 27.821785 26.600247 25.462733 24.408182 23.434626 22.539262 21.718528 20.968179 20.283366 19.658710 19.088371 18.566113 18.085354 17.639210 17.220534 16.821934 16.435793 16.054282 15.669360 15.272793 14.856157 14.410879 13.928282 13.399670 12.816465 12.170396 11.453762 10.659784 9.783047 8.820014 7.769610 6.633803 5.418111 4.131925 2.788534 1.404733 0.000000 
50.000000 48.139628 46.288958 44.457540 42.654612 40.888968 39.168816 37.501664 35.894217 34.352297 32.880777 31.483539 30.163453 28.922372 27.761151 26.679675 25.676905 24.750938 23.899064 23.117844 22.403173 21.750359 21.154185 20.608971 20.108630 19.646710 19.216429 18.810698 18.422132 18.043057 17.665498 17.281175 16.881490 16.457518 16.000018 15.499459 14.946090 14.330053 13.641582 12.871283 12.010543 11.052061 9.990527 8.823417 7.551848 6.181396 4.722707 3.191711 1.609251 0.000000 
50.000000 48.245216 46.499582 44.772103 43.071493 41.406043 39.783493 38.210921 36.694648 35.240161 33.852047 32.533962 31.288599 30.117696 29.022038 28.001498 27.055067 26.180914 25.376442 24.638351 23.962703 23.344988 22.780180 22.262793 21.786924 21.346291 20.934251 20.543816 20.167651 19.798060 19.426964 19.045870 18.645834 18.217429 17.750718 17.235251 16.660095 16.013921 15.285177 14.462373 13.534524 12.491775 11.326257 10.033147 8.611915 7.067597 5.411903 3.663809 1.849300 0.000000 
50.000000 48.358893 46.726343 45.110768 43.520317 41.962741 40.445276 38.974540 37.556439 36.196099 34.897806 33.664968 32.500096 31.404800 30.379800 29.424954 28.539295 27.721076 26.967828 26.276412 25.643081 25.063537 24.532978 24.046149 23.597372 23.180578 22.789313 22.416742 22.055632 21.698322 21.336683 20.962062 20.565217 20.136246 19.664526 19.138652 18.546421 17.874858 17.110337 16.238831 15.246351 14.119649 12.847233 11.420759 9.836778 8.098710 6.218749 4.219201 2.132595 0.000000 
50.000000 48.480331 46.968584 45.472554 43.999785 42.557451 41.152252 39.790312 38.477098 37.217351 36.015034 34.873296 33.794452 32.779982 31.830537 30.945967 30.125352 29.367044 28.668718 28.027420 27.439620 26.901262 26.407806 25.954265 25.535235 25.144910 24.777080 24.425125 24.081982 23.740100 23.391378 23.027082 22.637750 22.213081 21.741816 21.211622 20.608989 19.919177 19.126233 18.213150 17.162244 15.955854 14.577485 13.013538 11.255686 9.303841 7.169373 4.877825 2.469981 0.000000 
50.000000 48.609132 47.225513 45.856276 44.508324 43.188223 41.902103 40.655564 39.453609 38.300571 37.200073 36.154991 35.167436 34.238750 33.369516 32.559581 31.808080 31.113478 30.473613 29.885738 29.346567 28.852320 28.398754 27.981198 27.594569 27.233379 26.891729 26.563285 26.241237 25.918234 25.586305 25.236748 24.860002 24.445486 23.981427 23.454661 22.850431 22.152206 21.341544 20.398088 19.299759 18.023340 16.545618 14.845370 12.906439 10.722034 8.299997 5.668070 2.877179 0.000000 
50.000000 48.744824 47.496190 46.260532 45.044080 43.852757 42.692092 41.567140 40.482409 39.441810 38.448605 37.505384 36.614046 35.775793 34.991140 34.259932 33.581372 32.954050 32.375985 31.844661 31.357065 30.909724 30.498734 30.119784 29.768164 29.438767 29.126075 28.824123 28.526446 28.226005 27.915085 27.585160 27.226733 26.829130 26.380259 25.866325 25.271507 24.577611 23.763723 22.805925 21.677178 20.347563 18.785173 16.958095 14.838062 12.406321 9.661943 6.631611 3.377844 0.000000 
50.000000 48.886868 47.779536 46.683710 45.604914 44.548400 43.519069 42.521401 41.559395 40.636513 39.755646 38.919087 38.128513 37.384982 36.688943 36.040244 35.438163 34.881432 34.368268 33.896407 33.463138 33.065330 32.699458 32.361614 32.047518 31.752510 31.471526 31.199058 30.929095 30.655033 30.369562 30.064512 29.730659 29.357481 28.932852 28.442670 27.870397 27.196521 26.397939 25.447289 24.312334 22.955567 21.334410 19.402625 17.113967 14.429443 11.329571 7.831779 4.009192 0.000000 
50.000000 49.034650 48.074330 47.123987 46.188410 45.272154 44.379469 43.514237 42.679925 41.879534 41.115567 40.390010 39.704311 39.059384 38.455608 37.892845 37.370454 36.887320 36.441876 36.032136 35.655715 35.309857 34.991453 34.697048 34.422847 34.164698 33.918071 33.678009 33.439068 33.195216 32.939716 32.664956 32.362238 32.021501 31.630964 31.176670 30.641903 30.006454 29.245688 28.329426 27.220624 25.873998 24.234888 22.239095 19.815148 16.891564 13.412933 9.368651 4.833113 0.000000 
50.000000 49.187493 48.379218 47.579340 46.791889 46.020697 45.269340 44.541088 43.838853 43.165162 42.522119 41.911392 41.334198 40.791300 40.283012 39.809211 39.369349 38.962474 38.587254 38.241998 37.924673 37.632931 37.364114 37.115266 36.883125 36.664117 36.454320 36.249425 36.044664 35.834724 35.613618 35.374517 35.109532 34.809420 34.463201 34.057648 33.576605 33.000085 32.303056 31.453828 30.411938 29.125461 27.527823 25.534611 23.041874 19.929569 16.077639 11.407272 5.959866 0.000000 
50.000000 49.344655 48.692724 48.047564 47.412427 46.790403 46.184375 45.596979 45.030565 44.487168 43.968485 43.475859 43.010269 42.572328 42.162286 41.780037 41.425133 41.096800 40.793952 40.515211 40.258923 40.023172 39.805786 39.604346 39.416177 39.238337 39.067588 38.900355 38.732663 38.560055 38.377473 38.179099 37.958149 37.706588 37.414747 37.070807 36.660078 36.164007 35.558774 34.813299 33.886391 32.722672 31.246852 29.356003 26.910273 23.724978 19.574169 14.231888 7.603564 0.000000 
50.000000 49.505343 49.013263 48.526294 48.046889 47.577381 47.119945 46.676572 46.249033 45.838865 45.447348 45.075493 44.724039 44.393447 44.083902 43.795322 43.527365 43.279441 43.050726 42.840170 42.646516 42.468303 42.303877 42.151389 42.008794 41.873833 41.744017 41.616585 41.488457 41.356159 41.215729 41.062578 40.891313 40.695489 40.467272 40.196964 39.872337 39.477676 38.992365 38.388786 37.629093 36.660192 35.405798 33.753773 31.536264 28.500401 24.273095 18.349848 10.226161 0.000000 
50.000000 49.668718 49.339161 49.013027 48.691958 48.377517 48.071161 47.774222 47.487887 47.213183 46.950969 46.701921 46.466532 46.245111 46.037781 45.844485 45.664992 45.498905 45.345669 45.204576 45.074781 44.955297 44.845009 44.742669 44.646892 44.556150 44.468749 44.382812 44.296234 44.206635 44.111287 44.007016 43.890071 43.755937 43.599086 43.412609 43.187700 42.912887 42.572870 42.146713 41.604938 40.904683 39.981327 38.733394 36.994337 34.478311 30.676276 24.673811 14.954019 0.000000 
50.000000 49.833903 49.668671 49.505155 49.344179 49.186526 49.032926 48.884047 48.740484 48.602753 48.471283 48.346413 48.228392 48.117371 48.013414 47.916492 47.826488 47.743201 47.666354 47.595589 47.530482 47.470536 47.415189 47.363812 47.315707 47.270102 47.226140 47.182871 47.139227 47.093998 47.045792 46.992987 46.933657 46.865477 46.785583 46.690379 46.575247 46.434119 46.258819 46.037999 45.755392 45.386749 44.894204 44.215169 43.238630 41.749673 39.285494 34.718850 24.917981 0.000000 
50.000000 50.000000 50.000000 50.000000 50.000000 50.000000 50.000000 50.000000 50.000000 50.000000 50.000000 50.000000 50.000000 50.000000 50.000000 50.000000 50.000000 50.000000 50.000000 50.000000 50.000000 50.000000 50.000000 50.000000 50.000000 50.000000 50.000000 50.000000 50.000000 50.000000 50.000000 50.000000 50.000000 50.000000 50.000000 50.000000 50.000000 50.000000 50.000000 50.000000 50.000000 50.000000 50.000000 50.000000 50.000000 50.000000 50.000000 50.000000 50.000000 50.000000 
