50.000000 50.000000 50.000000 50.000000 50.000000 50.000000 50.000000 50.000000 50.000000 50.000000 50.000000 50.000000 50.000000 50.000000 50.000000 50.000000 50.000000 50.000000 50.000000 50.000000 50.000000 50.000000 50.000000 50.000000 50.000000 50.000000 50.000000 50.000000 50.000000 50.000000 50.000000 50.000000 50.000000 50.000000 50.000000 50.000000 50.000000 50.000000 50.000000 50.000000 50.000000 50.000000 50.000000 50.000000 50.000000 50.000000 50.000000 50.000000 50.000000 50.000000 
50.000000 47.373220 44.962700 42.931431 41.357668 40.234628 39.494886 39.043999 38.789017 38.654862 38.589012 38.558773 38.545748 38.540472 38.538457 38.537730 38.537481 38.537401 38.537376 38.537368 38.537366 38.537366 38.537366 38.537366 38.537366 38.537366 38.537366 38.537366 38.537366 38.537366 38.537365 38.537365 38.537364 38.537359 38.537343 38.537290 38.537124 38.536629 38.535219 38.531381 38.521399 38.496542 38.437118 38.300041 37.992424 37.311936 35.797830 32.309942 23.686610 0.000000 
50.000000 44.962700 40.340147 36.444913 33.427064 31.273572 29.855115 28.990567 28.501671 28.244458 28.118210 28.060239 28.035270 28.025156 28.021293 28.019899 28.019423 28.019268 28.019221 28.019207 28.019203 28.019202 28.019201 28.019201 28.019201 28.019201 28.019201 28.019201 28.019201 28.019201 28.019201 28.019201 28.019198 28.019190 28.019162 28.019071 28.018788 28.017946 28.015557 28.009093 27.992407 27.951291 27.854456 27.635966 27.162032 26.169217 24.151492 20.170073 12.652759 0.000000 
50.000000 42.931431 36.444913 30.979094 26.744541 23.722933 21.732753 20.519800 19.833922 19.473097 19.296004 19.214692 19.179672 19.165488 19.160071 19.158117 19.157449 19.157232 19.157165 19.157146 19.157140 19.157139 19.157138 19.157138 19.157138 19.157138 19.157138 19.157138 19.157138 19.157138 19.157138 19.157137 19.157134 19.157125 19.157092 19.156987 19.156659 19.155690 19.152958 19.145624 19.126888 19.081356 18.976114 18.744743 18.260941 17.299489 15.489547 12.293421 7.133602 0.000000 
50.000000 41.357668 33.427064 26.744541 21.567532 17.873581 15.440685 13.957997 13.119651 12.678646 12.462219 12.362855 12.320064 12.302733 12.296116 12.293729 12.292913 12.292648 12.292567 12.292543 12.292536 12.292534 12.292534 12.292534 12.292534 12.292534 12.292534 12.292534 12.292534 12.292534 12.292534 12.292533 12.292530 12.292521 12.292491 12.292391 12.292086 12.291186 12.288670 12.281977 12.265075 12.224607 12.132864 11.936246 11.538787 10.783766 9.445052 7.257847 4.045732 0.000000 
50.000000 40.234628 31.273572 23.722933 17.873581 13.700071 10.951472 9.276486 8.329473 7.831343 7.586900 7.474684 7.426362 7.406794 7.399323 7.396628 7.395707 7.395408 7.395316 7.395289 7.395281 7.395279 7.395279 7.395279 7.395279 7.395279 7.395279 7.395279 7.395279 7.395279 7.395278 7.395278 7.395276 7.395268 7.395244 7.395164 7.394920 7.394207 7.392226 7.387005 7.373975 7.343227 7.274783 7.131443 6.850035 6.334794 5.461992 4.111539 2.242205 0.000000 
50.000000 39.494886 29.855115 21.732753 15.440685 10.951472 7.995097 6.193592 5.175109 4.639423 4.376569 4.255910 4.203958 4.182921 4.174890 4.171993 4.171003 4.170682 4.170583 4.170554 4.170546 4.170544 4.170543 4.170543 4.170543 4.170543 4.170543 4.170543 4.170543 4.170543 4.170543 4.170542 4.170541 4.170536 4.170518 4.170462 4.170290 4.169792 4.168418 4.164831 4.155976 4.135358 4.090212 3.997548 3.820028 3.504439 2.988010 2.219149 1.194845 0.000000 
50.000000 39.043999 28.990567 20.519800 13.957997 9.276486 6.193592 4.315074 3.253107 2.694580 2.420534 2.294746 2.240589 2.218661 2.210290 2.207271 2.206239 2.205905 2.205802 2.205772 2.205763 2.205761 2.205760 2.205760 2.205760 2.205760 2.205760 2.205760 2.205760 2.205760 2.205760 2.205760 2.205759 2.205755 2.205744 2.205709 2.205601 2.205288 2.204434 2.202222 2.196816 2.184379 2.157537 2.103379 2.001703 1.825133 1.543686 1.136111 0.606882 0.000000 
50.000000 38.789017 28.501671 19.833922 13.119651 8.329473 5.175109 3.253107 2.166596 1.595184 1.314830 1.186151 1.130752 1.108322 1.099761 1.096673 1.095618 1.095276 1.095171 1.095140 1.095131 1.095129 1.095128 1.095128 1.095128 1.095128 1.095128 1.095128 1.095128 1.095128 1.095128 1.095128 1.095127 1.095125 1.095119 1.095098 1.095036 1.094859 1.094376 1.093137 1.090133 1.083298 1.068727 1.039751 0.986246 0.895044 0.752567 0.550380 0.292474 0.000000 
50.000000 38.654862 28.244458 19.473097 12.678646 7.831343 4.639423 2.694580 1.595184 1.017012 0.733348 0.603156 0.547107 0.524414 0.515753 0.512629 0.511562 0.511216 0.511109 0.511078 0.511069 0.511067 0.511066 0.511066 0.511066 0.511066 0.511066 0.511066 0.511066 0.511066 0.511066 0.511066 0.511065 0.511064 0.511061 0.511050 0.511018 0.510926 0.510676 0.510038 0.508506 0.505051 0.497764 0.483447 0.457368 0.413572 0.346209 0.252051 0.133463 0.000000 
50.000000 38.589012 28.118210 19.296004 12.462219 7.586900 4.376569 2.420534 1.314830 0.733348 0.448067 0.317134 0.260767 0.237947 0.229237 0.226095 0.225022 0.224674 0.224567 0.224535 0.224527 0.224524 0.224524 0.224524 0.224524 0.224523 0.224523 0.224523 0.224523 0.224523 0.224523 0.224523 0.224523 0.224523 0.224521 0.224516 0.224500 0.224456 0.224336 0.224033 0.223310 0.221693 0.218313 0.211738 0.199895 0.180242 0.150380 0.109117 0.057631 0.000000 
50.000000 38.558773 28.060239 19.214692 12.362855 7.474684 4.255910 2.294746 1.186151 0.603156 0.317134 0.185863 0.129351 0.106472 0.097740 0.094590 0.093515 0.093166 0.093058 0.093027 0.093018 0.093015 0.093015 0.093015 0.093015 0.093015 0.093015 0.093015 0.093015 0.093015 0.093015 0.093015 0.093015 0.093014 0.093014 0.093011 0.093004 0.092984 0.092931 0.092798 0.092480 0.091775 0.090312 0.087492 0.082458 0.074185 0.061734 0.044682 0.023555 0.000000 
50.000000 38.545748 28.035270 19.179672 12.320064 7.426362 4.203958 2.240589 1.130752 0.547107 0.260767 0.129351 0.072777 0.049873 0.041131 0.037978 0.036901 0.036552 0.036445 0.036413 0.036404 0.036402 0.036401 0.036401 0.036401 0.036401 0.036401 0.036401 0.036401 0.036401 0.036401 0.036401 0.036401 0.036401 0.036401 0.036400 0.036397 0.036388 0.036366 0.036311 0.036181 0.035893 0.035301 0.034166 0.032155 0.028877 0.023982 0.017324 0.009120 0.000000 
50.000000 38.540472 28.025156 19.165488 12.302733 7.406794 4.182921 2.218661 1.108322 0.524414 0.237947 0.106472 0.049873 0.026959 0.018213 0.015059 0.013982 0.013633 0.013525 0.013493 0.013484 0.013482 0.013481 0.013481 0.013481 0.013481 0.013481 0.013481 0.013481 0.013481 0.013481 0.013481 0.013481 0.013481 0.013481 0.013481 0.013480 0.013476 0.013468 0.013446 0.013396 0.013286 0.013060 0.012630 0.011874 0.010648 0.008829 0.006368 0.003348 0.000000 
50.000000 38.538457 28.021293 19.160071 12.296116 7.399323 4.174890 2.210290 1.099761 0.515753 0.229237 0.097740 0.041131 0.018213 0.009466 0.006312 0.005234 0.004885 0.004777 0.004745 0.004737 0.004734 0.004734 0.004733 0.004733 0.004733 0.004733 0.004733 0.004733 0.004733 0.004733 0.004733 0.004733 0.004733 0.004733 0.004733 0.004733 0.004732 0.004729 0.004721 0.004703 0.004663 0.004582 0.004428 0.004159 0.003725 0.003085 0.002222 0.001167 0.000000 
50.000000 38.537730 28.019899 19.158117 12.293729 7.396628 4.171993 2.207271 1.096673 0.512629 0.226095 0.094590 0.037978 0.015059 0.006312 0.003157 0.002079 0.001730 0.001622 0.001590 0.001582 0.001579 0.001579 0.001578 0.001578 0.001578 0.001578 0.001578 0.001578 0.001578 0.001578 0.001578 0.001578 0.001578 0.001578 0.001578 0.001578 0.001578 0.001577 0.001574 0.001568 0.001554 0.001527 0.001475 0.001384 0.001238 0.001024 0.000737 0.000387 0.000000 
50.000000 38.537481 28.019423 19.157449 12.292913 7.395707 4.171003 2.206239 1.095618 0.511562 0.225022 0.093515 0.036901 0.013982 0.005234 0.002079 0.001001 0.000652 0.000544 0.000513 0.000504 0.000502 0.000501 0.000501 0.000501 0.000501 0.000501 0.000501 0.000501 0.000501 0.000501 0.000501 0.000501 0.000501 0.000501 0.000501 0.000501 0.000501 0.000500 0.000499 0.000497 0.000493 0.000484 0.000467 0.000438 0.000392 0.000324 0.000233 0.000122 0.000000 
50.000000 38.537401 28.019268 19.157232 12.292648 7.395408 4.170682 2.205905 1.095276 0.511216 0.224674 0.093166 0.036552 0.013633 0.004885 0.001730 0.000652 0.000303 0.000195 0.000163 0.000155 0.000152 0.000152 0.000151 0.000151 0.000151 0.000151 0.000151 0.000151 0.000151 0.000151 0.000151 0.000151 0.000151 0.000151 0.000151 0.000151 0.000151 0.000151 0.000151 0.000150 0.000149 0.000146 0.000141 0.000132 0.000118 0.000098 0.000070 0.000037 0.000000 
50.000000 38.537376 28.019221 19.157165 12.292567 7.395316 4.170583 2.205802 1.095171 0.511109 0.224567 0.093058 0.036445 0.013525 0.004777 0.001622 0.000544 0.000195 0.000087 0.000056 0.000047 0.000044 0.000044 0.000044 0.000044 0.000044 0.000044 0.000044 0.000044 0.000044 0.000044 0.000044 0.000044 0.000044 0.000044 0.000044 0.000044 0.000044 0.000044 0.000044 0.000043 0.000043 0.000042 0.000041 0.000038 0.000034 0.000028 0.000020 0.000011 0.000000 
50.000000 38.537368 28.019207 19.157146 12.292543 7.395289 4.170554 2.205772 1.095140 0.511078 0.224535 0.093027 0.036413 0.013493 0.004745 0.001590 0.000513 0.000163 0.000056 0.000024 0.000015 0.000013 0.000012 0.000012 0.000012 0.000012 0.000012 0.000012 0.000012 0.000012 0.000012 0.000012 0.000012 0.000012 0.000012 0.000012 0.000012 0.000012 0.000012 0.000012 0.000012 0.000012 0.000012 0.000011 0.000011 0.000009 0.000008 0.000006 0.000003 0.000000 
50.000000 38.537366 28.019203 19.157140 12.292536 7.395281 4.170546 2.205763 1.095131 0.511069 0.224527 0.093018 0.036404 0.013484 0.004737 0.001582 0.000504 0.000155 0.000047 0.000015 0.000006 0.000004 0.000003 0.000003 0.000003 0.000003 0.000003 0.000003 0.000003 0.000003 0.000003 0.000003 0.000003 0.000003 0.000003 0.000003 0.000003 0.000003 0.000003 0.000003 0.000003 0.000003 0.000003 0.000003 0.000003 0.000002 0.000002 0.000001 0.000001 0.000000 
50.000000 38.537366 28.019202 19.157139 12.292534 7.395279 4.170544 2.205761 1.095129 0.511067 0.224524 0.093015 0.036402 0.013482 0.004734 0.001579 0.000502 0.000152 0.000044 0.000013 0.000004 0.000002 0.000001 0.000001 0.000001 0.000001 0.000001 0.000001 0.000001 0.000001 0.000001 0.000001 0.000001 0.000001 0.000001 0.000001 0.000001 0.000001 0.000001 0.000001 0.000001 0.000001 0.000001 0.000001 0.000001 0.000001 0.000001 0.000000 0.000000 0.000000 
50.000000 38.537366 28.019201 19.157138 12.292534 7.395279 4.170543 2.205760 1.095128 0.511066 0.224524 0.093015 0.036401 0.013481 0.004734 0.001579 0.000501 0.000152 0.000044 0.000012 0.000003 0.000001 0.000000 0.000000 0.000000 0.000000 0.000000 0.000000 0.000000 0.000000 0.000000 0.000000 0.000000 0.000000 0.000000 0.000000 0.000000 0.000000 0.000000 0.000000 0.000000 0.000000 0.000000 0.000000 0.000000 0.000000 0.000000 0.000000 0.000000 0.000000 
50.000000 38.537366 28.019201 19.157138 12.292534 7.395279 4.170543 2.205760 1.095128 0.511066 0.224524 0.093015 0.036401 0.013481 0.004733 0.001578 0.000501 0.000151 0.000044 0.000012 0.000003 0.000001 0.000000 0.000000 0.000000 0.000000 0.000000 0.000000 0.000000 0.000000 0.000000 0.000000 0.000000 0.000000 0.000000 0.000000 0.000000 0.000000 0.000000 0.000000 0.000000 0.000000 0.000000 0.000000 0.000000 0.000000 0.000000 0.000000 0.000000 0.000000 
50.000000 38.537366 28.019201 19.157138 12.292534 7.395279 4.170543 2.205760 1.095128 0.511066 0.224524 0.093015 0.036401 0.013481 0.004733 0.001578 0.000501 0.000151 0.000044 0.000012 0.000003 0.000001 0.000000 0.000000 0.000000 0.000000 0.000000 0.000000 0.000000 0.000000 0.000000 0.000000 0.000000 0.000000 0.000000 0.000000 0.000000 0.000000 0.000000 0.000000 0.000000 0.000000 0.000000 0.000000 0.000000 0.000000 0.000000 0.000000 0.000000 0.000000 
50.000000 38.537366 28.019201 19.157138 12.292534 7.395279 4.170543 2.205760 1.095128 0.511066 0.224524 0.093015 0.036401 0.013481 0.004733 0.001578 0.000501 0.000151 0.000044 0.000012 0.000003 0.000001 0.000000 0.000000 0.000000 0.000000 0.000000 0.000000 0.000000 0.000000 0.000000 0.000000 0.000000 0.000000 0.000000 0.000000 0.000000 0.000000 0.000000 0.000000 0.000000 0.000000 0.000000 0.000000 0.000000 0.000000 0.000000 0.000000 0.000000 0.000000 
50.000000 38.537366 28.019201 19.157138 12.292534 7.395279 4.170543 2.205760 1.095128 0.511066 0.224524 0.093015 0.036401 0.013481 0.004733 0.001578 0.000501 0.000151 0.000044 0.000012 0.000003 0.000001 0.000000 0.000000 0.000000 0.000000 0.000000 0.000000 0.000000 0.000000 0.000000 0.000000 0.000000 0.000000 0.000000 0.000000 0.000000 0.000000 0.000000 0.000000 0.000000 0.000000 0.000000 0.000000 0.000000 0.000000 0.000000 0.000000 0.000000 0.000000 
50.000000 38.537366 28.019201 19.157138 12.292534 7.395279 4.170543 2.205760 1.095128 0.511066 0.224524 0.093015 0.036401 0.013481 0.004734 0.001579 0.000501 0.000152 0.000044 0.000012 0.000003 0.000001 0.000000 0.000000 0.000000 0.000000 0.000000 0.000000 0.000000 0.000000 0.000000 0.000000 0.000000 0.000000 0.000000 0.000000 0.000000 0.000000 0.000000 0.000000 0.000000 0.000000 0.000000 0.000000 0.000000 0.000000 0.000000 0.000000 0.000000 0.000000 
50.000000 38.537366 28.019202 19.157139 12.292534 7.395279 4.170544 2.205761 1.095129 0.511067 0.224524 0.093015 0.036402 0.013482 0.004734 0.001579 0.000502 0.000152 0.000044 0.000013 0.000004 0.000002 0.000001 0.000001 0.000001 0.000001 0.000001 0.000001 0.000001 0.000001 0.000001 0.000001 0.000001 0.000001 0.000001 0.000001 0.000001 0.000001 0.000001 0.000001 0.000001 0.000001 0.000001 0.000001 0.000001 0.000001 0.000001 0.000000 0.000000 0.000000 
50.000000 38.537366 28.019203 19.157140 12.292536 7.395281 4.170546 2.205763 1.095131 0.511069 0.224527 0.093018 0.036404 0.013484 0.004737 0.001582 0.000504 0.000155 0.000047 0.000015 0.000006 0.000004 0.000003 0.000003 0.000003 0.000003 0.000003 0.000003 0.000003 0.000003 0.000003 0.000003 0.000003 0.000003 0.000003 0.000003 0.000003 0.000003 0.000003 0.000003 0.000003 0.000003 0.000003 0.000003 0.000003 0.000002 0.000002 0.000001 0.000001 0.000000 
50.000000 38.537368 28.019207 19.157146 12.292543 7.395289 4.170554 2.205772 1.095140 0.511078 0.224535 0.093027 0.036413 0.013493 0.004745 0.001590 0.000513 0.000163 0.000056 0.000024 0.000015 0.000013 0.000012 0.000012 0.000012 0.000012 0.000012 0.000012 0.000012 0.000012 0.000012 0.000012 0.000012 0.000012 0.000012 0.000012 0.000012 0.000012 0.000012 0.000012 0.000012 0.000012 0.000012 0.000011 0.000011 0.000009 0.000008 0.000006 0.000003 0.000000 
50.000000 38.537376 28.019221 19.157165 12.292567 7.395316 4.170583 2.205802 1.095171 0.511109 0.224567 0.093058 0.036445 0.013525 0.004777 0.001622 0.000544 0.000195 0.000087 0.000056 0.000047 0.000044 0.000044 0.000044 0.000044 0.000044 0.000044 0.000044 0.000044 0.000044 0.000044 0.000044 0.000044 0.000044 0.000044 0.000044 0.000044 0.000044 0.000044 0.000044 0.000043 0.000043 0.000042 0.000041 0.000038 0.000034 0.000028 0.000020 0.000011 0.000000 
50.000000 38.537401 28.019268 19.157232 12.292648 7.395408 4.170682 2.205905 1.095276 0.511216 0.224674 0.093166 0.036552 0.013633 0.004885 0.001730 0.000652 0.000303 0.000195 0.000163 0.000155 0.000152 0.000152 0.000151 0.000151 0.000151 0.000151 0.000151 0.000151 0.000151 0.000151 0.000151 0.000151 0.000151 0.000151 0.000151 0.000151 0.000151 0.000151 0.000151 0.000150 0.000149 0.000146 0.000141 0.000132 0.000118 0.000098 0.000070 0.000037 0.000000 
50.000000 38.537481 28.019423 19.157449 12.292913 7.395707 4.171003 2.206239 1.095618 0.511562 0.225022 0.093515 0.036901 0.013982 0.005234 0.002079 0.001001 0.000652 0.000544 0.000513 0.000504 0.000502 0.000501 0.000501 0.000501 0.000501 0.000501 0.000501 0.000501 0.000501 0.000501 0.000501 0.000501 0.000501 0.000501 0.000501 0.000501 0.000501 0.000500 0.000499 0.000497 0.000493 0.000484 0.000467 0.000438 0.000392 0.000324 0.000233 0.000122 0.000000 
50.000000 38.537730 28.019899 19.158117 12.293729 7.396628 4.171993 2.207271 1.096673 0.512629 0.226095 0.094590 0.037978 0.015059 0.006312 0.003157 0.002079 0.001730 0.001622 0.001590 0.001582 0.001579 0.001579 0.001578 0.001578 0.001578 0.001578 0.001578 0.001578 0.001578 0.001578 0.001578 0.001578 0.001578 0.001578 0.001578 0.001578 0.001578 0.001577 0.001574 0.001568 0.001554 0.001527 0.001475 0.001384 0.001238 0.001024 0.000737 0.000387 0.000000 
50.000000 38.538457 28.021293 19.160071 12.296116 7.399323 4.174890 2.210290 1.099761 0.515753 0.229237 0.097740 0.041131 0.018213 0.009466 0.006312 0.005234 0.004885 0.004777 0.004745 0.004737 0.004734 0.004734 0.004733 0.004733 0.004733 0.004733 0.004733 0.004733 0.004733 0.004733 0.004733 0.004733 0.004733 0.004733 0.004733 0.004733 0.004732 0.004729 0.004721 0.004703 0.004663 0.004582 0.004428 0.004159 0.003725 0.003085 0.002222 0.001167 0.000000 
50.000000 38.540472 28.025156 19.165488 12.302733 7.406794 4.182921 2.218661 1.108322 0.524414 0.237947 0.106472 0.049873 0.026959 0.018213 0.015059 0.013982 0.013633 0.013525 0.013493 0.013484 0.013482 0.013481 0.013481 0.013481 0.013481 0.013481 0.013481 0.013481 0.013481 0.013481 0.013481 0.013481 0.013481 0.013481 0.013481 0.013480 0.013476 0.013468 0.013446 0.013396 0.013286 0.013060 0.012630 0.011874 0.010648 0.008829 0.006368 0.003348 0.000000 
50.000000 38.545748 28.035270 19.179672 12.320064 7.426362 4.203958 2.240589 1.130752 0.547107 0.260767 0.129351 0.072777 0.049873 0.041131 0.037978 0.036901 0.036552 0.036445 0.036413 0.036404 0.036402 0.036401 0.036401 0.036401 0.036401 0.036401 0.036401 0.036401 0.036401 0.036401 0.036401 0.036401 0.036401 0.036401 0.036400 0.036397 0.036388 0.036366 0.036311 0.036181 0.035893 0.035301 0.034166 0.032155 0.028877 0.023982 0.017324 0.009120 0.000000 
50.000000 38.558773 28.060239 19.214692 12.362855 7.474684 4.255910 2.294746 1.186151 0.603156 0.317134 0.185863 0.129351 0.106472 0.097740 0.094590 0.093515 0.093166 0.093058 0.093027 0.093018 0.093015 0.093015 0.093015 0.093015 0.093015 0.093015 0.093015 0.093015 0.093015 0.093015 0.093015 0.093015 0.093014 0.093014 0.093011 0.093004 0.092984 0.092931 0.092798 0.092480 0.091775 0.090312 0.087492 0.082458 0.074185 0.061734 0.044682 0.023555 0.000000 
50.000000 38.589012 28.118210 19.296004 12.462219 7.586900 4.376569 2.420534 1.314830 0.733348 0.448067 0.317134 0.260767 0.237947 0.229237 0.226095 0.225022 0.224674 0.224567 0.224535 0.224527 0.224524 0.224524 0.224524 0.224524 0.224523 0.224523 0.224523 0.224523 0.224523 0.224523 0.224523 0.224523 0.224523 0.224521 0.224516 0.224500 0.224456 0.224336 0.224033 0.223310 0.221693 0.218313 0.211738 0.199895 0.180242 0.150380 0.109117 0.057631 0.000000 
50.000000 38.654862 28.244458 19.473097 12.678646 7.831343 4.639423 2.694580 1.595184 1.017012 0.733348 0.603156 0.547107 0.524414 0.515753 0.512629 0.511562 0.511216 0.511109 0.511078 0.511069 0.511067 0.511066 0.511066 0.511066 0.511066 0.511066 0.511066 0.511066 0.511066 0.511066 0.511066 0.511065 0.511064 0.511061 0.511050 0.511018 0.510926 0.510676 0.510038 0.508506 0.505051 0.497764 0.483447 0.457368 0.413572 0.346209 0.252051 0.133463 0.000000 
50.000000 38.789017 28.501671 19.833922 13.119651 8.329473 5.175109 3.253107 2.166596 1.595184 1.314830 1.186151 1.130752 1.108322 1.099761 1.096673 1.095618 1.095276 1.095171 1.095140 1.095131 1.095129 1.095128 1.095128 1.095128 1.095128 1.095128 1.095128 1.095128 1.095128 1.095128 1.095128 1.095127 1.095125 1.095119 1.095098 1.095036 1.094859 1.094376 1.093137 1.090133 1.083298 1.068727 1.039751 0.986246 0.895044 0.752567 0.550380 0.292474 0.000000 
50.000000 39.043999 28.990567 20.519800 13.957997 9.276486 6.193592 4.315074 3.253107 2.694580 2.420534 2.294746 2.240589 2.218661 2.210290 2.207271 2.206239 2.205905 2.205802 2.205772 2.205763 2.205761 2.205760 2.205760 2.205760 2.205760 2.205760 2.205760 2.205760 2.205760 2.205760 2.205760 2.205759 2.205755 2.205744 2.205709 2.205601 2.205288 2.204434 2.202222 2.196816 2.184379 2.157537 2.103379 2.001703 1.825133 1.543686 1.136111 0.606882 0.000000 
50.000000 39.494886 29.855115 21.732753 15.440685 10.951472 7.995097 6.193592 5.175109 4.639423 4.376569 4.255910 4.203958 4.182921 4.174890 4.171993 4.171003 4.170682 4.170583 4.170554 4.170546 4.170544 4.170543 4.170543 4.170543 4.170543 4.170543 4.170543 4.170543 4.170543 4.170543 4.170542 4.170541 4.170536 4.170518 4.170462 4.170290 4.169792 4.168418 4.164831 4.155976 4.135358 4.090212 3.997548 3.820028 3.504439 2.988010 2.219149 1.194845 0.000000 
50.000000 40.234628 31.273572 23.722933 17.873581 13.700071 10.951472 9.276486 8.329473 7.831343 7.586900 7.474684 7.426362 7.406794 7.399323 7.396628 7.395707 7.395408 7.395316 7.395289 7.395281 7.395279 7.395279 7.395279 7.395279 7.395279 7.395279 7.395279 7.395279 7.395279 7.395278 7.395278 7.395276 7.395268 7.395244 7.395164 7.394920 7.394207 7.392226 7.387005 7.373975 7.343227 7.274783 7.131443 6.850035 6.334794 5.461992 4.111539 2.242205 0.000000 
50.000000 41.357668 33.427064 26.744541 21.567532 17.873581 15.440685 13.957997 13.119651 12.678646 12.462219 12.362855 12.320064 12.302733 12.296116 12.293729 12.292913 12.292648 12.292567 12.292543 12.292536 12.292534 12.292534 12.292534 12.292534 12.292534 12.292534 12.292534 12.292534 12.292534 12.292534 12.292533 12.292530 12.292521 12.292491 12.292391 12.292086 12.291186 12.288670 12.281977 12.265075 12.224607 12.132864 11.936246 11.538787 10.783766 9.445052 7.257847 4.045732 0.000000 
50.000000 42.931431 36.444913 30.979094 26.744541 23.722933 21.732753 20.519800 19.833922 19.473097 19.296004 19.214692 19.179672 19.165488 19.160071 19.158117 19.157449 19.157232 19.157165 19.157146 19.157140 19.157139 19.157138 19.157138 19.157138 19.157138 19.157138 19.157138 19.157138 19.157138 19.157138 19.157137 19.157134 19.157125 19.157092 19.156987 19.156659 19.155690 19.152958 19.145624 19.126888 19.081356 18.976114 18.744743 18.260941 17.299489 15.489547 12.293421 7.133602 0.000000 
50.000000 44.962700 40.340147 36.444913 33.427064 31.273572 29.855115 28.990567 28.501671 28.244458 28.118210 28.060239 28.035270 28.025156 28.021293 28.019899 28.019423 28.019268 28.019221 28.019207 28.019203 28.019202 28.019201 28.019201 28.019201 28.019201 28.019201 28.019201 28.019201 28.019201 28.019201 28.019201 28.019198 28.019190 28.019162 28.019071 28.018788 28.017946 28.015557 28.009093 27.992407 27.951291 27.854456 27.635966 27.162032 26.169217 24.151492 20.170073 12.652759 0.000000 
50.000000 47.373220 44.962700 42.931431 41.357668 40.234628 39.494886 39.043999 38.789017 38.654862 38.589012 38.558773 38.545748 38.540472 38.538457 38.537730 38.537481 38.537401 38.537376 38.537368 38.537366 38.537366 38.537366 38.537366 38.537366 38.537366 38.537366 38.537366 38.537366 38.537366 38.537365 38.537365 38.537364 38.537359 38.537343 38.537290 38.537124 38.536629 38.535219 38.531381 38.521399 38.496542 38.437118 38.300041 37.992424 37.311936 35.797830 32.309942 23.686610 0.000000 
50.000000 50.000000 50.000000 50.000000 50.000000 50.000000 50.000000 50.000000 50.000000 50.000000 50.000000 50.000000 50.000000 50.000000 50.000000 50.000000 50.000000 50.000000 50.000000 50.000000 50.000000 50.000000 50.000000 50.000000 50.000000 50.000000 50.000000 50.000000 50.000000 50.000000 50.000000 50.000000 50.000000 50.000000 50.000000 50.000000 50.000000 50.000000 50.000000 50.000000 50.000000 50.000000 50.000000 50.000000 50.000000 50.000000 50.000000 50.000000 50.000000 50.000000 
