50.000000 50.000000 50.000000 50.000000 50.000000 50.000000 50.000000 50.000000 50.000000 50.000000 50.000000 50.000000 50.000000 50.000000 50.000000 50.000000 50.000000 50.000000 50.000000 50.000000 50.000000 50.000000 50.000000 50.000000 50.000000 50.000000 50.000000 50.000000 50.000000 50.000000 50.000000 50.000000 50.000000 50.000000 50.000000 50.000000 50.000000 50.000000 50.000000 50.000000 50.000000 50.000000 50.000000 50.000000 50.000000 50.000000 50.000000 50.000000 50.000000 50.000000 
50.000000 49.800403 49.602057 49.406189 49.213979 49.026540 48.844895 48.669964 48.502548 48.343318 48.192808 48.051414 47.919389 47.796850 47.683782 47.580044 47.485381 47.399435 47.321751 47.251794 47.188957 47.132567 47.081895 47.036161 46.994528 46.956109 46.919952 46.885027 46.850212 46.814256 46.775747 46.733055 46.684257 46.627040 46.558558 46.475235 46.372473 46.244222 46.082316 45.875416 45.607250 45.253556 44.776447 44.113301 43.153062 41.680763 39.233542 34.684084 24.900558 0.000000 
50.000000 49.602080 49.206653 48.816166 48.432974 48.059291 47.697162 47.348417 47.014654 46.697212 46.397155 46.115272 45.852069 45.607779 45.382372 45.175570 44.986863 44.815538 44.660692 44.521260 44.396032 44.283672 44.182732 44.091659 44.008798 43.932386 43.860539 43.791224 43.722226 43.651087 43.575035 43.490880 43.394878 43.282539 43.148369 42.985500 42.785166 42.535929 42.222514 41.823997 41.310892 40.640316 39.747602 38.531209 36.824506 34.341546 30.573166 24.604812 14.919440 0.000000 
50.000000 49.406281 48.816283 48.233656 47.661912 47.104359 46.564042 46.043699 45.545709 45.072071 44.624376 44.203799 43.811097 43.446618 43.110319 42.801785 42.520261 42.264683 42.033708 41.825753 41.639018 41.471519 41.321106 41.185476 41.062179 40.948609 40.841987 40.739327 40.637378 40.532553 40.420822 40.297575 40.157427 39.993971 39.799424 39.564147 39.275973 38.919239 38.473367 37.910755 37.193551 36.268626 35.059627 33.454325 31.284740 28.297851 24.120389 18.247662 10.174952 0.000000 
50.000000 49.214214 48.433353 47.662249 46.905548 46.167628 45.452524 44.763854 44.104771 43.477919 42.885406 42.328788 41.809068 41.326708 40.881654 40.473359 40.100829 39.762659 39.457081 39.182007 38.935067 38.713651 38.514932 38.335889 38.173311 38.023797 37.883726 37.749221 37.616086 37.479709 37.334944 37.175945 36.995939 36.786939 36.539344 36.241414 35.878541 35.432240 34.878741 34.186989 33.315784 32.209705 30.793375 28.963747 26.580804 23.459665 19.374151 14.098042 7.536490 0.000000 
50.000000 49.027022 48.060143 47.105344 46.168381 45.254675 44.369220 43.516499 42.700416 41.924246 41.190599 40.501404 39.857906 39.260679 38.709659 38.204176 37.743003 37.324409 36.946216 36.605851 36.300399 36.026650 35.781135 35.560152 35.359778 35.175866 35.004023 34.839566 34.677449 34.512170 34.337633 34.146970 33.932307 33.684460 33.392534 33.043401 32.621004 32.105442 31.471748 30.688263 29.714517 28.498532 26.973634 25.055261 22.639269 19.605373 15.833233 11.243727 5.877909 0.000000 
50.000000 48.845766 47.698766 46.566098 45.454590 44.370672 43.320270 42.308703 41.340602 40.419856 39.549561 38.732007 37.968674 37.260249 36.606659 36.007116 35.460174 34.963790 34.515396 34.111957 33.750042 33.425874 33.135378 32.874219 32.637813 32.421331 32.219684 32.027469 31.838911 31.647755 31.447132 31.229385 30.985833 30.706482 30.379654 29.991508 29.525448 28.961367 28.274710 27.435336 26.406197 25.141950 23.587823 21.679446 19.345123 16.513092 13.127619 9.177736 4.737442 0.000000 
50.000000 48.671408 47.351143 46.047377 44.767967 43.520317 42.311249 41.146885 40.032559 38.972746 37.971015 37.030004 36.151419 35.336058 34.583841 33.893871 33.264495 32.693376 32.177576 31.713629 31.297615 30.925228 30.591832 30.292506 30.022062 29.775060 29.545789 29.328231 29.115992 28.902209 28.679421 28.439402 28.172949 27.869616 27.517397 27.102321 26.607990 26.015014 25.300379 24.436775 23.391962 22.128374 20.603306 18.770336 16.582966 14.001892 11.007270 7.616119 3.901123 0.000000 
50.000000 48.504803 47.018978 45.551720 44.111875 42.707776 41.347099 40.036736 38.782693 37.590006 36.462695 35.403733 34.415045 33.497533 32.651118 31.874800 31.166731 30.524301 29.944227 29.422636 28.955158 28.536996 28.163000 27.827710 27.525400 27.250085 26.995516 26.755153 26.522099 26.289022 26.048037 25.790553 25.507096 25.187076 24.818534 24.387827 23.879289 23.274867 22.553751 21.692085 20.662834 19.436016 17.979595 16.261455 14.253057 11.935314 9.306898 6.394049 3.258800 0.000000 
50.000000 48.346686 46.703737 45.081319 43.489214 41.936639 40.432081 38.983163 37.596528 36.277747 35.031268 33.860382 32.767225 31.752801 30.817032 29.958824 29.176152 28.466150 27.825214 27.249099 26.733016 26.271722 25.859594 25.490694 25.158811 24.857487 24.580016 24.319425 24.068425 23.819341 23.564010 23.293658 22.998745 22.668788 22.292156 21.855855 21.345302 20.744120 20.033993 19.194631 18.203970 17.038732 15.675570 14.093049 12.274726 10.213451 7.916645 5.411576 2.748651 0.000000 
50.000000 48.197673 46.406645 44.638000 42.902403 41.209901 39.569749 37.990258 36.478670 35.041064 33.682291 32.405944 31.214358 30.108635 29.088701 28.153379 27.300478 26.526900 25.828746 25.201428 24.639777 24.138142 23.690478 23.290418 22.931328 22.606341 22.308369 22.030092 21.763926 21.501961 21.235888 20.956892 20.655534 20.321614 19.944032 19.510638 19.008114 18.421893 17.736160 16.933992 15.997726 14.909645 13.653119 12.214333 10.584663 8.763648 6.762217 4.605414 2.333480 0.000000 
50.000000 48.058254 46.128681 44.223225 42.353376 40.529958 38.762944 37.061291 35.432803 33.884032 32.420208 31.045209 29.761555 28.570444 27.471810 26.464398 25.545870 24.712913 23.961362 23.286316 22.682263 22.143185 21.662660 21.233944 20.850036 20.503722 20.187599 19.894079 19.615363 19.343404 19.069846 18.785945 18.482483 18.149667 17.777042 17.353405 16.866758 16.304317 15.652610 14.897706 14.025650 13.023143 11.878563 10.583347 9.133743 7.532790 5.792227 3.933845 1.989611 0.000000 
50.000000 47.928800 45.870586 43.838098 41.843593 39.898619 38.013815 36.198736 34.461710 32.809729 31.248376 29.781792 28.412676 27.142314 25.970647 24.896356 23.916967 23.028976 22.227975 21.508783 20.865580 20.292021 19.781351 19.326496 18.920141 18.554781 18.222762 17.916289 17.627422 17.348051 17.069850 16.784230 16.482269 16.154656 15.791633 15.382964 14.917938 14.385435 13.774069 13.072466 12.269679 11.355819 10.322887 9.165848 7.883866 6.481590 4.970270 3.368356 1.701261 0.000000 
50.000000 47.809569 45.632873 43.483385 41.374070 39.317140 37.323850 35.404307 33.567321 31.820288 30.169120 28.618201 27.170393 25.827068 24.588177 23.452342 22.416971 21.478385 20.631961 19.872269 19.193212 18.588158 18.050062 17.571564 17.145082 16.762871 16.417077 16.099755 15.802881 15.518338 15.237889 14.953150 14.655544 14.336266 13.986264 13.596236 13.156666 12.657921 12.090418 11.444892 10.712784 9.886767 8.961412 7.933986 6.805304 5.580557 4.269926 2.888816 1.457487 0.000000 
50.000000 47.700715 45.415847 43.159542 40.945409 38.786269 36.693937 34.679024 32.750782 30.916978 29.183822 27.555923 26.036293 24.626383 23.326156 22.134182 21.047765 20.063073 19.175291 18.378766 17.667162 17.033595 16.470763 15.971067 15.526697 15.129714 14.772109 14.445834 14.142821 13.854988 13.574229 13.292389 13.001255 12.692528 12.357833 11.988731 11.576781 11.113640 10.591238 10.002017 9.339268 8.597558 7.773245 6.865052 5.874653 4.807184 3.671576 2.480591 1.250445 0.000000 
50.000000 47.602298 45.219631 42.866752 40.557851 38.306303 36.124428 34.023294 32.012551 30.100303 28.293031 26.595547 25.011000 23.540915 22.185265 20.942581 19.810070 18.783770 17.858694 17.028997 16.288131 15.628993 15.044067 14.525542 14.065425 13.655620 13.287997 12.954440 12.646874 12.357280 12.077698 11.800221 11.516990 11.220192 10.902075 10.554978 10.171394 9.744079 9.266204 8.731566 8.134870 7.472061 6.740714 5.940440 5.073280 4.144017 3.160336 2.132768 1.074350 0.000000 
50.000000 47.514302 45.044192 42.604964 40.211332 37.877161 35.615226 33.437004 31.352500 29.370121 27.496590 25.736901 24.094327 22.570460 21.165286 19.877299 18.703626 17.640188 16.681853 15.822607 15.055719 14.373899 13.769445 13.234375 12.760539 12.339717 11.963692 11.624305 11.313496 11.023326 10.745991 10.473825 10.199307 9.915072 9.613926 9.288887 8.933249 8.540679 8.105351 7.622126 7.086770 6.496219 5.848859 5.144813 4.386199 3.577315 2.724697 1.837024 0.924825 0.000000 
50.000000 47.436648 44.889372 42.373945 39.905541 37.498459 35.165875 32.919627 30.770036 28.725774 26.793777 24.979204 23.285438 21.714128 20.265276 18.937342 17.727388 16.631233 15.643619 14.758388 13.968655 13.266969 12.645472 12.096038 11.610393 11.180217 10.797229 10.453250 10.140247 9.850369 9.575966 9.309599 9.044060 8.772379 8.487852 8.184080 7.855025 7.495100 7.099279 6.663241 6.183546 5.657830 5.085006 4.465468 3.801250 3.096125 2.355620 1.586894 0.798498 0.000000 
50.000000 47.369212 44.754923 42.173323 39.639985 37.169587 34.775652 32.470331 30.264219 28.166221 26.183458 24.321232 22.583019 20.970525 19.483761 18.121163 16.879736 15.755213 14.742230 13.834509 13.025030 12.306212 11.670067 11.108349 10.612684 10.174676 9.785998 9.438463 9.124076 8.835073 8.563946 8.303468 8.046703 7.787027 7.518154 7.234173 6.929597 6.599437 6.239295 5.845477 5.415124 4.946361 4.438438 3.891863 3.308506 2.691640 2.045926 1.377290 0.692728 0.000000 
50.000000 47.311839 44.640539 42.002641 39.414060 36.889795 34.443666 32.088089 29.833894 27.690182 25.664234 23.761471 21.985455 20.337933 18.818930 17.426862 16.158685 15.010062 13.975542 13.048743 12.222539 11.489238 10.840746 10.268722 9.764712 9.320261 8.927012 8.576777 8.261602 7.973804 7.706007 7.451164 7.202575 6.953911 6.699233 6.433029 6.150255 5.846397 5.517541 5.160464 4.772732 4.352805 3.900138 3.415266 2.899863 2.356754 1.789878 1.204179 0.605429 0.000000 
50.000000 47.264363 44.545886 41.861402 39.227108 36.658268 34.168949 31.771787 29.477805 27.296267 25.234587 23.298286 21.490992 19.814495 18.268825 16.852385 15.562093 14.393553 13.341242 12.398699 11.558707 10.813488 10.154863 9.574415 9.063628 8.614004 8.217164 7.864927 7.549376 7.262902 6.998239 6.748495 6.507167 6.268165 6.025831 5.774973 5.510894 5.229448 4.927087 4.600938 4.248870 3.869570 3.462612 3.028508 2.568741 2.085755 1.582905 1.064360 0.534956 0.000000 
50.000000 47.226620 44.470635 41.749115 39.078479 36.474202 33.950547 31.520325 29.194713 26.983104 24.893019 22.930058 21.097903 19.398375 17.831513 16.395708 15.087845 13.903488 12.837056 11.882023 11.031106 10.276457 9.609831 9.022756 8.506668 8.053036 7.653468 7.299792 6.984123 6.698914 6.436991 6.191584 5.956347 5.725378 5.493239 5.254982 5.006177 4.742948 4.462023 4.160777 3.837292 3.490404 3.119752 2.725807 2.309882 1.874112 1.421400 0.955326 0.480021 0.000000 
50.000000 47.198458 44.414490 41.665336 38.967584 36.336868 33.787594 31.332706 28.983495 26.749452 24.638174 22.655323 20.804622 19.087913 17.505244 16.054995 14.734032 13.537884 12.460929 11.496593 10.637546 9.875887 9.203326 8.611347 8.091353 7.634793 7.233264 6.878604 6.562954 6.278813 6.019078 5.777070 5.546561 5.321788 5.097473 4.868846 4.631666 4.382255 4.117527 3.835032 3.532994 3.210344 2.866753 2.502649 2.119208 1.718334 1.302599 0.875160 0.439642 0.000000 
50.000000 47.179757 44.377205 41.609700 38.893941 36.245667 33.679381 31.208113 28.843230 26.594289 24.468939 22.472880 20.609864 18.881748 17.288584 15.828746 14.499087 13.295113 12.211176 11.240671 10.376235 9.609933 8.933447 8.338231 7.815669 7.357193 6.954399 6.599128 6.283540 6.000168 5.741953 5.502281 5.274998 5.054434 4.835417 4.613291 4.383938 4.143805 3.889927 3.619962 3.332220 3.025687 2.700051 2.355703 1.993726 1.615871 1.224491 0.822470 0.413108 0.000000 
50.000000 47.170429 44.358607 41.581949 38.857209 36.200177 33.625404 31.145966 28.773267 26.516894 24.384525 22.381879 20.512720 18.778915 17.180517 15.715897 14.381901 13.174025 12.086608 11.113028 10.245907 9.477294 8.798854 8.202030 7.678193 7.218771 6.815356 6.459793 6.144252 5.861281 5.603846 5.365361 5.139714 4.921278 4.704933 4.486080 4.260664 4.025189 3.776750 3.513057 3.232461 2.933974 2.617288 2.282775 1.931472 1.565052 1.185762 0.796349 0.399955 0.000000 
50.000000 47.170429 44.358607 41.581949 38.857209 36.200177 33.625404 31.145966 28.773267 26.516894 24.384525 22.381879 20.512720 18.778915 17.180517 15.715897 14.381901 13.174025 12.086608 11.113028 10.245907 9.477294 8.798854 8.202030 7.678193 7.218771 6.815356 6.459793 6.144252 5.861281 5.603846 5.365361 5.139714 4.921278 4.704933 4.486080 4.260664 4.025189 3.776750 3.513057 3.232461 2.933974 2.617288 2.282775 1.931472 1.565052 1.185762 0.796349 0.399955 0.000000 
50.000000 47.179757 44.377205 41.609700 38.893941 36.245667 33.679381 31.208113 28.843230 26.594289 24.468939 22.472880 20.609864 18.881748 17.288584 15.828746 14.499087 13.295113 12.211176 11.240671 10.376235 9.609933 8.933447 8.338231 7.815669 7.357193 6.954399 6.599128 6.283540 6.000168 5.741953 5.502281 5.274998 5.054434 4.835417 4.613291 4.383938 4.143805 3.889927 3.619962 3.332220 3.025687 2.700051 2.355703 1.993726 1.615871 1.224491 0.822470 0.413108 0.000000 
50.000000 47.198458 44.414490 41.665336 38.967584 36.336868 33.787594 31.332706 28.983495 26.749452 24.638174 22.655323 20.804622 19.087913 17.505244 16.054995 14.734032 13.537884 12.460929 11.496593 10.637546 9.875887 9.203326 8.611347 8.091353 7.634793 7.233264 6.878604 6.562954 6.278813 6.019078 5.777070 5.546561 5.321788 5.097473 4.868846 4.631666 4.382255 4.117527 3.835032 3.532994 3.210344 2.866753 2.502649 2.119208 1.718334 1.302599 0.875160 0.439642 0.000000 
50.000000 47.226620 44.470635 41.749115 39.078479 36.474202 33.950547 31.520325 29.194713 26.983104 24.893019 22.930058 21.097903 19.398375 17.831513 16.395708 15.087845 13.903488 12.837056 11.882023 11.031106 10.276457 9.609831 9.022756 8.506668 8.053036 7.653468 7.299792 6.984123 6.698914 6.436991 6.191584 5.956347 5.725378 5.493239 5.254982 5.006177 4.742948 4.462023 4.160777 3.837292 3.490404 3.119752 2.725807 2.309882 1.874112 1.421400 0.955326 0.480021 0.000000 
50.000000 47.264363 44.545886 41.861402 39.227108 36.658268 34.168949 31.771787 29.477805 27.296267 25.234587 23.298286 21.490992 19.814495 18.268825 16.852385 15.562093 14.393553 13.341242 12.398699 11.558707 10.813488 10.154863 9.574415 9.063628 8.614004 8.217164 7.864927 7.549376 7.262902 6.998239 6.748495 6.507167 6.268165 6.025831 5.774973 5.510894 5.229448 4.927087 4.600938 4.248870 3.869570 3.462612 3.028508 2.568741 2.085755 1.582905 1.064360 0.534956 0.000000 
50.000000 47.311839 44.640539 42.002641 39.414060 36.889795 34.443666 32.088089 29.833894 27.690182 25.664234 23.761471 21.985455 20.337933 18.818930 17.426862 16.158685 15.010062 13.975542 13.048743 12.222539 11.489238 10.840746 10.268722 9.764712 9.320261 8.927012 8.576777 8.261602 7.973804 7.706007 7.451164 7.202575 6.953911 6.699233 6.433029 6.150255 5.846397 5.517541 5.160464 4.772732 4.352805 3.900138 3.415266 2.899863 2.356754 1.789878 1.204179 0.605429 0.000000 
50.000000 47.369212 44.754923 42.173323 39.639985 37.169587 34.775652 32.470331 30.264219 28.166221 26.183458 24.321232 22.583019 20.970525 19.483761 18.121163 16.879736 15.755213 14.742230 13.834509 13.025030 12.306212 11.670067 11.108349 10.612684 10.174676 9.785998 9.438463 9.124076 8.835073 8.563946 8.303468 8.046703 7.787027 7.518154 7.234173 6.929597 6.599437 6.239295 5.845477 5.415124 4.946361 4.438438 3.891863 3.308506 2.691640 2.045926 1.377290 0.692728 0.000000 
50.000000 47.436648 44.889372 42.373945 39.905541 37.498459 35.165875 32.919627 30.770036 28.725774 26.793777 24.979204 23.285438 21.714128 20.265276 18.937342 17.727388 16.631233 15.643619 14.758388 13.968655 13.266969 12.645472 12.096038 11.610393 11.180217 10.797229 10.453250 10.140247 9.850369 9.575966 9.309599 9.044060 8.772379 8.487852 8.184080 7.855025 7.495100 7.099279 6.663241 6.183546 5.657830 5.085006 4.465468 3.801250 3.096125 2.355620 1.586894 0.798498 0.000000 
50.000000 47.514302 45.044192 42.604964 40.211332 37.877161 35.615226 33.437004 31.352500 29.370121 27.496590 25.736901 24.094327 22.570460 21.165286 19.877299 18.703626 17.640188 16.681853 15.822607 15.055719 14.373899 13.769445 13.234375 12.760539 12.339717 11.963692 11.624305 11.313496 11.023326 10.745991 10.473825 10.199307 9.915072 9.613926 9.288887 8.933249 8.540679 8.105351 7.622126 7.086770 6.496219 5.848859 5.144813 4.386199 3.577315 2.724697 1.837024 0.924825 0.000000 
50.000000 47.602298 45.219631 42.866752 40.557851 38.306303 36.124428 34.023294 32.012551 30.100303 28.293031 26.595547 25.011000 23.540915 22.185265 20.942581 19.810070 18.783770 17.858694 17.028997 16.288131 15.628993 15.044067 14.525542 14.065425 13.655620 13.287997 12.954440 12.646874 12.357280 12.077698 11.800221 11.516990 11.220192 10.902075 10.554978 10.171394 9.744079 9.266204 8.731566 8.134870 7.472061 6.740714 5.940440 5.073280 4.144017 3.160336 2.132768 1.074350 0.000000 
50.000000 47.700715 45.415847 43.159542 40.945409 38.786269 36.693937 34.679024 32.750782 30.916978 29.183822 27.555923 26.036293 24.626383 23.326156 22.134182 21.047765 20.063073 19.175291 18.378766 17.667162 17.033595 16.470763 15.971067 15.526697 15.129714 14.772109 14.445834 14.142821 13.854988 13.574229 13.292389 13.001255 12.692528 12.357833 11.988731 11.576781 11.113640 10.591238 10.002017 9.339268 8.597558 7.773245 6.865052 5.874653 4.807184 3.671576 2.480591 1.250445 0.000000 
50.000000 47.809569 45.632873 43.483385 41.374070 39.317140 37.323850 35.404307 33.567321 31.820288 30.169120 28.618201 27.170393 25.827068 24.588177 23.452342 22.416971 21.478385 20.631961 19.872269 19.193212 18.588158 18.050062 17.571564 17.145082 16.762871 16.417077 16.099755 15.802881 15.518338 15.237889 14.953150 14.655544 14.336266 13.986264 13.596236 13.156666 12.657921 12.090418 11.444892 10.712784 9.886767 8.961412 7.933986 6.805304 5.580557 4.269926 2.888816 1.457487 0.000000 
50.000000 47.928800 45.870586 43.838098 41.843593 39.898619 38.013815 36.198736 34.461710 32.809729 31.248376 29.781792 28.412676 27.142314 25.970647 24.896356 23.916967 23.028976 22.227975 21.508783 20.865580 20.292021 19.781351 19.326496 18.920141 18.554781 18.222762 17.916289 17.627422 17.348051 17.069850 16.784230 16.482269 16.154656 15.791633 15.382964 14.917938 14.385435 13.774069 13.072466 12.269679 11.355819 10.322887 9.165848 7.883866 6.481590 4.970270 3.368356 1.701261 0.000000 
50.000000 48.058254 46.128681 44.223225 42.353376 40.529958 38.762944 37.061291 35.432803 33.884032 32.420208 31.045209 29.761555 28.570444 27.471810 26.464398 25.545870 24.712913 23.961362 23.286316 22.682263 22.143185 21.662660 21.233944 20.850036 20.503722 20.187599 19.894079 19.615363 19.343404 19.069846 18.785945 18.482483 18.149667 17.777042 17.353405 16.866758 16.304317 15.652610 14.897706 14.025650 13.023143 11.878563 10.583347 9.133743 7.532790 5.792227 3.933845 1.989611 0.000000 
50.000000 48.197673 46.406645 44.638000 42.902403 41.209901 39.569749 37.990258 36.478670 35.041064 33.682291 32.405944 31.214358 30.108635 29.088701 28.153379 27.300478 26.526900 25.828746 25.201428 24.639777 24.138142 23.690478 23.290418 22.931328 22.606341 22.308369 22.030092 21.763926 21.501961 21.235888 20.956892 20.655534 20.321614 19.944032 19.510638 19.008114 18.421893 17.736160 16.933992 15.997726 14.909645 13.653119 12.214333 10.584663 8.763648 6.762217 4.605414 2.333480 0.000000 
50.000000 48.346686 46.703737 45.081319 43.489214 41.936639 40.432081 38.983163 37.596528 36.277747 35.031268 33.860382 32.767225 31.752801 30.817032 29.958824 29.176152 28.466150 27.825214 27.249099 26.733016 26.271722 25.859594 25.490694 25.158811 24.857487 24.580016 24.319425 24.068425 23.819341 23.564010 23.293658 22.998745 22.668788 22.292156 21.855855 21.345302 20.744120 20.033993 19.194631 18.203970 17.038732 15.675570 14.093049 12.274726 10.213451 7.916645 5.411576 2.748651 0.000000 
50.000000 48.504803 47.018978 45.551720 44.111875 42.707776 41.347099 40.036736 38.782693 37.590006 36.462695 35.403733 34.415045 33.497533 32.651118 31.874800 31.166731 30.524301 29.944227 29.422636 28.955158 28.536996 28.163000 27.827710 27.525400 27.250085 26.995516 26.755153 26.522099 26.289022 26.048037 25.790553 25.507096 25.187076 24.818534 24.387827 23.879289 23.274867 22.553751 21.692085 20.662834 19.436016 17.979595 16.261455 14.253057 11.935314 9.306898 6.394049 3.258800 0.000000 
50.000000 48.671408 47.351143 46.047377 44.767967 43.520317 42.311249 41.146885 40.032559 38.972746 37.971015 37.030004 36.151419 35.336058 34.583841 33.893871 33.264495 32.693376 32.177576 31.713629 31.297615 30.925228 30.591832 30.292506 30.022062 29.775060 29.545789 29.328231 29.115992 28.902209 28.679421 28.439402 28.172949 27.869616 27.517397 27.102321 26.607990 26.015014 25.300379 24.436775 23.391962 22.128374 20.603306 18.770336 16.582966 14.001892 11.007270 7.616119 3.901123 0.000000 
50.000000 48.845766 47.698766 46.566098 45.454590 44.370672 43.320270 42.308703 41.340602 40.419856 39.549561 38.732007 37.968674 37.260249 36.606659 36.007116 35.460174 34.963790 34.515396 34.111957 33.750042 33.425874 33.135378 32.874219 32.637813 32.421331 32.219684 32.027469 31.838911 31.647755 31.447132 31.229385 30.985833 30.706482 30.379654 29.991508 29.525448 28.961367 28.274710 27.435336 26.406197 25.141950 23.587823 21.679446 19.345123 16.513092 13.127619 9.177736 4.737442 0.000000 
50.000000 49.027022 48.060143 47.105344 46.168381 45.254675 44.369220 43.516499 42.700416 41.924246 41.190599 40.501404 39.857906 39.260679 38.709659 38.204176 37.743003 37.324409 36.946216 36.605851 36.300399 36.026650 35.781135 35.560152 35.359778 35.175866 35.004023 34.839566 34.677449 34.512170 34.337633 34.146970 33.932307 33.684460 33.392534 33.043401 32.621004 32.105442 31.471748 30.688263 29.714517 28.498532 26.973634 25.055261 22.639269 19.605373 15.833233 11.243727 5.877909 0.000000 
50.000000 49.214214 48.433353 47.662249 46.905548 46.167628 45.452524 44.763854 44.104771 43.477919 42.885406 42.328788 41.809068 41.326708 40.881654 40.473359 40.100829 39.762659 39.457081 39.182007 38.935067 38.713651 38.514932 38.335889 38.173311 38.023797 37.883726 37.749221 37.616086 37.479709 37.334944 37.175945 36.995939 36.786939 36.539344 36.241414 35.878541 35.432240 34.878741 34.186989 33.315784 32.209705 30.793375 28.963747 26.580804 23.459665 19.374151 14.098042 7.536490 0.000000 
50.000000 49.406281 48.816283 48.233656 47.661912 47.104359 46.564042 46.043699 45.545709 45.072071 44.624376 44.203799 43.811097 43.446618 43.110319 42.801785 42.520261 42.264683 42.033708 41.825753 41.639018 41.471519 41.321106 41.185476 41.062179 40.948609 40.841987 40.739327 40.637378 40.532553 40.420822 40.297575 40.157427 39.993971 39.799424 39.564147 39.275973 38.919239 38.473367 37.910755 37.193551 36.268626 35.059627 33.454325 31.284740 28.297851 24.120389 18.247662 10.174952 0.000000 
50.000000 49.602080 49.206653 48.816166 48.432974 48.059291 47.697162 47.348417 47.014654 46.697212 46.397155 46.115272 45.852069 45.607779 45.382372 45.175570 44.986863 44.815538 44.660692 44.521260 44.396032 44.283672 44.182732 44.091659 44.008798 43.932386 43.860539 43.791224 43.722226 43.651087 43.575035 43.490880 43.394878 43.282539 43.148369 42.985500 42.785166 42.535929 42.222514 41.823997 41.310892 40.640316 39.747602 38.531209 36.824506 34.341546 30.573166 24.604812 14.919440 0.000000 
50.000000 49.800403 49.602057 49.406189 49.213979 49.026540 48.844895 48.669964 48.502548 48.343318 48.192808 48.051414 47.919389 47.796850 47.683782 47.580044 47.485381 47.399435 47.321751 47.251794 47.188957 47.132567 47.081895 47.036161 46.994528 46.956109 46.919952 46.885027 46.850212 46.814256 46.775747 46.733055 46.684257 46.627040 46.558558 46.475235 46.372473 46.244222 46.082316 45.875416 45.607250 45.253556 44.776447 44.113301 43.153062 41.680763 39.233542 34.684084 24.900558 0.000000 
50.000000 50.000000 50.000000 50.000000 50.000000 50.000000 50.000000 50.000000 50.000000 50.000000 50.000000 50.000000 50.000000 50.000000 50.000000 50.000000 50.000000 50.000000 50.000000 50.000000 50.000000 50.000000 50.000000 50.000000 50.000000 50.000000 50.000000 50.000000 50.000000 50.000000 50.000000 50.000000 50.000000 50.000000 50.000000 50.000000 50.000000 50.000000 50.000000 50.000000 50.000000 50.000000 50.000000 50.000000 50.000000 50.000000 50.000000 50.000000 50.000000 50.000000 
