50.000000 50.000000 50.000000 50.000000 50.000000 50.000000 50.000000 50.000000 50.000000 50.000000 50.000000 50.000000 50.000000 50.000000 50.000000 50.000000 50.000000 50.000000 50.000000 50.000000 50.000000 50.000000 50.000000 50.000000 50.000000 50.000000 50.000000 50.000000 50.000000 50.000000 50.000000 50.000000 50.000000 50.000000 50.000000 50.000000 50.000000 50.000000 50.000000 50.000000 50.000000 50.000000 50.000000 50.000000 50.000000 50.000000 50.000000 50.000000 50.000000 50.000000 
50.000000 49.822517 49.646022 49.471487 49.299851 49.132002 48.968767 48.810897 48.659056 48.513815 48.375640 48.244895 48.121835 48.006608 47.899257 47.799723 47.707850 47.623391 47.546016 47.475313 47.410800 47.351925 47.298072 47.248560 47.202646 47.159515 47.118279 47.077955 47.037453 46.995544 46.950827 46.901669 46.846142 46.781919 46.706138 46.615204 46.504504 46.367972 46.197432 45.981538 45.704019 45.340621 44.853472 44.179971 43.209092 41.725904 39.267586 34.706871 24.911979 0.000000 
50.000000 49.646059 49.294089 48.946028 48.603746 48.269018 47.943493 47.628666 47.325864 47.036222 46.760675 46.499945 46.254542 46.024762 45.810691 45.612212 45.429016 45.260612 45.106342 44.965388 44.836791 44.719453 44.612152 44.513537 44.422132 44.336325 44.254356 44.174287 44.093968 44.010982 43.922578 43.825565 43.716185 43.589923 43.441250 43.263265 43.047166 42.781488 42.450931 42.034562 41.502895 40.813062 39.900423 38.663484 36.935669 34.431103 30.640707 24.650020 14.942099 0.000000 
50.000000 49.471636 48.946215 48.426629 47.915672 47.415991 46.930047 46.460077 46.008058 45.575687 45.164358 44.775151 44.408829 44.065834 43.746295 43.450041 43.176614 42.925283 42.695069 42.484759 42.292926 42.117943 41.957994 41.811081 41.675018 41.547428 41.425714 41.307031 41.188226 41.065777 40.935681 40.793329 40.633314 40.449190 40.233126 39.975431 39.663887 39.282785 38.811517 38.222461 37.477767 36.524326 35.285829 33.650109 31.449272 28.430402 24.220354 18.314571 10.208488 0.000000 
50.000000 49.300229 48.604355 47.916210 47.239493 46.577712 45.934126 45.311697 44.713046 44.140420 43.595666 43.080217 42.595083 42.140854 41.717703 41.325407 40.963362 40.630610 40.325859 40.047515 39.793698 39.562272 39.350852 39.156819 38.977317 38.809240 38.649212 38.493543 38.338167 38.178558 38.009606 37.825466 37.619336 37.383179 37.107330 36.779980 36.386451 35.908202 35.321418 34.595020 33.687807 32.544385 31.089432 29.219983 26.796132 23.633136 19.504973 14.185604 7.580376 0.000000 
50.000000 49.132772 48.270375 47.417557 46.578902 45.758760 44.961169 44.189800 43.447903 42.738263 42.063172 41.424408 40.823225 40.260356 39.736022 39.249951 38.801403 38.389198 38.011749 37.667093 37.352924 37.066617 36.805250 36.565620 36.344240 36.137333 35.940808 35.750211 35.560662 35.366761 35.162459 34.940892 34.694148 34.412983 34.086421 33.701248 33.241324 32.686676 32.012278 31.186443 30.168698 28.907096 27.335028 25.368032 22.902097 19.817102 15.992904 11.350597 5.931473 0.000000 
50.000000 48.970147 47.946030 46.933289 45.937370 44.963436 44.016285 43.100279 42.219275 41.376585 40.574933 39.816431 39.102574 38.434236 37.811685 37.234608 36.702135 36.212878 35.764968 35.356098 34.983555 34.644257 34.334780 34.051377 33.789982 33.546208 33.315320 33.092191 32.871241 32.646336 32.410667 32.156577 31.875345 31.556905 31.189482 30.759135 30.249169 29.639387 28.905168 28.016334 26.935831 25.618350 24.009191 22.044100 19.651534 16.759923 13.313756 9.302317 4.799881 0.000000 
50.000000 48.813164 47.632939 46.465825 45.318100 44.195714 43.104197 42.048577 41.033304 40.062193 39.138387 38.264325 37.441733 36.671627 35.954323 35.289468 34.676075 34.112562 33.596796 33.126145 32.697518 32.307409 31.951930 31.626836 31.327539 31.049102 30.786227 30.533209 30.283883 30.031526 29.768744 29.487315 29.177989 28.830237 28.431944 27.969024 27.424961 26.780263 26.011840 25.092334 23.989497 22.665796 21.078609 19.181636 16.928554 14.280269 11.217189 7.756615 3.971537 0.000000 
50.000000 48.662560 47.332572 46.017360 44.723999 43.459196 42.229186 41.039633 39.895554 38.801254 37.760277 36.775376 35.848503 34.980808 34.172659 33.423672 32.732749 32.098127 31.517433 30.987731 30.505583 30.067093 29.667949 29.303458 28.968561 28.657845 28.365523 28.085411 27.810868 27.534722 27.249163 26.945607 26.614526 26.245240 25.825666 25.342030 24.778537 24.117016 23.336569 22.413283 21.320110 20.027102 18.502307 16.713745 14.633060 12.241396 9.537700 6.548516 3.336216 0.000000 
50.000000 48.518991 47.046235 45.589843 44.157650 42.757085 41.395053 40.077829 38.810972 37.599251 36.446595 35.356058 34.329808 33.369129 32.474440 31.645330 30.880603 30.178331 29.535917 28.950151 28.417275 27.933039 27.492750 27.091314 26.723262 26.382765 26.063628 25.759275 25.462698 25.166400 24.862305 24.541646 24.194828 23.811263 23.379189 22.885466 22.315365 21.652381 20.878094 19.972152 18.912469 17.675800 16.238882 14.580424 12.684175 10.543232 8.165306 5.577991 2.832053 0.000000 
50.000000 48.383025 46.775061 45.184966 43.621295 42.092160 40.605103 39.166977 37.783853 36.460943 35.202541 34.011989 32.891661 31.842969 30.866385 29.961477 29.126960 28.360759 27.660072 27.021439 26.440816 25.913634 25.434859 24.999045 24.600366 24.232641 23.889341 23.563577 23.248074 22.935119 22.616497 22.283402 21.926335 21.534987 21.098112 20.603403 20.037383 19.385341 18.631346 17.758405 16.748825 15.584917 14.250139 12.730818 11.018531 9.113074 7.025676 4.781726 2.421840 0.000000 
50.000000 48.255143 46.520011 44.804163 43.116833 41.466776 39.862132 38.310299 36.817832 35.390358 34.032517 32.747922 31.539145 30.407720 29.354172 28.378052 27.478001 26.651807 25.896487 25.208357 24.583113 24.015904 23.501398 23.033840 22.607100 22.214704 21.849852 21.505419 21.173943 20.847589 20.518103 20.176755 19.814263 19.420717 18.985507 18.497259 17.943802 17.312198 16.588847 15.759735 14.810870 13.728977 12.502516 11.123070 9.587090 7.897875 6.067477 4.118040 2.081920 0.000000 
50.000000 48.135741 46.281873 44.448611 42.645822 40.882864 39.168434 37.510440 35.915889 34.390798 32.940130 31.567754 30.276426 29.067800 27.942449 26.899918 25.938778 25.056700 24.250537 23.516407 22.849776 22.245544 21.698117 21.201477 20.749236 20.334681 19.950798 19.590291 19.245579 18.908777 18.571675 18.225696 17.861855 17.470715 17.042356 16.566357 16.031824 15.427467 14.741765 13.963244 13.080919 12.084911 10.967303 9.723201 8.351971 6.858530 5.254440 3.558512 1.796555 0.000000 
50.000000 48.025129 46.061268 44.119238 42.209494 40.341949 38.525821 36.769489 35.080379 33.464872 31.928230 30.474560 29.106792 27.826690 26.634880 25.530901 24.513264 23.579539 22.726434 21.949891 21.245175 20.606969 20.029454 19.506386 19.031165 18.596882 18.196361 17.822187 17.466715 17.122069 16.780137 16.432549 16.070661 15.685541 15.267962 14.808429 14.297231 13.724554 13.080666 12.356195 11.542528 10.632345 9.620291 8.503769 7.283797 5.965826 4.560356 3.083152 1.554872 0.000000 
50.000000 47.923544 45.858665 43.816743 41.808772 39.845178 37.935654 36.089015 34.313072 32.614538 30.998954 29.470645 28.032704 26.686999 25.434205 24.273858 23.204423 22.223377 21.327303 20.511991 19.772530 19.103416 18.498636 17.951758 17.456006 17.004317 16.589394 16.203746 15.839706 15.489447 15.144993 14.798210 14.440815 14.064376 13.660336 13.220054 12.734882 12.196287 11.596036 10.926453 10.180767 9.353544 8.441204 7.442603 6.359611 5.197622 3.965882 2.677510 1.349122 0.000000 
50.000000 47.831149 45.674391 43.541616 41.444306 39.393355 37.398888 35.470117 33.615204 31.841165 30.153796 28.557621 27.055882 25.650544 24.342329 23.130775 22.014304 20.990318 20.055291 19.204879 18.434022 17.737054 17.107800 16.539671 16.025746 15.558844 15.131582 14.736423 14.365711 14.011696 13.666556 13.322406 12.971318 12.605341 12.216535 11.797028 11.339096 10.835293 10.278617 9.662739 8.982288 8.233200 7.413102 6.521731 5.561317 4.536895 3.456458 2.330892 1.173627 0.000000 
50.000000 47.748047 45.508653 43.294162 41.116501 38.986981 36.916119 34.913481 32.987547 31.145609 29.393687 27.736490 26.177394 24.718451 23.360430 22.102870 20.944163 19.881642 18.911691 18.029849 17.230931 16.509132 15.858143 15.271244 14.741401 14.261339 13.823617 13.420678 13.044897 12.688617 12.344177 12.003938 11.660310 11.305784 10.932973 10.534677 10.103964 9.634288 9.119642 8.554746 7.935286 7.258173 6.521840 5.726524 4.874526 3.970386 3.020941 2.035219 1.024135 0.000000 
50.000000 47.674290 45.361551 43.074535 40.825558 38.626305 36.487641 34.419447 32.430485 30.528289 28.719085 27.007743 25.397758 23.891265 22.489072 21.190724 19.994586 18.897936 17.897079 16.987460 16.163782 15.420130 14.750080 14.146807 13.603185 13.111873 12.665388 12.256173 11.876646 11.519249 11.176480 10.840932 10.505325 10.162543 9.805686 9.428127 9.023597 8.586285 8.110974 7.593195 7.029414 6.417235 5.755608 5.045030 4.287708 3.487651 2.650676 1.784283 0.897401 0.000000 
50.000000 47.609888 45.233107 42.882763 40.571516 38.311377 36.113511 33.988078 31.944086 29.989282 28.130070 26.371461 24.717059 23.169067 21.728331 20.394405 19.165629 18.039237 17.011469 16.077689 15.232511 14.469925 13.783415 13.166072 12.610699 12.109902 11.656177 11.241976 10.859766 10.502086 10.161586 9.831067 9.503526 9.172189 8.830570 8.472525 8.092325 7.684753 7.245209 6.769843 6.255693 5.700841 5.104565 4.467468 3.791580 3.080402 2.338876 1.573260 0.790916 0.000000 
50.000000 47.554819 45.123277 42.718784 40.354294 38.042093 35.793608 33.619234 31.528192 29.528409 27.626442 25.827427 24.135057 22.551597 21.077926 19.713605 18.456957 17.305180 16.254458 15.300091 14.436621 13.657959 12.957515 12.328315 11.763105 11.254456 10.794851 10.376757 9.992694 9.635289 9.297327 8.971796 8.651927 8.331239 8.003588 7.663226 7.304860 6.923741 6.515747 6.077489 5.606420 5.100952 4.560555 3.985850 3.378665 2.742040 2.080188 1.398372 0.702725 0.000000 
50.000000 47.509043 45.031983 42.582479 40.173729 37.818253 35.527692 33.312639 31.182488 29.145321 27.207821 25.375225 23.651302 22.038372 20.537340 19.147773 17.867983 16.695137 15.625378 14.653951 13.775341 12.983398 12.271474 11.632542 11.059308 10.544318 10.080047 9.658982 9.273689 8.916877 8.581447 8.260541 7.947588 7.636344 7.320946 6.995958 6.656433 6.297980 5.916839 5.509962 5.075099 4.610879 4.116885 3.593707 3.042970 2.467327 1.870396 1.256659 0.631300 0.000000 
50.000000 47.472510 44.959120 42.473693 40.029621 37.639608 35.315467 33.067949 30.906588 28.839586 26.873730 25.014338 23.265240 21.628797 20.105939 18.696237 17.397995 16.208356 15.123431 14.138425 13.247775 12.445288 11.724270 11.077655 10.498118 9.978189 9.510341 9.087079 8.701010 8.344910 8.011775 7.694871 7.387784 7.084459 6.779248 6.466958 6.142901 5.802957 5.443631 5.062120 4.656380 4.225184 3.768170 3.285881 2.779766 2.252158 1.706218 1.145829 0.575462 0.000000 
50.000000 47.445166 44.904586 42.392272 39.921763 37.505900 35.156627 32.884810 30.700091 28.610761 26.623684 24.744238 22.976302 21.322266 19.783078 18.358315 17.046271 15.844077 14.747818 13.752669 12.853036 12.042689 11.314905 10.662588 10.078394 9.554840 9.084401 8.659597 8.273068 7.917640 7.586381 7.272653 6.970157 6.672977 6.375623 6.073078 5.760842 5.434985 5.092198 4.729847 4.346024 3.939591 3.510216 3.058389 2.585419 2.093402 1.585160 1.064147 0.534322 0.000000 
50.000000 47.426966 44.868287 42.338077 39.849971 37.416903 35.050901 32.762912 30.562645 28.458455 26.457254 24.564462 22.783988 21.118244 19.568190 18.133405 16.812181 15.601637 14.497841 13.495952 12.590351 11.774789 11.042520 10.386432 9.799167 9.273235 8.801113 8.375332 7.988553 7.633638 7.303704 6.992174 6.692829 6.399841 6.107827 5.811881 5.507626 5.191253 4.859571 4.510050 4.140867 3.750936 3.339935 2.908315 2.457288 1.988791 1.505425 1.010364 0.507239 0.000000 
50.000000 47.417875 44.850156 42.311007 39.814111 37.372449 34.998092 32.702025 30.493992 28.382378 26.374123 24.474665 22.687929 21.016338 19.460857 18.021067 16.695259 15.480546 14.372988 13.367735 12.459157 11.640995 10.906492 10.248527 9.659737 9.132628 8.659677 8.233422 7.846536 7.491897 7.162647 6.852242 6.554498 6.263635 5.974320 5.681704 5.381468 5.069864 4.743757 4.400668 4.038813 3.657129 3.255298 2.833751 2.393649 1.936850 1.465845 0.983672 0.493799 0.000000 
50.000000 47.417875 44.850156 42.311007 39.814111 37.372449 34.998092 32.702025 30.493992 28.382378 26.374123 24.474665 22.687929 21.016338 19.460857 18.021067 16.695259 15.480546 14.372988 13.367735 12.459157 11.640995 10.906492 10.248527 9.659737 9.132628 8.659677 8.233422 7.846536 7.491897 7.162647 6.852242 6.554498 6.263635 5.974320 5.681704 5.381468 5.069864 4.743757 4.400668 4.038813 3.657129 3.255298 2.833751 2.393649 1.936850 1.465845 0.983672 0.493799 0.000000 
50.000000 47.426966 44.868287 42.338077 39.849971 37.416903 35.050901 32.762912 30.562645 28.458455 26.457254 24.564462 22.783988 21.118244 19.568190 18.133405 16.812181 15.601637 14.497841 13.495952 12.590351 11.774789 11.042520 10.386432 9.799167 9.273235 8.801113 8.375332 7.988553 7.633638 7.303704 6.992174 6.692829 6.399841 6.107827 5.811881 5.507626 5.191253 4.859571 4.510050 4.140867 3.750936 3.339935 2.908315 2.457288 1.988791 1.505425 1.010364 0.507239 0.000000 
50.000000 47.445166 44.904586 42.392272 39.921763 37.505900 35.156627 32.884810 30.700091 28.610761 26.623684 24.744238 22.976302 21.322266 19.783078 18.358315 17.046271 15.844077 14.747818 13.752669 12.853036 12.042689 11.314905 10.662588 10.078394 9.554840 9.084401 8.659597 8.273068 7.917640 7.586381 7.272653 6.970157 6.672977 6.375623 6.073078 5.760842 5.434985 5.092198 4.729847 4.346024 3.939591 3.510216 3.058389 2.585419 2.093402 1.585160 1.064147 0.534322 0.000000 
50.000000 47.472510 44.959120 42.473693 40.029621 37.639608 35.315467 33.067949 30.906588 28.839586 26.873730 25.014338 23.265240 21.628797 20.105939 18.696237 17.397995 16.208356 15.123431 14.138425 13.247775 12.445288 11.724270 11.077655 10.498118 9.978189 9.510341 9.087079 8.701010 8.344910 8.011775 7.694871 7.387784 7.084459 6.779248 6.466958 6.142901 5.802957 5.443631 5.062120 4.656380 4.225184 3.768170 3.285881 2.779766 2.252158 1.706218 1.145829 0.575462 0.000000 
50.000000 47.509043 45.031983 42.582479 40.173729 37.818253 35.527692 33.312639 31.182488 29.145321 27.207821 25.375225 23.651302 22.038372 20.537340 19.147773 17.867983 16.695137 15.625378 14.653951 13.775341 12.983398 12.271474 11.632542 11.059308 10.544318 10.080047 9.658982 9.273689 8.916877 8.581447 8.260541 7.947588 7.636344 7.320946 6.995958 6.656433 6.297980 5.916839 5.509962 5.075099 4.610879 4.116885 3.593707 3.042970 2.467327 1.870396 1.256659 0.631300 0.000000 
50.000000 47.554819 45.123277 42.718784 40.354294 38.042093 35.793608 33.619234 31.528192 29.528409 27.626442 25.827427 24.135057 22.551597 21.077926 19.713605 18.456957 17.305180 16.254458 15.300091 14.436621 13.657959 12.957515 12.328315 11.763105 11.254456 10.794851 10.376757 9.992694 9.635289 9.297327 8.971796 8.651927 8.331239 8.003588 7.663226 7.304860 6.923741 6.515747 6.077489 5.606420 5.100952 4.560555 3.985850 3.378665 2.742040 2.080188 1.398372 0.702725 0.000000 
50.000000 47.609888 45.233107 42.882763 40.571516 38.311377 36.113511 33.988078 31.944086 29.989282 28.130070 26.371461 24.717059 23.169067 21.728331 20.394405 19.165629 18.039237 17.011469 16.077689 15.232511 14.469925 13.783415 13.166072 12.610699 12.109902 11.656177 11.241976 10.859766 10.502086 10.161586 9.831067 9.503526 9.172189 8.830570 8.472525 8.092325 7.684753 7.245209 6.769843 6.255693 5.700841 5.104565 4.467468 3.791580 3.080402 2.338876 1.573260 0.790916 0.000000 
50.000000 47.674290 45.361551 43.074535 40.825558 38.626305 36.487641 34.419447 32.430485 30.528289 28.719085 27.007743 25.397758 23.891265 22.489072 21.190724 19.994586 18.897936 17.897079 16.987460 16.163782 15.420130 14.750080 14.146807 13.603185 13.111873 12.665388 12.256173 11.876646 11.519249 11.176480 10.840932 10.505325 10.162543 9.805686 9.428127 9.023597 8.586285 8.110974 7.593195 7.029414 6.417235 5.755608 5.045030 4.287708 3.487651 2.650676 1.784283 0.897401 0.000000 
50.000000 47.748047 45.508653 43.294162 41.116501 38.986981 36.916119 34.913481 32.987547 31.145609 29.393687 27.736490 26.177394 24.718451 23.360430 22.102870 20.944163 19.881642 18.911691 18.029849 17.230931 16.509132 15.858143 15.271244 14.741401 14.261339 13.823617 13.420678 13.044897 12.688617 12.344177 12.003938 11.660310 11.305784 10.932973 10.534677 10.103964 9.634288 9.119642 8.554746 7.935286 7.258173 6.521840 5.726524 4.874526 3.970386 3.020941 2.035219 1.024135 0.000000 
50.000000 47.831149 45.674391 43.541616 41.444306 39.393355 37.398888 35.470117 33.615204 31.841165 30.153796 28.557621 27.055882 25.650544 24.342329 23.130775 22.014304 20.990318 20.055291 19.204879 18.434022 17.737054 17.107800 16.539671 16.025746 15.558844 15.131582 14.736423 14.365711 14.011696 13.666556 13.322406 12.971318 12.605341 12.216535 11.797028 11.339096 10.835293 10.278617 9.662739 8.982288 8.233200 7.413102 6.521731 5.561317 4.536895 3.456458 2.330892 1.173627 0.000000 
50.000000 47.923544 45.858665 43.816743 41.808772 39.845178 37.935654 36.089015 34.313072 32.614538 30.998954 29.470645 28.032704 26.686999 25.434205 24.273858 23.204423 22.223377 21.327303 20.511991 19.772530 19.103416 18.498636 17.951758 17.456006 17.004317 16.589394 16.203746 15.839706 15.489447 15.144993 14.798210 14.440815 14.064376 13.660336 13.220054 12.734882 12.196287 11.596036 10.926453 10.180767 9.353544 8.441204 7.442603 6.359611 5.197622 3.965882 2.677510 1.349122 0.000000 
50.000000 48.025129 46.061268 44.119238 42.209494 40.341949 38.525821 36.769489 35.080379 33.464872 31.928230 30.474560 29.106792 27.826690 26.634880 25.530901 24.513264 23.579539 22.726434 21.949891 21.245175 20.606969 20.029454 19.506386 19.031165 18.596882 18.196361 17.822187 17.466715 17.122069 16.780137 16.432549 16.070661 15.685541 15.267962 14.808429 14.297231 13.724554 13.080666 12.356195 11.542528 10.632345 9.620291 8.503769 7.283797 5.965826 4.560356 3.083152 1.554872 0.000000 
50.000000 48.135741 46.281873 44.448611 42.645822 40.882864 39.168434 37.510440 35.915889 34.390798 32.940130 31.567754 30.276426 29.067800 27.942449 26.899918 25.938778 25.056700 24.250537 23.516407 22.849776 22.245544 21.698117 21.201477 20.749236 20.334681 19.950798 19.590291 19.245579 18.908777 18.571675 18.225696 17.861855 17.470715 17.042356 16.566357 16.031824 15.427467 14.741765 13.963244 13.080919 12.084911 10.967303 9.723201 8.351971 6.858530 5.254440 3.558512 1.796555 0.000000 
50.000000 48.255143 46.520011 44.804163 43.116833 41.466776 39.862132 38.310299 36.817832 35.390358 34.032517 32.747922 31.539145 30.407720 29.354172 28.378052 27.478001 26.651807 25.896487 25.208357 24.583113 24.015904 23.501398 23.033840 22.607100 22.214704 21.849852 21.505419 21.173943 20.847589 20.518103 20.176755 19.814263 19.420717 18.985507 18.497259 17.943802 17.312198 16.588847 15.759735 14.810870 13.728977 12.502516 11.123070 9.587090 7.897875 6.067477 4.118040 2.081920 0.000000 
50.000000 48.383025 46.775061 45.184966 43.621295 42.092160 40.605103 39.166977 37.783853 36.460943 35.202541 34.011989 32.891661 31.842969 30.866385 29.961477 29.126960 28.360759 27.660072 27.021439 26.440816 25.913634 25.434859 24.999045 24.600366 24.232641 23.889341 23.563577 23.248074 22.935119 22.616497 22.283402 21.926335 21.534987 21.098112 20.603403 20.037383 19.385341 18.631346 17.758405 16.748825 15.584917 14.250139 12.730818 11.018531 9.113074 7.025676 4.781726 2.421840 0.000000 
50.000000 48.518991 47.046235 45.589843 44.157650 42.757085 41.395053 40.077829 38.810972 37.599251 36.446595 35.356058 34.329808 33.369129 32.474440 31.645330 30.880603 30.178331 29.535917 28.950151 28.417275 27.933039 27.492750 27.091314 26.723262 26.382765 26.063628 25.759275 25.462698 25.166400 24.862305 24.541646 24.194828 23.811263 23.379189 22.885466 22.315365 21.652381 20.878094 19.972152 18.912469 17.675800 16.238882 14.580424 12.684175 10.543232 8.165306 5.577991 2.832053 0.000000 
50.000000 48.662560 47.332572 46.017360 44.723999 43.459196 42.229186 41.039633 39.895554 38.801254 37.760277 36.775376 35.848503 34.980808 34.172659 33.423672 32.732749 32.098127 31.517433 30.987731 30.505583 30.067093 29.667949 29.303458 28.968561 28.657845 28.365523 28.085411 27.810868 27.534722 27.249163 26.945607 26.614526 26.245240 25.825666 25.342030 24.778537 24.117016 23.336569 22.413283 21.320110 20.027102 18.502307 16.713745 14.633060 12.241396 9.537700 6.548516 3.336216 0.000000 
50.000000 48.813164 47.632939 46.465825 45.318100 44.195714 43.104197 42.048577 41.033304 40.062193 39.138387 38.264325 37.441733 36.671627 35.954323 35.289468 34.676075 34.112562 33.596796 33.126145 32.697518 32.307409 31.951930 31.626836 31.327539 31.049102 30.786227 30.533209 30.283883 30.031526 29.768744 29.487315 29.177989 28.830237 28.431944 27.969024 27.424961 26.780263 26.011840 25.092334 23.989497 22.665796 21.078609 19.181636 16.928554 14.280269 11.217189 7.756615 3.971537 0.000000 
50.000000 48.970147 47.946030 46.933289 45.937370 44.963436 44.016285 43.100279 42.219275 41.376585 40.574933 39.816431 39.102574 38.434236 37.811685 37.234608 36.702135 36.212878 35.764968 35.356098 34.983555 34.644257 34.334780 34.051377 33.789982 33.546208 33.315320 33.092191 32.871241 32.646336 32.410667 32.156577 31.875345 31.556905 31.189482 30.759135 30.249169 29.639387 28.905168 28.016334 26.935831 25.618350 24.009191 22.044100 19.651534 16.759923 13.313756 9.302317 4.799881 0.000000 
50.000000 49.132772 48.270375 47.417557 46.578902 45.758760 44.961169 44.189800 43.447903 42.738263 42.063172 41.424408 40.823225 40.260356 39.736022 39.249951 38.801403 38.389198 38.011749 37.667093 37.352924 37.066617 36.805250 36.565620 36.344240 36.137333 35.940808 35.750211 35.560662 35.366761 35.162459 34.940892 34.694148 34.412983 34.086421 33.701248 33.241324 32.686676 32.012278 31.186443 30.168698 28.907096 27.335028 25.368032 22.902097 19.817102 15.992904 11.350597 5.931473 0.000000 
50.000000 49.300229 48.604355 47.916210 47.239493 46.577712 45.934126 45.311697 44.713046 44.140420 43.595666 43.080217 42.595083 42.140854 41.717703 41.325407 40.963362 40.630610 40.325859 40.047515 39.793698 39.562272 39.350852 39.156819 38.977317 38.809240 38.649212 38.493543 38.338167 38.178558 38.009606 37.825466 37.619336 37.383179 37.107330 36.779980 36.386451 35.908202 35.321418 34.595020 33.687807 32.544385 31.089432 29.219983 26.796132 23.633136 19.504973 14.185604 7.580376 0.000000 
50.000000 49.471636 48.946215 48.426629 47.915672 47.415991 46.930047 46.460077 46.008058 45.575687 45.164358 44.775151 44.408829 44.065834 43.746295 43.450041 43.176614 42.925283 42.695069 42.484759 42.292926 42.117943 41.957994 41.811081 41.675018 41.547428 41.425714 41.307031 41.188226 41.065777 40.935681 40.793329 40.633314 40.449190 40.233126 39.975431 39.663887 39.282785 38.811517 38.222461 37.477767 36.524326 35.285829 33.650109 31.449272 28.430402 24.220354 18.314571 10.208488 0.000000 
50.000000 49.646059 49.294089 48.946028 48.603746 48.269018 47.943493 47.628666 47.325864 47.036222 46.760675 46.499945 46.254542 46.024762 45.810691 45.612212 45.429016 45.260612 45.106342 44.965388 44.836791 44.719453 44.612152 44.513537 44.422132 44.336325 44.254356 44.174287 44.093968 44.010982 43.922578 43.825565 43.716185 43.589923 43.441250 43.263265 43.047166 42.781488 42.450931 42.034562 41.502895 40.813062 39.900423 38.663484 36.935669 34.431103 30.640707 24.650020 14.942099 0.000000 
50.000000 49.822517 49.646022 49.471487 49.299851 49.132002 48.968767 48.810897 48.659056 48.513815 48.375640 48.244895 48.121835 48.006608 47.899257 47.799723 47.707850 47.623391 47.546016 47.475313 47.410800 47.351925 47.298072 47.248560 47.202646 47.159515 47.118279 47.077955 47.037453 46.995544 46.950827 46.901669 46.846142 46.781919 46.706138 46.615204 46.504504 46.367972 46.197432 45.981538 45.704019 45.340621 44.853472 44.179971 43.209092 41.725904 39.267586 34.706871 24.911979 0.000000 
50.000000 50.000000 50.000000 50.000000 50.000000 50.000000 50.000000 50.000000 50.000000 50.000000 50.000000 50.000000 50.000000 50.000000 50.000000 50.000000 50.000000 50.000000 50.000000 50.000000 50.000000 50.000000 50.000000 50.000000 50.000000 50.000000 50.000000 50.000000 50.000000 50.000000 50.000000 50.000000 50.000000 50.000000 50.000000 50.000000 50.000000 50.000000 50.000000 50.000000 50.000000 50.000000 50.000000 50.000000 50.000000 50.000000 50.000000 50.000000 50.000000 50.000000 
