50.000000 50.000000 50.000000 50.000000 50.000000 50.000000 50.000000 50.000000 50.000000 50.000000 50.000000 50.000000 50.000000 50.000000 50.000000 50.000000 50.000000 50.000000 50.000000 50.000000 50.000000 50.000000 50.000000 50.000000 50.000000 50.000000 50.000000 50.000000 50.000000 50.000000 50.000000 50.000000 50.000000 50.000000 50.000000 50.000000 50.000000 50.000000 50.000000 50.000000 50.000000 50.000000 50.000000 50.000000 50.000000 50.000000 50.000000 50.000000 50.000000 50.000000 
50.000000 49.484029 48.976419 48.485125 48.017320 47.579090 47.175199 46.808967 46.482233 46.195430 45.947718 45.737199 45.561147 45.416266 45.298931 45.205410 45.132046 45.075396 45.032336 45.000109 44.976353 44.959093 44.946713 44.937915 44.931669 44.927161 44.923735 44.920840 44.917976 44.914628 44.910208 44.903979 44.894954 44.881782 44.862582 44.834718 44.794486 44.736646 44.653726 44.534928 44.364339 44.117836 43.757424 43.220110 42.394194 41.063794 38.764882 34.368756 24.742015 0.000000 
50.000000 48.976419 47.969425 46.994797 46.066769 45.197409 44.396173 43.669643 43.021471 42.452512 41.961105 41.543479 41.194229 40.906815 40.674047 40.488522 40.342982 40.230603 40.145181 40.081250 40.034125 39.999887 39.975332 39.957885 39.945506 39.936582 39.929816 39.924123 39.918517 39.911999 39.903425 39.891368 39.873932 39.848525 39.811553 39.758006 39.680873 39.570312 39.412412 39.187317 38.866247 38.406586 37.743459 36.774597 35.332101 33.128229 29.651527 23.984712 14.607664 0.000000 
50.000000 48.485125 46.994797 45.552371 44.178911 42.892281 41.706472 40.631225 39.671949 38.829905 38.102636 37.484562 36.967682 36.542319 36.197831 35.923260 35.707867 35.541550 35.415130 35.320517 35.250777 35.200113 35.163782 35.137979 35.119686 35.106523 35.096582 35.088274 35.080163 35.070809 35.058580 35.041451 35.016755 34.980863 34.928777 34.853577 34.745662 34.591698 34.373102 34.063831 33.627055 33.010044 32.136138 30.892043 29.107938 26.528187 22.776185 17.343270 9.720242 0.000000 
50.000000 48.017320 46.066769 44.178911 42.381319 40.697370 39.145376 37.738089 36.482585 35.380515 34.428664 33.619728 32.943237 32.386523 31.935659 31.576302 31.294398 31.076725 30.911270 30.787446 30.696178 30.629879 30.582348 30.548606 30.524713 30.507564 30.494681 30.484012 30.473722 30.461991 30.446784 30.425607 30.395199 30.351164 30.287496 30.195952 30.065228 29.879833 29.618560 29.252352 28.741321 28.030555 27.044286 25.678105 23.789638 21.190660 17.650725 12.938540 6.953526 0.000000 
50.000000 47.579090 45.197409 42.892281 40.697370 38.641221 36.746194 35.027860 33.494858 32.149204 30.986973 29.999245 29.173236 28.493478 27.942966 27.504186 27.159979 26.894200 26.692181 26.540996 26.429567 26.348632 26.290623 26.249467 26.220366 26.199544 26.184003 26.171277 26.159192 26.145619 26.128224 26.104177 26.069829 26.020310 25.949030 25.847046 25.702250 25.498311 25.213315 24.817982 24.273404 23.528208 22.515254 21.148369 19.320612 16.907733 13.784344 9.865309 5.184896 0.000000 
50.000000 47.175200 44.396174 41.706472 39.145377 36.746195 34.535019 32.530013 30.741260 29.171114 27.814991 26.662485 25.698679 24.905523 24.263175 23.751200 23.349576 23.039464 22.803750 22.627353 22.497349 22.402935 22.335284 22.287322 22.253462 22.229322 22.211440 22.196991 22.183521 22.168672 22.149907 22.124209 22.087737 22.035430 21.960518 21.853928 21.703546 21.493317 21.202143 20.802576 20.259331 19.527750 18.552538 17.267512 15.597830 13.467274 10.814431 7.621577 3.955090 0.000000 
50.000000 46.808967 43.669644 40.631227 37.738091 35.027862 32.530015 30.265070 28.244416 26.470712 24.938780 23.636864 22.548112 21.652136 20.926519 20.348177 19.894492 19.544185 19.277922 19.078670 18.931830 18.825204 18.748828 18.694721 18.656589 18.629511 18.609617 18.593782 18.579333 18.563756 18.544408 18.518209 18.481311 18.428707 18.353790 18.247820 18.099308 17.893289 17.610521 17.226627 16.711287 16.027680 15.132541 13.977485 12.512613 10.693809 8.495092 5.926186 3.051544 0.000000 
50.000000 46.482235 43.021474 39.671953 36.482589 33.494863 30.741265 28.244420 26.016880 24.061577 22.372801 20.937594 19.737378 18.749675 17.949774 17.312228 16.812101 16.425938 16.132426 15.912788 15.750935 15.633426 15.549282 15.489719 15.447821 15.418190 15.396611 15.379713 15.364660 15.348848 15.329609 15.303913 15.268045 15.217252 15.145347 15.044264 14.903559 14.709875 14.446396 14.092367 13.622783 13.008454 12.216757 11.213527 9.966664 8.452041 6.661914 4.614891 2.364400 0.000000 
50.000000 46.195432 42.452517 38.829912 35.380525 32.149215 29.171126 26.470723 24.061584 21.946879 20.120433 18.568229 17.270174 16.201959 15.336857 14.647345 14.106457 13.688823 13.371396 13.133869 12.958846 12.831793 12.740847 12.676521 12.631357 12.599552 12.576597 12.558928 12.543595 12.527959 12.509395 12.485002 12.451308 12.403947 12.337328 12.244264 12.115599 11.939822 11.702746 11.387285 10.973468 10.438839 9.759462 8.911814 7.875826 6.639215 5.202865 3.586276 1.831096 0.000000 
50.000000 45.947723 41.961114 38.102650 34.428682 30.986994 27.815015 24.938804 22.372824 20.120448 18.175101 16.521852 15.139300 14.001551 13.080139 12.345749 11.769659 11.324849 10.986770 10.733798 10.547406 10.412120 10.315314 10.246899 10.198951 10.165327 10.141279 10.123089 10.107739 10.092595 10.075122 10.052608 10.021887 9.979064 9.919232 9.836183 9.722126 9.567439 9.360493 9.087607 8.733239 8.280511 7.712219 7.012471 6.169038 5.176351 4.038834 2.773807 1.412800 0.000000 
50.000000 45.737208 41.543497 37.484588 33.619763 29.999286 26.662532 23.636914 20.937645 18.568274 16.521883 14.782765 13.328406 12.131569 11.162306 10.389780 9.783778 9.315875 8.960250 8.694156 8.498108 8.355834 8.254061 8.182191 8.131911 8.096794 8.071898 8.053393 8.038222 8.023788 8.007678 7.987395 7.960115 7.922445 7.870187 7.798118 7.699782 7.567340 7.391493 7.161539 6.865636 6.491332 6.026460 5.460444 4.786017 4.001239 3.111513 2.131103 1.083492 0.000000 
50.000000 45.561164 41.194261 36.967731 32.943300 29.173312 25.698766 22.548208 19.737478 17.270273 15.139387 13.328465 11.814062 10.567814 9.558539 8.754126 8.123112 7.635901 7.265605 6.988542 6.784425 6.636315 6.530401 6.455659 6.403458 6.367137 6.341602 6.322941 6.308082 6.294486 6.279872 6.261974 6.238311 6.205986 6.161487 6.100516 6.017849 5.907240 5.761412 5.572158 5.330615 5.027739 4.655033 4.205545 3.675082 3.063532 2.376082 1.623983 0.824535 0.000000 
50.000000 45.416296 40.906874 36.542407 32.386638 28.493617 24.905683 21.652314 18.749865 16.202154 14.001740 12.131733 10.567922 9.281019 8.238821 7.408170 6.756577 6.253480 5.871115 5.585029 5.374276 5.221370 5.112057 5.034968 4.981209 4.943935 4.917932 4.899230 4.884761 4.872051 4.858956 4.843432 4.823328 4.796207 4.759185 4.708797 4.640899 4.550613 4.432351 4.279931 4.086819 3.846532 3.553203 3.202307 2.791511 2.321527 1.796834 1.226061 0.621840 0.000000 
50.000000 45.298985 40.674154 36.197988 31.935864 27.943215 24.263464 20.926841 17.950123 15.337223 13.080509 11.162659 9.558842 8.239018 7.170163 6.318268 5.650012 5.134054 4.741919 4.448529 4.232406 4.075621 3.963565 3.884587 3.829587 3.791571 3.765234 3.746570 3.732522 3.720683 3.709043 3.695761 3.678985 3.656689 3.626539 3.585791 3.531215 3.459069 3.365135 3.244826 3.093394 2.906244 2.679362 2.409834 2.096423 1.740120 1.344570 0.916255 0.464321 0.000000 
50.000000 45.205505 40.488709 35.923537 31.576664 27.504626 23.751711 20.348749 17.312851 14.648006 12.346432 10.390460 8.754767 7.408713 6.318618 5.449797 4.768266 4.242061 3.842142 3.542934 3.322536 3.162665 3.048428 2.967956 2.911981 2.873398 2.846833 2.828253 2.814621 2.803596 2.793286 2.782032 2.768241 2.750242 2.726167 2.693873 2.650882 2.594369 2.521198 2.428014 2.311410 2.168163 1.995551 1.791713 1.556041 1.289532 0.995038 0.677345 0.343018 0.000000 
50.000000 45.132210 40.343309 35.708349 31.295027 27.160744 23.350464 19.895490 16.813192 14.107621 11.770875 9.785016 8.124331 6.757713 5.650967 4.768876 4.076938 3.542700 3.136680 2.832914 2.609165 2.446878 2.330937 2.249300 2.192574 2.153564 2.126846 2.108374 2.095130 2.084833 2.075693 2.066207 2.055001 2.040697 2.021814 1.996695 1.963464 1.920018 1.864058 1.793161 1.704910 1.597067 1.467800 1.315933 1.141205 0.944495 0.727969 0.495111 0.250593 0.000000 
50.000000 45.075679 40.231162 35.542376 31.077804 26.895513 23.040989 19.545898 16.427814 13.690833 11.326961 9.318051 7.638092 6.255616 5.136028 4.243703 3.543741 3.003309 2.592584 2.285302 2.058972 1.894824 1.777572 1.695043 1.637746 1.598420 1.571607 1.553248 1.540349 1.530678 1.522532 1.514538 1.505500 1.494279 1.479700 1.460493 1.435253 1.402432 1.360364 1.307322 1.241607 1.161681 1.066320 0.954786 0.827001 0.683686 0.526449 0.357790 0.181007 0.000000 
50.000000 45.032813 40.146126 35.416527 30.913094 26.694400 22.806329 19.280821 16.135602 13.374806 10.990367 8.963980 7.269408 5.874907 4.745583 3.845501 3.139454 2.594326 2.180036 1.870090 1.641803 1.476246 1.358003 1.274802 1.217079 1.177524 1.150652 1.132402 1.119796 1.110646 1.103320 1.096547 1.089275 1.080550 1.069441 1.054974 1.036102 1.011699 0.980569 0.941491 0.893286 0.834903 0.765530 0.684709 0.592448 0.489312 0.376474 0.255705 0.129312 0.000000 
50.000000 45.000905 40.082828 35.322847 30.790487 26.544697 22.631654 19.083504 15.918088 13.139565 10.739817 8.700422 6.994973 5.591523 4.454952 3.549096 2.838521 2.289899 1.872955 1.561027 1.331284 1.164680 1.045702 0.962004 0.903967 0.864249 0.837344 0.819190 0.806826 0.798096 0.791425 0.785622 0.779746 0.772988 0.764598 0.753828 0.739900 0.721996 0.699265 0.670851 0.635939 0.593818 0.543951 0.486057 0.420179 0.346746 0.266598 0.180981 0.091493 0.000000 
50.000000 44.977663 40.036721 35.254611 30.701181 26.435654 22.504422 18.939781 15.759654 12.968219 10.557321 8.508451 6.795080 5.385112 4.243264 3.333202 2.619330 2.068163 1.649287 1.335915 1.105114 0.937747 0.818235 0.734177 0.675915 0.636083 0.609161 0.591088 0.578914 0.570512 0.564347 0.559292 0.554487 0.549231 0.542909 0.534940 0.524741 0.511716 0.495262 0.474779 0.449707 0.419563 0.383996 0.342832 0.296127 0.244196 0.187637 0.127319 0.064346 0.000000 
50.000000 44.961220 40.004101 35.206335 30.637998 26.358508 22.414408 18.838100 15.647566 12.846996 10.428210 8.372638 6.653663 5.239084 4.093502 3.180466 2.464261 1.911294 1.491051 1.176659 0.945108 0.777204 0.657314 0.573002 0.514584 0.474673 0.447744 0.429735 0.417705 0.409548 0.403760 0.399259 0.395244 0.391093 0.386289 0.380366 0.372881 0.363396 0.351476 0.336700 0.318678 0.297084 0.271683 0.242370 0.209197 0.172398 0.132396 0.089798 0.045372 0.000000 
50.000000 44.950119 39.982080 35.173744 30.595344 26.306427 22.353640 18.769456 15.571895 12.765160 10.341049 8.280952 6.558193 5.140502 3.992401 3.077356 2.359577 1.805395 1.384229 1.069148 0.837093 0.668825 0.548681 0.464199 0.405676 0.365715 0.338783 0.320820 0.308893 0.300909 0.295386 0.291273 0.287810 0.284429 0.280679 0.276173 0.270563 0.263514 0.254706 0.243832 0.230618 0.214834 0.196322 0.175015 0.150960 0.124331 0.095434 0.064705 0.032686 0.000000 
50.000000 44.943296 39.968544 35.153712 30.569126 26.274416 22.316289 18.727264 15.525385 12.714859 10.287475 8.224598 6.499514 5.079910 3.930259 3.013981 2.295234 1.740305 1.318573 1.003068 0.770703 0.602212 0.481912 0.397326 0.338739 0.298747 0.271815 0.253883 0.242022 0.234147 0.228792 0.224924 0.221809 0.218912 0.215823 0.212205 0.207766 0.202236 0.195363 0.186912 0.176673 0.164478 0.150210 0.133826 0.115367 0.094968 0.072866 0.049388 0.024943 0.000000 
50.000000 44.940056 39.962116 35.144199 30.556676 26.259213 22.298551 18.707227 15.503297 12.690972 10.262034 8.197835 6.471648 5.051135 3.900749 2.983884 2.264678 1.709394 1.287393 0.971688 0.739175 0.570578 0.450204 0.365569 0.306952 0.266945 0.240014 0.222097 0.210267 0.202446 0.197172 0.193422 0.190475 0.187812 0.185040 0.181849 0.177972 0.173170 0.167222 0.159928 0.151109 0.140622 0.128374 0.114328 0.098523 0.081077 0.062191 0.042144 0.021282 0.000000 
50.000000 44.940056 39.962116 35.144199 30.556676 26.259213 22.298551 18.707227 15.503297 12.690972 10.262034 8.197835 6.471648 5.051135 3.900749 2.983884 2.264678 1.709394 1.287393 0.971688 0.739175 0.570578 0.450204 0.365569 0.306952 0.266945 0.240014 0.222097 0.210267 0.202446 0.197172 0.193422 0.190475 0.187812 0.185040 0.181849 0.177972 0.173170 0.167222 0.159928 0.151109 0.140622 0.128374 0.114328 0.098523 0.081077 0.062191 0.042144 0.021282 0.000000 
50.000000 44.943296 39.968544 35.153712 30.569126 26.274416 22.316289 18.727264 15.525385 12.714859 10.287475 8.224598 6.499514 5.079910 3.930259 3.013981 2.295234 1.740305 1.318573 1.003068 0.770703 0.602212 0.481912 0.397326 0.338739 0.298747 0.271815 0.253883 0.242022 0.234147 0.228792 0.224924 0.221809 0.218912 0.215823 0.212205 0.207766 0.202236 0.195363 0.186912 0.176673 0.164478 0.150210 0.133826 0.115367 0.094968 0.072866 0.049388 0.024943 0.000000 
50.000000 44.950119 39.982080 35.173744 30.595344 26.306427 22.353640 18.769456 15.571895 12.765160 10.341049 8.280952 6.558193 5.140502 3.992401 3.077356 2.359577 1.805395 1.384229 1.069148 0.837093 0.668825 0.548681 0.464199 0.405676 0.365715 0.338783 0.320820 0.308893 0.300909 0.295386 0.291273 0.287810 0.284429 0.280679 0.276173 0.270563 0.263514 0.254706 0.243832 0.230618 0.214834 0.196322 0.175015 0.150960 0.124331 0.095434 0.064705 0.032686 0.000000 
50.000000 44.961220 40.004101 35.206335 30.637998 26.358508 22.414408 18.838100 15.647566 12.846996 10.428210 8.372638 6.653663 5.239084 4.093502 3.180466 2.464261 1.911294 1.491051 1.176659 0.945108 0.777204 0.657314 0.573002 0.514584 0.474673 0.447744 0.429735 0.417705 0.409548 0.403760 0.399259 0.395244 0.391093 0.386289 0.380366 0.372881 0.363396 0.351476 0.336700 0.318678 0.297084 0.271683 0.242370 0.209197 0.172398 0.132396 0.089798 0.045372 0.000000 
50.000000 44.977663 40.036721 35.254611 30.701181 26.435654 22.504422 18.939781 15.759654 12.968219 10.557321 8.508451 6.795080 5.385112 4.243264 3.333202 2.619330 2.068163 1.649287 1.335915 1.105114 0.937747 0.818235 0.734177 0.675915 0.636083 0.609161 0.591088 0.578914 0.570512 0.564347 0.559292 0.554487 0.549231 0.542909 0.534940 0.524741 0.511716 0.495262 0.474779 0.449707 0.419563 0.383996 0.342832 0.296127 0.244196 0.187637 0.127319 0.064346 0.000000 
50.000000 45.000905 40.082828 35.322847 30.790487 26.544697 22.631654 19.083504 15.918088 13.139565 10.739817 8.700422 6.994973 5.591523 4.454952 3.549096 2.838521 2.289899 1.872955 1.561027 1.331284 1.164680 1.045702 0.962004 0.903967 0.864249 0.837344 0.819190 0.806826 0.798096 0.791425 0.785622 0.779746 0.772988 0.764598 0.753828 0.739900 0.721996 0.699265 0.670851 0.635939 0.593818 0.543951 0.486057 0.420179 0.346746 0.266598 0.180981 0.091493 0.000000 
50.000000 45.032813 40.146126 35.416527 30.913094 26.694400 22.806329 19.280821 16.135602 13.374806 10.990367 8.963980 7.269408 5.874907 4.745583 3.845501 3.139454 2.594326 2.180036 1.870090 1.641803 1.476246 1.358003 1.274802 1.217079 1.177524 1.150652 1.132402 1.119796 1.110646 1.103320 1.096547 1.089275 1.080550 1.069441 1.054974 1.036102 1.011699 0.980569 0.941491 0.893286 0.834903 0.765530 0.684709 0.592448 0.489312 0.376474 0.255705 0.129312 0.000000 
50.000000 45.075679 40.231162 35.542376 31.077804 26.895513 23.040989 19.545898 16.427814 13.690833 11.326961 9.318051 7.638092 6.255616 5.136028 4.243703 3.543741 3.003309 2.592584 2.285302 2.058972 1.894824 1.777572 1.695043 1.637746 1.598420 1.571607 1.553248 1.540349 1.530678 1.522532 1.514538 1.505500 1.494279 1.479700 1.460493 1.435253 1.402432 1.360364 1.307322 1.241607 1.161681 1.066320 0.954786 0.827001 0.683686 0.526449 0.357790 0.181007 0.000000 
50.000000 45.132210 40.343309 35.708349 31.295027 27.160744 23.350464 19.895490 16.813192 14.107621 11.770875 9.785016 8.124331 6.757713 5.650967 4.768876 4.076938 3.542700 3.136680 2.832914 2.609165 2.446878 2.330937 2.249300 2.192574 2.153564 2.126846 2.108374 2.095130 2.084833 2.075693 2.066207 2.055001 2.040697 2.021814 1.996695 1.963464 1.920018 1.864058 1.793161 1.704910 1.597067 1.467800 1.315933 1.141205 0.944495 0.727969 0.495111 0.250593 0.000000 
50.000000 45.205505 40.488709 35.923537 31.576664 27.504626 23.751711 20.348749 17.312851 14.648006 12.346432 10.390460 8.754767 7.408713 6.318618 5.449797 4.768266 4.242061 3.842142 3.542934 3.322536 3.162665 3.048428 2.967956 2.911981 2.873398 2.846833 2.828253 2.814621 2.803596 2.793286 2.782032 2.768241 2.750242 2.726167 2.693873 2.650882 2.594369 2.521198 2.428014 2.311410 2.168163 1.995551 1.791713 1.556041 1.289532 0.995038 0.677345 0.343018 0.000000 
50.000000 45.298985 40.674154 36.197988 31.935864 27.943215 24.263464 20.926841 17.950123 15.337223 13.080509 11.162659 9.558842 8.239018 7.170163 6.318268 5.650012 5.134054 4.741919 4.448529 4.232406 4.075621 3.963565 3.884587 3.829587 3.791571 3.765234 3.746570 3.732522 3.720683 3.709043 3.695761 3.678985 3.656689 3.626539 3.585791 3.531215 3.459069 3.365135 3.244826 3.093394 2.906244 2.679362 2.409834 2.096423 1.740120 1.344570 0.916255 0.464321 0.000000 
50.000000 45.416296 40.906874 36.542407 32.386638 28.493617 24.905683 21.652314 18.749865 16.202154 14.001740 12.131733 10.567922 9.281019 8.238821 7.408170 6.756577 6.253480 5.871115 5.585029 5.374276 5.221370 5.112057 5.034968 4.981209 4.943935 4.917932 4.899230 4.884761 4.872051 4.858956 4.843432 4.823328 4.796207 4.759185 4.708797 4.640899 4.550613 4.432351 4.279931 4.086819 3.846532 3.553203 3.202307 2.791511 2.321527 1.796834 1.226061 0.621840 0.000000 
50.000000 45.561164 41.194261 36.967731 32.943300 29.173312 25.698766 22.548208 19.737478 17.270273 15.139387 13.328465 11.814062 10.567814 9.558539 8.754126 8.123112 7.635901 7.265605 6.988542 6.784425 6.636315 6.530401 6.455659 6.403458 6.367137 6.341602 6.322941 6.308082 6.294486 6.279872 6.261974 6.238311 6.205986 6.161487 6.100516 6.017849 5.907240 5.761412 5.572158 5.330615 5.027739 4.655033 4.205545 3.675082 3.063532 2.376082 1.623983 0.824535 0.000000 
50.000000 45.737208 41.543497 37.484588 33.619763 29.999286 26.662532 23.636914 20.937645 18.568274 16.521883 14.782765 13.328406 12.131569 11.162306 10.389780 9.783778 9.315875 8.960250 8.694156 8.498108 8.355834 8.254061 8.182191 8.131911 8.096794 8.071898 8.053393 8.038222 8.023788 8.007678 7.987395 7.960115 7.922445 7.870187 7.798118 7.699782 7.567340 7.391493 7.161539 6.865636 6.491332 6.026460 5.460444 4.786017 4.001239 3.111513 2.131103 1.083492 0.000000 
50.000000 45.947723 41.961114 38.102650 34.428682 30.986994 27.815015 24.938804 22.372824 20.120448 18.175101 16.521852 15.139300 14.001551 13.080139 12.345749 11.769659 11.324849 10.986770 10.733798 10.547406 10.412120 10.315314 10.246899 10.198951 10.165327 10.141279 10.123089 10.107739 10.092595 10.075122 10.052608 10.021887 9.979064 9.919232 9.836183 9.722126 9.567439 9.360493 9.087607 8.733239 8.280511 7.712219 7.012471 6.169038 5.176351 4.038834 2.773807 1.412800 0.000000 
50.000000 46.195432 42.452517 38.829912 35.380525 32.149215 29.171126 26.470723 24.061584 21.946879 20.120433 18.568229 17.270174 16.201959 15.336857 14.647345 14.106457 13.688823 13.371396 13.133869 12.958846 12.831793 12.740847 12.676521 12.631357 12.599552 12.576597 12.558928 12.543595 12.527959 12.509395 12.485002 12.451308 12.403947 12.337328 12.244264 12.115599 11.939822 11.702746 11.387285 10.973468 10.438839 9.759462 8.911814 7.875826 6.639215 5.202865 3.586276 1.831096 0.000000 
50.000000 46.482235 43.021474 39.671953 36.482589 33.494863 30.741265 28.244420 26.016880 24.061577 22.372801 20.937594 19.737378 18.749675 17.949774 17.312228 16.812101 16.425938 16.132426 15.912788 15.750935 15.633426 15.549282 15.489719 15.447821 15.418190 15.396611 15.379713 15.364660 15.348848 15.329609 15.303913 15.268045 15.217252 15.145347 15.044264 14.903559 14.709875 14.446396 14.092367 13.622783 13.008454 12.216757 11.213527 9.966664 8.452041 6.661914 4.614891 2.364400 0.000000 
50.000000 46.808967 43.669644 40.631227 37.738091 35.027862 32.530015 30.265070 28.244416 26.470712 24.938780 23.636864 22.548112 21.652136 20.926519 20.348177 19.894492 19.544185 19.277922 19.078670 18.931830 18.825204 18.748828 18.694721 18.656589 18.629511 18.609617 18.593782 18.579333 18.563756 18.544408 18.518209 18.481311 18.428707 18.353790 18.247820 18.099308 17.893289 17.610521 17.226627 16.711287 16.027680 15.132541 13.977485 12.512613 10.693809 8.495092 5.926186 3.051544 0.000000 
50.000000 47.175200 44.396174 41.706472 39.145377 36.746195 34.535019 32.530013 30.741260 29.171114 27.814991 26.662485 25.698679 24.905523 24.263175 23.751200 23.349576 23.039464 22.803750 22.627353 22.497349 22.402935 22.335284 22.287322 22.253462 22.229322 22.211440 22.196991 22.183521 22.168672 22.149907 22.124209 22.087737 22.035430 21.960518 21.853928 21.703546 21.493317 21.202143 20.802576 20.259331 19.527750 18.552538 17.267512 15.597830 13.467274 10.814431 7.621577 3.955090 0.000000 
50.000000 47.579090 45.197409 42.892281 40.697370 38.641221 36.746194 35.027860 33.494858 32.149204 30.986973 29.999245 29.173236 28.493478 27.942966 27.504186 27.159979 26.894200 26.692181 26.540996 26.429567 26.348632 26.290623 26.249467 26.220366 26.199544 26.184003 26.171277 26.159192 26.145619 26.128224 26.104177 26.069829 26.020310 25.949030 25.847046 25.702250 25.498311 25.213315 24.817982 24.273404 23.528208 22.515254 21.148369 19.320612 16.907733 13.784344 9.865309 5.184896 0.000000 
50.000000 48.017320 46.066769 44.178911 42.381319 40.697370 39.145376 37.738089 36.482585 35.380515 34.428664 33.619728 32.943237 32.386523 31.935659 31.576302 31.294398 31.076725 30.911270 30.787446 30.696178 30.629879 30.582348 30.548606 30.524713 30.507564 30.494681 30.484012 30.473722 30.461991 30.446784 30.425607 30.395199 30.351164 30.287496 30.195952 30.065228 29.879833 29.618560 29.252352 28.741321 28.030555 27.044286 25.678105 23.789638 21.190660 17.650725 12.938540 6.953526 0.000000 
50.000000 48.485125 46.994797 45.552371 44.178911 42.892281 41.706472 40.631225 39.671949 38.829905 38.102636 37.484562 36.967682 36.542319 36.197831 35.923260 35.707867 35.541550 35.415130 35.320517 35.250777 35.200113 35.163782 35.137979 35.119686 35.106523 35.096582 35.088274 35.080163 35.070809 35.058580 35.041451 35.016755 34.980863 34.928777 34.853577 34.745662 34.591698 34.373102 34.063831 33.627055 33.010044 32.136138 30.892043 29.107938 26.528187 22.776185 17.343270 9.720242 0.000000 
50.000000 48.976419 47.969425 46.994797 46.066769 45.197409 44.396173 43.669643 43.021471 42.452512 41.961105 41.543479 41.194229 40.906815 40.674047 40.488522 40.342982 40.230603 40.145181 40.081250 40.034125 39.999887 39.975332 39.957885 39.945506 39.936582 39.929816 39.924123 39.918517 39.911999 39.903425 39.891368 39.873932 39.848525 39.811553 39.758006 39.680873 39.570312 39.412412 39.187317 38.866247 38.406586 37.743459 36.774597 35.332101 33.128229 29.651527 23.984712 14.607664 0.000000 
50.000000 49.484029 48.976419 48.485125 48.017320 47.579090 47.175199 46.808967 46.482233 46.195430 45.947718 45.737199 45.561147 45.416266 45.298931 45.205410 45.132046 45.075396 45.032336 45.000109 44.976353 44.959093 44.946713 44.937915 44.931669 44.927161 44.923735 44.920840 44.917976 44.914628 44.910208 44.903979 44.894954 44.881782 44.862582 44.834718 44.794486 44.736646 44.653726 44.534928 44.364339 44.117836 43.757424 43.220110 42.394194 41.063794 38.764882 34.368756 24.742015 0.000000 
50.000000 50.000000 50.000000 50.000000 50.000000 50.000000 50.000000 50.000000 50.000000 50.000000 50.000000 50.000000 50.000000 50.000000 50.000000 50.000000 50.000000 50.000000 50.000000 50.000000 50.000000 50.000000 50.000000 50.000000 50.000000 50.000000 50.000000 50.000000 50.000000 50.000000 50.000000 50.000000 50.000000 50.000000 50.000000 50.000000 50.000000 50.000000 50.000000 50.000000 50.000000 50.000000 50.000000 50.000000 50.000000 50.000000 50.000000 50.000000 50.000000 50.000000 
