50.000000 50.000000 50.000000 50.000000 50.000000 50.000000 50.000000 50.000000 50.000000 50.000000 50.000000 50.000000 50.000000 50.000000 50.000000 50.000000 50.000000 50.000000 50.000000 50.000000 50.000000 50.000000 50.000000 50.000000 50.000000 50.000000 50.000000 50.000000 50.000000 50.000000 50.000000 50.000000 50.000000 50.000000 50.000000 50.000000 50.000000 50.000000 50.000000 50.000000 50.000000 50.000000 50.000000 50.000000 50.000000 50.000000 50.000000 50.000000 50.000000 50.000000 
50.000000 49.825275 49.651507 49.479639 49.310581 49.145194 48.984284 48.828579 48.678727 48.535285 48.398712 48.269366 48.147499 48.033263 47.926705 47.827774 47.736325 47.652124 47.574852 47.504112 47.439437 47.380287 47.326061 47.276091 47.229643 47.185915 47.144024 47.102996 47.061745 47.019048 46.973503 46.923482 46.867055 46.801895 46.725141 46.633196 46.521445 46.383822 46.212150 45.995082 45.716350 45.351699 44.863258 44.188431 43.216195 41.731621 39.271894 34.709753 24.913424 0.000000 
50.000000 49.651546 49.305003 48.962248 48.625095 48.295267 47.974364 47.663844 47.364997 47.078935 46.806572 46.548621 46.305590 46.077778 45.865281 45.667999 45.485643 45.317747 45.163678 45.022647 44.893722 44.775835 44.667789 44.568258 44.475789 44.388790 44.305516 44.224044 44.142234 44.057677 43.967626 43.868896 43.757726 43.629602 43.478994 43.298998 43.080810 42.812963 42.480158 42.061458 41.527381 40.835058 39.919856 38.680283 36.949772 34.442454 30.649262 24.655743 14.944967 0.000000 
50.000000 49.479797 48.962446 48.450751 47.947420 47.455024 46.975954 46.512384 46.066244 45.639191 45.232592 44.847512 44.484709 44.144632 43.827426 43.532943 43.260756 43.010169 42.780244 42.569809 42.377480 42.201670 42.040604 41.892320 41.754667 41.625297 41.501637 41.380862 41.259837 41.135049 41.002504 40.857595 40.694920 40.508030 40.289091 40.028411 39.713767 39.329448 38.854842 38.262330 37.514061 36.556929 35.314630 33.675006 31.470173 28.447226 24.233033 18.323053 10.212738 0.000000 
50.000000 49.310981 48.625739 47.947989 47.281319 46.629133 45.994599 45.380597 44.789684 44.224055 43.685522 43.175498 42.694988 42.244588 41.824494 41.434514 41.074085 40.742295 40.437906 40.159378 39.904889 39.672356 39.459448 39.263594 39.081982 38.911547 38.748945 38.590512 38.432204 38.269508 38.097327 37.909819 37.700187 37.460389 37.180760 36.849485 36.451883 35.969408 35.378243 34.647307 33.735403 32.587138 31.127199 29.252630 26.823538 23.655194 19.521596 14.196725 7.585948 0.000000 
50.000000 49.146010 48.296701 47.456679 46.630390 45.822056 45.035601 44.274599 43.542216 42.841177 42.173729 41.541624 40.946111 40.387933 39.867337 39.384090 38.937502 38.526453 38.149420 37.804509 37.489483 37.201786 36.938561 36.696665 36.472666 36.262837 36.063126 35.869112 35.675943 35.478235 35.269954 35.044241 34.793188 34.507548 34.176342 33.786352 33.321431 32.761600 32.081832 31.250438 30.226947 28.959415 27.381242 25.407979 22.935629 19.844091 16.013243 11.364203 5.938290 0.000000 
50.000000 48.985741 47.977044 46.979376 45.998021 45.037992 44.103952 43.200145 42.330335 41.497758 40.705085 39.954401 39.247192 38.584347 37.966163 37.392374 36.862170 36.374233 35.926773 35.517561 35.143967 34.802992 34.491289 34.205181 33.940671 33.693426 33.458760 33.231587 33.006356 32.776957 32.536595 32.277620 31.991316 31.667614 31.294736 30.858733 30.342904 29.727046 28.986535 28.091189 27.003958 25.679536 24.063234 22.090812 19.690743 16.791479 13.337536 9.318225 4.807851 0.000000 
50.000000 48.830971 47.668353 46.518448 45.387347 44.280830 43.204272 42.162565 41.160051 40.200460 39.286875 38.421704 37.606664 36.842783 36.130417 35.469265 34.858410 34.296349 33.781039 33.309942 32.880062 32.487986 32.129915 31.801688 31.498791 31.216354 30.949133 30.691472 30.437238 30.179735 29.911587 29.624581 29.309469 28.955723 28.551220 28.081868 27.531143 26.879547 26.103983 25.177092 24.066628 22.735063 21.139784 19.234509 16.972931 14.315983 11.244101 7.774618 3.980557 0.000000 
50.000000 48.682421 47.372068 46.076045 44.801219 43.554104 42.340759 41.166702 40.036826 38.955341 37.925723 36.950692 36.032188 35.171380 34.368676 33.623753 32.935592 32.302520 31.722264 31.191995 30.708380 30.267630 29.865533 29.497488 29.158525 28.843300 28.546093 28.260768 27.980726 27.698824 27.407271 27.097494 26.759970 26.384014 25.957540 25.466764 24.895883 24.226718 23.438364 22.506906 21.405297 20.103595 18.569858 16.772122 14.682055 12.280825 9.567410 6.568390 3.346173 0.000000 
50.000000 48.540735 47.089474 45.654087 44.242178 42.860965 41.517160 40.216876 38.965534 37.767801 36.627533 35.547745 34.530595 33.577386 32.688583 31.863843 31.102056 30.401397 29.759377 29.172904 28.638339 28.151548 27.707950 27.302554 26.929984 26.584494 26.259959 25.949859 25.647231 25.344611 25.033944 24.706474 24.352610 23.961764 23.522166 23.020667 22.442528 21.771236 20.988361 20.073550 19.004716 17.758621 16.312014 14.643619 12.737209 10.585909 8.197462 5.599500 2.842830 0.000000 
50.000000 48.406476 46.821694 45.254248 43.712444 42.204165 40.736743 39.316855 37.950426 36.642553 35.397454 34.218428 33.107840 32.067123 31.096799 30.196510 29.365067 28.600505 27.900142 27.260647 26.678104 26.148071 25.665638 25.225469 24.821842 24.448666 24.099487 23.767479 23.445414 23.125616 22.799892 22.459450 22.094797 21.695620 21.250667 20.747619 20.172989 19.512057 18.748882 17.866467 16.847119 15.673155 14.328044 12.798131 11.075016 9.158524 7.059920 4.804632 2.433316 0.000000 
50.000000 48.280123 46.569682 44.877954 43.213906 41.586046 40.002291 38.469849 36.995120 35.583608 34.239872 32.967479 31.768991 30.645968 29.598986 28.627681 27.730792 26.906230 26.151140 25.461976 24.834576 24.264223 23.745717 23.273426 22.841330 22.443050 22.071870 21.720732 21.382226 21.048554 20.711490 20.362316 19.991756 19.589899 19.146125 18.649049 18.086490 17.445497 16.712460 15.873360 14.914206 13.821727 12.584394 11.193807 9.646443 7.945630 6.103455 4.142105 2.093976 0.000000 
50.000000 48.162072 46.334229 44.526386 42.748127 41.008546 39.316107 37.678515 36.102611 34.594285 33.158412 31.798813 30.518237 29.318362 28.199822 27.162246 26.204316 25.323831 24.517783 23.782436 23.113406 22.505740 21.953984 21.452249 20.994267 20.573425 20.182799 19.815164 19.462995 19.118449 18.773343 18.419114 18.046784 17.646913 17.209572 16.724329 16.180276 15.566112 14.870303 14.081372 13.188328 12.181301 11.052382 9.796694 8.413631 6.908137 5.291811 3.583507 1.809076 0.000000 
50.000000 48.052640 46.115966 44.200487 42.316358 40.473217 38.680033 36.944974 35.275292 33.677233 32.155970 30.715558 29.358920 28.087849 26.903033 25.804102 24.789685 23.857486 23.004362 22.226409 21.519053 20.877128 20.294967 19.766462 19.285137 18.844194 18.436549 18.054863 17.691551 17.338780 16.988468 16.632260 16.261520 15.867310 15.440397 14.971273 14.450211 13.867384 13.213049 12.477826 11.653100 10.731555 9.707846 8.579391 7.347236 6.016860 4.598800 3.108863 1.567752 0.000000 
50.000000 47.952069 45.915379 43.900980 41.919556 39.981242 38.095475 36.270848 34.514992 32.834479 31.234757 29.720099 28.293591 26.957129 25.711458 24.556209 23.489970 22.510360 21.614120 20.797200 20.054857 19.381750 18.772021 18.219385 17.717194 17.258501 16.836108 16.442602 16.070380 15.711662 15.358499 15.002779 14.636221 14.250392 13.836727 13.386569 12.891257 12.342241 11.731276 11.050678 10.293673 9.454828 8.530574 7.519783 6.424349 5.249696 4.005107 2.703742 1.362263 0.000000 
50.000000 47.860535 45.732815 43.628385 41.558408 39.533476 37.563449 35.657308 33.823028 32.067481 30.396365 28.814153 27.324079 25.928140 24.627129 23.420685 22.307359 21.284702 20.349351 19.497131 18.723157 18.021932 17.387445 16.813258 16.292586 15.818368 15.383324 14.979999 14.600804 14.238037 13.883907 13.530548 13.170040 12.794426 12.395759 11.966150 11.497862 10.983431 10.415841 9.788754 9.096794 8.335899 7.503706 6.599965 5.626932 4.589669 3.496208 2.357474 1.186943 0.000000 
50.000000 47.778153 45.568503 43.383044 41.233370 39.130482 37.084622 35.105121 33.200265 31.377196 29.641838 27.998844 26.451584 25.002146 23.651369 22.398902 21.243268 20.181956 19.211518 18.327672 17.525410 16.799107 16.142620 15.549388 15.012517 14.524858 14.079076 13.667700 13.283173 12.917890 12.564221 12.214548 11.861287 11.496925 11.114066 10.705495 10.264263 9.783806 9.258104 8.681865 8.050768 7.361727 6.613182 5.805385 4.940658 4.023571 3.060996 2.062004 1.037552 0.000000 
50.000000 47.704986 45.422573 43.165151 40.944695 38.772574 36.659368 34.614718 32.647187 30.764159 28.971757 27.274797 25.676769 24.179843 22.784904 21.491608 20.298457 19.202889 18.201385 17.289570 16.462336 15.713949 15.038159 14.428304 13.877403 13.378244 12.923455 12.505567 12.117069 11.750455 11.398257 11.053089 10.707677 10.354904 9.987856 9.599893 9.184726 8.736528 8.250066 7.720858 7.145365 6.521188 5.847286 5.124169 4.354065 3.541013 2.690862 1.811154 0.910861 0.000000 
50.000000 47.641060 45.295073 42.974776 40.692480 38.459870 36.287826 34.186258 32.163973 30.228564 28.386331 26.642233 24.999866 23.461472 22.027976 20.699045 19.473162 18.347726 17.319155 16.383002 15.534072 14.766541 14.074074 13.449926 12.887052 12.378191 11.915951 11.492874 11.101503 10.734427 10.384334 10.044046 9.706564 9.365115 9.013199 8.644656 8.253741 7.835215 7.384465 6.897624 6.371724 5.804847 5.196274 4.546622 3.857943 3.133763 2.379059 1.600127 0.804374 0.000000 
50.000000 47.586368 45.185991 42.811901 40.476697 38.192338 35.969956 33.819694 31.750568 29.770350 27.885492 26.101074 24.420785 22.846930 21.380469 20.021079 18.767230 17.616286 16.564618 15.607716 14.740317 13.956525 13.249933 12.613735 12.040833 11.523934 11.055634 10.628495 10.235111 9.868165 9.520478 9.185059 8.855145 8.524254 8.186230 7.835307 7.466176 7.074066 6.654837 6.205087 5.722262 5.204768 4.652083 4.064838 3.444880 2.795278 2.120275 1.425174 0.716149 0.000000 
50.000000 47.540883 45.095271 42.676444 40.297239 37.969842 35.705597 33.514842 31.406762 29.389282 27.468979 25.651036 23.939218 22.335884 20.842024 19.457323 18.180241 17.008118 15.937284 14.963181 14.080489 13.283258 12.565023 11.918931 11.337845 10.814449 10.341335 9.911086 9.516345 9.149876 8.804616 8.473730 8.150654 7.829142 7.503318 7.167729 6.817410 6.447948 6.055566 5.637200 5.190591 4.714365 4.208109 3.672422 3.108951 2.520372 1.910336 1.283361 0.644674 0.000000 
50.000000 47.504565 45.022836 42.568289 40.153953 37.792193 35.494524 33.271437 31.132257 29.085028 27.136429 25.291723 23.554737 21.927874 20.412148 19.007251 17.711639 16.522628 15.436520 14.448719 13.553863 12.745957 12.018496 11.364589 10.777072 10.248613 9.771805 9.339250 8.943633 8.577785 8.234741 7.907789 7.590523 7.276884 6.961212 6.638297 6.303433 5.952476 5.581913 5.188927 4.771462 4.328288 3.859046 3.364289 2.845483 2.304987 1.745993 1.172420 0.588780 0.000000 
50.000000 47.477374 44.968603 42.487312 40.046672 37.659185 35.336491 33.089198 30.926734 28.857233 26.887450 25.022708 23.266883 21.622408 20.090318 18.670309 17.360832 16.159192 15.061665 14.063629 13.159693 12.343828 11.609500 10.949792 10.357521 9.825345 9.345859 8.911682 8.515531 8.150290 7.809065 7.485241 7.172526 6.865002 6.557166 6.243984 5.920935 5.584068 5.230054 4.856244 4.460719 4.042337 3.600767 3.136510 2.650892 2.146032 1.624784 1.090636 0.547589 0.000000 
50.000000 47.459270 44.932495 42.433399 39.975247 37.570631 35.231276 32.967868 30.789902 28.705574 26.721687 24.843609 23.075243 21.419045 19.876062 18.445996 17.127294 15.917251 14.812131 13.807292 12.897323 12.076175 11.337296 10.673750 10.078343 9.543727 9.062500 8.627292 8.230844 7.866073 7.526137 7.204481 6.894892 6.591542 6.289033 5.982444 5.667375 5.339997 4.997098 4.636133 4.255268 3.853410 3.430240 2.986220 2.522576 2.041271 1.544934 1.036776 0.520467 0.000000 
50.000000 47.450226 44.914457 42.406466 39.939564 37.526391 35.178714 32.907254 30.721545 28.629809 26.638877 24.754136 22.979505 21.317451 19.769028 18.333939 17.010630 15.796391 14.687480 13.679245 12.766266 11.942485 11.201337 10.535881 9.938917 9.403093 8.921009 8.485301 8.088721 7.724206 7.384935 7.064388 6.756389 6.455156 6.155341 5.852079 5.541030 5.218424 4.881106 4.526581 4.153054 3.759456 3.345471 2.911539 2.458837 1.989249 1.505293 1.010042 0.507007 0.000000 
50.000000 47.450226 44.914457 42.406466 39.939564 37.526391 35.178714 32.907254 30.721545 28.629809 26.638877 24.754136 22.979505 21.317451 19.769028 18.333939 17.010630 15.796391 14.687480 13.679245 12.766266 11.942485 11.201337 10.535881 9.938917 9.403093 8.921009 8.485301 8.088721 7.724206 7.384935 7.064388 6.756389 6.455156 6.155341 5.852079 5.541030 5.218424 4.881106 4.526581 4.153054 3.759456 3.345471 2.911539 2.458837 1.989249 1.505293 1.010042 0.507007 0.000000 
50.000000 47.459270 44.932495 42.433399 39.975247 37.570631 35.231276 32.967868 30.789902 28.705574 26.721687 24.843609 23.075243 21.419045 19.876062 18.445996 17.127294 15.917251 14.812131 13.807292 12.897323 12.076175 11.337296 10.673750 10.078343 9.543727 9.062500 8.627292 8.230844 7.866073 7.526137 7.204481 6.894892 6.591542 6.289033 5.982444 5.667375 5.339997 4.997098 4.636133 4.255268 3.853410 3.430240 2.986220 2.522576 2.041271 1.544934 1.036776 0.520467 0.000000 
50.000000 47.477374 44.968603 42.487312 40.046672 37.659185 35.336491 33.089198 30.926734 28.857233 26.887450 25.022708 23.266883 21.622408 20.090318 18.670309 17.360832 16.159192 15.061665 14.063629 13.159693 12.343828 11.609500 10.949792 10.357521 9.825345 9.345859 8.911682 8.515531 8.150290 7.809065 7.485241 7.172526 6.865002 6.557166 6.243984 5.920935 5.584068 5.230054 4.856244 4.460719 4.042337 3.600767 3.136510 2.650892 2.146032 1.624784 1.090636 0.547589 0.000000 
50.000000 47.504565 45.022836 42.568289 40.153953 37.792193 35.494524 33.271437 31.132257 29.085028 27.136429 25.291723 23.554737 21.927874 20.412148 19.007251 17.711639 16.522628 15.436520 14.448719 13.553863 12.745957 12.018496 11.364589 10.777072 10.248613 9.771805 9.339250 8.943633 8.577785 8.234741 7.907789 7.590523 7.276884 6.961212 6.638297 6.303433 5.952476 5.581913 5.188927 4.771462 4.328288 3.859046 3.364289 2.845483 2.304987 1.745993 1.172420 0.588780 0.000000 
50.000000 47.540883 45.095271 42.676444 40.297239 37.969842 35.705597 33.514842 31.406762 29.389282 27.468979 25.651036 23.939218 22.335884 20.842024 19.457323 18.180241 17.008118 15.937284 14.963181 14.080489 13.283258 12.565023 11.918931 11.337845 10.814449 10.341335 9.911086 9.516345 9.149876 8.804616 8.473730 8.150654 7.829142 7.503318 7.167729 6.817410 6.447948 6.055566 5.637200 5.190591 4.714365 4.208109 3.672422 3.108951 2.520372 1.910336 1.283361 0.644674 0.000000 
50.000000 47.586368 45.185991 42.811901 40.476697 38.192338 35.969956 33.819694 31.750568 29.770350 27.885492 26.101074 24.420785 22.846930 21.380469 20.021079 18.767230 17.616286 16.564618 15.607716 14.740317 13.956525 13.249933 12.613735 12.040833 11.523934 11.055634 10.628495 10.235111 9.868165 9.520478 9.185059 8.855145 8.524254 8.186230 7.835307 7.466176 7.074066 6.654837 6.205087 5.722262 5.204768 4.652083 4.064838 3.444880 2.795278 2.120275 1.425174 0.716149 0.000000 
50.000000 47.641060 45.295073 42.974776 40.692480 38.459870 36.287826 34.186258 32.163973 30.228564 28.386331 26.642233 24.999866 23.461472 22.027976 20.699045 19.473162 18.347726 17.319155 16.383002 15.534072 14.766541 14.074074 13.449926 12.887052 12.378191 11.915951 11.492874 11.101503 10.734427 10.384334 10.044046 9.706564 9.365115 9.013199 8.644656 8.253741 7.835215 7.384465 6.897624 6.371724 5.804847 5.196274 4.546622 3.857943 3.133763 2.379059 1.600127 0.804374 0.000000 
50.000000 47.704986 45.422573 43.165151 40.944695 38.772574 36.659368 34.614718 32.647187 30.764159 28.971757 27.274797 25.676769 24.179843 22.784904 21.491608 20.298457 19.202889 18.201385 17.289570 16.462336 15.713949 15.038159 14.428304 13.877403 13.378244 12.923455 12.505567 12.117069 11.750455 11.398257 11.053089 10.707677 10.354904 9.987856 9.599893 9.184726 8.736528 8.250066 7.720858 7.145365 6.521188 5.847286 5.124169 4.354065 3.541013 2.690862 1.811154 0.910861 0.000000 
50.000000 47.778153 45.568503 43.383044 41.233370 39.130482 37.084622 35.105121 33.200265 31.377196 29.641838 27.998844 26.451584 25.002146 23.651369 22.398902 21.243268 20.181956 19.211518 18.327672 17.525410 16.799107 16.142620 15.549388 15.012517 14.524858 14.079076 13.667700 13.283173 12.917890 12.564221 12.214548 11.861287 11.496925 11.114066 10.705495 10.264263 9.783806 9.258104 8.681865 8.050768 7.361727 6.613182 5.805385 4.940658 4.023571 3.060996 2.062004 1.037552 0.000000 
50.000000 47.860535 45.732815 43.628385 41.558408 39.533476 37.563449 35.657308 33.823028 32.067481 30.396365 28.814153 27.324079 25.928140 24.627129 23.420685 22.307359 21.284702 20.349351 19.497131 18.723157 18.021932 17.387445 16.813258 16.292586 15.818368 15.383324 14.979999 14.600804 14.238037 13.883907 13.530548 13.170040 12.794426 12.395759 11.966150 11.497862 10.983431 10.415841 9.788754 9.096794 8.335899 7.503706 6.599965 5.626932 4.589669 3.496208 2.357474 1.186943 0.000000 
50.000000 47.952069 45.915379 43.900980 41.919556 39.981242 38.095475 36.270848 34.514992 32.834479 31.234757 29.720099 28.293591 26.957129 25.711458 24.556209 23.489970 22.510360 21.614120 20.797200 20.054857 19.381750 18.772021 18.219385 17.717194 17.258501 16.836108 16.442602 16.070380 15.711662 15.358499 15.002779 14.636221 14.250392 13.836727 13.386569 12.891257 12.342241 11.731276 11.050678 10.293673 9.454828 8.530574 7.519783 6.424349 5.249696 4.005107 2.703742 1.362263 0.000000 
50.000000 48.052640 46.115966 44.200487 42.316358 40.473217 38.680033 36.944974 35.275292 33.677233 32.155970 30.715558 29.358920 28.087849 26.903033 25.804102 24.789685 23.857486 23.004362 22.226409 21.519053 20.877128 20.294967 19.766462 19.285137 18.844194 18.436549 18.054863 17.691551 17.338780 16.988468 16.632260 16.261520 15.867310 15.440397 14.971273 14.450211 13.867384 13.213049 12.477826 11.653100 10.731555 9.707846 8.579391 7.347236 6.016860 4.598800 3.108863 1.567752 0.000000 
50.000000 48.162072 46.334229 44.526386 42.748127 41.008546 39.316107 37.678515 36.102611 34.594285 33.158412 31.798813 30.518237 29.318362 28.199822 27.162246 26.204316 25.323831 24.517783 23.782436 23.113406 22.505740 21.953984 21.452249 20.994267 20.573425 20.182799 19.815164 19.462995 19.118449 18.773343 18.419114 18.046784 17.646913 17.209572 16.724329 16.180276 15.566112 14.870303 14.081372 13.188328 12.181301 11.052382 9.796694 8.413631 6.908137 5.291811 3.583507 1.809076 0.000000 
50.000000 48.280123 46.569682 44.877954 43.213906 41.586046 40.002291 38.469849 36.995120 35.583608 34.239872 32.967479 31.768991 30.645968 29.598986 28.627681 27.730792 26.906230 26.151140 25.461976 24.834576 24.264223 23.745717 23.273426 22.841330 22.443050 22.071870 21.720732 21.382226 21.048554 20.711490 20.362316 19.991756 19.589899 19.146125 18.649049 18.086490 17.445497 16.712460 15.873360 14.914206 13.821727 12.584394 11.193807 9.646443 7.945630 6.103455 4.142105 2.093976 0.000000 
50.000000 48.406476 46.821694 45.254248 43.712444 42.204165 40.736743 39.316855 37.950426 36.642553 35.397454 34.218428 33.107840 32.067123 31.096799 30.196510 29.365067 28.600505 27.900142 27.260647 26.678104 26.148071 25.665638 25.225469 24.821842 24.448666 24.099487 23.767479 23.445414 23.125616 22.799892 22.459450 22.094797 21.695620 21.250667 20.747619 20.172989 19.512057 18.748882 17.866467 16.847119 15.673155 14.328044 12.798131 11.075016 9.158524 7.059920 4.804632 2.433316 0.000000 
50.000000 48.540735 47.089474 45.654087 44.242178 42.860965 41.517160 40.216876 38.965534 37.767801 36.627533 35.547745 34.530595 33.577386 32.688583 31.863843 31.102056 30.401397 29.759377 29.172904 28.638339 28.151548 27.707950 27.302554 26.929984 26.584494 26.259959 25.949859 25.647231 25.344611 25.033944 24.706474 24.352610 23.961764 23.522166 23.020667 22.442528 21.771236 20.988361 20.073550 19.004716 17.758621 16.312014 14.643619 12.737209 10.585909 8.197462 5.599500 2.842830 0.000000 
50.000000 48.682421 47.372068 46.076045 44.801219 43.554104 42.340759 41.166702 40.036826 38.955341 37.925723 36.950692 36.032188 35.171380 34.368676 33.623753 32.935592 32.302520 31.722264 31.191995 30.708380 30.267630 29.865533 29.497488 29.158525 28.843300 28.546093 28.260768 27.980726 27.698824 27.407271 27.097494 26.759970 26.384014 25.957540 25.466764 24.895883 24.226718 23.438364 22.506906 21.405297 20.103595 18.569858 16.772122 14.682055 12.280825 9.567410 6.568390 3.346173 0.000000 
50.000000 48.830971 47.668353 46.518448 45.387347 44.280830 43.204272 42.162565 41.160051 40.200460 39.286875 38.421704 37.606664 36.842783 36.130417 35.469265 34.858410 34.296349 33.781039 33.309942 32.880062 32.487986 32.129915 31.801688 31.498791 31.216354 30.949133 30.691472 30.437238 30.179735 29.911587 29.624581 29.309469 28.955723 28.551220 28.081868 27.531143 26.879547 26.103983 25.177092 24.066628 22.735063 21.139784 19.234509 16.972931 14.315983 11.244101 7.774618 3.980557 0.000000 
50.000000 48.985741 47.977044 46.979376 45.998021 45.037992 44.103952 43.200145 42.330335 41.497758 40.705085 39.954401 39.247192 38.584347 37.966163 37.392374 36.862170 36.374233 35.926773 35.517561 35.143967 34.802992 34.491289 34.205181 33.940671 33.693426 33.458760 33.231587 33.006356 32.776957 32.536595 32.277620 31.991316 31.667614 31.294736 30.858733 30.342904 29.727046 28.986535 28.091189 27.003958 25.679536 24.063234 22.090812 19.690743 16.791479 13.337536 9.318225 4.807851 0.000000 
50.000000 49.146010 48.296701 47.456679 46.630390 45.822056 45.035601 44.274599 43.542216 42.841177 42.173729 41.541624 40.946111 40.387933 39.867337 39.384090 38.937502 38.526453 38.149420 37.804509 37.489483 37.201786 36.938561 36.696665 36.472666 36.262837 36.063126 35.869112 35.675943 35.478235 35.269954 35.044241 34.793188 34.507548 34.176342 33.786352 33.321431 32.761600 32.081832 31.250438 30.226947 28.959415 27.381242 25.407979 22.935629 19.844091 16.013243 11.364203 5.938290 0.000000 
50.000000 49.310981 48.625739 47.947989 47.281319 46.629133 45.994599 45.380597 44.789684 44.224055 43.685522 43.175498 42.694988 42.244588 41.824494 41.434514 41.074085 40.742295 40.437906 40.159378 39.904889 39.672356 39.459448 39.263594 39.081982 38.911547 38.748945 38.590512 38.432204 38.269508 38.097327 37.909819 37.700187 37.460389 37.180760 36.849485 36.451883 35.969408 35.378243 34.647307 33.735403 32.587138 31.127199 29.252630 26.823538 23.655194 19.521596 14.196725 7.585948 0.000000 
50.000000 49.479797 48.962446 48.450751 47.947420 47.455024 46.975954 46.512384 46.066244 45.639191 45.232592 44.847512 44.484709 44.144632 43.827426 43.532943 43.260756 43.010169 42.780244 42.569809 42.377480 42.201670 42.040604 41.892320 41.754667 41.625297 41.501637 41.380862 41.259837 41.135049 41.002504 40.857595 40.694920 40.508030 40.289091 40.028411 39.713767 39.329448 38.854842 38.262330 37.514061 36.556929 35.314630 33.675006 31.470173 28.447226 24.233033 18.323053 10.212738 0.000000 
50.000000 49.651546 49.305003 48.962248 48.625095 48.295267 47.974364 47.663844 47.364997 47.078935 46.806572 46.548621 46.305590 46.077778 45.865281 45.667999 45.485643 45.317747 45.163678 45.022647 44.893722 44.775835 44.667789 44.568258 44.475789 44.388790 44.305516 44.224044 44.142234 44.057677 43.967626 43.868896 43.757726 43.629602 43.478994 43.298998 43.080810 42.812963 42.480158 42.061458 41.527381 40.835058 39.919856 38.680283 36.949772 34.442454 30.649262 24.655743 14.944967 0.000000 
50.000000 49.825275 49.651507 49.479639 49.310581 49.145194 48.984284 48.828579 48.678727 48.535285 48.398712 48.269366 48.147499 48.033263 47.926705 47.827774 47.736325 47.652124 47.574852 47.504112 47.439437 47.380287 47.326061 47.276091 47.229643 47.185915 47.144024 47.102996 47.061745 47.019048 46.973503 46.923482 46.867055 46.801895 46.725141 46.633196 46.521445 46.383822 46.212150 45.995082 45.716350 45.351699 44.863258 44.188431 43.216195 41.731621 39.271894 34.709753 24.913424 0.000000 
50.000000 50.000000 50.000000 50.000000 50.000000 50.000000 50.000000 50.000000 50.000000 50.000000 50.000000 50.000000 50.000000 50.000000 50.000000 50.000000 50.000000 50.000000 50.000000 50.000000 50.000000 50.000000 50.000000 50.000000 50.000000 50.000000 50.000000 50.000000 50.000000 50.000000 50.000000 50.000000 50.000000 50.000000 50.000000 50.000000 50.000000 50.000000 50.000000 50.000000 50.000000 50.000000 50.000000 50.000000 50.000000 50.000000 50.000000 50.000000 50.000000 50.000000 
