50.000000 50.000000 50.000000 50.000000 50.000000 50.000000 50.000000 50.000000 50.000000 50.000000 50.000000 50.000000 50.000000 50.000000 50.000000 50.000000 50.000000 50.000000 50.000000 50.000000 50.000000 50.000000 50.000000 50.000000 50.000000 50.000000 50.000000 50.000000 50.000000 50.000000 50.000000 50.000000 50.000000 50.000000 50.000000 50.000000 50.000000 50.000000 50.000000 50.000000 50.000000 50.000000 50.000000 50.000000 50.000000 50.000000 50.000000 50.000000 50.000000 50.000000 
50.000000 49.538356 49.083404 48.641548 48.218629 47.819696 47.448834 47.109051 46.802238 46.529189 46.289687 46.082627 45.906183 45.757978 45.635268 45.535114 45.454527 45.390598 45.340592 45.302014 45.272650 45.250576 45.234161 45.222038 45.213074 45.206334 45.201029 45.196470 45.192016 45.187010 45.180716 45.172242 45.160441 45.143787 45.120217 45.086907 45.039955 44.973931 44.881181 44.750750 44.566595 44.304511 43.926472 43.369522 42.522064 41.168392 38.844724 34.422665 24.769178 0.000000 
50.000000 49.083404 48.180098 47.302792 46.463085 45.671003 44.934657 44.260019 43.650841 43.108703 42.633171 42.222054 41.871724 41.577464 41.333825 41.134970 40.974965 40.848035 40.748749 40.672155 40.613854 40.570033 40.537448 40.513388 40.495609 40.482254 40.471765 40.462782 40.454044 40.444265 40.432016 40.415564 40.392696 40.360482 40.314970 40.250776 40.160512 40.033958 39.856853 39.609026 39.261447 38.771341 38.073773 37.066542 35.581953 33.332608 29.807533 24.090049 14.660739 0.000000 
50.000000 48.641548 47.302792 46.002571 44.758073 43.584160 42.492850 41.492995 40.590158 39.786676 39.081910 38.472612 37.953403 37.517292 37.156207 36.861493 36.624358 36.436243 36.289098 36.175586 36.089188 36.024252 35.975977 35.940346 35.914040 35.894316 35.878876 35.865728 35.853029 35.838924 35.821358 35.797865 35.765315 35.719590 35.655174 35.564608 35.437742 35.260701 35.014390 34.672318 34.197293 33.536350 32.612748 31.313291 29.468450 26.823085 23.001287 17.495260 9.796825 0.000000 
50.000000 48.218629 46.463085 44.758074 43.126134 41.586753 40.155693 38.844561 37.660650 36.607028 35.682853 34.883869 34.203021 33.631142 33.157645 32.771183 32.460226 32.213550 32.020602 31.871759 31.758476 31.673345 31.610071 31.563396 31.528977 31.503232 31.483173 31.466221 31.450013 31.432194 31.410187 31.380930 31.340575 31.284103 31.204850 31.093893 30.939230 30.724689 30.428414 30.020779 29.461444 28.695198 27.646170 26.210075 24.244907 21.563069 17.934992 13.130479 7.050238 0.000000 
50.000000 47.819696 45.671004 43.584161 41.586754 39.702636 37.951096 36.346344 34.897303 33.607729 32.476593 31.498683 30.665366 29.965422 29.385892 28.912888 28.532300 28.230389 27.994240 27.812077 27.673444 27.569277 27.491880 27.434825 27.392813 27.361482 27.337209 27.316891 27.297713 27.276906 27.251485 27.217954 27.171966 27.107918 27.018450 26.893821 26.721110 26.483187 26.157383 25.713756 25.112867 24.302995 23.216881 21.768493 19.851324 17.341855 14.115716 10.089054 5.297634 0.000000 
50.000000 47.448835 44.934659 42.492853 40.155697 37.951099 35.901633 34.023922 32.328410 30.819490 29.495958 28.351716 27.376662 26.557667 25.879569 25.326116 24.880800 24.527545 24.251241 24.038110 23.875922 23.754076 23.663576 23.596915 23.547911 23.511491 23.483462 23.460262 23.438697 23.415679 23.387933 23.351689 23.302325 23.233964 23.138982 23.007419 22.826264 22.578579 22.242432 21.789644 21.184345 20.381495 19.325665 17.950829 16.182622 13.945633 11.179570 7.868122 4.079315 0.000000 
50.000000 47.109054 44.260024 41.493002 38.844569 36.346352 34.023928 31.896136 29.974810 28.264930 26.765129 25.468497 24.363588 23.435522 22.667119 22.039964 21.535348 21.135056 20.821968 20.580473 20.396716 20.258692 20.156216 20.080799 20.025459 19.984486 19.953184 19.927600 19.904239 19.879778 19.850770 19.813318 19.762734 19.693136 19.597007 19.464668 19.283676 19.038132 18.707915 18.267873 17.687069 16.928278 15.948094 14.698298 13.129495 11.198415 8.880266 6.186258 3.182585 0.000000 
50.000000 46.802243 43.650851 40.590171 37.660667 34.897322 32.328428 29.974823 27.849598 25.958260 24.299296 22.865066 21.642905 20.616355 19.766415 19.072712 18.514554 18.071795 17.725498 17.458400 17.255179 17.102566 16.989306 16.906027 16.845037 16.800061 16.765972 16.738490 16.713889 16.688697 16.659391 16.622081 16.572175 16.504015 16.410476 16.282527 16.108750 15.874831 15.563060 15.151891 14.615688 13.924852 13.046615 11.946982 10.594362 8.965495 7.053840 4.879521 2.497738 0.000000 
50.000000 46.529198 43.108720 39.786702 36.607060 33.607767 30.819530 28.264966 25.958285 23.905462 22.104856 20.548173 19.221668 18.107478 17.184976 16.432054 15.826251 15.345703 14.969859 14.679983 14.459454 14.293875 14.171045 14.080815 14.014864 13.966432 13.930022 13.901092 13.875748 13.850440 13.821651 13.785601 13.737922 13.673339 13.585319 13.465715 13.304401 13.088921 12.804198 12.432366 11.952834 11.342736 10.577997 9.635258 8.494956 7.145658 5.589439 3.847293 1.962613 0.000000 
50.000000 46.289703 42.633202 39.081956 35.682913 32.476664 29.496036 26.765208 24.299368 22.104905 20.180064 18.515978 17.097953 15.906894 14.920751 14.115889 13.468300 12.954611 12.552855 12.243009 12.007309 11.830375 11.699178 11.602891 11.532653 11.481286 11.442987 11.413009 11.387343 11.362414 11.334780 11.300839 11.256537 11.197080 11.116644 11.008084 10.862672 10.669874 10.417202 10.090227 9.672807 9.147671 8.497482 7.706507 6.762998 5.662204 4.409691 3.024211 1.538970 0.000000 
50.000000 46.082656 42.222111 38.472695 34.883976 31.498812 28.351862 25.468653 22.865220 20.548310 18.516069 16.759135 15.261994 14.004484 12.963325 12.113564 11.429854 10.887518 10.463367 10.136264 9.887459 9.700724 9.562319 9.460833 9.386945 9.333128 9.293327 9.262638 9.236982 9.212803 9.186773 9.155516 9.115340 9.061982 8.990366 8.894377 8.766676 8.598561 8.379927 8.099367 7.744479 7.302443 6.760964 6.109613 5.341578 4.455681 3.458393 2.365317 1.201504 0.000000 
50.000000 45.906232 41.871823 37.953548 34.203209 30.665594 27.376923 24.363873 21.643201 19.221957 17.098205 15.262158 13.697605 12.383476 11.295443 10.407427 9.692942 9.126201 8.682972 8.341170 8.081208 7.886137 7.741610 7.635727 7.558779 7.502950 7.461983 7.430857 7.405456 7.382273 7.358120 7.329867 7.294200 7.247393 7.185108 7.102220 6.992680 6.849450 6.664511 6.429009 6.133566 5.768801 5.326100 4.798645 4.182656 3.478721 2.692998 1.837966 0.932352 0.000000 
50.000000 45.758063 41.577633 37.517542 33.631467 29.965816 26.558122 23.436026 20.616893 18.108027 15.907420 14.004934 12.383768 11.022090 9.894691 8.974551 8.234222 7.646988 7.187741 6.833601 6.564277 6.362216 6.212567 6.103019 6.023544 5.966088 5.924238 5.892885 5.867904 5.845852 5.823691 5.798543 5.767459 5.727228 5.674199 5.604150 5.512188 5.392717 5.239481 5.045715 4.804423 4.508820 4.152931 3.732354 3.245123 2.692573 2.080055 1.417293 0.718194 0.000000 
50.000000 45.635413 41.334112 37.156630 33.158197 29.386564 25.880347 22.667989 19.767354 17.185959 14.921737 12.964257 11.296231 9.895196 8.735215 7.788484 7.026767 6.422572 5.950070 5.585721 5.308654 5.100818 4.946944 4.834385 4.752854 4.694105 4.651602 4.620176 4.595709 4.574830 4.554651 4.532531 4.505865 4.471907 4.427624 4.369586 4.293895 4.196171 4.071604 3.915092 3.721481 3.485909 3.204268 2.873750 2.493438 2.064869 1.592452 1.083625 0.548652 0.000000 
50.000000 45.535356 41.135449 36.862201 32.772108 28.914015 25.327425 22.041432 19.074310 16.433748 14.117631 12.115289 10.409037 8.975898 7.789338 6.820918 6.041754 5.423726 4.940413 4.567740 4.284363 4.071824 3.914516 3.799521 3.716340 3.656579 3.613605 3.582213 3.558296 3.538560 3.520257 3.500962 3.478375 3.450162 3.413824 3.366605 3.305438 3.226939 3.127458 3.003192 2.850383 2.665579 2.445972 2.189795 1.896715 1.568195 1.207741 0.820961 0.415381 0.000000 
50.000000 45.454926 40.975756 36.625528 32.461755 28.534163 24.882967 21.537785 18.517220 15.829099 13.471269 11.432867 9.695890 8.236945 7.029022 6.043170 5.249983 4.620837 4.128837 3.749477 3.461032 3.244719 3.084661 2.967722 2.883238 2.822696 2.779395 2.748099 2.724726 2.706052 2.689454 2.672697 2.653746 2.630616 2.601257 2.563471 2.514869 2.452865 2.374719 2.277627 2.158871 2.016019 1.847167 1.651215 1.428133 1.179193 0.907114 0.616068 0.311539 0.000000 
50.000000 45.391248 40.849324 36.438150 32.216044 28.233429 24.531085 21.139042 18.076166 15.350393 12.959539 10.892589 9.131288 7.651915 6.427080 5.427428 4.623140 3.985194 3.486318 3.101666 2.809213 2.589917 2.427690 2.309224 2.223726 2.162592 2.119068 2.087904 2.065038 2.047310 2.032209 2.017659 2.001847 1.983077 1.959667 1.929871 1.891840 1.843613 1.783152 1.708406 1.617428 1.508512 1.380376 1.232344 1.064528 0.877975 0.674748 0.457921 0.231459 0.000000 
50.000000 45.341639 40.750826 36.292170 32.024619 27.999138 24.256945 20.828396 17.732558 14.977452 12.560872 10.471682 8.691432 7.196144 5.958136 4.947733 4.134800 3.489999 2.985768 2.596996 2.301422 2.079807 1.915895 1.796249 1.709973 1.648398 1.604728 1.573705 1.551291 1.534379 1.520549 1.507861 1.494679 1.479544 1.461065 1.437855 1.408485 1.371476 1.325321 1.268530 1.199715 1.117688 1.021588 0.911006 0.786106 0.647717 0.497382 0.337341 0.170445 0.000000 
50.000000 45.303680 40.675458 36.180471 31.878147 27.819867 24.047184 20.590702 17.469643 14.692093 12.255829 10.149624 8.354875 6.847411 5.599323 4.580696 3.761148 3.111103 2.602776 2.210852 1.912894 1.689507 1.524311 1.403767 1.316906 1.255006 1.211245 1.180359 1.158330 1.142097 1.129315 1.118149 1.107109 1.094917 1.080415 1.062487 1.040027 1.011921 0.977056 0.934353 0.882825 0.821648 0.750244 0.668370 0.576195 0.474361 0.364005 0.246748 0.124631 0.000000 
50.000000 45.275267 40.619043 36.096862 31.768509 27.685679 23.890174 20.412783 17.272847 14.478498 12.027501 9.908559 8.102959 6.586382 5.330750 4.305967 3.481468 2.827499 2.316107 1.921825 1.622083 1.397372 1.231218 1.110007 1.022714 0.960581 0.916765 0.886001 0.864288 0.848600 0.836652 0.826692 0.817339 0.807459 0.796064 0.782248 0.765144 0.743905 0.717706 0.685764 0.647377 0.601971 0.549157 0.488792 0.421031 0.346361 0.265618 0.179970 0.090875 0.000000 
50.000000 45.254638 40.578085 36.036159 31.688910 27.588255 23.776181 20.283611 17.129969 14.323424 11.861730 9.733542 7.920064 6.396871 5.135762 4.106511 3.278418 2.621601 2.107984 1.711991 1.410954 1.185283 1.018435 0.896743 0.809142 0.746845 0.702998 0.672335 0.650868 0.635600 0.624289 0.615245 0.607171 0.599036 0.589978 0.579244 0.566139 0.550008 0.530230 0.506230 0.477500 0.443636 0.404375 0.359634 0.309544 0.254475 0.195043 0.132097 0.066684 0.000000 
50.000000 45.240387 40.549790 35.994225 31.633922 27.520953 23.697433 20.194377 17.031268 14.216298 11.747215 9.612640 7.793719 6.265956 5.001065 3.968727 3.138151 2.479366 1.964213 1.567039 1.265109 1.038775 0.871449 0.749426 0.661614 0.599208 0.555344 0.524758 0.503471 0.488506 0.477653 0.469267 0.462106 0.455213 0.447817 0.439265 0.428984 0.416449 0.401177 0.382731 0.360734 0.334893 0.305023 0.271075 0.233160 0.191565 0.146752 0.099354 0.050143 0.000000 
50.000000 45.231465 40.532076 35.967973 31.599496 27.478819 23.648134 20.138513 16.969476 14.149232 11.675523 9.536950 7.714623 6.183999 4.916739 3.882468 3.050339 2.390323 1.874207 1.476294 1.173805 0.947057 0.779432 0.657202 0.569259 0.506787 0.462915 0.432381 0.411211 0.396443 0.385885 0.377920 0.371346 0.365249 0.358913 0.351752 0.343267 0.333014 0.320595 0.305657 0.287904 0.267106 0.243127 0.215936 0.185629 0.152437 0.116730 0.079003 0.039865 0.000000 
50.000000 45.227177 40.523563 35.955355 31.582952 27.458570 23.624440 20.111664 16.939779 14.117000 11.641068 9.500573 7.676609 6.144610 4.876212 3.841013 3.008137 2.347528 1.830951 1.432682 1.129924 0.902978 0.735209 0.612881 0.524875 0.462371 0.418496 0.387988 0.366876 0.352204 0.341790 0.334032 0.327743 0.322034 0.316214 0.309730 0.302116 0.292968 0.281929 0.268687 0.252981 0.234614 0.213469 0.189525 0.162869 0.133707 0.102362 0.069266 0.034948 0.000000 
50.000000 45.227177 40.523563 35.955355 31.582952 27.458570 23.624440 20.111664 16.939779 14.117000 11.641068 9.500573 7.676609 6.144610 4.876212 3.841013 3.008137 2.347528 1.830951 1.432682 1.129924 0.902978 0.735209 0.612881 0.524875 0.462371 0.418496 0.387988 0.366876 0.352204 0.341790 0.334032 0.327743 0.322034 0.316214 0.309730 0.302116 0.292968 0.281929 0.268687 0.252981 0.234614 0.213469 0.189525 0.162869 0.133707 0.102362 0.069266 0.034948 0.000000 
50.000000 45.231465 40.532076 35.967973 31.599496 27.478819 23.648134 20.138513 16.969476 14.149232 11.675523 9.536950 7.714623 6.183999 4.916739 3.882468 3.050339 2.390323 1.874207 1.476294 1.173805 0.947057 0.779432 0.657202 0.569259 0.506787 0.462915 0.432381 0.411211 0.396443 0.385885 0.377920 0.371346 0.365249 0.358913 0.351752 0.343267 0.333014 0.320595 0.305657 0.287904 0.267106 0.243127 0.215936 0.185629 0.152437 0.116730 0.079003 0.039865 0.000000 
50.000000 45.240387 40.549790 35.994225 31.633922 27.520953 23.697433 20.194377 17.031268 14.216298 11.747215 9.612640 7.793719 6.265956 5.001065 3.968727 3.138151 2.479366 1.964213 1.567039 1.265109 1.038775 0.871449 0.749426 0.661614 0.599208 0.555344 0.524758 0.503471 0.488506 0.477653 0.469267 0.462106 0.455213 0.447817 0.439265 0.428984 0.416449 0.401177 0.382731 0.360734 0.334893 0.305023 0.271075 0.233160 0.191565 0.146752 0.099354 0.050143 0.000000 
50.000000 45.254638 40.578085 36.036159 31.688910 27.588255 23.776181 20.283611 17.129969 14.323424 11.861730 9.733542 7.920064 6.396871 5.135762 4.106511 3.278418 2.621601 2.107984 1.711991 1.410954 1.185283 1.018435 0.896743 0.809142 0.746845 0.702998 0.672335 0.650868 0.635600 0.624289 0.615245 0.607171 0.599036 0.589978 0.579244 0.566139 0.550008 0.530230 0.506230 0.477500 0.443636 0.404375 0.359634 0.309544 0.254475 0.195043 0.132097 0.066684 0.000000 
50.000000 45.275267 40.619043 36.096862 31.768509 27.685679 23.890174 20.412783 17.272847 14.478498 12.027501 9.908559 8.102959 6.586382 5.330750 4.305967 3.481468 2.827499 2.316107 1.921825 1.622083 1.397372 1.231218 1.110007 1.022714 0.960581 0.916765 0.886001 0.864288 0.848600 0.836652 0.826692 0.817339 0.807459 0.796064 0.782248 0.765144 0.743905 0.717706 0.685764 0.647377 0.601971 0.549157 0.488792 0.421031 0.346361 0.265618 0.179970 0.090875 0.000000 
50.000000 45.303680 40.675458 36.180471 31.878147 27.819867 24.047184 20.590702 17.469643 14.692093 12.255829 10.149624 8.354875 6.847411 5.599323 4.580696 3.761148 3.111103 2.602776 2.210852 1.912894 1.689507 1.524311 1.403767 1.316906 1.255006 1.211245 1.180359 1.158330 1.142097 1.129315 1.118149 1.107109 1.094917 1.080415 1.062487 1.040027 1.011921 0.977056 0.934353 0.882825 0.821648 0.750244 0.668370 0.576195 0.474361 0.364005 0.246748 0.124631 0.000000 
50.000000 45.341639 40.750826 36.292170 32.024619 27.999138 24.256945 20.828396 17.732558 14.977452 12.560872 10.471682 8.691432 7.196144 5.958136 4.947733 4.134800 3.489999 2.985768 2.596996 2.301422 2.079807 1.915895 1.796249 1.709973 1.648398 1.604728 1.573705 1.551291 1.534379 1.520549 1.507861 1.494679 1.479544 1.461065 1.437855 1.408485 1.371476 1.325321 1.268530 1.199715 1.117688 1.021588 0.911006 0.786106 0.647717 0.497382 0.337341 0.170445 0.000000 
50.000000 45.391248 40.849324 36.438150 32.216044 28.233429 24.531085 21.139042 18.076166 15.350393 12.959539 10.892589 9.131288 7.651915 6.427080 5.427428 4.623140 3.985194 3.486318 3.101666 2.809213 2.589917 2.427690 2.309224 2.223726 2.162592 2.119068 2.087904 2.065038 2.047310 2.032209 2.017659 2.001847 1.983077 1.959667 1.929871 1.891840 1.843613 1.783152 1.708406 1.617428 1.508512 1.380376 1.232344 1.064528 0.877975 0.674748 0.457921 0.231459 0.000000 
50.000000 45.454926 40.975756 36.625528 32.461755 28.534163 24.882967 21.537785 18.517220 15.829099 13.471269 11.432867 9.695890 8.236945 7.029022 6.043170 5.249983 4.620837 4.128837 3.749477 3.461032 3.244719 3.084661 2.967722 2.883238 2.822696 2.779395 2.748099 2.724726 2.706052 2.689454 2.672697 2.653746 2.630616 2.601257 2.563471 2.514869 2.452865 2.374719 2.277627 2.158871 2.016019 1.847167 1.651215 1.428133 1.179193 0.907114 0.616068 0.311539 0.000000 
50.000000 45.535356 41.135449 36.862201 32.772108 28.914015 25.327425 22.041432 19.074310 16.433748 14.117631 12.115289 10.409037 8.975898 7.789338 6.820918 6.041754 5.423726 4.940413 4.567740 4.284363 4.071824 3.914516 3.799521 3.716340 3.656579 3.613605 3.582213 3.558296 3.538560 3.520257 3.500962 3.478375 3.450162 3.413824 3.366605 3.305438 3.226939 3.127458 3.003192 2.850383 2.665579 2.445972 2.189795 1.896715 1.568195 1.207741 0.820961 0.415381 0.000000 
50.000000 45.635413 41.334112 37.156630 33.158197 29.386564 25.880347 22.667989 19.767354 17.185959 14.921737 12.964257 11.296231 9.895196 8.735215 7.788484 7.026767 6.422572 5.950070 5.585721 5.308654 5.100818 4.946944 4.834385 4.752854 4.694105 4.651602 4.620176 4.595709 4.574830 4.554651 4.532531 4.505865 4.471907 4.427624 4.369586 4.293895 4.196171 4.071604 3.915092 3.721481 3.485909 3.204268 2.873750 2.493438 2.064869 1.592452 1.083625 0.548652 0.000000 
50.000000 45.758063 41.577633 37.517542 33.631467 29.965816 26.558122 23.436026 20.616893 18.108027 15.907420 14.004934 12.383768 11.022090 9.894691 8.974551 8.234222 7.646988 7.187741 6.833601 6.564277 6.362216 6.212567 6.103019 6.023544 5.966088 5.924238 5.892885 5.867904 5.845852 5.823691 5.798543 5.767459 5.727228 5.674199 5.604150 5.512188 5.392717 5.239481 5.045715 4.804423 4.508820 4.152931 3.732354 3.245123 2.692573 2.080055 1.417293 0.718194 0.000000 
50.000000 45.906232 41.871823 37.953548 34.203209 30.665594 27.376923 24.363873 21.643201 19.221957 17.098205 15.262158 13.697605 12.383476 11.295443 10.407427 9.692942 9.126201 8.682972 8.341170 8.081208 7.886137 7.741610 7.635727 7.558779 7.502950 7.461983 7.430857 7.405456 7.382273 7.358120 7.329867 7.294200 7.247393 7.185108 7.102220 6.992680 6.849450 6.664511 6.429009 6.133566 5.768801 5.326100 4.798645 4.182656 3.478721 2.692998 1.837966 0.932352 0.000000 
50.000000 46.082656 42.222111 38.472695 34.883976 31.498812 28.351862 25.468653 22.865220 20.548310 18.516069 16.759135 15.261994 14.004484 12.963325 12.113564 11.429854 10.887518 10.463367 10.136264 9.887459 9.700724 9.562319 9.460833 9.386945 9.333128 9.293327 9.262638 9.236982 9.212803 9.186773 9.155516 9.115340 9.061982 8.990366 8.894377 8.766676 8.598561 8.379927 8.099367 7.744479 7.302443 6.760964 6.109613 5.341578 4.455681 3.458393 2.365317 1.201504 0.000000 
50.000000 46.289703 42.633202 39.081956 35.682913 32.476664 29.496036 26.765208 24.299368 22.104905 20.180064 18.515978 17.097953 15.906894 14.920751 14.115889 13.468300 12.954611 12.552855 12.243009 12.007309 11.830375 11.699178 11.602891 11.532653 11.481286 11.442987 11.413009 11.387343 11.362414 11.334780 11.300839 11.256537 11.197080 11.116644 11.008084 10.862672 10.669874 10.417202 10.090227 9.672807 9.147671 8.497482 7.706507 6.762998 5.662204 4.409691 3.024211 1.538970 0.000000 
50.000000 46.529198 43.108720 39.786702 36.607060 33.607767 30.819530 28.264966 25.958285 23.905462 22.104856 20.548173 19.221668 18.107478 17.184976 16.432054 15.826251 15.345703 14.969859 14.679983 14.459454 14.293875 14.171045 14.080815 14.014864 13.966432 13.930022 13.901092 13.875748 13.850440 13.821651 13.785601 13.737922 13.673339 13.585319 13.465715 13.304401 13.088921 12.804198 12.432366 11.952834 11.342736 10.577997 9.635258 8.494956 7.145658 5.589439 3.847293 1.962613 0.000000 
50.000000 46.802243 43.650851 40.590171 37.660667 34.897322 32.328428 29.974823 27.849598 25.958260 24.299296 22.865066 21.642905 20.616355 19.766415 19.072712 18.514554 18.071795 17.725498 17.458400 17.255179 17.102566 16.989306 16.906027 16.845037 16.800061 16.765972 16.738490 16.713889 16.688697 16.659391 16.622081 16.572175 16.504015 16.410476 16.282527 16.108750 15.874831 15.563060 15.151891 14.615688 13.924852 13.046615 11.946982 10.594362 8.965495 7.053840 4.879521 2.497738 0.000000 
50.000000 47.109054 44.260024 41.493002 38.844569 36.346352 34.023928 31.896136 29.974810 28.264930 26.765129 25.468497 24.363588 23.435522 22.667119 22.039964 21.535348 21.135056 20.821968 20.580473 20.396716 20.258692 20.156216 20.080799 20.025459 19.984486 19.953184 19.927600 19.904239 19.879778 19.850770 19.813318 19.762734 19.693136 19.597007 19.464668 19.283676 19.038132 18.707915 18.267873 17.687069 16.928278 15.948094 14.698298 13.129495 11.198415 8.880266 6.186258 3.182585 0.000000 
50.000000 47.448835 44.934659 42.492853 40.155697 37.951099 35.901633 34.023922 32.328410 30.819490 29.495958 28.351716 27.376662 26.557667 25.879569 25.326116 24.880800 24.527545 24.251241 24.038110 23.875922 23.754076 23.663576 23.596915 23.547911 23.511491 23.483462 23.460262 23.438697 23.415679 23.387933 23.351689 23.302325 23.233964 23.138982 23.007419 22.826264 22.578579 22.242432 21.789644 21.184345 20.381495 19.325665 17.950829 16.182622 13.945633 11.179570 7.868122 4.079315 0.000000 
50.000000 47.819696 45.671004 43.584161 41.586754 39.702636 37.951096 36.346344 34.897303 33.607729 32.476593 31.498683 30.665366 29.965422 29.385892 28.912888 28.532300 28.230389 27.994240 27.812077 27.673444 27.569277 27.491880 27.434825 27.392813 27.361482 27.337209 27.316891 27.297713 27.276906 27.251485 27.217954 27.171966 27.107918 27.018450 26.893821 26.721110 26.483187 26.157383 25.713756 25.112867 24.302995 23.216881 21.768493 19.851324 17.341855 14.115716 10.089054 5.297634 0.000000 
50.000000 48.218629 46.463085 44.758074 43.126134 41.586753 40.155693 38.844561 37.660650 36.607028 35.682853 34.883869 34.203021 33.631142 33.157645 32.771183 32.460226 32.213550 32.020602 31.871759 31.758476 31.673345 31.610071 31.563396 31.528977 31.503232 31.483173 31.466221 31.450013 31.432194 31.410187 31.380930 31.340575 31.284103 31.204850 31.093893 30.939230 30.724689 30.428414 30.020779 29.461444 28.695198 27.646170 26.210075 24.244907 21.563069 17.934992 13.130479 7.050238 0.000000 
50.000000 48.641548 47.302792 46.002571 44.758073 43.584160 42.492850 41.492995 40.590158 39.786676 39.081910 38.472612 37.953403 37.517292 37.156207 36.861493 36.624358 36.436243 36.289098 36.175586 36.089188 36.024252 35.975977 35.940346 35.914040 35.894316 35.878876 35.865728 35.853029 35.838924 35.821358 35.797865 35.765315 35.719590 35.655174 35.564608 35.437742 35.260701 35.014390 34.672318 34.197293 33.536350 32.612748 31.313291 29.468450 26.823085 23.001287 17.495260 9.796825 0.000000 
50.000000 49.083404 48.180098 47.302792 46.463085 45.671003 44.934657 44.260019 43.650841 43.108703 42.633171 42.222054 41.871724 41.577464 41.333825 41.134970 40.974965 40.848035 40.748749 40.672155 40.613854 40.570033 40.537448 40.513388 40.495609 40.482254 40.471765 40.462782 40.454044 40.444265 40.432016 40.415564 40.392696 40.360482 40.314970 40.250776 40.160512 40.033958 39.856853 39.609026 39.261447 38.771341 38.073773 37.066542 35.581953 33.332608 29.807533 24.090049 14.660739 0.000000 
50.000000 49.538356 49.083404 48.641548 48.218629 47.819696 47.448834 47.109051 46.802238 46.529189 46.289687 46.082627 45.906183 45.757978 45.635268 45.535114 45.454527 45.390598 45.340592 45.302014 45.272650 45.250576 45.234161 45.222038 45.213074 45.206334 45.201029 45.196470 45.192016 45.187010 45.180716 45.172242 45.160441 45.143787 45.120217 45.086907 45.039955 44.973931 44.881181 44.750750 44.566595 44.304511 43.926472 43.369522 42.522064 41.168392 38.844724 34.422665 24.769178 0.000000 
50.000000 50.000000 50.000000 50.000000 50.000000 50.000000 50.000000 50.000000 50.000000 50.000000 50.000000 50.000000 50.000000 50.000000 50.000000 50.000000 50.000000 50.000000 50.000000 50.000000 50.000000 50.000000 50.000000 50.000000 50.000000 50.000000 50.000000 50.000000 50.000000 50.000000 50.000000 50.000000 50.000000 50.000000 50.000000 50.000000 50.000000 50.000000 50.000000 50.000000 50.000000 50.000000 50.000000 50.000000 50.000000 50.000000 50.000000 50.000000 50.000000 50.000000 
