50.000000 50.000000 50.000000 50.000000 50.000000 50.000000 50.000000 50.000000 50.000000 50.000000 50.000000 50.000000 50.000000 50.000000 50.000000 50.000000 50.000000 50.000000 50.000000 50.000000 50.000000 50.000000 50.000000 50.000000 50.000000 50.000000 50.000000 50.000000 50.000000 50.000000 50.000000 50.000000 50.000000 50.000000 50.000000 50.000000 50.000000 50.000000 50.000000 50.000000 50.000000 50.000000 50.000000 50.000000 50.000000 50.000000 50.000000 50.000000 50.000000 50.000000 
50.000000 49.730840 49.463956 49.201565 48.945772 48.698518 48.461537 48.236318 48.024085 47.825772 47.642026 47.473206 47.319397 47.180432 47.055917 46.945262 46.847712 46.762387 46.688310 46.624436 46.569686 46.522961 46.483163 46.449204 46.420012 46.394525 46.371681 46.350402 46.329568 46.307976 46.284300 46.257021 46.224348 46.184110 46.133603 46.069389 45.986992 45.880469 45.741733 45.559494 45.317499 44.991472 44.543471 43.910790 42.982251 41.542734 39.129197 34.614123 24.865457 0.000000 
50.000000 49.463960 48.932452 48.409892 47.900473 47.408059 46.936104 46.487575 46.064905 45.669960 45.304025 44.967815 44.661502 44.384752 44.136780 43.916409 43.722142 43.552224 43.404708 43.277518 43.168504 43.075481 42.996265 42.928696 42.870643 42.819998 42.774661 42.732500 42.691303 42.648709 42.602113 42.548549 42.484534 42.405859 42.307314 42.182303 42.022306 41.816094 41.548550 41.198849 40.737546 40.121724 39.286614 38.130506 36.486529 34.068435 30.366707 24.466385 14.849989 0.000000 
50.000000 49.201582 48.409914 47.631575 46.872808 46.139370 45.436405 44.768333 44.138778 43.550518 43.005469 42.504696 42.048454 41.636246 41.266905 40.938679 40.649337 40.396268 40.176574 39.987169 39.824850 39.686371 39.568488 39.467993 39.381727 39.306572 39.239426 39.177152 39.116507 39.054045 38.985984 38.908045 38.815230 38.701547 38.559636 38.380262 38.151623 37.858365 37.480146 36.989516 36.348678 35.504459 34.380360 32.863899 30.786747 27.895441 23.816189 18.043703 10.072621 0.000000 
50.000000 48.945817 47.900545 46.872873 45.871042 44.902656 43.974503 43.092422 42.261197 41.484495 40.764847 40.103661 39.501273 38.957028 38.469384 38.036032 37.654029 37.319927 37.029908 36.779899 36.565682 36.382982 36.227528 36.095106 35.981570 35.882840 35.794870 35.713584 35.634792 35.554068 35.466589 35.366942 35.248862 35.104907 34.926032 34.701027 34.415762 34.052161 33.586765 32.988719 32.216900 31.215834 29.909955 28.195891 25.933173 22.936348 18.978555 13.832807 7.403416 0.000000 
50.000000 48.698612 47.408226 46.139566 44.902808 43.707337 42.561534 41.472608 40.446464 39.487630 38.599231 37.783004 37.039367 36.367510 35.765534 35.230590 34.759047 34.346655 33.988705 33.680179 33.415882 33.190551 32.998938 32.835868 32.696265 32.575147 32.467592 32.368669 32.273340 32.176325 32.071923 31.953796 31.814693 31.646097 31.437791 31.177298 30.849151 30.433949 29.907108 29.237220 28.383914 27.295152 25.904037 24.125617 21.855205 18.971825 15.354318 10.922634 5.716812 0.000000 
50.000000 48.461711 46.936428 45.436825 43.974932 42.561842 41.207463 39.920315 38.707378 37.574005 36.523891 35.559091 34.680098 33.885959 33.174428 32.542144 31.984818 31.497433 31.074432 30.709895 30.397699 30.131643 29.905556 29.713362 29.549114 29.406999 29.281298 29.166316 29.056280 28.945191 28.826645 28.693602 28.538107 28.350950 28.121246 27.835917 27.479061 27.031157 26.468105 25.760062 24.870102 23.752822 22.353197 20.606416 18.440160 15.781875 12.574886 8.807155 4.551517 0.000000 
50.000000 48.236619 46.488146 44.769111 43.093305 41.473443 39.920884 38.445394 37.054976 35.755767 34.552002 33.446039 32.438443 31.528125 30.712514 29.987760 29.348954 28.790352 28.305596 27.887915 27.530309 27.225701 26.967055 26.747456 26.560158 26.398591 26.256321 26.126990 26.004203 25.881383 25.751591 25.607301 25.440131 25.240525 24.997374 24.697576 24.325520 23.862485 23.285979 22.569035 21.679563 20.579938 19.227186 17.574398 15.574390 13.186984 10.391290 7.203142 3.693929 0.000000 
50.000000 48.024573 46.065847 44.140100 42.262779 40.448131 38.708880 37.055966 35.498356 34.042925 32.694419 31.455479 30.326742 29.306990 28.393346 27.581503 26.865969 26.240318 25.697442 25.229776 24.829502 24.488727 24.199615 23.954481 23.745853 23.566478 23.409299 23.267387 23.133840 23.001636 22.863463 22.711504 22.537190 22.330917 22.081718 21.776913 21.401711 20.938802 20.367961 19.665722 18.805225 17.756441 16.487049 14.964422 13.159283 11.051602 8.638930 5.946227 3.034128 0.000000 
50.000000 47.826534 45.671444 43.552639 41.487116 39.490549 37.576939 35.758323 34.044567 32.443237 30.959554 29.596427 28.354558 27.232612 26.227426 25.334268 24.547103 23.858875 23.261778 22.747508 22.307497 21.933097 21.615740 21.347044 21.118879 20.923393 20.752986 20.600255 20.457894 20.318558 20.174704 20.018393 19.841069 19.633312 19.384575 19.082908 18.714679 18.264328 17.714178 17.044375 16.233061 15.256921 14.092323 12.717301 11.114643 9.276211 7.208243 4.936658 2.510388 0.000000 
50.000000 47.643180 45.306287 43.008740 40.768970 38.603975 36.528936 34.556906 32.698584 30.962176 29.353343 27.875244 26.528641 25.312088 24.222164 23.253742 22.400288 21.654165 21.006924 20.449587 19.972895 19.567515 19.224214 18.933982 18.688107 18.478210 18.296231 18.134377 17.985033 17.840640 17.693543 17.535815 17.359065 17.154233 16.911374 16.619456 16.266184 15.837868 15.319385 14.694291 13.945160 13.054258 12.004676 10.782061 9.377003 7.788024 6.024832 4.111080 2.085481 0.000000 
50.000000 47.474913 44.971176 42.509594 40.109915 37.790350 35.567165 33.454346 31.463355 29.602986 27.879306 26.295699 24.852986 23.549623 22.381947 21.344475 20.430216 19.631001 18.937799 18.341017 17.830769 17.397104 17.030192 16.720463 16.458694 16.236049 16.044083 15.874692 15.720035 15.572425 15.424189 15.267519 15.094298 14.895933 14.663190 14.386046 14.053587 13.653962 13.174440 12.601611 11.921786 11.121675 10.189389 9.115834 7.896470 6.533305 5.036844 3.427461 1.735572 0.000000 
50.000000 47.321874 44.666392 42.055621 39.510505 37.050360 34.692437 32.451571 30.339920 28.366811 26.538680 24.859119 23.329003 21.946695 20.708318 19.608065 18.638532 17.791069 17.056118 16.423534 15.882867 15.423613 15.035412 14.708199 14.432305 14.198509 13.998041 13.822556 13.664057 13.514796 13.367160 13.213526 13.046123 12.856886 12.637334 12.378466 12.070705 11.703913 11.267492 10.750623 10.142663 9.433755 8.615659 7.682820 6.633625 5.471703 4.207065 2.856748 1.444606 0.000000 
50.000000 47.183969 44.391748 41.646541 38.970371 36.383548 33.904212 31.547962 29.327585 27.252886 25.330638 23.564617 21.955745 20.502309 19.200237 18.043429 17.024113 16.133209 15.360689 14.695910 14.127925 13.645738 13.238521 12.895780 12.607459 12.364009 12.156401 11.976101 11.815012 11.665384 11.519706 11.370591 11.210645 11.032354 10.827987 10.589518 10.308613 9.976661 9.584906 9.124678 8.587752 7.966865 7.256373 6.453050 5.556956 4.572278 3.507983 2.378074 1.201272 0.000000 
50.000000 47.060899 44.146648 41.281466 38.488339 35.788465 33.200777 30.741557 28.424150 26.258793 24.252553 22.409377 20.730229 19.213325 17.854421 16.647159 15.583439 14.653799 13.847794 13.154345 12.562063 12.059522 11.635486 11.279086 10.979940 10.728224 10.514698 10.330690 10.168043 10.019042 9.876316 9.732730 9.581280 9.414992 9.226842 9.009710 8.756368 8.459535 8.112001 7.706836 7.237702 6.699262 6.087690 5.401248 4.640886 3.810771 2.918650 1.975917 0.997281 0.000000 
50.000000 46.952194 43.930158 40.959006 38.062575 35.262847 32.579456 30.029286 27.626177 25.380746 23.300323 21.389001 19.647786 18.074830 16.665739 15.413927 14.311007 13.347182 12.511640 11.792922 11.179252 10.658830 10.220069 9.851779 9.543300 9.284582 9.066217 8.879430 8.716042 8.568396 8.429274 8.291802 8.149352 7.995458 7.823749 7.627907 7.401674 7.138892 6.833627 6.480337 6.074127 5.611074 5.088604 4.505905 3.864333 3.167744 2.422682 1.638355 0.826341 0.000000 
50.000000 46.857258 43.741089 40.677389 37.690738 34.803804 32.036832 29.407233 26.929278 24.613916 22.468708 20.497876 18.702460 17.080558 15.627645 14.336940 13.199803 12.206147 11.344843 10.604101 9.971814 9.435859 8.984349 8.605821 8.289384 8.024801 7.802532 7.613732 7.450218 7.304407 7.169241 7.038094 6.904692 6.763032 6.607323 6.431949 6.231472 6.000676 5.734653 5.428954 5.079781 4.684232 4.240582 3.748574 3.209685 2.627333 2.006963 1.355989 0.683535 0.000000 
50.000000 46.775404 43.578073 40.434580 37.370142 34.408019 31.568984 28.870902 26.328416 23.952762 21.751698 19.729559 17.887415 16.223318 14.732630 13.408402 12.241777 11.222422 10.338935 9.579242 8.930954 8.381676 7.919264 7.532030 7.208888 6.939452 6.714077 6.523873 6.360667 6.216957 6.085837 5.960916 5.836237 5.706207 5.565538 5.409212 5.232481 5.030893 4.800364 4.537290 4.238695 3.902410 3.527280 3.113357 2.662081 2.176400 1.660804 1.121246 0.564934 0.000000 
50.000000 46.705900 43.439653 40.228404 37.097915 34.071947 31.171722 28.415490 25.818210 23.391361 21.142871 19.077168 17.195349 15.495427 13.972671 12.619986 11.428335 10.387174 9.484873 8.709119 8.047286 7.486749 7.015153 6.620620 6.291910 6.018512 5.790705 5.599566 5.436944 5.295418 5.168220 5.049170 4.932591 4.813242 4.686264 4.547137 4.391676 4.216047 4.016812 3.791018 3.536296 3.251002 2.934350 2.586551 2.208928 1.803981 1.375392 0.927942 0.467347 0.000000 
50.000000 46.648006 43.324353 40.056666 36.871160 33.792012 30.840818 28.036149 25.393228 22.923737 20.635743 18.533756 16.618891 14.889132 13.339669 11.963287 10.750800 9.691488 8.773532 7.984424 7.311339 6.741466 6.262275 5.861736 5.528480 5.251903 5.022223 4.830498 4.668604 4.529191 4.405619 4.291887 4.182558 4.072686 3.957766 3.833687 3.696717 3.543507 3.371123 3.177101 2.959523 2.717109 2.449311 2.156409 1.839575 1.500911 1.143434 0.770999 0.388166 0.000000 
50.000000 46.601011 43.230762 39.917262 36.687096 33.564781 30.572214 27.728228 25.048260 22.544156 20.224096 18.092657 16.150970 14.396995 12.825856 11.430243 10.200850 9.126814 8.196164 7.396232 6.714037 6.136616 5.651299 5.245937 4.909059 4.629987 4.398896 4.206833 4.045699 3.908208 3.787829 3.678712 3.575614 3.473833 3.369146 3.257769 3.136324 3.001838 2.851760 2.683989 2.496933 2.289564 2.061486 1.812991 1.545103 1.259586 0.958925 0.646258 0.325262 0.000000 
50.000000 46.564271 43.157592 39.808276 36.543195 33.387131 30.362220 27.487496 24.778565 22.247400 19.902272 17.747808 15.785153 14.012247 12.424164 11.013521 9.770914 8.685373 7.744807 6.936425 6.247123 5.663821 5.173742 4.764643 4.424977 4.144013 3.911891 3.719653 3.559224 3.423372 3.305652 3.200334 3.102331 3.007129 2.910727 2.809586 2.700600 2.581079 2.448750 2.301781 2.138805 1.958968 1.761965 1.548077 1.318193 1.073809 0.817001 0.550366 0.276924 0.000000 
50.000000 46.537231 43.103742 39.728067 36.437291 33.256390 30.207674 27.310328 24.580081 22.029002 19.665426 17.494017 15.515931 13.729094 12.128543 10.706839 9.454511 8.360507 7.412648 6.598054 5.903531 5.315912 4.822344 4.410515 4.068825 3.786501 3.553662 3.361349 3.201503 3.066936 2.951267 2.848856 2.754731 2.664517 2.574373 2.480940 2.381305 2.272978 2.153885 2.022375 1.877238 1.717732 1.543604 1.355115 1.153047 0.938697 0.713845 0.480698 0.241815 0.000000 
50.000000 46.519457 43.068343 39.675342 36.367675 33.170447 30.106083 27.193867 24.449609 21.885438 19.509736 17.327188 15.338960 13.542965 11.934218 10.505246 9.246529 8.146963 7.194313 6.375638 5.677687 5.087236 4.591383 4.177770 3.834761 3.551559 3.318270 3.125932 2.966501 2.832816 2.718540 2.618093 2.526578 2.439710 2.353755 2.265470 2.172066 2.071181 1.960867 1.839587 1.706229 1.560116 1.401025 1.229197 1.045343 0.850625 0.646630 0.435318 0.218951 0.000000 
50.000000 46.510647 43.050797 39.649208 36.333167 33.127847 30.055727 27.136140 24.384937 21.814277 19.432564 17.244495 15.251239 13.450705 11.837897 10.405321 9.143438 8.041116 7.086091 6.265395 5.565746 4.973894 4.476910 4.062415 3.718757 3.435124 3.201618 3.009275 2.850059 2.716823 2.603251 2.503793 2.413589 2.328401 2.244545 2.158835 2.068545 1.971373 1.865434 1.749245 1.621740 1.482274 1.330635 1.167056 0.992208 0.807188 0.613488 0.412947 0.207680 0.000000 
50.000000 46.510647 43.050797 39.649208 36.333167 33.127847 30.055727 27.136140 24.384937 21.814277 19.432564 17.244495 15.251239 13.450705 11.837897 10.405321 9.143438 8.041116 7.086091 6.265395 5.565746 4.973894 4.476910 4.062415 3.718757 3.435124 3.201618 3.009275 2.850059 2.716823 2.603251 2.503793 2.413589 2.328401 2.244545 2.158835 2.068545 1.971373 1.865434 1.749245 1.621740 1.482274 1.330635 1.167056 0.992208 0.807188 0.613488 0.412947 0.207680 0.000000 
50.000000 46.519457 43.068343 39.675342 36.367675 33.170447 30.106083 27.193867 24.449609 21.885438 19.509736 17.327188 15.338960 13.542965 11.934218 10.505246 9.246529 8.146963 7.194313 6.375638 5.677687 5.087236 4.591383 4.177770 3.834761 3.551559 3.318270 3.125932 2.966501 2.832816 2.718540 2.618093 2.526578 2.439710 2.353755 2.265470 2.172066 2.071181 1.960867 1.839587 1.706229 1.560116 1.401025 1.229197 1.045343 0.850625 0.646630 0.435318 0.218951 0.000000 
50.000000 46.537231 43.103742 39.728067 36.437291 33.256390 30.207674 27.310328 24.580081 22.029002 19.665426 17.494017 15.515931 13.729094 12.128543 10.706839 9.454511 8.360507 7.412648 6.598054 5.903531 5.315912 4.822344 4.410515 4.068825 3.786501 3.553662 3.361349 3.201503 3.066936 2.951267 2.848856 2.754731 2.664517 2.574373 2.480940 2.381305 2.272978 2.153885 2.022375 1.877238 1.717732 1.543604 1.355115 1.153047 0.938697 0.713845 0.480698 0.241815 0.000000 
50.000000 46.564271 43.157592 39.808276 36.543195 33.387131 30.362220 27.487496 24.778565 22.247400 19.902272 17.747808 15.785153 14.012247 12.424164 11.013521 9.770914 8.685373 7.744807 6.936425 6.247123 5.663821 5.173742 4.764643 4.424977 4.144013 3.911891 3.719653 3.559224 3.423372 3.305652 3.200334 3.102331 3.007129 2.910727 2.809586 2.700600 2.581079 2.448750 2.301781 2.138805 1.958968 1.761965 1.548077 1.318193 1.073809 0.817001 0.550366 0.276924 0.000000 
50.000000 46.601011 43.230762 39.917262 36.687096 33.564781 30.572214 27.728228 25.048260 22.544156 20.224096 18.092657 16.150970 14.396995 12.825856 11.430243 10.200850 9.126814 8.196164 7.396232 6.714037 6.136616 5.651299 5.245937 4.909059 4.629987 4.398896 4.206833 4.045699 3.908208 3.787829 3.678712 3.575614 3.473833 3.369146 3.257769 3.136324 3.001838 2.851760 2.683989 2.496933 2.289564 2.061486 1.812991 1.545103 1.259586 0.958925 0.646258 0.325262 0.000000 
50.000000 46.648006 43.324353 40.056666 36.871160 33.792012 30.840818 28.036149 25.393228 22.923737 20.635743 18.533756 16.618891 14.889132 13.339669 11.963287 10.750800 9.691488 8.773532 7.984424 7.311339 6.741466 6.262275 5.861736 5.528480 5.251903 5.022223 4.830498 4.668604 4.529191 4.405619 4.291887 4.182558 4.072686 3.957766 3.833687 3.696717 3.543507 3.371123 3.177101 2.959523 2.717109 2.449311 2.156409 1.839575 1.500911 1.143434 0.770999 0.388166 0.000000 
50.000000 46.705900 43.439653 40.228404 37.097915 34.071947 31.171722 28.415490 25.818210 23.391361 21.142871 19.077168 17.195349 15.495427 13.972671 12.619986 11.428335 10.387174 9.484873 8.709119 8.047286 7.486749 7.015153 6.620620 6.291910 6.018512 5.790705 5.599566 5.436944 5.295418 5.168220 5.049170 4.932591 4.813242 4.686264 4.547137 4.391676 4.216047 4.016812 3.791018 3.536296 3.251002 2.934350 2.586551 2.208928 1.803981 1.375392 0.927942 0.467347 0.000000 
50.000000 46.775404 43.578073 40.434580 37.370142 34.408019 31.568984 28.870902 26.328416 23.952762 21.751698 19.729559 17.887415 16.223318 14.732630 13.408402 12.241777 11.222422 10.338935 9.579242 8.930954 8.381676 7.919264 7.532030 7.208888 6.939452 6.714077 6.523873 6.360667 6.216957 6.085837 5.960916 5.836237 5.706207 5.565538 5.409212 5.232481 5.030893 4.800364 4.537290 4.238695 3.902410 3.527280 3.113357 2.662081 2.176400 1.660804 1.121246 0.564934 0.000000 
50.000000 46.857258 43.741089 40.677389 37.690738 34.803804 32.036832 29.407233 26.929278 24.613916 22.468708 20.497876 18.702460 17.080558 15.627645 14.336940 13.199803 12.206147 11.344843 10.604101 9.971814 9.435859 8.984349 8.605821 8.289384 8.024801 7.802532 7.613732 7.450218 7.304407 7.169241 7.038094 6.904692 6.763032 6.607323 6.431949 6.231472 6.000676 5.734653 5.428954 5.079781 4.684232 4.240582 3.748574 3.209685 2.627333 2.006963 1.355989 0.683535 0.000000 
50.000000 46.952194 43.930158 40.959006 38.062575 35.262847 32.579456 30.029286 27.626177 25.380746 23.300323 21.389001 19.647786 18.074830 16.665739 15.413927 14.311007 13.347182 12.511640 11.792922 11.179252 10.658830 10.220069 9.851779 9.543300 9.284582 9.066217 8.879430 8.716042 8.568396 8.429274 8.291802 8.149352 7.995458 7.823749 7.627907 7.401674 7.138892 6.833627 6.480337 6.074127 5.611074 5.088604 4.505905 3.864333 3.167744 2.422682 1.638355 0.826341 0.000000 
50.000000 47.060899 44.146648 41.281466 38.488339 35.788465 33.200777 30.741557 28.424150 26.258793 24.252553 22.409377 20.730229 19.213325 17.854421 16.647159 15.583439 14.653799 13.847794 13.154345 12.562063 12.059522 11.635486 11.279086 10.979940 10.728224 10.514698 10.330690 10.168043 10.019042 9.876316 9.732730 9.581280 9.414992 9.226842 9.009710 8.756368 8.459535 8.112001 7.706836 7.237702 6.699262 6.087690 5.401248 4.640886 3.810771 2.918650 1.975917 0.997281 0.000000 
50.000000 47.183969 44.391748 41.646541 38.970371 36.383548 33.904212 31.547962 29.327585 27.252886 25.330638 23.564617 21.955745 20.502309 19.200237 18.043429 17.024113 16.133209 15.360689 14.695910 14.127925 13.645738 13.238521 12.895780 12.607459 12.364009 12.156401 11.976101 11.815012 11.665384 11.519706 11.370591 11.210645 11.032354 10.827987 10.589518 10.308613 9.976661 9.584906 9.124678 8.587752 7.966865 7.256373 6.453050 5.556956 4.572278 3.507983 2.378074 1.201272 0.000000 
50.000000 47.321874 44.666392 42.055621 39.510505 37.050360 34.692437 32.451571 30.339920 28.366811 26.538680 24.859119 23.329003 21.946695 20.708318 19.608065 18.638532 17.791069 17.056118 16.423534 15.882867 15.423613 15.035412 14.708199 14.432305 14.198509 13.998041 13.822556 13.664057 13.514796 13.367160 13.213526 13.046123 12.856886 12.637334 12.378466 12.070705 11.703913 11.267492 10.750623 10.142663 9.433755 8.615659 7.682820 6.633625 5.471703 4.207065 2.856748 1.444606 0.000000 
50.000000 47.474913 44.971176 42.509594 40.109915 37.790350 35.567165 33.454346 31.463355 29.602986 27.879306 26.295699 24.852986 23.549623 22.381947 21.344475 20.430216 19.631001 18.937799 18.341017 17.830769 17.397104 17.030192 16.720463 16.458694 16.236049 16.044083 15.874692 15.720035 15.572425 15.424189 15.267519 15.094298 14.895933 14.663190 14.386046 14.053587 13.653962 13.174440 12.601611 11.921786 11.121675 10.189389 9.115834 7.896470 6.533305 5.036844 3.427461 1.735572 0.000000 
50.000000 47.643180 45.306287 43.008740 40.768970 38.603975 36.528936 34.556906 32.698584 30.962176 29.353343 27.875244 26.528641 25.312088 24.222164 23.253742 22.400288 21.654165 21.006924 20.449587 19.972895 19.567515 19.224214 18.933982 18.688107 18.478210 18.296231 18.134377 17.985033 17.840640 17.693543 17.535815 17.359065 17.154233 16.911374 16.619456 16.266184 15.837868 15.319385 14.694291 13.945160 13.054258 12.004676 10.782061 9.377003 7.788024 6.024832 4.111080 2.085481 0.000000 
50.000000 47.826534 45.671444 43.552639 41.487116 39.490549 37.576939 35.758323 34.044567 32.443237 30.959554 29.596427 28.354558 27.232612 26.227426 25.334268 24.547103 23.858875 23.261778 22.747508 22.307497 21.933097 21.615740 21.347044 21.118879 20.923393 20.752986 20.600255 20.457894 20.318558 20.174704 20.018393 19.841069 19.633312 19.384575 19.082908 18.714679 18.264328 17.714178 17.044375 16.233061 15.256921 14.092323 12.717301 11.114643 9.276211 7.208243 4.936658 2.510388 0.000000 
50.000000 48.024573 46.065847 44.140100 42.262779 40.448131 38.708880 37.055966 35.498356 34.042925 32.694419 31.455479 30.326742 29.306990 28.393346 27.581503 26.865969 26.240318 25.697442 25.229776 24.829502 24.488727 24.199615 23.954481 23.745853 23.566478 23.409299 23.267387 23.133840 23.001636 22.863463 22.711504 22.537190 22.330917 22.081718 21.776913 21.401711 20.938802 20.367961 19.665722 18.805225 17.756441 16.487049 14.964422 13.159283 11.051602 8.638930 5.946227 3.034128 0.000000 
50.000000 48.236619 46.488146 44.769111 43.093305 41.473443 39.920884 38.445394 37.054976 35.755767 34.552002 33.446039 32.438443 31.528125 30.712514 29.987760 29.348954 28.790352 28.305596 27.887915 27.530309 27.225701 26.967055 26.747456 26.560158 26.398591 26.256321 26.126990 26.004203 25.881383 25.751591 25.607301 25.440131 25.240525 24.997374 24.697576 24.325520 23.862485 23.285979 22.569035 21.679563 20.579938 19.227186 17.574398 15.574390 13.186984 10.391290 7.203142 3.693929 0.000000 
50.000000 48.461711 46.936428 45.436825 43.974932 42.561842 41.207463 39.920315 38.707378 37.574005 36.523891 35.559091 34.680098 33.885959 33.174428 32.542144 31.984818 31.497433 31.074432 30.709895 30.397699 30.131643 29.905556 29.713362 29.549114 29.406999 29.281298 29.166316 29.056280 28.945191 28.826645 28.693602 28.538107 28.350950 28.121246 27.835917 27.479061 27.031157 26.468105 25.760062 24.870102 23.752822 22.353197 20.606416 18.440160 15.781875 12.574886 8.807155 4.551517 0.000000 
50.000000 48.698612 47.408226 46.139566 44.902808 43.707337 42.561534 41.472608 40.446464 39.487630 38.599231 37.783004 37.039367 36.367510 35.765534 35.230590 34.759047 34.346655 33.988705 33.680179 33.415882 33.190551 32.998938 32.835868 32.696265 32.575147 32.467592 32.368669 32.273340 32.176325 32.071923 31.953796 31.814693 31.646097 31.437791 31.177298 30.849151 30.433949 29.907108 29.237220 28.383914 27.295152 25.904037 24.125617 21.855205 18.971825 15.354318 10.922634 5.716812 0.000000 
50.000000 48.945817 47.900545 46.872873 45.871042 44.902656 43.974503 43.092422 42.261197 41.484495 40.764847 40.103661 39.501273 38.957028 38.469384 38.036032 37.654029 37.319927 37.029908 36.779899 36.565682 36.382982 36.227528 36.095106 35.981570 35.882840 35.794870 35.713584 35.634792 35.554068 35.466589 35.366942 35.248862 35.104907 34.926032 34.701027 34.415762 34.052161 33.586765 32.988719 32.216900 31.215834 29.909955 28.195891 25.933173 22.936348 18.978555 13.832807 7.403416 0.000000 
50.000000 49.201582 48.409914 47.631575 46.872808 46.139370 45.436405 44.768333 44.138778 43.550518 43.005469 42.504696 42.048454 41.636246 41.266905 40.938679 40.649337 40.396268 40.176574 39.987169 39.824850 39.686371 39.568488 39.467993 39.381727 39.306572 39.239426 39.177152 39.116507 39.054045 38.985984 38.908045 38.815230 38.701547 38.559636 38.380262 38.151623 37.858365 37.480146 36.989516 36.348678 35.504459 34.380360 32.863899 30.786747 27.895441 23.816189 18.043703 10.072621 0.000000 
50.000000 49.463960 48.932452 48.409892 47.900473 47.408059 46.936104 46.487575 46.064905 45.669960 45.304025 44.967815 44.661502 44.384752 44.136780 43.916409 43.722142 43.552224 43.404708 43.277518 43.168504 43.075481 42.996265 42.928696 42.870643 42.819998 42.774661 42.732500 42.691303 42.648709 42.602113 42.548549 42.484534 42.405859 42.307314 42.182303 42.022306 41.816094 41.548550 41.198849 40.737546 40.121724 39.286614 38.130506 36.486529 34.068435 30.366707 24.466385 14.849989 0.000000 
50.000000 49.730840 49.463956 49.201565 48.945772 48.698518 48.461537 48.236318 48.024085 47.825772 47.642026 47.473206 47.319397 47.180432 47.055917 46.945262 46.847712 46.762387 46.688310 46.624436 46.569686 46.522961 46.483163 46.449204 46.420012 46.394525 46.371681 46.350402 46.329568 46.307976 46.284300 46.257021 46.224348 46.184110 46.133603 46.069389 45.986992 45.880469 45.741733 45.559494 45.317499 44.991472 44.543471 43.910790 42.982251 41.542734 39.129197 34.614123 24.865457 0.000000 
50.000000 50.000000 50.000000 50.000000 50.000000 50.000000 50.000000 50.000000 50.000000 50.000000 50.000000 50.000000 50.000000 50.000000 50.000000 50.000000 50.000000 50.000000 50.000000 50.000000 50.000000 50.000000 50.000000 50.000000 50.000000 50.000000 50.000000 50.000000 50.000000 50.000000 50.000000 50.000000 50.000000 50.000000 50.000000 50.000000 50.000000 50.000000 50.000000 50.000000 50.000000 50.000000 50.000000 50.000000 50.000000 50.000000 50.000000 50.000000 50.000000 50.000000 
