50.000000 50.000000 50.000000 50.000000 50.000000 50.000000 50.000000 50.000000 50.000000 50.000000 50.000000 50.000000 50.000000 50.000000 50.000000 50.000000 50.000000 50.000000 50.000000 50.000000 50.000000 50.000000 50.000000 50.000000 50.000000 50.000000 50.000000 50.000000 50.000000 50.000000 50.000000 50.000000 50.000000 50.000000 50.000000 50.000000 50.000000 50.000000 50.000000 50.000000 50.000000 50.000000 50.000000 50.000000 50.000000 50.000000 50.000000 50.000000 50.000000 50.000000 
50.000000 49.787064 49.575552 49.366859 49.162323 48.963202 48.770645 48.585677 48.409182 48.241888 48.084365 47.937018 47.800087 47.673659 47.557667 47.451907 47.356051 47.269656 47.192185 47.123017 47.061459 47.006763 46.958129 46.914712 46.875626 46.839940 46.806670 46.774766 46.743093 46.710397 46.675269 46.636088 46.590944 46.537543 46.473054 46.393921 46.295561 46.171939 46.014900 45.813111 45.550301 45.202206 44.730929 44.073833 43.119843 41.653967 39.213313 34.670534 24.893764 0.000000 
50.000000 49.575569 49.153975 48.738001 48.330314 47.933419 47.549608 47.180925 46.829129 46.495675 46.181696 45.888001 45.615070 45.363073 45.131881 44.921086 44.730035 44.557847 44.403451 44.265612 44.142954 44.033986 43.937117 43.850672 43.772890 43.701926 43.635831 43.572532 43.509787 43.445131 43.375800 43.298621 43.209879 43.105115 42.978871 42.824315 42.632714 42.392658 42.088894 41.700510 41.198025 40.538547 39.657392 38.452991 36.758673 34.288441 30.533077 24.577959 14.905976 0.000000 
50.000000 49.366927 48.738087 48.117629 47.509532 46.917532 46.345049 45.795129 45.270400 44.773030 44.304711 43.866647 43.459558 43.083697 42.738871 42.424477 42.139539 41.882748 41.652511 41.446987 41.264131 41.101727 40.957415 40.828706 40.712995 40.607552 40.509504 40.415799 40.323152 40.227963 40.126214 40.013319 39.883937 39.731706 39.548899 39.325928 39.050678 38.707525 38.275925 37.728295 37.026788 36.118266 34.926350 33.338767 31.187481 28.219398 24.061165 18.207993 10.155061 0.000000 
50.000000 49.162498 48.330596 47.509782 46.705322 45.922157 45.164811 44.437317 43.743149 43.085176 42.465637 41.886127 41.347599 40.850389 40.394243 39.978368 39.601473 39.261835 38.957351 38.685594 38.443870 38.229261 38.038663 37.868810 37.716288 37.577527 37.448784 37.326097 37.205221 37.081529 36.949889 36.804489 36.638610 36.444327 36.212112 35.930294 35.584329 35.155788 34.620946 33.948771 33.098073 32.013417 30.619394 28.812902 26.453849 23.357261 19.296846 14.046263 7.510527 0.000000 
50.000000 48.963561 47.934052 46.918267 45.922720 44.953526 44.016287 43.115991 42.256939 41.442683 40.675995 39.958848 39.292425 38.677143 38.112694 37.598096 37.131761 36.711563 36.334907 35.998804 35.699938 35.434719 35.199333 34.989777 34.801875 34.631275 34.473430 34.323551 34.176533 34.026854 33.868435 33.694449 33.497089 33.267250 32.994122 32.664662 32.262896 31.768991 31.158033 30.398397 29.449623 28.259719 26.761972 24.871754 22.484830 19.480802 15.739198 11.180743 5.846328 0.000000 
50.000000 48.771295 47.550808 46.346589 45.166364 44.017382 42.906283 41.838984 40.820581 39.855289 38.946394 38.096237 37.306224 36.576852 35.907760 35.297790 34.745068 34.247081 33.800770 33.402608 33.048685 32.734777 32.456402 32.208867 31.987287 31.786592 31.601508 31.426511 31.255751 31.082950 30.901258 30.703068 30.479775 30.221479 29.916601 29.551405 29.109387 28.570524 27.910325 27.098688 26.098579 24.864641 23.342056 21.466381 19.165816 16.368468 13.018448 9.104615 4.700778 0.000000 
50.000000 48.586762 47.182975 45.797901 44.440425 43.118886 41.840922 40.613337 39.441997 38.331749 37.286374 36.308570 35.399954 34.561104 33.791609 33.090146 32.454570 31.882003 31.368944 30.911360 30.504783 30.144393 29.825087 29.541531 29.288194 29.059356 28.849098 28.651255 28.459352 28.266497 28.065251 27.847443 27.603957 27.324454 26.997041 26.607867 26.140640 25.576067 24.891207 24.058797 23.046617 21.817083 20.327444 18.531195 16.381724 13.839582 10.884753 7.534062 3.859979 0.000000 
50.000000 48.410887 46.832402 45.274959 43.748550 42.262552 40.825554 39.445209 38.128112 36.879716 35.704276 34.604827 33.583192 32.640026 31.774875 30.986260 30.271781 29.628220 29.051659 28.537592 28.081033 27.676607 27.318639 27.001209 26.718202 26.463321 26.230080 26.011776 25.801420 25.591647 25.374591 25.141728 24.883676 24.589966 24.248766 23.846563 23.367816 22.794575 22.106118 21.278641 20.285132 19.095596 17.677946 15.999979 14.033033 11.757863 9.172957 6.304342 3.213821 0.000000 
50.000000 48.244455 46.500652 44.780095 43.093824 41.452199 39.864708 38.339807 36.884784 35.505666 34.207154 32.992605 31.864039 30.822185 29.866550 28.995512 28.206433 27.495777 26.859242 26.291883 25.788232 25.342407 24.948210 24.599192 24.288715 24.009975 23.756006 23.519654 23.293525 23.069909 22.840663 22.597082 22.329731 22.028255 21.681165 21.275608 20.797138 20.229497 19.554459 18.751800 17.799481 16.674214 15.352601 13.813116 12.039187 10.023498 7.773273 5.315555 2.700508 0.000000 
50.000000 48.088103 46.188994 44.315202 42.478751 40.690924 38.962057 37.301359 35.716769 34.214852 32.800732 31.478068 30.249067 29.114530 28.073928 27.125508 26.266413 25.492816 24.800059 24.182792 23.635108 23.150664 22.722786 22.344555 22.008872 21.708493 21.436046 21.184014 20.944698 20.710149 20.472077 20.221740 19.949812 19.646232 19.300051 18.899274 18.430731 17.879983 17.231316 16.467879 15.572043 14.526081 13.313315 11.919838 10.336890 8.563841 6.611413 4.504420 2.282844 0.000000 
50.000000 47.942319 45.898401 43.881733 41.905254 39.981109 38.120424 36.333111 34.627716 33.011308 31.489404 30.065948 28.743321 27.522391 26.402602 25.382080 24.457769 23.625573 22.880509 22.216861 21.628322 21.108133 20.649196 20.244172 19.885561 19.565745 19.277015 19.011570 18.761485 18.518670 18.274789 18.021174 17.748726 17.447799 17.108101 16.718593 16.267435 15.741983 15.128874 14.414259 13.584219 12.625453 11.526291 10.278079 8.876929 7.325706 5.635939 3.829181 1.937137 0.000000 
50.000000 47.807449 45.629563 43.480714 41.374691 39.324435 37.341802 35.437356 33.620205 31.897884 30.276276 28.759587 27.350361 26.049532 24.856519 23.769340 22.784758 21.898434 21.105091 20.398681 19.772539 19.219530 18.732183 18.302792 17.923509 17.586399 17.283482 17.006735 16.748085 16.499371 16.252288 15.998326 15.728688 15.434217 15.105325 14.731953 14.303556 13.809161 13.237506 12.577299 11.817642 10.948646 9.962269 8.853385 7.621024 6.269662 4.810335 3.261254 1.647565 0.000000 
50.000000 47.683703 45.382900 43.112774 40.887892 38.721929 36.627409 34.615495 32.695811 30.876319 29.163240 27.561022 26.072358 24.698246 23.438082 22.289788 21.249966 20.314057 19.476521 18.731013 18.070546 17.487657 16.974542 16.523179 16.125420 15.773070 15.457928 15.171808 14.906545 14.653964 14.405851 14.153902 13.889667 13.604506 13.289542 12.935658 12.533515 12.073636 11.546567 10.943136 10.254837 9.474350 8.596209 7.617591 6.539184 5.366003 4.108021 2.780399 1.403133 0.000000 
50.000000 47.571171 45.158589 42.778176 40.445208 38.174023 35.977758 33.868116 31.855195 29.947345 28.151092 26.471107 24.910221 23.469488 22.148289 20.944460 19.854457 18.873529 17.995899 17.214959 16.523440 15.913587 15.377309 14.906308 14.492187 14.126534 13.800973 13.507205 13.237012 12.982253 12.734837 12.486696 12.229745 11.955857 11.656838 11.324442 10.950410 10.526568 10.044979 9.498187 8.879543 8.183627 7.406765 6.547597 5.607672 4.591956 3.509174 2.371846 1.195928 0.000000 
50.000000 47.469835 44.956596 42.476869 40.046569 37.680633 35.392746 33.195104 31.098226 29.110814 27.239671 25.489667 23.863759 22.363055 20.986919 19.733117 18.597975 17.576569 16.662920 15.850182 15.130843 14.496893 13.939992 13.451608 13.023135 12.645983 12.311643 12.011736 11.738027 11.482434 11.237013 10.993941 10.745496 10.484035 10.201997 9.891918 9.546484 9.158622 8.721645 8.229462 7.676842 7.059752 6.375737 5.624337 4.807469 3.929753 2.998673 2.024524 1.020085 0.000000 
50.000000 47.379590 44.776710 42.208538 39.691559 37.241243 34.871764 32.595754 30.424111 28.365849 26.428019 24.615669 22.931869 21.377774 19.952739 18.654463 17.479164 16.421767 15.476112 14.635152 13.891159 13.235906 12.660841 12.157234 11.716303 11.329315 10.987662 10.682912 10.406837 10.151430 9.908903 9.671674 9.432362 9.183773 8.918912 8.630999 8.313525 7.960336 7.565756 7.124762 6.633194 6.088014 5.487587 4.831968 4.123163 3.365310 2.564750 1.729934 0.871142 0.000000 
50.000000 47.300261 44.618583 41.972666 39.379493 36.855004 34.413803 32.068908 29.831546 27.711010 25.714565 23.847418 22.112739 20.511726 19.043727 17.706385 16.495821 15.406833 14.433103 13.567414 12.801851 12.128003 11.537138 11.020360 10.568744 10.173443 9.825774 9.517271 9.239733 8.985234 8.746137 8.515091 8.285025 8.049148 7.800954 7.534254 7.243212 6.922424 6.567023 6.172808 5.736420 5.255527 4.729030 4.157262 3.542148 2.887313 2.198094 1.481432 0.745632 0.000000 
50.000000 47.231626 44.481773 41.768591 39.109496 36.520834 34.017582 31.613089 29.318870 27.144457 25.097304 23.182754 21.404064 19.762470 18.257314 16.886194 15.645148 14.528865 13.530895 12.643873 11.859731 11.169899 10.565497 10.037492 9.576842 9.174612 8.822060 8.510708 8.232384 7.979246 7.743800 7.518903 7.297760 7.073926 6.841321 6.594242 6.327411 6.036029 5.715858 5.363334 4.975683 4.551070 4.088738 3.589142 3.054050 2.486594 1.891253 1.273744 0.640824 0.000000 
50.000000 47.173436 44.365783 41.595572 38.880587 36.237518 33.681658 31.226638 28.884216 26.664128 24.573987 22.619253 20.803256 19.127267 17.590622 16.190879 14.924012 13.784617 12.766133 11.861074 11.061242 10.357940 9.742163 9.204767 8.736619 8.328713 7.972267 7.658797 7.380164 7.128609 6.896764 6.677667 6.464761 6.251896 6.033341 5.803798 5.558435 5.292930 5.003537 4.687166 4.341475 3.964968 3.557101 3.118361 2.650328 2.155695 1.638225 1.102659 0.554543 0.000000 
50.000000 47.125433 44.270100 41.452845 38.691756 36.003806 33.404549 30.907848 28.525665 26.267901 24.142301 22.154422 20.307655 18.603299 17.040686 15.617346 14.329195 13.170754 12.135376 11.215473 10.402744 9.688388 9.063301 8.518252 8.044034 7.631587 7.272103 6.957098 6.678466 6.428518 6.199997 5.986094 5.780449 5.577154 5.370760 5.156292 4.929267 4.685736 4.422323 4.136291 3.825606 3.489006 3.126070 2.737269 2.323999 1.888576 1.434189 0.964812 0.485059 0.000000 
50.000000 47.087374 44.194235 41.339681 38.542036 35.818501 33.184836 30.655090 28.241381 25.953745 23.800032 21.785877 19.914716 18.187873 16.604678 15.162636 13.857620 12.684093 11.635339 10.703690 9.880766 9.157685 8.525265 7.974210 7.495255 7.079303 6.717526 6.401442 6.122978 5.874502 5.648848 5.439329 5.239741 5.044367 4.847979 4.645847 4.433758 4.208036 3.965584 3.703917 3.421217 3.116377 2.789045 2.439656 2.069442 1.680415 1.275320 0.857547 0.431012 0.000000 
50.000000 47.059038 44.137755 41.255431 38.430572 35.680545 33.021264 30.466915 28.029737 25.719862 23.545221 21.511503 19.622185 17.878603 16.280089 14.824127 13.506562 12.321813 11.263111 10.322732 9.492236 8.762682 8.124833 7.569342 7.086906 6.668400 6.304984 5.988180 5.709938 5.462673 5.239286 5.033184 4.838280 4.648995 4.460262 4.267533 4.066784 3.854539 3.627891 3.384532 3.122788 2.841651 2.540806 2.220646 1.882275 1.527476 1.158668 0.778822 0.391357 0.000000 
50.000000 47.040252 44.100308 41.199573 38.356670 35.589078 32.912814 30.342153 27.889415 25.564796 23.376280 21.329594 19.428237 17.673559 16.064889 14.599702 13.273820 12.081634 11.016341 10.070182 9.234674 8.500839 7.859404 7.300990 6.816268 6.396096 6.031625 5.714383 5.436335 5.189927 4.968108 4.764345 4.572626 4.387468 4.203908 4.017514 3.824388 3.621178 3.405099 3.173954 2.926157 2.660760 2.377463 2.076628 1.759267 1.427015 1.082075 0.727149 0.365333 0.000000 
50.000000 47.030890 44.081648 41.171738 38.319844 35.543500 32.858772 30.279984 27.819492 25.487527 23.292096 21.238948 19.331592 17.571386 15.957656 14.487872 13.157846 11.961956 10.893381 9.944343 9.106341 8.370376 7.727159 7.167293 6.681439 6.260445 5.895458 5.578008 5.300072 5.054108 4.833088 4.630512 4.440406 4.257331 4.076378 3.893171 3.703872 3.505194 3.294408 3.069371 2.828541 2.570992 2.296435 2.005213 1.698292 1.377231 1.044129 0.701553 0.352443 0.000000 
50.000000 47.030890 44.081648 41.171738 38.319844 35.543500 32.858772 30.279984 27.819492 25.487527 23.292096 21.238948 19.331592 17.571386 15.957656 14.487872 13.157846 11.961956 10.893381 9.944343 9.106341 8.370376 7.727159 7.167293 6.681439 6.260445 5.895458 5.578008 5.300072 5.054108 4.833088 4.630512 4.440406 4.257331 4.076378 3.893171 3.703872 3.505194 3.294408 3.069371 2.828541 2.570992 2.296435 2.005213 1.698292 1.377231 1.044129 0.701553 0.352443 0.000000 
50.000000 47.040252 44.100308 41.199573 38.356670 35.589078 32.912814 30.342153 27.889415 25.564796 23.376280 21.329594 19.428237 17.673559 16.064889 14.599702 13.273820 12.081634 11.016341 10.070182 9.234674 8.500839 7.859404 7.300990 6.816268 6.396096 6.031625 5.714383 5.436335 5.189927 4.968108 4.764345 4.572626 4.387468 4.203908 4.017514 3.824388 3.621178 3.405099 3.173954 2.926157 2.660760 2.377463 2.076628 1.759267 1.427015 1.082075 0.727149 0.365333 0.000000 
50.000000 47.059038 44.137755 41.255431 38.430572 35.680545 33.021264 30.466915 28.029737 25.719862 23.545221 21.511503 19.622185 17.878603 16.280089 14.824127 13.506562 12.321813 11.263111 10.322732 9.492236 8.762682 8.124833 7.569342 7.086906 6.668400 6.304984 5.988180 5.709938 5.462673 5.239286 5.033184 4.838280 4.648995 4.460262 4.267533 4.066784 3.854539 3.627891 3.384532 3.122788 2.841651 2.540806 2.220646 1.882275 1.527476 1.158668 0.778822 0.391357 0.000000 
50.000000 47.087374 44.194235 41.339681 38.542036 35.818501 33.184836 30.655090 28.241381 25.953745 23.800032 21.785877 19.914716 18.187873 16.604678 15.162636 13.857620 12.684093 11.635339 10.703690 9.880766 9.157685 8.525265 7.974210 7.495255 7.079303 6.717526 6.401442 6.122978 5.874502 5.648848 5.439329 5.239741 5.044367 4.847979 4.645847 4.433758 4.208036 3.965584 3.703917 3.421217 3.116377 2.789045 2.439656 2.069442 1.680415 1.275320 0.857547 0.431012 0.000000 
50.000000 47.125433 44.270100 41.452845 38.691756 36.003806 33.404549 30.907848 28.525665 26.267901 24.142301 22.154422 20.307655 18.603299 17.040686 15.617346 14.329195 13.170754 12.135376 11.215473 10.402744 9.688388 9.063301 8.518252 8.044034 7.631587 7.272103 6.957098 6.678466 6.428518 6.199997 5.986094 5.780449 5.577154 5.370760 5.156292 4.929267 4.685736 4.422323 4.136291 3.825606 3.489006 3.126070 2.737269 2.323999 1.888576 1.434189 0.964812 0.485059 0.000000 
50.000000 47.173436 44.365783 41.595572 38.880587 36.237518 33.681658 31.226638 28.884216 26.664128 24.573987 22.619253 20.803256 19.127267 17.590622 16.190879 14.924012 13.784617 12.766133 11.861074 11.061242 10.357940 9.742163 9.204767 8.736619 8.328713 7.972267 7.658797 7.380164 7.128609 6.896764 6.677667 6.464761 6.251896 6.033341 5.803798 5.558435 5.292930 5.003537 4.687166 4.341475 3.964968 3.557101 3.118361 2.650328 2.155695 1.638225 1.102659 0.554543 0.000000 
50.000000 47.231626 44.481773 41.768591 39.109496 36.520834 34.017582 31.613089 29.318870 27.144457 25.097304 23.182754 21.404064 19.762470 18.257314 16.886194 15.645148 14.528865 13.530895 12.643873 11.859731 11.169899 10.565497 10.037492 9.576842 9.174612 8.822060 8.510708 8.232384 7.979246 7.743800 7.518903 7.297760 7.073926 6.841321 6.594242 6.327411 6.036029 5.715858 5.363334 4.975683 4.551070 4.088738 3.589142 3.054050 2.486594 1.891253 1.273744 0.640824 0.000000 
50.000000 47.300261 44.618583 41.972666 39.379493 36.855004 34.413803 32.068908 29.831546 27.711010 25.714565 23.847418 22.112739 20.511726 19.043727 17.706385 16.495821 15.406833 14.433103 13.567414 12.801851 12.128003 11.537138 11.020360 10.568744 10.173443 9.825774 9.517271 9.239733 8.985234 8.746137 8.515091 8.285025 8.049148 7.800954 7.534254 7.243212 6.922424 6.567023 6.172808 5.736420 5.255527 4.729030 4.157262 3.542148 2.887313 2.198094 1.481432 0.745632 0.000000 
50.000000 47.379590 44.776710 42.208538 39.691559 37.241243 34.871764 32.595754 30.424111 28.365849 26.428019 24.615669 22.931869 21.377774 19.952739 18.654463 17.479164 16.421767 15.476112 14.635152 13.891159 13.235906 12.660841 12.157234 11.716303 11.329315 10.987662 10.682912 10.406837 10.151430 9.908903 9.671674 9.432362 9.183773 8.918912 8.630999 8.313525 7.960336 7.565756 7.124762 6.633194 6.088014 5.487587 4.831968 4.123163 3.365310 2.564750 1.729934 0.871142 0.000000 
50.000000 47.469835 44.956596 42.476869 40.046569 37.680633 35.392746 33.195104 31.098226 29.110814 27.239671 25.489667 23.863759 22.363055 20.986919 19.733117 18.597975 17.576569 16.662920 15.850182 15.130843 14.496893 13.939992 13.451608 13.023135 12.645983 12.311643 12.011736 11.738027 11.482434 11.237013 10.993941 10.745496 10.484035 10.201997 9.891918 9.546484 9.158622 8.721645 8.229462 7.676842 7.059752 6.375737 5.624337 4.807469 3.929753 2.998673 2.024524 1.020085 0.000000 
50.000000 47.571171 45.158589 42.778176 40.445208 38.174023 35.977758 33.868116 31.855195 29.947345 28.151092 26.471107 24.910221 23.469488 22.148289 20.944460 19.854457 18.873529 17.995899 17.214959 16.523440 15.913587 15.377309 14.906308 14.492187 14.126534 13.800973 13.507205 13.237012 12.982253 12.734837 12.486696 12.229745 11.955857 11.656838 11.324442 10.950410 10.526568 10.044979 9.498187 8.879543 8.183627 7.406765 6.547597 5.607672 4.591956 3.509174 2.371846 1.195928 0.000000 
50.000000 47.683703 45.382900 43.112774 40.887892 38.721929 36.627409 34.615495 32.695811 30.876319 29.163240 27.561022 26.072358 24.698246 23.438082 22.289788 21.249966 20.314057 19.476521 18.731013 18.070546 17.487657 16.974542 16.523179 16.125420 15.773070 15.457928 15.171808 14.906545 14.653964 14.405851 14.153902 13.889667 13.604506 13.289542 12.935658 12.533515 12.073636 11.546567 10.943136 10.254837 9.474350 8.596209 7.617591 6.539184 5.366003 4.108021 2.780399 1.403133 0.000000 
50.000000 47.807449 45.629563 43.480714 41.374691 39.324435 37.341802 35.437356 33.620205 31.897884 30.276276 28.759587 27.350361 26.049532 24.856519 23.769340 22.784758 21.898434 21.105091 20.398681 19.772539 19.219530 18.732183 18.302792 17.923509 17.586399 17.283482 17.006735 16.748085 16.499371 16.252288 15.998326 15.728688 15.434217 15.105325 14.731953 14.303556 13.809161 13.237506 12.577299 11.817642 10.948646 9.962269 8.853385 7.621024 6.269662 4.810335 3.261254 1.647565 0.000000 
50.000000 47.942319 45.898401 43.881733 41.905254 39.981109 38.120424 36.333111 34.627716 33.011308 31.489404 30.065948 28.743321 27.522391 26.402602 25.382080 24.457769 23.625573 22.880509 22.216861 21.628322 21.108133 20.649196 20.244172 19.885561 19.565745 19.277015 19.011570 18.761485 18.518670 18.274789 18.021174 17.748726 17.447799 17.108101 16.718593 16.267435 15.741983 15.128874 14.414259 13.584219 12.625453 11.526291 10.278079 8.876929 7.325706 5.635939 3.829181 1.937137 0.000000 
50.000000 48.088103 46.188994 44.315202 42.478751 40.690924 38.962057 37.301359 35.716769 34.214852 32.800732 31.478068 30.249067 29.114530 28.073928 27.125508 26.266413 25.492816 24.800059 24.182792 23.635108 23.150664 22.722786 22.344555 22.008872 21.708493 21.436046 21.184014 20.944698 20.710149 20.472077 20.221740 19.949812 19.646232 19.300051 18.899274 18.430731 17.879983 17.231316 16.467879 15.572043 14.526081 13.313315 11.919838 10.336890 8.563841 6.611413 4.504420 2.282844 0.000000 
50.000000 48.244455 46.500652 44.780095 43.093824 41.452199 39.864708 38.339807 36.884784 35.505666 34.207154 32.992605 31.864039 30.822185 29.866550 28.995512 28.206433 27.495777 26.859242 26.291883 25.788232 25.342407 24.948210 24.599192 24.288715 24.009975 23.756006 23.519654 23.293525 23.069909 22.840663 22.597082 22.329731 22.028255 21.681165 21.275608 20.797138 20.229497 19.554459 18.751800 17.799481 16.674214 15.352601 13.813116 12.039187 10.023498 7.773273 5.315555 2.700508 0.000000 
50.000000 48.410887 46.832402 45.274959 43.748550 42.262552 40.825554 39.445209 38.128112 36.879716 35.704276 34.604827 33.583192 32.640026 31.774875 30.986260 30.271781 29.628220 29.051659 28.537592 28.081033 27.676607 27.318639 27.001209 26.718202 26.463321 26.230080 26.011776 25.801420 25.591647 25.374591 25.141728 24.883676 24.589966 24.248766 23.846563 23.367816 22.794575 22.106118 21.278641 20.285132 19.095596 17.677946 15.999979 14.033033 11.757863 9.172957 6.304342 3.213821 0.000000 
50.000000 48.586762 47.182975 45.797901 44.440425 43.118886 41.840922 40.613337 39.441997 38.331749 37.286374 36.308570 35.399954 34.561104 33.791609 33.090146 32.454570 31.882003 31.368944 30.911360 30.504783 30.144393 29.825087 29.541531 29.288194 29.059356 28.849098 28.651255 28.459352 28.266497 28.065251 27.847443 27.603957 27.324454 26.997041 26.607867 26.140640 25.576067 24.891207 24.058797 23.046617 21.817083 20.327444 18.531195 16.381724 13.839582 10.884753 7.534062 3.859979 0.000000 
50.000000 48.771295 47.550808 46.346589 45.166364 44.017382 42.906283 41.838984 40.820581 39.855289 38.946394 38.096237 37.306224 36.576852 35.907760 35.297790 34.745068 34.247081 33.800770 33.402608 33.048685 32.734777 32.456402 32.208867 31.987287 31.786592 31.601508 31.426511 31.255751 31.082950 30.901258 30.703068 30.479775 30.221479 29.916601 29.551405 29.109387 28.570524 27.910325 27.098688 26.098579 24.864641 23.342056 21.466381 19.165816 16.368468 13.018448 9.104615 4.700778 0.000000 
50.000000 48.963561 47.934052 46.918267 45.922720 44.953526 44.016287 43.115991 42.256939 41.442683 40.675995 39.958848 39.292425 38.677143 38.112694 37.598096 37.131761 36.711563 36.334907 35.998804 35.699938 35.434719 35.199333 34.989777 34.801875 34.631275 34.473430 34.323551 34.176533 34.026854 33.868435 33.694449 33.497089 33.267250 32.994122 32.664662 32.262896 31.768991 31.158033 30.398397 29.449623 28.259719 26.761972 24.871754 22.484830 19.480802 15.739198 11.180743 5.846328 0.000000 
50.000000 49.162498 48.330596 47.509782 46.705322 45.922157 45.164811 44.437317 43.743149 43.085176 42.465637 41.886127 41.347599 40.850389 40.394243 39.978368 39.601473 39.261835 38.957351 38.685594 38.443870 38.229261 38.038663 37.868810 37.716288 37.577527 37.448784 37.326097 37.205221 37.081529 36.949889 36.804489 36.638610 36.444327 36.212112 35.930294 35.584329 35.155788 34.620946 33.948771 33.098073 32.013417 30.619394 28.812902 26.453849 23.357261 19.296846 14.046263 7.510527 0.000000 
50.000000 49.366927 48.738087 48.117629 47.509532 46.917532 46.345049 45.795129 45.270400 44.773030 44.304711 43.866647 43.459558 43.083697 42.738871 42.424477 42.139539 41.882748 41.652511 41.446987 41.264131 41.101727 40.957415 40.828706 40.712995 40.607552 40.509504 40.415799 40.323152 40.227963 40.126214 40.013319 39.883937 39.731706 39.548899 39.325928 39.050678 38.707525 38.275925 37.728295 37.026788 36.118266 34.926350 33.338767 31.187481 28.219398 24.061165 18.207993 10.155061 0.000000 
50.000000 49.575569 49.153975 48.738001 48.330314 47.933419 47.549608 47.180925 46.829129 46.495675 46.181696 45.888001 45.615070 45.363073 45.131881 44.921086 44.730035 44.557847 44.403451 44.265612 44.142954 44.033986 43.937117 43.850672 43.772890 43.701926 43.635831 43.572532 43.509787 43.445131 43.375800 43.298621 43.209879 43.105115 42.978871 42.824315 42.632714 42.392658 42.088894 41.700510 41.198025 40.538547 39.657392 38.452991 36.758673 34.288441 30.533077 24.577959 14.905976 0.000000 
50.000000 49.787064 49.575552 49.366859 49.162323 48.963202 48.770645 48.585677 48.409182 48.241888 48.084365 47.937018 47.800087 47.673659 47.557667 47.451907 47.356051 47.269656 47.192185 47.123017 47.061459 47.006763 46.958129 46.914712 46.875626 46.839940 46.806670 46.774766 46.743093 46.710397 46.675269 46.636088 46.590944 46.537543 46.473054 46.393921 46.295561 46.171939 46.014900 45.813111 45.550301 45.202206 44.730929 44.073833 43.119843 41.653967 39.213313 34.670534 24.893764 0.000000 
50.000000 50.000000 50.000000 50.000000 50.000000 50.000000 50.000000 50.000000 50.000000 50.000000 50.000000 50.000000 50.000000 50.000000 50.000000 50.000000 50.000000 50.000000 50.000000 50.000000 50.000000 50.000000 50.000000 50.000000 50.000000 50.000000 50.000000 50.000000 50.000000 50.000000 50.000000 50.000000 50.000000 50.000000 50.000000 50.000000 50.000000 50.000000 50.000000 50.000000 50.000000 50.000000 50.000000 50.000000 50.000000 50.000000 50.000000 50.000000 50.000000 50.000000 
