50.000000 50.000000 50.000000 50.000000 50.000000 50.000000 50.000000 50.000000 50.000000 50.000000 50.000000 50.000000 50.000000 50.000000 50.000000 50.000000 50.000000 50.000000 50.000000 50.000000 50.000000 50.000000 50.000000 50.000000 50.000000 50.000000 50.000000 50.000000 50.000000 50.000000 50.000000 50.000000 50.000000 50.000000 50.000000 50.000000 50.000000 50.000000 50.000000 50.000000 50.000000 50.000000 50.000000 50.000000 50.000000 50.000000 50.000000 50.000000 50.000000 50.000000 
50.000000 49.749226 49.500428 49.255533 49.016379 48.784670 48.561939 48.349523 48.148535 47.959852 47.784107 47.621693 47.472763 47.337255 47.214903 47.105262 47.007737 46.921605 46.846044 46.780159 46.722999 46.673581 46.630904 46.593952 46.561708 46.533143 46.507210 46.482830 46.458865 46.434087 46.407131 46.376434 46.340159 46.296085 46.241460 46.172801 46.085592 45.973855 45.829478 45.641154 45.392622 45.059610 44.604193 43.963687 43.026951 41.578911 39.156579 34.632498 24.874681 0.000000 
50.000000 49.500435 49.004804 48.516950 48.040532 47.578945 47.135244 46.712091 46.311703 45.935829 45.585730 45.262185 44.965506 44.695563 44.451829 44.233419 44.039147 43.867574 43.717065 43.585835 43.471994 43.373587 43.288620 43.215080 43.150942 43.094167 43.042683 42.994354 42.946938 42.898018 42.844915 42.784577 42.713427 42.627158 42.520464 42.386661 42.217148 42.000628 41.721933 41.360205 40.885984 40.256360 39.406593 38.235023 36.574851 34.139916 30.420808 24.502690 14.868213 0.000000 
50.000000 49.255561 48.516985 47.789998 47.080052 46.392206 45.731015 45.100444 44.503798 43.943682 43.421976 42.939841 42.497741 42.095486 41.732289 41.406834 41.117353 40.861705 40.637456 40.441948 40.272373 40.125821 39.999332 39.889916 39.794573 39.710284 39.633992 39.562555 39.492683 39.420848 39.343159 39.255208 39.151860 39.026977 38.873058 38.680736 38.438090 38.129664 37.735042 37.226723 36.566889 35.702377 34.556730 33.017539 30.916578 28.000515 23.895715 18.097070 10.099411 0.000000 
50.000000 49.016450 48.040647 47.080155 46.142178 45.233399 44.359838 43.526731 42.738447 41.998427 41.309155 40.672166 40.088074 39.556629 39.076791 38.646825 38.264397 37.926683 37.630469 37.372253 37.148332 36.954875 36.787984 36.643733 36.518186 36.407393 36.307365 36.214023 36.123114 36.030104 35.930029 35.817308 35.685493 35.526953 35.332459 35.090626 34.787169 34.403880 33.917202 33.296211 32.499759 31.472381 30.138566 28.395035 26.101454 23.072539 19.081633 13.901979 7.438139 0.000000 
50.000000 48.784817 47.579206 46.392512 45.233635 44.110834 43.031544 42.002237 41.028310 40.114014 39.262421 38.475426 37.753790 37.097204 36.504387 35.973198 35.500757 35.083579 34.717703 34.398811 34.122341 33.883579 33.677733 33.499983 33.345511 33.209495 33.087085 32.973343 32.863158 32.751116 32.631345 32.497302 32.341511 32.155226 31.928004 31.647155 31.297022 30.858044 30.305514 29.607942 28.724922 27.604429 26.179627 24.365681 22.058061 19.135996 15.478572 11.006014 5.758667 0.000000 
50.000000 48.562211 47.135747 45.731666 44.360499 43.032015 41.755014 40.537154 39.384820 38.303044 37.295458 36.364309 35.510497 34.733659 34.032282 33.403836 32.844921 32.351421 31.918658 31.541538 31.214682 30.932535 30.689463 30.479807 30.297925 30.138191 29.994971 29.862566 29.735113 29.606461 29.470004 29.318462 29.143620 28.936000 28.684452 28.375652 27.993474 27.518210 26.925615 26.185751 25.261650 24.107920 22.669607 20.882030 18.673051 15.970351 12.717532 8.902878 4.599568 0.000000 
50.000000 48.349985 46.712967 45.101636 43.528078 42.003504 40.538013 39.140394 37.817975 36.576530 35.420231 34.351656 33.371840 32.480370 31.675514 30.954373 30.313051 29.746836 29.250373 28.817832 28.443064 28.119729 27.841400 27.601641 27.394051 27.212275 27.049979 26.900795 26.758232 26.615540 26.465552 26.300471 26.111621 25.889143 25.621631 25.295703 24.895494 24.402074 23.792786 23.040552 22.113234 20.973217 19.577603 17.879623 15.832297 13.395700 10.549253 7.309142 3.747139 0.000000 
50.000000 48.149278 46.313133 44.505800 42.740836 41.030815 39.387065 37.819444 36.336173 34.943729 33.646793 32.448257 31.349286 30.349420 29.446720 28.637941 27.918724 27.283792 26.727157 26.242302 25.822357 25.460250 25.148823 24.880927 24.649470 24.447442 24.267896 24.103895 23.948430 23.794290 23.633911 23.459178 23.261199 23.030035 22.754393 22.421281 22.015634 21.519907 20.913694 20.173403 19.272119 18.179821 16.864268 15.292980 13.436895 11.276261 8.808957 6.060320 3.091400 0.000000 
50.000000 47.960997 45.938055 43.946856 42.002336 40.118351 38.307381 36.580285 34.946124 33.412034 31.983173 30.662731 29.451993 28.350456 27.355990 26.465028 25.672776 24.973437 24.360429 23.826599 23.364412 22.966119 22.623896 22.329941 22.076544 21.856117 21.661181 21.484328 21.318133 21.155052 20.987267 20.806518 20.603899 20.369630 20.092811 19.761157 19.360737 18.875739 18.288286 17.578389 16.724125 15.702184 14.489015 13.062804 11.406563 9.512442 7.387024 5.056624 2.570608 0.000000 
50.000000 47.785818 45.589078 43.426808 41.315228 39.269385 37.302830 35.427360 33.652811 31.986934 30.435334 29.001476 27.686759 26.490641 25.410815 24.443417 23.583252 22.824041 22.158657 21.579361 21.078008 20.646233 20.275603 19.957734 19.684366 19.447404 19.238920 19.051116 18.876256 18.706564 18.534095 18.350581 18.147262 17.914692 17.642550 17.319452 16.932782 16.468581 15.911514 15.244991 14.451511 13.513341 12.413652 11.138244 9.677933 8.031539 6.209122 4.234741 2.147554 0.000000 
50.000000 47.624186 45.267087 42.946975 40.681254 38.486070 36.375965 34.363594 32.459516 30.672048 29.007206 27.468709 26.058063 24.774692 23.616128 22.578232 21.655445 20.841043 20.127406 19.506258 18.968899 18.506409 18.109809 17.770193 17.478818 17.227155 17.006897 16.809937 16.628308 16.454095 16.279324 16.095828 15.895101 15.668149 15.405343 15.096288 14.729737 14.293554 13.774783 13.159858 12.435010 11.586942 10.603839 9.476762 8.201394 6.780042 5.223567 3.552753 1.798463 0.000000 
50.000000 47.476326 44.972532 42.508027 40.101300 37.769501 35.528077 33.390473 31.367905 29.469210 27.700779 26.066567 24.568176 23.205001 21.974426 20.872066 19.892028 19.027190 18.269478 17.610136 17.039966 16.549545 16.129411 15.770198 15.462743 15.198145 14.967785 14.763314 14.576606 14.399681 14.224607 14.043394 13.847865 13.629542 13.379532 13.088450 12.746373 12.342865 11.867094 11.308077 10.655081 9.898235 9.029370 8.043077 6.937966 5.717957 4.393417 2.981788 1.507370 0.000000 
50.000000 47.342263 44.705462 42.110038 39.575462 37.119796 34.759308 32.508158 30.378158 28.378618 26.516268 24.795279 23.217340 21.781820 20.485972 19.325188 18.293275 17.382753 16.585144 15.891258 15.291453 14.775862 14.334595 13.957884 13.636205 13.360342 13.121424 12.910917 12.720590 12.542455 12.368679 12.191491 12.003085 11.795521 11.560644 11.290036 10.975004 10.606634 10.175925 9.674034 9.092638 8.424456 7.663904 6.807896 5.856706 4.814806 3.691509 2.501215 1.263082 0.000000 
50.000000 47.221844 44.465573 41.752554 39.103142 36.536215 34.068782 31.715643 29.489148 27.399028 25.452324 23.653395 22.004013 20.503522 19.149061 17.935821 16.857345 15.905830 15.072441 14.347605 13.721284 13.183224 12.723158 12.330972 11.996831 11.711259 11.465180 11.249925 11.057203 10.879055 10.707781 10.535858 10.355860 10.160378 9.941961 9.693083 9.406155 9.073581 8.687903 8.242011 7.729459 7.144884 6.484512 5.746736 4.932710 4.046873 3.097306 2.095786 1.057448 0.000000 
50.000000 47.114768 44.252264 41.434681 38.683157 36.017298 33.454770 31.010944 28.698648 26.527988 24.506279 22.638051 20.925150 19.366899 17.960333 16.700470 15.580617 14.592689 13.727536 12.975246 12.325440 11.767521 11.290899 10.885162 10.540214 10.246361 9.994366 9.775462 9.581332 9.404075 9.236138 9.070256 8.899374 8.716584 8.515084 8.288147 8.029143 7.731601 7.389328 6.996596 6.548398 6.040776 5.471196 4.838968 4.145639 3.395322 2.594880 1.753888 0.884330 0.000000 
50.000000 47.020616 44.064702 41.155176 38.313864 35.561016 32.914871 30.391306 28.003566 25.762090 23.674432 21.745275 19.976527 18.367497 16.915128 15.614287 14.458075 13.438162 12.545122 11.768752 11.098372 10.523095 10.032051 9.614577 9.260355 8.959517 8.702697 8.481060 8.286288 8.110551 7.946454 7.786978 7.625417 7.455326 7.270477 7.064843 6.832614 6.568251 6.266589 5.922984 5.533519 5.095249 4.606482 4.067068 3.478660 2.844920 2.171593 1.466441 0.738973 0.000000 
50.000000 46.938885 43.901886 40.912547 37.993294 35.164933 32.446205 29.853421 27.400192 25.097245 22.952343 20.970300 19.153079 17.499976 16.007859 14.671460 13.483706 12.436056 11.518844 10.721619 10.033445 9.443186 8.939735 8.512218 8.150134 7.843473 7.582770 7.359145 7.164293 6.990463 6.830414 6.677357 6.524905 6.367020 6.197977 6.012345 5.805001 5.571171 5.306507 5.007207 4.670171 4.293179 3.875096 3.416070 2.917703 2.383170 1.817240 1.226196 0.617609 0.000000 
50.000000 46.869025 43.762716 40.705156 37.719283 34.826377 32.045607 29.393659 26.884453 24.528964 22.335134 20.307888 18.449240 16.758471 15.232386 13.865607 12.650908 11.579569 10.641727 9.826714 9.123383 8.520386 8.006420 7.570433 7.201779 6.890330 6.626548 6.401523 6.206974 6.035228 5.879187 5.732270 5.588370 5.441803 5.287269 5.119840 4.934955 4.728452 4.496632 4.236336 3.945069 3.621125 3.263729 2.873178 2.450940 1.999726 1.523479 1.027287 0.517208 0.000000 
50.000000 46.810468 43.646062 40.531318 37.489602 34.542593 31.709819 29.008279 26.452154 24.052625 21.817784 19.752652 17.859281 16.136946 14.582396 13.190159 11.952888 10.861710 9.906597 9.076705 8.360709 7.747086 7.224375 6.781378 6.407329 6.092009 5.825827 5.599853 5.405834 5.236172 5.083893 4.942601 4.806427 4.669984 4.528328 4.376938 4.211706 4.028959 3.825496 3.598647 3.346359 3.067285 2.760882 2.427499 2.068443 1.686009 1.283458 0.864931 0.435309 0.000000 
50.000000 46.762660 43.550823 40.389392 37.302085 34.310906 31.435676 28.693647 26.099217 23.663734 21.395412 19.299350 17.377634 15.629530 14.051745 12.638732 11.383041 10.275679 9.306481 8.464464 7.738156 7.115897 6.586094 6.137437 5.759065 5.440689 5.172675 4.946086 4.752695 4.584970 4.436047 4.299680 4.170198 4.042458 3.911802 3.774034 3.625403 3.462611 3.282837 3.083776 2.863694 2.621490 2.356763 2.069867 1.761946 1.434944 1.091573 0.735239 0.369919 0.000000 
50.000000 46.725093 43.475987 40.277871 37.154741 34.128854 31.220262 28.446420 25.821891 23.358157 21.063528 18.943163 16.999176 15.230827 13.634788 12.205454 10.935295 9.815224 8.834971 7.983440 7.249049 6.620029 6.084687 5.631625 5.249909 4.929199 4.659831 4.432863 4.240094 4.074046 3.927943 3.795661 3.671687 3.551065 3.429362 3.302630 3.167390 3.020626 2.859796 2.682859 2.488306 2.275204 2.043237 1.792735 1.524701 1.240796 0.943309 0.635090 0.319444 0.000000 
50.000000 46.697331 43.420681 40.195454 37.045848 33.994312 31.061065 28.263712 25.616940 23.132327 20.818257 18.679933 16.719487 14.936178 13.326651 11.885258 10.604410 9.474952 8.486535 7.627982 6.887629 6.253627 5.714211 5.257918 4.873764 4.551369 4.281050 4.053865 3.861629 3.696911 3.552999 3.423861 3.304099 3.188899 3.073988 2.955601 2.830452 2.695726 2.549079 2.388650 2.213084 2.021555 1.813794 1.590108 1.351380 1.099063 0.835138 0.562056 0.282645 0.000000 
50.000000 46.679024 43.384212 40.141108 36.974045 33.905595 30.956091 28.143235 25.481795 22.983415 20.656526 18.506359 16.535062 14.741889 13.123468 11.674125 10.386231 9.250585 8.256788 7.393610 6.649331 6.012052 5.469958 5.011547 4.625800 4.302313 4.031391 3.804091 3.612244 3.448445 3.306028 3.179022 3.062105 2.950555 2.840207 2.727410 2.609006 2.482307 2.345095 2.195623 2.032629 1.855353 1.663551 1.457505 1.238021 1.006410 0.764455 0.514348 0.258611 0.000000 
50.000000 46.669933 43.366101 40.114118 36.938385 33.861535 30.903957 28.083402 25.414678 22.909461 20.576205 18.420158 16.443471 14.645399 13.022562 11.569271 10.277878 9.139160 8.142692 7.277217 6.530991 5.892086 5.348666 4.889206 4.502672 4.178650 3.907435 3.680087 3.488443 3.325114 3.183455 3.057525 2.942041 2.832327 2.724268 2.614274 2.499246 2.376560 2.244058 2.100048 1.943314 1.773124 1.589246 1.391948 1.181996 0.960633 0.729541 0.490787 0.246743 0.000000 
50.000000 46.669933 43.366101 40.114118 36.938385 33.861535 30.903957 28.083402 25.414678 22.909461 20.576205 18.420158 16.443471 14.645399 13.022562 11.569271 10.277878 9.139160 8.142692 7.277217 6.530991 5.892086 5.348666 4.889206 4.502672 4.178650 3.907435 3.680087 3.488443 3.325114 3.183455 3.057525 2.942041 2.832327 2.724268 2.614274 2.499246 2.376560 2.244058 2.100048 1.943314 1.773124 1.589246 1.391948 1.181996 0.960633 0.729541 0.490787 0.246743 0.000000 
50.000000 46.679024 43.384212 40.141108 36.974045 33.905595 30.956091 28.143235 25.481795 22.983415 20.656526 18.506359 16.535062 14.741889 13.123468 11.674125 10.386231 9.250585 8.256788 7.393610 6.649331 6.012052 5.469958 5.011547 4.625800 4.302313 4.031391 3.804091 3.612244 3.448445 3.306028 3.179022 3.062105 2.950555 2.840207 2.727410 2.609006 2.482307 2.345095 2.195623 2.032629 1.855353 1.663551 1.457505 1.238021 1.006410 0.764455 0.514348 0.258611 0.000000 
50.000000 46.697331 43.420681 40.195454 37.045848 33.994312 31.061065 28.263712 25.616940 23.132327 20.818257 18.679933 16.719487 14.936178 13.326651 11.885258 10.604410 9.474952 8.486535 7.627982 6.887629 6.253627 5.714211 5.257918 4.873764 4.551369 4.281050 4.053865 3.861629 3.696911 3.552999 3.423861 3.304099 3.188899 3.073988 2.955601 2.830452 2.695726 2.549079 2.388650 2.213084 2.021555 1.813794 1.590108 1.351380 1.099063 0.835138 0.562056 0.282645 0.000000 
50.000000 46.725093 43.475987 40.277871 37.154741 34.128854 31.220262 28.446420 25.821891 23.358157 21.063528 18.943163 16.999176 15.230827 13.634788 12.205454 10.935295 9.815224 8.834971 7.983440 7.249049 6.620029 6.084687 5.631625 5.249909 4.929199 4.659831 4.432863 4.240094 4.074046 3.927943 3.795661 3.671687 3.551065 3.429362 3.302630 3.167390 3.020626 2.859796 2.682859 2.488306 2.275204 2.043237 1.792735 1.524701 1.240796 0.943309 0.635090 0.319444 0.000000 
50.000000 46.762660 43.550823 40.389392 37.302085 34.310906 31.435676 28.693647 26.099217 23.663734 21.395412 19.299350 17.377634 15.629530 14.051745 12.638732 11.383041 10.275679 9.306481 8.464464 7.738156 7.115897 6.586094 6.137437 5.759065 5.440689 5.172675 4.946086 4.752695 4.584970 4.436047 4.299680 4.170198 4.042458 3.911802 3.774034 3.625403 3.462611 3.282837 3.083776 2.863694 2.621490 2.356763 2.069867 1.761946 1.434944 1.091573 0.735239 0.369919 0.000000 
50.000000 46.810468 43.646062 40.531318 37.489602 34.542593 31.709819 29.008279 26.452154 24.052625 21.817784 19.752652 17.859281 16.136946 14.582396 13.190159 11.952888 10.861710 9.906597 9.076705 8.360709 7.747086 7.224375 6.781378 6.407329 6.092009 5.825827 5.599853 5.405834 5.236172 5.083893 4.942601 4.806427 4.669984 4.528328 4.376938 4.211706 4.028959 3.825496 3.598647 3.346359 3.067285 2.760882 2.427499 2.068443 1.686009 1.283458 0.864931 0.435309 0.000000 
50.000000 46.869025 43.762716 40.705156 37.719283 34.826377 32.045607 29.393659 26.884453 24.528964 22.335134 20.307888 18.449240 16.758471 15.232386 13.865607 12.650908 11.579569 10.641727 9.826714 9.123383 8.520386 8.006420 7.570433 7.201779 6.890330 6.626548 6.401523 6.206974 6.035228 5.879187 5.732270 5.588370 5.441803 5.287269 5.119840 4.934955 4.728452 4.496632 4.236336 3.945069 3.621125 3.263729 2.873178 2.450940 1.999726 1.523479 1.027287 0.517208 0.000000 
50.000000 46.938885 43.901886 40.912547 37.993294 35.164933 32.446205 29.853421 27.400192 25.097245 22.952343 20.970300 19.153079 17.499976 16.007859 14.671460 13.483706 12.436056 11.518844 10.721619 10.033445 9.443186 8.939735 8.512218 8.150134 7.843473 7.582770 7.359145 7.164293 6.990463 6.830414 6.677357 6.524905 6.367020 6.197977 6.012345 5.805001 5.571171 5.306507 5.007207 4.670171 4.293179 3.875096 3.416070 2.917703 2.383170 1.817240 1.226196 0.617609 0.000000 
50.000000 47.020616 44.064702 41.155176 38.313864 35.561016 32.914871 30.391306 28.003566 25.762090 23.674432 21.745275 19.976527 18.367497 16.915128 15.614287 14.458075 13.438162 12.545122 11.768752 11.098372 10.523095 10.032051 9.614577 9.260355 8.959517 8.702697 8.481060 8.286288 8.110551 7.946454 7.786978 7.625417 7.455326 7.270477 7.064843 6.832614 6.568251 6.266589 5.922984 5.533519 5.095249 4.606482 4.067068 3.478660 2.844920 2.171593 1.466441 0.738973 0.000000 
50.000000 47.114768 44.252264 41.434681 38.683157 36.017298 33.454770 31.010944 28.698648 26.527988 24.506279 22.638051 20.925150 19.366899 17.960333 16.700470 15.580617 14.592689 13.727536 12.975246 12.325440 11.767521 11.290899 10.885162 10.540214 10.246361 9.994366 9.775462 9.581332 9.404075 9.236138 9.070256 8.899374 8.716584 8.515084 8.288147 8.029143 7.731601 7.389328 6.996596 6.548398 6.040776 5.471196 4.838968 4.145639 3.395322 2.594880 1.753888 0.884330 0.000000 
50.000000 47.221844 44.465573 41.752554 39.103142 36.536215 34.068782 31.715643 29.489148 27.399028 25.452324 23.653395 22.004013 20.503522 19.149061 17.935821 16.857345 15.905830 15.072441 14.347605 13.721284 13.183224 12.723158 12.330972 11.996831 11.711259 11.465180 11.249925 11.057203 10.879055 10.707781 10.535858 10.355860 10.160378 9.941961 9.693083 9.406155 9.073581 8.687903 8.242011 7.729459 7.144884 6.484512 5.746736 4.932710 4.046873 3.097306 2.095786 1.057448 0.000000 
50.000000 47.342263 44.705462 42.110038 39.575462 37.119796 34.759308 32.508158 30.378158 28.378618 26.516268 24.795279 23.217340 21.781820 20.485972 19.325188 18.293275 17.382753 16.585144 15.891258 15.291453 14.775862 14.334595 13.957884 13.636205 13.360342 13.121424 12.910917 12.720590 12.542455 12.368679 12.191491 12.003085 11.795521 11.560644 11.290036 10.975004 10.606634 10.175925 9.674034 9.092638 8.424456 7.663904 6.807896 5.856706 4.814806 3.691509 2.501215 1.263082 0.000000 
50.000000 47.476326 44.972532 42.508027 40.101300 37.769501 35.528077 33.390473 31.367905 29.469210 27.700779 26.066567 24.568176 23.205001 21.974426 20.872066 19.892028 19.027190 18.269478 17.610136 17.039966 16.549545 16.129411 15.770198 15.462743 15.198145 14.967785 14.763314 14.576606 14.399681 14.224607 14.043394 13.847865 13.629542 13.379532 13.088450 12.746373 12.342865 11.867094 11.308077 10.655081 9.898235 9.029370 8.043077 6.937966 5.717957 4.393417 2.981788 1.507370 0.000000 
50.000000 47.624186 45.267087 42.946975 40.681254 38.486070 36.375965 34.363594 32.459516 30.672048 29.007206 27.468709 26.058063 24.774692 23.616128 22.578232 21.655445 20.841043 20.127406 19.506258 18.968899 18.506409 18.109809 17.770193 17.478818 17.227155 17.006897 16.809937 16.628308 16.454095 16.279324 16.095828 15.895101 15.668149 15.405343 15.096288 14.729737 14.293554 13.774783 13.159858 12.435010 11.586942 10.603839 9.476762 8.201394 6.780042 5.223567 3.552753 1.798463 0.000000 
50.000000 47.785818 45.589078 43.426808 41.315228 39.269385 37.302830 35.427360 33.652811 31.986934 30.435334 29.001476 27.686759 26.490641 25.410815 24.443417 23.583252 22.824041 22.158657 21.579361 21.078008 20.646233 20.275603 19.957734 19.684366 19.447404 19.238920 19.051116 18.876256 18.706564 18.534095 18.350581 18.147262 17.914692 17.642550 17.319452 16.932782 16.468581 15.911514 15.244991 14.451511 13.513341 12.413652 11.138244 9.677933 8.031539 6.209122 4.234741 2.147554 0.000000 
50.000000 47.960997 45.938055 43.946856 42.002336 40.118351 38.307381 36.580285 34.946124 33.412034 31.983173 30.662731 29.451993 28.350456 27.355990 26.465028 25.672776 24.973437 24.360429 23.826599 23.364412 22.966119 22.623896 22.329941 22.076544 21.856117 21.661181 21.484328 21.318133 21.155052 20.987267 20.806518 20.603899 20.369630 20.092811 19.761157 19.360737 18.875739 18.288286 17.578389 16.724125 15.702184 14.489015 13.062804 11.406563 9.512442 7.387024 5.056624 2.570608 0.000000 
50.000000 48.149278 46.313133 44.505800 42.740836 41.030815 39.387065 37.819444 36.336173 34.943729 33.646793 32.448257 31.349286 30.349420 29.446720 28.637941 27.918724 27.283792 26.727157 26.242302 25.822357 25.460250 25.148823 24.880927 24.649470 24.447442 24.267896 24.103895 23.948430 23.794290 23.633911 23.459178 23.261199 23.030035 22.754393 22.421281 22.015634 21.519907 20.913694 20.173403 19.272119 18.179821 16.864268 15.292980 13.436895 11.276261 8.808957 6.060320 3.091400 0.000000 
50.000000 48.349985 46.712967 45.101636 43.528078 42.003504 40.538013 39.140394 37.817975 36.576530 35.420231 34.351656 33.371840 32.480370 31.675514 30.954373 30.313051 29.746836 29.250373 28.817832 28.443064 28.119729 27.841400 27.601641 27.394051 27.212275 27.049979 26.900795 26.758232 26.615540 26.465552 26.300471 26.111621 25.889143 25.621631 25.295703 24.895494 24.402074 23.792786 23.040552 22.113234 20.973217 19.577603 17.879623 15.832297 13.395700 10.549253 7.309142 3.747139 0.000000 
50.000000 48.562211 47.135747 45.731666 44.360499 43.032015 41.755014 40.537154 39.384820 38.303044 37.295458 36.364309 35.510497 34.733659 34.032282 33.403836 32.844921 32.351421 31.918658 31.541538 31.214682 30.932535 30.689463 30.479807 30.297925 30.138191 29.994971 29.862566 29.735113 29.606461 29.470004 29.318462 29.143620 28.936000 28.684452 28.375652 27.993474 27.518210 26.925615 26.185751 25.261650 24.107920 22.669607 20.882030 18.673051 15.970351 12.717532 8.902878 4.599568 0.000000 
50.000000 48.784817 47.579206 46.392512 45.233635 44.110834 43.031544 42.002237 41.028310 40.114014 39.262421 38.475426 37.753790 37.097204 36.504387 35.973198 35.500757 35.083579 34.717703 34.398811 34.122341 33.883579 33.677733 33.499983 33.345511 33.209495 33.087085 32.973343 32.863158 32.751116 32.631345 32.497302 32.341511 32.155226 31.928004 31.647155 31.297022 30.858044 30.305514 29.607942 28.724922 27.604429 26.179627 24.365681 22.058061 19.135996 15.478572 11.006014 5.758667 0.000000 
50.000000 49.016450 48.040647 47.080155 46.142178 45.233399 44.359838 43.526731 42.738447 41.998427 41.309155 40.672166 40.088074 39.556629 39.076791 38.646825 38.264397 37.926683 37.630469 37.372253 37.148332 36.954875 36.787984 36.643733 36.518186 36.407393 36.307365 36.214023 36.123114 36.030104 35.930029 35.817308 35.685493 35.526953 35.332459 35.090626 34.787169 34.403880 33.917202 33.296211 32.499759 31.472381 30.138566 28.395035 26.101454 23.072539 19.081633 13.901979 7.438139 0.000000 
50.000000 49.255561 48.516985 47.789998 47.080052 46.392206 45.731015 45.100444 44.503798 43.943682 43.421976 42.939841 42.497741 42.095486 41.732289 41.406834 41.117353 40.861705 40.637456 40.441948 40.272373 40.125821 39.999332 39.889916 39.794573 39.710284 39.633992 39.562555 39.492683 39.420848 39.343159 39.255208 39.151860 39.026977 38.873058 38.680736 38.438090 38.129664 37.735042 37.226723 36.566889 35.702377 34.556730 33.017539 30.916578 28.000515 23.895715 18.097070 10.099411 0.000000 
50.000000 49.500435 49.004804 48.516950 48.040532 47.578945 47.135244 46.712091 46.311703 45.935829 45.585730 45.262185 44.965506 44.695563 44.451829 44.233419 44.039147 43.867574 43.717065 43.585835 43.471994 43.373587 43.288620 43.215080 43.150942 43.094167 43.042683 42.994354 42.946938 42.898018 42.844915 42.784577 42.713427 42.627158 42.520464 42.386661 42.217148 42.000628 41.721933 41.360205 40.885984 40.256360 39.406593 38.235023 36.574851 34.139916 30.420808 24.502690 14.868213 0.000000 
50.000000 49.749226 49.500428 49.255533 49.016379 48.784670 48.561939 48.349523 48.148535 47.959852 47.784107 47.621693 47.472763 47.337255 47.214903 47.105262 47.007737 46.921605 46.846044 46.780159 46.722999 46.673581 46.630904 46.593952 46.561708 46.533143 46.507210 46.482830 46.458865 46.434087 46.407131 46.376434 46.340159 46.296085 46.241460 46.172801 46.085592 45.973855 45.829478 45.641154 45.392622 45.059610 44.604193 43.963687 43.026951 41.578911 39.156579 34.632498 24.874681 0.000000 
50.000000 50.000000 50.000000 50.000000 50.000000 50.000000 50.000000 50.000000 50.000000 50.000000 50.000000 50.000000 50.000000 50.000000 50.000000 50.000000 50.000000 50.000000 50.000000 50.000000 50.000000 50.000000 50.000000 50.000000 50.000000 50.000000 50.000000 50.000000 50.000000 50.000000 50.000000 50.000000 50.000000 50.000000 50.000000 50.000000 50.000000 50.000000 50.000000 50.000000 50.000000 50.000000 50.000000 50.000000 50.000000 50.000000 50.000000 50.000000 50.000000 50.000000 
