50.000000 50.000000 50.000000 50.000000 50.000000 50.000000 50.000000 50.000000 50.000000 50.000000 50.000000 50.000000 50.000000 50.000000 50.000000 50.000000 50.000000 50.000000 50.000000 50.000000 50.000000 50.000000 50.000000 50.000000 50.000000 50.000000 50.000000 50.000000 50.000000 50.000000 50.000000 50.000000 50.000000 50.000000 50.000000 50.000000 50.000000 50.000000 50.000000 50.000000 50.000000 50.000000 50.000000 50.000000 50.000000 50.000000 50.000000 50.000000 50.000000 50.000000 
50.000000 49.724737 49.451854 49.183669 48.922379 48.670007 48.428354 48.198962 47.983088 47.781685 47.595401 47.424580 47.269281 47.129296 47.004184 46.893303 46.795844 46.710869 46.637347 46.574187 46.520261 46.474435 46.435580 46.402585 46.374362 46.349838 46.327951 46.307626 46.287747 46.267127 46.244450 46.218214 46.186647 46.147594 46.098370 46.035550 45.954675 45.849812 45.712885 45.532609 45.292734 44.968982 44.523409 43.893296 42.967456 41.530752 39.120124 34.608032 24.862399 0.000000 
50.000000 49.451857 48.908454 48.374406 47.854089 47.351530 46.870317 46.413520 45.983641 45.582580 45.211625 44.871463 44.562210 44.283455 44.034318 43.813519 43.619450 43.450243 43.303848 43.178088 43.070725 42.979499 42.902167 42.836521 42.780398 42.731673 42.688240 42.647973 42.608675 42.568007 42.523392 42.471896 42.410070 42.333740 42.237730 42.115475 41.958486 41.755554 41.491583 41.145759 40.688643 40.077315 39.246998 38.095962 36.457315 34.044776 30.348790 24.454358 14.843950 0.000000 
50.000000 49.183683 48.374425 47.579098 46.804221 46.055790 45.339148 44.658867 44.018674 43.421399 42.868959 42.362379 41.901829 41.486699 41.115681 40.786868 40.497864 40.245894 40.027902 39.840652 39.680814 39.545029 39.429964 39.332341 39.248954 39.176658 39.112345 39.052884 38.995055 38.935444 38.870312 38.795425 38.705838 38.595610 38.457429 38.282110 38.057893 37.769456 37.396487 36.911553 36.276865 35.439247 34.322186 32.813174 30.743849 27.860700 23.789880 18.026042 10.063754 0.000000 
50.000000 48.922417 47.854151 46.804277 45.781396 44.793427 43.847420 42.949413 42.104325 41.315890 40.586642 39.917932 39.309988 38.762002 38.272248 37.838213 37.456737 37.124156 36.836441 36.589328 36.378426 36.199313 36.047602 35.918986 35.809258 35.714304 35.630066 35.552479 35.477382 35.400390 35.316738 35.221072 35.107195 34.967732 34.793702 34.573958 34.294425 33.937072 33.478476 32.887807 32.123951 31.131430 29.834661 28.130240 25.877652 22.891384 18.944506 13.809950 7.391940 0.000000 
50.000000 48.670088 47.351674 46.055959 44.793558 43.574244 42.406719 41.298434 40.255459 39.282406 38.382400 37.557109 36.806816 36.130524 35.526107 34.990463 34.519696 34.109288 33.754274 33.449398 33.189255 32.968400 32.781442 32.623093 32.488203 32.371745 32.268785 32.174404 32.083600 31.991144 31.891404 31.778116 31.644108 31.480948 31.278498 31.024355 30.703121 30.295449 29.776800 29.115794 28.272074 27.193598 25.813445 24.046629 21.788406 18.917728 15.313354 10.895134 5.703004 0.000000 
50.000000 48.428505 46.870597 45.339511 43.847791 42.406985 41.027376 39.717770 38.485338 37.335531 36.272042 35.296843 34.410268 33.611144 32.896957 32.264048 31.707815 31.222926 30.803524 30.443409 30.136208 29.875510 29.654974 29.468392 29.309730 29.173123 29.052836 28.943190 28.838451 28.732684 28.619560 28.492128 28.342527 28.161643 27.938683 27.660659 27.311743 26.872482 26.318826 25.620966 24.741993 23.636499 22.249434 20.515946 18.363651 15.719916 12.527967 8.775659 4.535703 0.000000 
50.000000 48.199222 46.414014 44.659541 42.950179 41.299159 39.718266 38.217589 36.805348 35.487788 34.269143 33.151673 32.135763 31.220068 30.401714 29.676509 29.039186 28.483645 28.003181 27.590708 27.238942 26.940564 26.688345 26.475222 26.294347 26.139092 26.003006 25.879748 25.762967 25.646157 25.522465 25.384466 25.223883 25.031266 24.795614 24.503922 24.140667 23.687200 23.121089 22.415405 21.538076 20.451473 19.112597 17.474491 15.489903 13.118564 10.339480 7.168363 3.676467 0.000000 
50.000000 47.983512 45.984459 44.019823 42.105702 40.256913 38.486651 36.806215 35.224811 33.749431 32.384818 31.133504 29.995920 28.970565 28.054223 27.242204 26.528619 25.906644 25.368787 24.907128 24.513536 24.179850 23.898017 23.660190 23.458782 23.286477 23.136198 23.001034 22.874133 22.748549 22.617067 22.471979 22.304832 22.106139 21.865052 21.568996 21.203276 20.750665 20.191002 19.500860 18.653405 17.618601 16.364103 14.857232 13.068638 10.978198 8.583347 5.908914 3.015394 0.000000 
50.000000 47.782350 45.583875 43.423251 41.318181 39.284961 37.338103 35.490034 33.750877 32.128324 30.627590 29.251463 28.000419 26.872810 25.865102 24.972144 24.187467 23.503578 22.912251 22.404799 21.972307 21.605837 21.296585 21.035990 20.815800 20.628091 20.465242 20.319869 20.184721 20.052535 19.915872 19.766910 19.597219 19.397505 19.157347 18.864910 18.506667 18.067144 17.528733 16.871626 16.073990 15.112507 13.963519 12.605009 11.019687 9.199317 7.150017 4.897572 2.490764 0.000000 
50.000000 47.596413 45.213609 42.871829 40.590263 38.386571 36.276482 34.273467 32.388499 30.629913 29.003365 27.511876 26.155966 24.933851 23.841705 22.873954 22.023593 21.282513 20.641818 20.092112 19.623767 19.227136 18.892735 18.611358 18.374164 18.172698 17.998876 17.844926 17.703290 17.566496 17.426999 17.276998 17.108235 16.911782 16.677828 16.395463 16.052503 15.635348 15.128951 14.516917 13.781846 12.906003 11.872455 10.666795 9.279535 7.709098 5.965069 4.070963 2.065338 0.000000 
50.000000 47.426085 44.874424 42.366697 39.923449 37.563596 35.303981 33.159029 31.140490 29.257293 27.515495 25.918334 24.466367 23.157690 21.988208 20.951961 20.041456 19.248025 18.562156 17.973816 17.472726 17.048603 16.691348 16.391187 16.138757 15.925143 15.741874 15.580867 15.434341 15.294700 15.154388 15.005725 14.840735 14.650966 14.427319 14.159902 13.837914 13.449602 12.982310 12.422682 11.757059 10.972151 10.056045 8.999595 7.798183 6.453718 4.976582 3.387009 1.715262 0.000000 
50.000000 47.271474 44.566541 41.908179 39.318172 36.816569 34.421227 32.147436 30.007655 28.011349 26.164940 24.471863 22.932710 21.545467 20.305800 19.207395 18.242323 17.401406 16.674582 16.051241 15.520521 15.071570 14.693744 14.376766 14.110819 13.886598 13.695308 13.528623 13.378609 13.237614 13.098143 12.952709 12.793682 12.613146 12.402760 12.153655 11.856373 11.500876 11.076647 10.572920 9.979087 9.285291 8.483270 7.567421 6.536053 5.392697 4.147245 2.816593 1.424445 0.000000 
50.000000 47.132444 44.289683 41.495868 38.773890 36.144822 33.627430 31.237786 28.988982 26.890968 24.950493 23.171169 21.553623 20.095740 18.792972 17.638690 16.624572 15.740988 14.977381 14.322629 13.765351 13.294190 12.898025 12.566136 12.288319 12.054935 11.856927 11.685784 11.533471 11.392336 11.254991 11.114186 10.962674 10.793092 10.597851 10.369063 10.098512 9.777693 9.397931 8.950613 8.427548 7.821479 7.126741 6.340062 5.461428 4.494931 3.449420 2.338764 1.181536 0.000000 
50.000000 47.008643 44.043151 41.128718 38.289225 35.546654 32.920582 30.427774 28.081891 25.893310 23.869075 22.012956 20.325608 18.804831 17.445884 16.241862 15.184091 14.262542 13.466223 12.783556 12.202706 11.711872 11.299516 10.954539 10.666401 10.425189 10.221632 10.047079 9.893441 9.753100 9.618809 9.483574 9.340541 9.182886 9.003733 8.796099 8.552877 8.266894 7.931021 7.538390 7.082697 6.558613 5.962295 5.291961 4.548493 3.735965 2.862013 1.937901 0.978195 0.000000 
50.000000 46.899542 43.825893 40.805165 37.862112 35.019516 32.297670 29.713950 27.282515 25.014124 22.916078 20.992286 19.243431 17.667234 16.258790 15.010946 13.914726 12.959747 12.134635 11.427417 10.825861 10.317781 9.891280 9.534931 9.237914 8.990085 8.782006 8.604924 8.450724 8.311851 8.181212 8.052075 7.917962 7.772561 7.609647 7.423043 7.206611 6.954303 6.660266 6.319022 5.925714 5.476427 4.968574 4.401304 3.775908 3.096155 2.368483 1.601976 0.808076 0.000000 
50.000000 46.804482 43.636594 40.523251 37.489965 34.560217 31.754922 29.091991 26.586016 24.248087 22.085731 20.102977 18.300534 16.676057 15.224493 13.938480 12.808774 11.824689 10.974522 10.245954 9.626414 9.103385 8.664661 8.298542 7.993969 7.740612 7.528898 7.350004 7.195814 7.058846 6.932166 6.809292 6.684102 6.550746 6.403579 6.237126 6.046072 5.825308 5.570012 5.275797 4.938903 4.556444 4.126683 3.649326 3.125792 2.559416 1.955546 1.321478 0.666209 0.000000 
50.000000 46.722712 43.473762 40.280753 37.169849 34.165134 31.288059 28.556991 25.986899 23.589155 21.371483 19.338015 17.489480 15.823476 14.334829 13.015992 11.857497 10.848394 9.976699 9.229802 8.594840 8.059016 7.609863 7.235451 6.924527 6.666606 6.452013 6.271877 6.118093 5.983259 5.860596 5.743854 5.627230 5.505283 5.372872 5.225119 5.057398 4.865365 4.645021 4.392828 4.105848 3.781931 3.419911 3.019810 2.583013 2.112395 1.612350 1.088725 0.548607 0.000000 
50.000000 46.653438 43.335813 40.075311 36.898652 33.830427 30.892539 28.103748 25.479337 23.030922 20.766387 18.689956 16.802376 15.101197 13.581138 12.234502 11.051627 10.021345 9.131433 8.369036 7.721046 7.174432 6.716512 6.335164 6.018975 5.757338 5.540499 5.359555 5.206423 5.073779 4.954986 4.844003 4.735306 4.623805 4.504787 4.373874 4.227001 4.060441 3.870844 3.655319 3.411542 3.137886 2.833559 2.498746 2.134721 1.743915 1.329922 0.897425 0.452027 0.000000 
50.000000 46.595861 43.221157 39.904559 36.673247 33.552235 30.563805 27.727037 25.057480 22.566949 20.263466 18.151329 16.231298 14.500886 12.954724 11.584989 10.381860 9.333986 8.428949 7.653690 6.994901 6.439358 5.974203 5.587157 5.266680 5.002069 4.783508 4.602076 4.449715 4.319174 4.203940 4.098155 3.996530 3.894273 3.787024 3.670809 3.542018 3.397410 3.234136 3.049798 2.842520 2.611043 2.354819 2.074102 1.770022 1.444616 1.100822 0.742401 0.373809 0.000000 
50.000000 46.549218 43.128274 39.766234 36.490647 33.326874 30.297499 27.421867 24.715737 22.191089 19.856055 17.714993 15.768676 14.014585 12.447281 11.058838 9.839307 8.777191 7.859912 7.074250 6.406734 5.843986 5.373006 4.981393 4.657506 4.390566 4.170714 3.989016 3.837440 3.708801 3.596691 3.495402 3.399842 3.305458 3.208173 3.104339 2.990699 2.864388 2.722938 2.564317 2.386975 2.189907 1.972719 1.735682 1.479779 1.206717 0.918909 0.619404 0.311781 0.000000 
50.000000 46.512817 43.055787 39.658283 36.348144 33.150999 30.089670 27.183707 24.449036 21.897763 19.538107 17.374473 15.407643 13.635074 12.051272 10.648232 9.415904 8.342679 7.415855 6.622085 5.947771 5.379419 4.903919 4.508774 4.182266 3.913563 3.692771 3.510951 3.360094 3.233068 3.123552 3.025957 2.935344 2.847350 2.758117 2.664243 2.562741 2.451027 2.326915 2.188637 2.034873 1.864794 1.678095 1.475042 1.256486 1.023872 0.779205 0.525002 0.264191 0.000000 
50.000000 46.486067 43.002518 39.578952 36.243422 33.021752 29.936942 27.008690 24.253045 21.682206 19.304456 17.124234 15.142331 13.356184 11.760260 10.346494 9.104766 8.023380 7.089546 6.289823 5.610523 5.038063 4.559255 4.161534 3.833126 3.563158 3.341716 3.159857 3.009589 2.883824 2.776304 2.681530 2.594677 2.511519 2.428360 2.341973 2.249569 2.148759 2.037556 1.914377 1.778056 1.627877 1.463593 1.285448 1.094191 0.891070 0.677799 0.456510 0.229673 0.000000 
50.000000 46.468502 42.967541 39.526861 36.174659 32.936886 29.836657 26.893769 24.124352 21.540666 19.151035 16.959922 14.968121 13.173059 11.569175 10.148368 8.900468 7.813725 6.875290 6.071662 5.389092 4.813940 4.332968 3.933564 3.603920 3.333137 3.111286 2.929425 2.779575 2.654673 2.548507 2.455635 2.371310 2.291394 2.212295 2.130905 2.044555 1.950987 1.848338 1.735140 1.610325 1.473243 1.323676 1.161854 0.988454 0.804592 0.611792 0.411941 0.207215 0.000000 
50.000000 46.459801 42.950215 39.501059 36.140597 32.894848 29.786982 26.836844 24.060605 21.470555 19.075039 16.878531 14.881828 13.082350 11.474524 10.050229 8.799272 7.709876 6.769163 5.963601 5.279413 4.702930 4.220886 3.820652 3.490400 3.219217 2.997170 2.815315 2.665680 2.541217 2.435734 2.343821 2.260764 2.182474 2.105408 2.026516 1.943189 1.853233 1.754844 1.646610 1.527508 1.396921 1.254645 1.100899 0.936322 0.761968 0.579266 0.389982 0.196152 0.000000 
50.000000 46.459801 42.950215 39.501059 36.140597 32.894848 29.786982 26.836844 24.060605 21.470555 19.075039 16.878531 14.881828 13.082350 11.474524 10.050229 8.799272 7.709876 6.769163 5.963601 5.279413 4.702930 4.220886 3.820652 3.490400 3.219217 2.997170 2.815315 2.665680 2.541217 2.435734 2.343821 2.260764 2.182474 2.105408 2.026516 1.943189 1.853233 1.754844 1.646610 1.527508 1.396921 1.254645 1.100899 0.936322 0.761968 0.579266 0.389982 0.196152 0.000000 
50.000000 46.468502 42.967541 39.526861 36.174659 32.936886 29.836657 26.893769 24.124352 21.540666 19.151035 16.959922 14.968121 13.173059 11.569175 10.148368 8.900468 7.813725 6.875290 6.071662 5.389092 4.813940 4.332968 3.933564 3.603920 3.333137 3.111286 2.929425 2.779575 2.654673 2.548507 2.455635 2.371310 2.291394 2.212295 2.130905 2.044555 1.950987 1.848338 1.735140 1.610325 1.473243 1.323676 1.161854 0.988454 0.804592 0.611792 0.411941 0.207215 0.000000 
50.000000 46.486067 43.002518 39.578952 36.243422 33.021752 29.936942 27.008690 24.253045 21.682206 19.304456 17.124234 15.142331 13.356184 11.760260 10.346494 9.104766 8.023380 7.089546 6.289823 5.610523 5.038063 4.559255 4.161534 3.833126 3.563158 3.341716 3.159857 3.009589 2.883824 2.776304 2.681530 2.594677 2.511519 2.428360 2.341973 2.249569 2.148759 2.037556 1.914377 1.778056 1.627877 1.463593 1.285448 1.094191 0.891070 0.677799 0.456510 0.229673 0.000000 
50.000000 46.512817 43.055787 39.658283 36.348144 33.150999 30.089670 27.183707 24.449036 21.897763 19.538107 17.374473 15.407643 13.635074 12.051272 10.648232 9.415904 8.342679 7.415855 6.622085 5.947771 5.379419 4.903919 4.508774 4.182266 3.913563 3.692771 3.510951 3.360094 3.233068 3.123552 3.025957 2.935344 2.847350 2.758117 2.664243 2.562741 2.451027 2.326915 2.188637 2.034873 1.864794 1.678095 1.475042 1.256486 1.023872 0.779205 0.525002 0.264191 0.000000 
50.000000 46.549218 43.128274 39.766234 36.490647 33.326874 30.297499 27.421867 24.715737 22.191089 19.856055 17.714993 15.768676 14.014585 12.447281 11.058838 9.839307 8.777191 7.859912 7.074250 6.406734 5.843986 5.373006 4.981393 4.657506 4.390566 4.170714 3.989016 3.837440 3.708801 3.596691 3.495402 3.399842 3.305458 3.208173 3.104339 2.990699 2.864388 2.722938 2.564317 2.386975 2.189907 1.972719 1.735682 1.479779 1.206717 0.918909 0.619404 0.311781 0.000000 
50.000000 46.595861 43.221157 39.904559 36.673247 33.552235 30.563805 27.727037 25.057480 22.566949 20.263466 18.151329 16.231298 14.500886 12.954724 11.584989 10.381860 9.333986 8.428949 7.653690 6.994901 6.439358 5.974203 5.587157 5.266680 5.002069 4.783508 4.602076 4.449715 4.319174 4.203940 4.098155 3.996530 3.894273 3.787024 3.670809 3.542018 3.397410 3.234136 3.049798 2.842520 2.611043 2.354819 2.074102 1.770022 1.444616 1.100822 0.742401 0.373809 0.000000 
50.000000 46.653438 43.335813 40.075311 36.898652 33.830427 30.892539 28.103748 25.479337 23.030922 20.766387 18.689956 16.802376 15.101197 13.581138 12.234502 11.051627 10.021345 9.131433 8.369036 7.721046 7.174432 6.716512 6.335164 6.018975 5.757338 5.540499 5.359555 5.206423 5.073779 4.954986 4.844003 4.735306 4.623805 4.504787 4.373874 4.227001 4.060441 3.870844 3.655319 3.411542 3.137886 2.833559 2.498746 2.134721 1.743915 1.329922 0.897425 0.452027 0.000000 
50.000000 46.722712 43.473762 40.280753 37.169849 34.165134 31.288059 28.556991 25.986899 23.589155 21.371483 19.338015 17.489480 15.823476 14.334829 13.015992 11.857497 10.848394 9.976699 9.229802 8.594840 8.059016 7.609863 7.235451 6.924527 6.666606 6.452013 6.271877 6.118093 5.983259 5.860596 5.743854 5.627230 5.505283 5.372872 5.225119 5.057398 4.865365 4.645021 4.392828 4.105848 3.781931 3.419911 3.019810 2.583013 2.112395 1.612350 1.088725 0.548607 0.000000 
50.000000 46.804482 43.636594 40.523251 37.489965 34.560217 31.754922 29.091991 26.586016 24.248087 22.085731 20.102977 18.300534 16.676057 15.224493 13.938480 12.808774 11.824689 10.974522 10.245954 9.626414 9.103385 8.664661 8.298542 7.993969 7.740612 7.528898 7.350004 7.195814 7.058846 6.932166 6.809292 6.684102 6.550746 6.403579 6.237126 6.046072 5.825308 5.570012 5.275797 4.938903 4.556444 4.126683 3.649326 3.125792 2.559416 1.955546 1.321478 0.666209 0.000000 
50.000000 46.899542 43.825893 40.805165 37.862112 35.019516 32.297670 29.713950 27.282515 25.014124 22.916078 20.992286 19.243431 17.667234 16.258790 15.010946 13.914726 12.959747 12.134635 11.427417 10.825861 10.317781 9.891280 9.534931 9.237914 8.990085 8.782006 8.604924 8.450724 8.311851 8.181212 8.052075 7.917962 7.772561 7.609647 7.423043 7.206611 6.954303 6.660266 6.319022 5.925714 5.476427 4.968574 4.401304 3.775908 3.096155 2.368483 1.601976 0.808076 0.000000 
50.000000 47.008643 44.043151 41.128718 38.289225 35.546654 32.920582 30.427774 28.081891 25.893310 23.869075 22.012956 20.325608 18.804831 17.445884 16.241862 15.184091 14.262542 13.466223 12.783556 12.202706 11.711872 11.299516 10.954539 10.666401 10.425189 10.221632 10.047079 9.893441 9.753100 9.618809 9.483574 9.340541 9.182886 9.003733 8.796099 8.552877 8.266894 7.931021 7.538390 7.082697 6.558613 5.962295 5.291961 4.548493 3.735965 2.862013 1.937901 0.978195 0.000000 
50.000000 47.132444 44.289683 41.495868 38.773890 36.144822 33.627430 31.237786 28.988982 26.890968 24.950493 23.171169 21.553623 20.095740 18.792972 17.638690 16.624572 15.740988 14.977381 14.322629 13.765351 13.294190 12.898025 12.566136 12.288319 12.054935 11.856927 11.685784 11.533471 11.392336 11.254991 11.114186 10.962674 10.793092 10.597851 10.369063 10.098512 9.777693 9.397931 8.950613 8.427548 7.821479 7.126741 6.340062 5.461428 4.494931 3.449420 2.338764 1.181536 0.000000 
50.000000 47.271474 44.566541 41.908179 39.318172 36.816569 34.421227 32.147436 30.007655 28.011349 26.164940 24.471863 22.932710 21.545467 20.305800 19.207395 18.242323 17.401406 16.674582 16.051241 15.520521 15.071570 14.693744 14.376766 14.110819 13.886598 13.695308 13.528623 13.378609 13.237614 13.098143 12.952709 12.793682 12.613146 12.402760 12.153655 11.856373 11.500876 11.076647 10.572920 9.979087 9.285291 8.483270 7.567421 6.536053 5.392697 4.147245 2.816593 1.424445 0.000000 
50.000000 47.426085 44.874424 42.366697 39.923449 37.563596 35.303981 33.159029 31.140490 29.257293 27.515495 25.918334 24.466367 23.157690 21.988208 20.951961 20.041456 19.248025 18.562156 17.973816 17.472726 17.048603 16.691348 16.391187 16.138757 15.925143 15.741874 15.580867 15.434341 15.294700 15.154388 15.005725 14.840735 14.650966 14.427319 14.159902 13.837914 13.449602 12.982310 12.422682 11.757059 10.972151 10.056045 8.999595 7.798183 6.453718 4.976582 3.387009 1.715262 0.000000 
50.000000 47.596413 45.213609 42.871829 40.590263 38.386571 36.276482 34.273467 32.388499 30.629913 29.003365 27.511876 26.155966 24.933851 23.841705 22.873954 22.023593 21.282513 20.641818 20.092112 19.623767 19.227136 18.892735 18.611358 18.374164 18.172698 17.998876 17.844926 17.703290 17.566496 17.426999 17.276998 17.108235 16.911782 16.677828 16.395463 16.052503 15.635348 15.128951 14.516917 13.781846 12.906003 11.872455 10.666795 9.279535 7.709098 5.965069 4.070963 2.065338 0.000000 
50.000000 47.782350 45.583875 43.423251 41.318181 39.284961 37.338103 35.490034 33.750877 32.128324 30.627590 29.251463 28.000419 26.872810 25.865102 24.972144 24.187467 23.503578 22.912251 22.404799 21.972307 21.605837 21.296585 21.035990 20.815800 20.628091 20.465242 20.319869 20.184721 20.052535 19.915872 19.766910 19.597219 19.397505 19.157347 18.864910 18.506667 18.067144 17.528733 16.871626 16.073990 15.112507 13.963519 12.605009 11.019687 9.199317 7.150017 4.897572 2.490764 0.000000 
50.000000 47.983512 45.984459 44.019823 42.105702 40.256913 38.486651 36.806215 35.224811 33.749431 32.384818 31.133504 29.995920 28.970565 28.054223 27.242204 26.528619 25.906644 25.368787 24.907128 24.513536 24.179850 23.898017 23.660190 23.458782 23.286477 23.136198 23.001034 22.874133 22.748549 22.617067 22.471979 22.304832 22.106139 21.865052 21.568996 21.203276 20.750665 20.191002 19.500860 18.653405 17.618601 16.364103 14.857232 13.068638 10.978198 8.583347 5.908914 3.015394 0.000000 
50.000000 48.199222 46.414014 44.659541 42.950179 41.299159 39.718266 38.217589 36.805348 35.487788 34.269143 33.151673 32.135763 31.220068 30.401714 29.676509 29.039186 28.483645 28.003181 27.590708 27.238942 26.940564 26.688345 26.475222 26.294347 26.139092 26.003006 25.879748 25.762967 25.646157 25.522465 25.384466 25.223883 25.031266 24.795614 24.503922 24.140667 23.687200 23.121089 22.415405 21.538076 20.451473 19.112597 17.474491 15.489903 13.118564 10.339480 7.168363 3.676467 0.000000 
50.000000 48.428505 46.870597 45.339511 43.847791 42.406985 41.027376 39.717770 38.485338 37.335531 36.272042 35.296843 34.410268 33.611144 32.896957 32.264048 31.707815 31.222926 30.803524 30.443409 30.136208 29.875510 29.654974 29.468392 29.309730 29.173123 29.052836 28.943190 28.838451 28.732684 28.619560 28.492128 28.342527 28.161643 27.938683 27.660659 27.311743 26.872482 26.318826 25.620966 24.741993 23.636499 22.249434 20.515946 18.363651 15.719916 12.527967 8.775659 4.535703 0.000000 
50.000000 48.670088 47.351674 46.055959 44.793558 43.574244 42.406719 41.298434 40.255459 39.282406 38.382400 37.557109 36.806816 36.130524 35.526107 34.990463 34.519696 34.109288 33.754274 33.449398 33.189255 32.968400 32.781442 32.623093 32.488203 32.371745 32.268785 32.174404 32.083600 31.991144 31.891404 31.778116 31.644108 31.480948 31.278498 31.024355 30.703121 30.295449 29.776800 29.115794 28.272074 27.193598 25.813445 24.046629 21.788406 18.917728 15.313354 10.895134 5.703004 0.000000 
50.000000 48.922417 47.854151 46.804277 45.781396 44.793427 43.847420 42.949413 42.104325 41.315890 40.586642 39.917932 39.309988 38.762002 38.272248 37.838213 37.456737 37.124156 36.836441 36.589328 36.378426 36.199313 36.047602 35.918986 35.809258 35.714304 35.630066 35.552479 35.477382 35.400390 35.316738 35.221072 35.107195 34.967732 34.793702 34.573958 34.294425 33.937072 33.478476 32.887807 32.123951 31.131430 29.834661 28.130240 25.877652 22.891384 18.944506 13.809950 7.391940 0.000000 
50.000000 49.183683 48.374425 47.579098 46.804221 46.055790 45.339148 44.658867 44.018674 43.421399 42.868959 42.362379 41.901829 41.486699 41.115681 40.786868 40.497864 40.245894 40.027902 39.840652 39.680814 39.545029 39.429964 39.332341 39.248954 39.176658 39.112345 39.052884 38.995055 38.935444 38.870312 38.795425 38.705838 38.595610 38.457429 38.282110 38.057893 37.769456 37.396487 36.911553 36.276865 35.439247 34.322186 32.813174 30.743849 27.860700 23.789880 18.026042 10.063754 0.000000 
50.000000 49.451857 48.908454 48.374406 47.854089 47.351530 46.870317 46.413520 45.983641 45.582580 45.211625 44.871463 44.562210 44.283455 44.034318 43.813519 43.619450 43.450243 43.303848 43.178088 43.070725 42.979499 42.902167 42.836521 42.780398 42.731673 42.688240 42.647973 42.608675 42.568007 42.523392 42.471896 42.410070 42.333740 42.237730 42.115475 41.958486 41.755554 41.491583 41.145759 40.688643 40.077315 39.246998 38.095962 36.457315 34.044776 30.348790 24.454358 14.843950 0.000000 
50.000000 49.724737 49.451854 49.183669 48.922379 48.670007 48.428354 48.198962 47.983088 47.781685 47.595401 47.424580 47.269281 47.129296 47.004184 46.893303 46.795844 46.710869 46.637347 46.574187 46.520261 46.474435 46.435580 46.402585 46.374362 46.349838 46.327951 46.307626 46.287747 46.267127 46.244450 46.218214 46.186647 46.147594 46.098370 46.035550 45.954675 45.849812 45.712885 45.532609 45.292734 44.968982 44.523409 43.893296 42.967456 41.530752 39.120124 34.608032 24.862399 0.000000 
50.000000 50.000000 50.000000 50.000000 50.000000 50.000000 50.000000 50.000000 50.000000 50.000000 50.000000 50.000000 50.000000 50.000000 50.000000 50.000000 50.000000 50.000000 50.000000 50.000000 50.000000 50.000000 50.000000 50.000000 50.000000 50.000000 50.000000 50.000000 50.000000 50.000000 50.000000 50.000000 50.000000 50.000000 50.000000 50.000000 50.000000 50.000000 50.000000 50.000000 50.000000 50.000000 50.000000 50.000000 50.000000 50.000000 50.000000 50.000000 50.000000 50.000000 
