50.000000 50.000000 50.000000 50.000000 50.000000 50.000000 50.000000 50.000000 50.000000 50.000000 50.000000 50.000000 50.000000 50.000000 50.000000 50.000000 50.000000 50.000000 50.000000 50.000000 50.000000 50.000000 50.000000 50.000000 50.000000 50.000000 50.000000 50.000000 50.000000 50.000000 50.000000 50.000000 50.000000 50.000000 50.000000 50.000000 50.000000 50.000000 50.000000 50.000000 50.000000 50.000000 50.000000 50.000000 50.000000 50.000000 50.000000 50.000000 50.000000 50.000000 
50.000000 49.721264 49.444968 49.173488 48.909076 48.653801 48.409502 48.177752 47.959826 47.756688 47.568985 47.397053 47.240933 47.100394 46.974969 46.863983 46.766596 46.681837 46.608644 46.545898 46.492446 46.447131 46.408809 46.376356 46.348674 46.324686 46.303329 46.283529 46.264177 46.244090 46.221963 46.196303 46.165346 46.126949 46.078436 46.016393 45.936369 45.832436 45.696525 45.517354 45.278675 44.956210 44.512010 43.883353 42.959045 41.523938 39.114963 34.604567 24.860659 0.000000 
50.000000 49.444971 48.894801 48.354222 47.827716 47.319403 46.832947 46.371479 45.937538 45.533044 45.159284 44.816928 44.506057 44.226214 43.976466 43.755471 43.561554 43.392787 43.247054 43.122125 43.015710 42.925508 42.849240 42.784673 42.729628 42.681971 42.639592 42.600371 42.562118 42.522509 42.478984 42.428627 42.368009 42.292976 42.198373 42.077654 41.922343 41.721249 41.459284 41.115644 40.660889 40.052100 39.224494 38.076334 36.440710 34.031325 30.338602 24.447517 14.840515 0.000000 
50.000000 49.173501 48.354239 47.549259 46.765234 46.008301 45.283917 44.596741 43.950556 43.348222 42.791655 42.281851 41.818934 41.402222 41.030326 40.701249 40.412499 40.161204 39.944217 39.758220 39.599806 39.465555 39.352081 39.256071 39.174291 39.103586 39.040839 38.982930 38.926651 38.868608 38.805086 38.731880 38.644073 38.535756 38.399646 38.226584 38.004834 37.719097 37.349075 36.867345 36.236124 35.402235 34.289155 32.784363 30.719475 27.840956 23.774926 18.016001 10.058712 0.000000 
50.000000 48.909111 47.827773 46.765285 45.730457 44.731388 43.775279 42.868281 42.015389 41.220374 40.485768 39.812886 39.201891 38.651884 38.161032 37.726702 37.345605 37.013954 36.727601 36.482168 36.273169 36.096098 35.946500 35.820021 35.712420 35.619564 35.537391 35.461844 35.388779 35.313839 35.232290 35.138815 35.027255 34.890275 34.718932 34.502114 34.225779 33.871922 33.417141 32.830620 32.071250 31.083553 29.791935 28.092973 25.846125 22.865845 18.925163 13.796963 7.385419 0.000000 
50.000000 48.653875 47.319535 46.008456 44.731509 43.498687 42.318877 41.199669 40.147227 39.166205 38.259726 37.429416 36.675473 35.996793 35.391113 34.855186 34.384959 33.975761 33.622478 33.319719 33.061959 32.843651 32.659321 32.503623 32.371364 32.257495 32.157077 32.065200 31.976884 31.886933 31.789753 31.679125 31.547925 31.387768 31.188562 30.937949 30.620568 30.217106 29.703049 29.047034 28.208710 27.136035 25.762076 24.001824 21.750502 18.887024 15.290099 10.879521 5.695164 0.000000 
50.000000 48.409640 46.833204 45.284250 43.775620 42.319123 40.925255 39.602986 38.359597 37.200586 36.129647 35.148697 34.257974 33.456175 32.740628 32.107498 31.552004 31.068631 30.651347 30.293794 29.989457 29.731807 29.514405 29.330974 29.175430 29.041881 28.924588 28.817882 28.716056 28.613209 28.503062 28.378712 28.232355 28.054933 27.835706 27.561737 27.217243 26.782809 26.234416 25.542272 24.669478 23.570625 22.190650 20.464674 18.320278 15.684782 12.501357 8.757793 4.526732 0.000000 
50.000000 48.177991 46.371934 44.597362 42.868987 41.200339 39.603444 38.088578 36.664082 35.336257 34.109334 32.985511 31.965063 31.046496 30.226754 29.501448 28.865104 28.311412 27.833472 27.424013 27.075593 26.780758 26.532167 26.322677 26.145387 25.993637 25.860970 25.741056 25.627574 25.514061 25.393715 25.259168 25.102206 24.913443 24.681936 24.394740 24.036379 23.588251 23.027954 22.328582 21.458076 20.378803 19.047749 17.417931 15.442058 13.079808 10.310127 7.148655 3.666571 0.000000 
50.000000 47.960217 45.938293 43.951617 42.016662 40.148572 38.360812 36.664886 35.070133 33.583608 32.210047 30.951914 29.809516 28.781185 27.863503 27.051559 26.339233 25.719470 25.184557 24.726373 24.336608 24.006950 23.729226 23.495498 23.298118 23.129737 22.983270 22.851821 22.728568 22.606613 22.478796 22.337474 22.174263 21.979744 21.743135 21.451923 21.091471 20.644597 20.091177 19.407810 18.567671 17.540727 16.294614 14.796626 13.017372 10.936671 8.551895 5.887798 3.004790 0.000000 
50.000000 47.757303 45.534242 43.349936 41.222496 39.168573 37.202973 35.338343 33.584952 31.950558 30.440369 29.057095 27.801075 26.670480 25.661552 24.768902 23.985804 23.304515 22.716568 22.213054 21.784866 21.422901 21.118221 20.862169 20.646426 20.463032 20.304357 20.163034 20.031842 19.903572 19.770844 19.625906 19.460400 19.265108 19.029679 18.742345 18.389640 17.956139 17.424274 16.774266 15.984292 15.031037 13.890825 12.541610 10.966059 9.155879 7.117118 4.875485 2.479673 0.000000 
50.000000 47.569924 45.161124 42.794318 40.489129 38.263601 36.133775 34.113358 32.213477 30.442536 28.806182 27.307351 25.946415 24.721393 23.628220 22.661059 21.812634 21.074565 20.437696 19.892395 19.428823 19.037159 18.707776 18.431364 18.199010 18.002220 17.832901 17.683297 17.545887 17.413250 17.277908 17.132132 16.967741 16.775886 16.546832 16.269740 15.932488 15.521531 15.021862 14.417116 13.689909 12.822504 11.797955 10.601824 9.224579 7.664585 5.931357 4.048329 2.053973 0.000000 
50.000000 47.398452 44.819682 42.285869 39.818022 37.435458 35.155350 32.992372 30.958437 29.062545 27.310739 25.706167 24.249229 22.937805 21.767551 20.732223 19.824042 19.034050 18.352461 17.768988 17.273132 16.854423 16.502611 16.207812 15.960586 15.751980 15.573510 15.417110 15.275037 15.139752 15.003766 14.859475 14.698984 14.513923 14.295272 14.033213 13.717010 13.334965 12.874469 12.322195 11.664499 10.888094 9.981051 8.934197 7.742867 6.408915 4.942650 3.364229 1.703823 0.000000 
50.000000 47.242979 44.510097 41.824860 39.209531 36.684582 34.268214 31.975978 29.820499 27.811315 25.954833 24.254390 22.710412 21.320657 20.080525 18.983408 18.021071 17.184033 16.461943 15.843926 15.318887 14.875778 14.503798 14.192553 13.932147 13.713233 13.527005 13.365153 13.219783 13.083301 12.948282 12.807317 12.652861 12.477080 12.271717 12.027978 11.736473 11.387221 10.969750 10.473329 9.887363 9.202002 8.408967 7.502629 6.481253 5.348313 4.113631 2.794027 1.413114 0.000000 
50.000000 47.103341 44.232044 41.410804 38.663015 36.010184 33.471435 31.063106 28.798463 26.687528 24.737034 22.950489 21.328341 19.868242 18.565361 17.412764 16.401808 15.522547 14.764125 14.115141 13.563974 13.099062 12.709120 12.383309 12.111340 11.883533 11.690818 11.524701 11.377187 11.240684 11.107876 10.971592 10.824674 10.659842 10.469591 10.246110 9.981254 9.666575 9.293445 8.853284 8.337922 7.740103 7.054152 6.276768 5.407897 4.451576 3.416587 2.316722 1.170468 0.000000 
50.000000 46.979154 43.984758 41.042566 38.176974 35.410413 32.762825 30.251251 27.889526 25.688101 23.654001 21.790884 20.099223 18.576570 17.217895 16.015971 14.961797 14.045014 13.254319 12.577848 12.003517 11.519315 11.113534 10.774950 10.492940 10.257544 10.059480 9.890115 9.741399 9.605776 9.476071 9.345372 9.206913 9.053956 8.879711 8.677270 8.439599 8.159583 7.830143 7.444442 6.996198 6.480087 5.892254 5.230895 4.496849 3.694141 2.830340 1.916638 0.967518 0.000000 
50.000000 46.869858 43.767123 40.718481 37.749211 34.882555 32.139180 29.536741 27.089574 24.808511 22.700832 20.770328 19.017493 17.439793 16.032022 14.786699 13.694506 12.744724 11.925660 11.225045 10.630393 10.129300 9.709696 9.360029 9.069389 8.827589 8.625174 8.453413 8.304230 8.170131 8.044097 7.919479 7.789888 7.649097 7.490968 7.309401 7.098329 6.851765 6.563904 6.229302 5.843123 5.401460 4.901716 4.343017 3.726619 3.056239 2.338256 1.581684 0.797888 0.000000 
50.000000 46.774755 43.577749 40.436481 37.376997 34.423246 31.596521 28.915018 26.393506 24.043149 21.871447 19.882310 18.076249 16.450657 15.000173 13.717097 12.591839 11.613365 10.769644 10.048061 9.435780 8.920065 8.488533 8.129353 7.831379 7.584234 7.378331 7.204866 7.055763 6.923601 6.801521 6.683126 6.562380 6.433520 6.290987 6.129385 5.943469 5.728189 5.478774 5.190871 4.860743 4.485510 4.063429 3.594187 3.079167 2.521660 1.926957 1.302286 0.656573 0.000000 
50.000000 46.693058 43.415072 40.194235 37.057254 34.028686 31.130363 28.380941 25.795565 23.385683 21.158986 19.119485 17.267704 15.600975 14.113807 12.798311 11.644660 10.641556 9.776680 9.037118 8.409739 7.881523 7.439825 7.072582 6.768451 6.516900 6.308240 6.133618 5.984970 5.854956 5.736871 5.624550 5.512275 5.394694 5.266750 5.123644 4.960820 4.773993 4.559216 4.312983 4.032381 3.715269 3.360476 2.968005 2.539212 2.076927 1.585495 1.070697 0.539556 0.000000 
50.000000 46.623938 43.277436 39.989278 36.786731 33.694862 30.735963 27.929077 25.289670 22.829427 20.556201 18.474090 16.583630 14.882102 13.363901 12.020982 10.843321 9.819393 8.936637 8.181890 7.541773 7.003029 6.552796 6.178816 5.869588 5.614455 5.403649 5.228286 5.080323 4.952499 4.838250 4.731619 4.627168 4.519895 4.405172 4.278696 4.136476 3.974841 3.790492 3.580574 3.342786 3.075510 2.777954 2.450286 2.093751 1.710742 1.304806 0.880566 0.443562 0.000000 
50.000000 46.566561 43.163184 39.819145 36.562170 33.417756 30.408572 27.553987 24.869728 22.367682 20.055834 17.938353 16.015789 14.285376 12.741419 11.375742 10.178158 9.136955 8.239373 7.472041 6.821378 6.273932 5.816663 5.437156 5.123781 4.865784 4.653338 4.477538 4.330366 4.204635 4.093905 3.992400 3.894918 3.796753 3.693630 3.581651 3.457276 3.317323 3.158992 2.979922 2.778261 2.552760 2.302871 2.028835 1.731755 1.413634 1.077365 0.726656 0.365904 0.000000 
50.000000 46.520134 43.070738 39.681481 36.380466 33.193535 30.143664 27.250483 24.529934 21.994062 19.650964 17.504866 15.556325 13.802542 12.237749 10.853662 9.639962 8.584789 7.675221 6.897721 6.238545 5.684085 5.221158 4.837225 4.520555 4.260320 4.046647 3.870618 3.724244 3.600399 3.492750 3.395672 3.304157 3.213740 3.120427 3.020643 2.911204 2.789302 2.652518 2.498857 2.326793 2.135335 1.924086 1.693309 1.443962 1.177722 0.896957 0.604669 0.304383 0.000000 
50.000000 46.483939 42.998665 39.574156 36.238808 33.018730 29.937139 27.013869 24.265026 21.702784 19.335324 17.166916 15.198125 13.426124 11.845089 10.446651 9.220392 8.154333 7.235428 6.450011 5.784211 5.224301 4.756986 4.369634 4.050436 3.788508 3.573943 3.397820 3.252169 3.129921 3.024827 2.931380 2.844728 2.760592 2.675196 2.585214 2.487728 2.380212 2.260529 2.126948 1.978174 1.813389 1.632293 1.435140 1.222762 0.996571 0.758538 0.511130 0.257227 0.000000 
50.000000 46.457363 42.945746 39.495353 36.134796 32.890380 29.785498 26.840135 24.070519 21.488915 19.103567 16.918779 14.935120 13.149743 11.556783 10.147811 8.912331 7.838283 6.912526 6.121303 5.450648 4.886745 4.416223 4.026380 3.705349 3.442208 3.227028 3.050883 2.905824 2.784821 2.681691 2.591015 2.508055 2.428668 2.349239 2.266619 2.178084 2.081307 1.974347 1.855656 1.724098 1.578967 1.420019 1.247491 1.062114 0.865105 0.658143 0.443317 0.223050 0.000000 
50.000000 46.439924 42.911020 39.443642 36.066542 32.806156 29.685990 26.726130 23.942882 21.348573 18.951487 16.755950 14.762535 12.968381 11.367596 9.951712 8.710184 7.630895 6.700644 5.905612 5.231775 4.665259 4.192639 3.801169 3.478947 3.215024 2.999459 2.823324 2.678682 2.558531 2.456731 2.367923 2.287442 2.211236 2.135795 2.058084 1.975504 1.885853 1.787318 1.678466 1.558256 1.426051 1.281638 1.125238 0.957511 0.779546 0.592833 0.399216 0.200827 0.000000 
50.000000 46.431289 42.893826 39.418038 36.032747 32.764453 29.636720 26.669681 23.879683 21.279083 18.876186 16.675326 14.677080 12.878582 11.273922 9.854616 8.610093 7.528209 6.595734 5.798818 5.123406 4.555597 4.081940 3.689668 3.366860 3.102555 2.886804 2.710680 2.566254 2.446535 2.345407 2.257538 2.178302 2.103691 2.030245 1.954987 1.875379 1.789281 1.694940 1.590979 1.476402 1.350606 1.213390 1.064966 0.905958 0.737391 0.560662 0.377497 0.189884 0.000000 
50.000000 46.431289 42.893826 39.418038 36.032747 32.764453 29.636720 26.669681 23.879683 21.279083 18.876186 16.675326 14.677080 12.878582 11.273922 9.854616 8.610093 7.528209 6.595734 5.798818 5.123406 4.555597 4.081940 3.689668 3.366860 3.102555 2.886804 2.710680 2.566254 2.446535 2.345407 2.257538 2.178302 2.103691 2.030245 1.954987 1.875379 1.789281 1.694940 1.590979 1.476402 1.350606 1.213390 1.064966 0.905958 0.737391 0.560662 0.377497 0.189884 0.000000 
50.000000 46.439924 42.911020 39.443642 36.066542 32.806156 29.685990 26.726130 23.942882 21.348573 18.951487 16.755950 14.762535 12.968381 11.367596 9.951712 8.710184 7.630895 6.700644 5.905612 5.231775 4.665259 4.192639 3.801169 3.478947 3.215024 2.999459 2.823324 2.678682 2.558531 2.456731 2.367923 2.287442 2.211236 2.135795 2.058084 1.975504 1.885853 1.787318 1.678466 1.558256 1.426051 1.281638 1.125238 0.957511 0.779546 0.592833 0.399216 0.200827 0.000000 
50.000000 46.457363 42.945746 39.495353 36.134796 32.890380 29.785498 26.840135 24.070519 21.488915 19.103567 16.918779 14.935120 13.149743 11.556783 10.147811 8.912331 7.838283 6.912526 6.121303 5.450648 4.886745 4.416223 4.026380 3.705349 3.442208 3.227028 3.050883 2.905824 2.784821 2.681691 2.591015 2.508055 2.428668 2.349239 2.266619 2.178084 2.081307 1.974347 1.855656 1.724098 1.578967 1.420019 1.247491 1.062114 0.865105 0.658143 0.443317 0.223050 0.000000 
50.000000 46.483939 42.998665 39.574156 36.238808 33.018730 29.937139 27.013869 24.265026 21.702784 19.335324 17.166916 15.198125 13.426124 11.845089 10.446651 9.220392 8.154333 7.235428 6.450011 5.784211 5.224301 4.756986 4.369634 4.050436 3.788508 3.573943 3.397820 3.252169 3.129921 3.024827 2.931380 2.844728 2.760592 2.675196 2.585214 2.487728 2.380212 2.260529 2.126948 1.978174 1.813389 1.632293 1.435140 1.222762 0.996571 0.758538 0.511130 0.257227 0.000000 
50.000000 46.520134 43.070738 39.681481 36.380466 33.193535 30.143664 27.250483 24.529934 21.994062 19.650964 17.504866 15.556325 13.802542 12.237749 10.853662 9.639962 8.584789 7.675221 6.897721 6.238545 5.684085 5.221158 4.837225 4.520555 4.260320 4.046647 3.870618 3.724244 3.600399 3.492750 3.395672 3.304157 3.213740 3.120427 3.020643 2.911204 2.789302 2.652518 2.498857 2.326793 2.135335 1.924086 1.693309 1.443962 1.177722 0.896957 0.604669 0.304383 0.000000 
50.000000 46.566561 43.163184 39.819145 36.562170 33.417756 30.408572 27.553987 24.869728 22.367682 20.055834 17.938353 16.015789 14.285376 12.741419 11.375742 10.178158 9.136955 8.239373 7.472041 6.821378 6.273932 5.816663 5.437156 5.123781 4.865784 4.653338 4.477538 4.330366 4.204635 4.093905 3.992400 3.894918 3.796753 3.693630 3.581651 3.457276 3.317323 3.158992 2.979922 2.778261 2.552760 2.302871 2.028835 1.731755 1.413634 1.077365 0.726656 0.365904 0.000000 
50.000000 46.623938 43.277436 39.989278 36.786731 33.694862 30.735963 27.929077 25.289670 22.829427 20.556201 18.474090 16.583630 14.882102 13.363901 12.020982 10.843321 9.819393 8.936637 8.181890 7.541773 7.003029 6.552796 6.178816 5.869588 5.614455 5.403649 5.228286 5.080323 4.952499 4.838250 4.731619 4.627168 4.519895 4.405172 4.278696 4.136476 3.974841 3.790492 3.580574 3.342786 3.075510 2.777954 2.450286 2.093751 1.710742 1.304806 0.880566 0.443562 0.000000 
50.000000 46.693058 43.415072 40.194235 37.057254 34.028686 31.130363 28.380941 25.795565 23.385683 21.158986 19.119485 17.267704 15.600975 14.113807 12.798311 11.644660 10.641556 9.776680 9.037118 8.409739 7.881523 7.439825 7.072582 6.768451 6.516900 6.308240 6.133618 5.984970 5.854956 5.736871 5.624550 5.512275 5.394694 5.266750 5.123644 4.960820 4.773993 4.559216 4.312983 4.032381 3.715269 3.360476 2.968005 2.539212 2.076927 1.585495 1.070697 0.539556 0.000000 
50.000000 46.774755 43.577749 40.436481 37.376997 34.423246 31.596521 28.915018 26.393506 24.043149 21.871447 19.882310 18.076249 16.450657 15.000173 13.717097 12.591839 11.613365 10.769644 10.048061 9.435780 8.920065 8.488533 8.129353 7.831379 7.584234 7.378331 7.204866 7.055763 6.923601 6.801521 6.683126 6.562380 6.433520 6.290987 6.129385 5.943469 5.728189 5.478774 5.190871 4.860743 4.485510 4.063429 3.594187 3.079167 2.521660 1.926957 1.302286 0.656573 0.000000 
50.000000 46.869858 43.767123 40.718481 37.749211 34.882555 32.139180 29.536741 27.089574 24.808511 22.700832 20.770328 19.017493 17.439793 16.032022 14.786699 13.694506 12.744724 11.925660 11.225045 10.630393 10.129300 9.709696 9.360029 9.069389 8.827589 8.625174 8.453413 8.304230 8.170131 8.044097 7.919479 7.789888 7.649097 7.490968 7.309401 7.098329 6.851765 6.563904 6.229302 5.843123 5.401460 4.901716 4.343017 3.726619 3.056239 2.338256 1.581684 0.797888 0.000000 
50.000000 46.979154 43.984758 41.042566 38.176974 35.410413 32.762825 30.251251 27.889526 25.688101 23.654001 21.790884 20.099223 18.576570 17.217895 16.015971 14.961797 14.045014 13.254319 12.577848 12.003517 11.519315 11.113534 10.774950 10.492940 10.257544 10.059480 9.890115 9.741399 9.605776 9.476071 9.345372 9.206913 9.053956 8.879711 8.677270 8.439599 8.159583 7.830143 7.444442 6.996198 6.480087 5.892254 5.230895 4.496849 3.694141 2.830340 1.916638 0.967518 0.000000 
50.000000 47.103341 44.232044 41.410804 38.663015 36.010184 33.471435 31.063106 28.798463 26.687528 24.737034 22.950489 21.328341 19.868242 18.565361 17.412764 16.401808 15.522547 14.764125 14.115141 13.563974 13.099062 12.709120 12.383309 12.111340 11.883533 11.690818 11.524701 11.377187 11.240684 11.107876 10.971592 10.824674 10.659842 10.469591 10.246110 9.981254 9.666575 9.293445 8.853284 8.337922 7.740103 7.054152 6.276768 5.407897 4.451576 3.416587 2.316722 1.170468 0.000000 
50.000000 47.242979 44.510097 41.824860 39.209531 36.684582 34.268214 31.975978 29.820499 27.811315 25.954833 24.254390 22.710412 21.320657 20.080525 18.983408 18.021071 17.184033 16.461943 15.843926 15.318887 14.875778 14.503798 14.192553 13.932147 13.713233 13.527005 13.365153 13.219783 13.083301 12.948282 12.807317 12.652861 12.477080 12.271717 12.027978 11.736473 11.387221 10.969750 10.473329 9.887363 9.202002 8.408967 7.502629 6.481253 5.348313 4.113631 2.794027 1.413114 0.000000 
50.000000 47.398452 44.819682 42.285869 39.818022 37.435458 35.155350 32.992372 30.958437 29.062545 27.310739 25.706167 24.249229 22.937805 21.767551 20.732223 19.824042 19.034050 18.352461 17.768988 17.273132 16.854423 16.502611 16.207812 15.960586 15.751980 15.573510 15.417110 15.275037 15.139752 15.003766 14.859475 14.698984 14.513923 14.295272 14.033213 13.717010 13.334965 12.874469 12.322195 11.664499 10.888094 9.981051 8.934197 7.742867 6.408915 4.942650 3.364229 1.703823 0.000000 
50.000000 47.569924 45.161124 42.794318 40.489129 38.263601 36.133775 34.113358 32.213477 30.442536 28.806182 27.307351 25.946415 24.721393 23.628220 22.661059 21.812634 21.074565 20.437696 19.892395 19.428823 19.037159 18.707776 18.431364 18.199010 18.002220 17.832901 17.683297 17.545887 17.413250 17.277908 17.132132 16.967741 16.775886 16.546832 16.269740 15.932488 15.521531 15.021862 14.417116 13.689909 12.822504 11.797955 10.601824 9.224579 7.664585 5.931357 4.048329 2.053973 0.000000 
50.000000 47.757303 45.534242 43.349936 41.222496 39.168573 37.202973 35.338343 33.584952 31.950558 30.440369 29.057095 27.801075 26.670480 25.661552 24.768902 23.985804 23.304515 22.716568 22.213054 21.784866 21.422901 21.118221 20.862169 20.646426 20.463032 20.304357 20.163034 20.031842 19.903572 19.770844 19.625906 19.460400 19.265108 19.029679 18.742345 18.389640 17.956139 17.424274 16.774266 15.984292 15.031037 13.890825 12.541610 10.966059 9.155879 7.117118 4.875485 2.479673 0.000000 
50.000000 47.960217 45.938293 43.951617 42.016662 40.148572 38.360812 36.664886 35.070133 33.583608 32.210047 30.951914 29.809516 28.781185 27.863503 27.051559 26.339233 25.719470 25.184557 24.726373 24.336608 24.006950 23.729226 23.495498 23.298118 23.129737 22.983270 22.851821 22.728568 22.606613 22.478796 22.337474 22.174263 21.979744 21.743135 21.451923 21.091471 20.644597 20.091177 19.407810 18.567671 17.540727 16.294614 14.796626 13.017372 10.936671 8.551895 5.887798 3.004790 0.000000 
50.000000 48.177991 46.371934 44.597362 42.868987 41.200339 39.603444 38.088578 36.664082 35.336257 34.109334 32.985511 31.965063 31.046496 30.226754 29.501448 28.865104 28.311412 27.833472 27.424013 27.075593 26.780758 26.532167 26.322677 26.145387 25.993637 25.860970 25.741056 25.627574 25.514061 25.393715 25.259168 25.102206 24.913443 24.681936 24.394740 24.036379 23.588251 23.027954 22.328582 21.458076 20.378803 19.047749 17.417931 15.442058 13.079808 10.310127 7.148655 3.666571 0.000000 
50.000000 48.409640 46.833204 45.284250 43.775620 42.319123 40.925255 39.602986 38.359597 37.200586 36.129647 35.148697 34.257974 33.456175 32.740628 32.107498 31.552004 31.068631 30.651347 30.293794 29.989457 29.731807 29.514405 29.330974 29.175430 29.041881 28.924588 28.817882 28.716056 28.613209 28.503062 28.378712 28.232355 28.054933 27.835706 27.561737 27.217243 26.782809 26.234416 25.542272 24.669478 23.570625 22.190650 20.464674 18.320278 15.684782 12.501357 8.757793 4.526732 0.000000 
50.000000 48.653875 47.319535 46.008456 44.731509 43.498687 42.318877 41.199669 40.147227 39.166205 38.259726 37.429416 36.675473 35.996793 35.391113 34.855186 34.384959 33.975761 33.622478 33.319719 33.061959 32.843651 32.659321 32.503623 32.371364 32.257495 32.157077 32.065200 31.976884 31.886933 31.789753 31.679125 31.547925 31.387768 31.188562 30.937949 30.620568 30.217106 29.703049 29.047034 28.208710 27.136035 25.762076 24.001824 21.750502 18.887024 15.290099 10.879521 5.695164 0.000000 
50.000000 48.909111 47.827773 46.765285 45.730457 44.731388 43.775279 42.868281 42.015389 41.220374 40.485768 39.812886 39.201891 38.651884 38.161032 37.726702 37.345605 37.013954 36.727601 36.482168 36.273169 36.096098 35.946500 35.820021 35.712420 35.619564 35.537391 35.461844 35.388779 35.313839 35.232290 35.138815 35.027255 34.890275 34.718932 34.502114 34.225779 33.871922 33.417141 32.830620 32.071250 31.083553 29.791935 28.092973 25.846125 22.865845 18.925163 13.796963 7.385419 0.000000 
50.000000 49.173501 48.354239 47.549259 46.765234 46.008301 45.283917 44.596741 43.950556 43.348222 42.791655 42.281851 41.818934 41.402222 41.030326 40.701249 40.412499 40.161204 39.944217 39.758220 39.599806 39.465555 39.352081 39.256071 39.174291 39.103586 39.040839 38.982930 38.926651 38.868608 38.805086 38.731880 38.644073 38.535756 38.399646 38.226584 38.004834 37.719097 37.349075 36.867345 36.236124 35.402235 34.289155 32.784363 30.719475 27.840956 23.774926 18.016001 10.058712 0.000000 
50.000000 49.444971 48.894801 48.354222 47.827716 47.319403 46.832947 46.371479 45.937538 45.533044 45.159284 44.816928 44.506057 44.226214 43.976466 43.755471 43.561554 43.392787 43.247054 43.122125 43.015710 42.925508 42.849240 42.784673 42.729628 42.681971 42.639592 42.600371 42.562118 42.522509 42.478984 42.428627 42.368009 42.292976 42.198373 42.077654 41.922343 41.721249 41.459284 41.115644 40.660889 40.052100 39.224494 38.076334 36.440710 34.031325 30.338602 24.447517 14.840515 0.000000 
50.000000 49.721264 49.444968 49.173488 48.909076 48.653801 48.409502 48.177752 47.959826 47.756688 47.568985 47.397053 47.240933 47.100394 46.974969 46.863983 46.766596 46.681837 46.608644 46.545898 46.492446 46.447131 46.408809 46.376356 46.348674 46.324686 46.303329 46.283529 46.264177 46.244090 46.221963 46.196303 46.165346 46.126949 46.078436 46.016393 45.936369 45.832436 45.696525 45.517354 45.278675 44.956210 44.512010 43.883353 42.959045 41.523938 39.114963 34.604567 24.860659 0.000000 
50.000000 50.000000 50.000000 50.000000 50.000000 50.000000 50.000000 50.000000 50.000000 50.000000 50.000000 50.000000 50.000000 50.000000 50.000000 50.000000 50.000000 50.000000 50.000000 50.000000 50.000000 50.000000 50.000000 50.000000 50.000000 50.000000 50.000000 50.000000 50.000000 50.000000 50.000000 50.000000 50.000000 50.000000 50.000000 50.000000 50.000000 50.000000 50.000000 50.000000 50.000000 50.000000 50.000000 50.000000 50.000000 50.000000 50.000000 50.000000 50.000000 50.000000 
