50.000000 50.000000 50.000000 50.000000 50.000000 50.000000 50.000000 50.000000 50.000000 50.000000 50.000000 50.000000 50.000000 50.000000 50.000000 50.000000 50.000000 50.000000 50.000000 50.000000 50.000000 50.000000 50.000000 50.000000 50.000000 50.000000 50.000000 50.000000 50.000000 50.000000 50.000000 50.000000 50.000000 50.000000 50.000000 50.000000 50.000000 50.000000 50.000000 50.000000 50.000000 50.000000 50.000000 50.000000 50.000000 50.000000 50.000000 50.000000 50.000000 50.000000 
50.000000 49.656962 49.317621 48.985551 48.664099 48.356274 48.064672 47.791408 47.538082 47.305761 47.094988 46.905814 46.737841 46.590285 46.462042 46.351766 46.257934 46.178923 46.113066 46.058709 46.014248 45.978164 45.949039 45.925567 45.906549 45.890880 45.877532 45.865521 45.853870 45.841562 45.827480 45.810337 45.788579 45.760274 45.722952 45.673389 45.607305 45.518922 45.400283 45.240190 45.022434 44.722733 44.303093 43.700697 42.804209 41.398300 39.019677 34.540530 24.828484 0.000000 
50.000000 49.317621 48.642594 47.982035 47.342594 46.730262 46.150200 45.606617 45.102695 44.640556 44.221282 43.844973 43.510838 43.217316 42.962214 42.742851 42.556201 42.399033 42.268035 42.159912 42.071480 41.999715 41.941802 41.895144 41.857358 41.826257 41.799803 41.776051 41.753077 41.728882 41.701281 41.667765 41.625321 41.570215 41.497694 41.401592 41.273774 41.103337 40.875423 40.569388 40.155873 39.591954 38.812754 37.716350 36.135556 33.783715 30.150811 24.321312 14.777105 0.000000 
50.000000 48.985554 47.982038 47.000029 46.049416 45.139104 44.276765 43.468658 42.719512 42.032482 41.409178 40.849746 40.353011 39.916654 39.537415 39.211306 38.933831 38.700189 38.505453 38.344733 38.213291 38.106640 38.020598 37.951313 37.895253 37.849182 37.810091 37.775122 37.741454 37.706180 37.666137 37.617718 37.556624 37.477561 37.373843 37.236868 37.055401 36.814568 36.494412 36.067744 35.496899 34.728696 33.686475 32.257445 30.272816 27.478526 23.500054 17.831274 9.965899 0.000000 
50.000000 48.664106 47.342605 46.049426 44.797592 43.598829 42.463241 41.399069 40.412541 39.507813 38.687003 37.950306 37.296173 36.721551 36.222146 35.792710 35.427321 35.119659 34.863238 34.651620 34.478573 34.338193 34.224983 34.133883 34.060263 33.999887 33.948832 33.903387 33.859915 33.814693 33.763709 33.702425 33.625485 33.526359 33.396878 33.226655 33.002297 32.706356 32.315868 31.800322 31.118768 30.215720 29.015411 27.414070 25.270636 22.398883 18.571012 13.558957 7.265837 0.000000 
50.000000 48.356289 46.730287 45.139134 43.598853 42.123871 40.726622 39.417245 38.203403 37.090209 36.080270 35.173826 34.368972 33.661951 33.047481 32.519104 32.069538 31.691005 31.375531 31.115198 30.902345 30.729720 30.590570 30.478691 30.388416 30.314573 30.252392 30.197387 30.145198 30.091399 30.031276 29.959557 29.870094 29.755473 29.606544 29.411824 29.156739 28.822647 28.385565 27.814502 27.069298 26.097907 24.833190 23.189723 21.062111 18.328455 14.866475 10.594826 5.552125 0.000000 
50.000000 48.064700 46.150251 44.276833 42.463311 40.726673 39.081558 37.539904 36.110732 34.800065 33.610970 32.543729 31.596103 30.763667 30.040202 29.418106 28.888809 28.443156 28.071762 27.765310 27.514791 27.311679 27.148045 27.016609 26.910741 26.824403 26.752059 26.688533 26.628841 26.567981 26.500693 26.421173 26.322746 26.197480 26.035720 25.825541 25.552067 25.196656 24.735901 24.140443 23.373603 22.389974 21.134259 19.541113 17.537416 15.049564 12.019605 8.434035 4.364067 0.000000 
50.000000 47.791458 45.606712 43.468790 41.399221 39.417391 37.540006 35.780691 34.149740 32.654025 31.297048 30.079132 28.997720 28.047763 27.222166 26.512257 25.908256 25.399719 24.975944 24.626307 24.340537 24.108922 23.922439 23.772815 23.652532 23.554769 23.473303 23.402361 23.336439 23.270081 23.197636 23.112964 23.009116 22.877964 22.709778 22.492738 22.212379 21.850962 21.386766 20.793367 20.038954 19.085905 17.890954 16.406612 14.584818 12.384248 9.782615 6.794147 3.488456 0.000000 
50.000000 47.538167 45.102860 42.719747 40.412826 38.203709 36.111014 34.149931 32.331935 30.664686 29.152088 27.794500 26.589072 25.530180 24.609915 23.818611 23.145370 22.578558 22.106248 21.716610 21.398209 21.140241 20.932676 20.766334 20.632892 20.524828 20.435318 20.358079 20.287189 20.216858 20.141183 20.053863 19.947895 19.815228 19.646398 19.430116 19.152838 18.798317 18.347170 17.776518 17.059814 16.167039 15.065572 13.722170 12.106631 10.197710 7.991474 5.511176 2.815566 0.000000 
50.000000 47.305902 44.640832 42.032880 39.508311 37.090772 34.800642 32.654540 30.665027 28.840483 27.185183 25.699519 24.380375 23.221593 22.214523 21.348588 20.611867 19.991631 19.474838 19.048552 18.700276 18.418211 18.191412 18.009881 17.864574 17.747352 17.650868 17.568420 17.493758 17.420865 17.343709 17.255976 17.150782 17.020368 16.855784 16.646560 16.380393 16.042849 15.617147 15.084063 14.422075 13.607892 12.617579 11.428540 10.022608 8.390389 6.536585 4.485350 2.283660 0.000000 
50.000000 47.095216 44.221730 41.409829 38.687832 36.081236 33.612013 31.298084 29.152989 27.185767 25.401025 23.799187 22.376893 21.127508 20.041702 19.108078 18.313784 17.645103 17.087982 16.628484 16.253156 15.949297 15.705147 15.509975 15.354100 15.228843 15.126418 15.039778 14.962432 14.888223 14.811091 14.724824 14.622789 14.497666 14.341180 14.143851 13.894767 13.581416 13.189612 12.703572 12.106229 11.379887 10.507342 9.473608 8.268315 6.888713 5.342958 3.652912 1.855308 0.000000 
50.000000 46.906173 43.845681 40.850783 37.951641 35.175410 32.545494 30.080978 27.796286 25.701044 23.800159 22.094084 20.579241 19.248562 18.092116 17.097763 16.251822 15.539687 14.946401 14.457133 14.057574 13.734224 13.474595 13.267311 13.102135 12.969924 12.862521 12.772610 12.693525 12.619045 12.543162 12.459844 12.362797 12.245229 12.099630 11.917574 11.689570 11.404980 11.052037 10.618015 10.089606 9.453572 8.697746 7.812412 6.792082 5.637505 4.357644 2.971097 1.506306 0.000000 
50.000000 46.738398 43.511939 40.354631 37.298272 34.371491 31.598959 29.000799 26.592216 24.383358 22.379398 20.580815 18.983837 17.581015 16.361879 15.313638 14.421868 13.671181 13.045819 12.530159 12.109135 11.768544 11.495260 11.277343 11.104077 10.965923 10.854422 10.762045 10.682012 10.608094 10.534386 10.455095 10.364314 10.255819 10.122888 9.958141 9.753452 9.499912 9.187905 8.807313 8.347889 7.799849 7.154692 6.406270 5.552048 4.594432 3.541929 2.409839 1.220093 0.000000 
50.000000 46.591135 43.219001 39.919140 36.724786 33.665863 30.768154 28.052690 25.535364 23.226782 21.132351 19.252573 17.583505 16.117363 14.843209 13.747672 12.815686 12.031174 11.377674 10.838874 10.399046 10.043374 9.758178 9.531033 9.350811 9.207645 9.092826 8.998665 8.918315 8.845577 8.774689 8.700120 8.616370 8.517787 8.398412 8.251856 8.071240 7.849193 7.577947 7.249540 6.856160 6.390635 5.847087 5.221731 4.513750 3.726160 2.866483 1.947054 0.984743 0.000000 
50.000000 46.463325 42.964758 39.541175 36.227055 33.053444 30.047093 27.229822 24.618118 22.222986 20.050037 18.099790 16.368157 14.847064 13.525161 12.388583 11.421701 10.607843 9.929938 9.371076 8.914960 8.546245 8.250774 8.015711 7.829579 7.682236 7.564777 7.469392 7.389203 7.318067 7.250381 7.180889 7.104489 7.016076 6.910401 6.781977 6.625028 6.433509 6.201197 5.921877 5.589629 5.199230 4.746652 4.229640 3.648323 3.005760 2.308334 1.565857 0.791284 0.000000 
50.000000 46.353678 42.746645 39.216921 35.800056 32.528055 29.428502 26.523891 23.831223 21.361842 19.121534 17.110835 15.325530 13.757296 12.394435 11.222653 10.225841 9.386816 8.687988 8.111935 7.641873 7.262007 6.957777 6.715997 6.524902 6.374124 6.254599 6.158434 6.078741 6.009452 5.945130 5.880780 5.811680 5.733227 5.640812 5.529740 5.395189 5.232227 5.035897 4.801371 4.524185 4.200547 3.827715 3.404408 2.931224 2.410987 1.848969 1.252897 0.632705 0.000000 
50.000000 46.260753 42.561798 38.942122 35.438181 32.082798 28.904257 25.925628 23.164344 20.632039 18.334646 16.272716 14.441928 12.833746 11.436176 10.234563 9.212392 8.352047 7.635498 7.044892 6.563034 6.173751 5.862144 5.614735 5.419522 5.265952 5.144841 5.048234 4.969252 4.901907 4.840922 4.781551 4.719413 4.650354 4.570324 4.475311 4.361293 4.224257 4.060265 3.865576 3.636827 3.371271 3.067048 2.723484 2.341364 1.923156 1.473133 0.997336 0.503368 0.000000 
50.000000 46.183037 42.407203 38.712297 35.135531 31.710412 28.465812 25.425279 22.606609 20.021680 17.676547 15.571772 13.702945 12.061355 10.634759 9.408201 8.364826 7.486657 6.755297 6.152534 5.660829 5.263696 4.945956 4.693891 4.495304 4.339497 4.217188 4.120385 4.042225 3.976801 3.918986 3.864256 3.808532 3.748047 3.679233 3.598645 3.502927 3.388808 3.253158 3.093074 2.906022 2.690008 2.443773 2.167004 1.860519 1.526402 1.168067 0.790211 0.398643 0.000000 
50.000000 46.119010 42.279839 38.522954 34.886192 31.403621 28.104597 25.013065 22.147119 19.518835 17.134371 14.994299 13.094135 11.425023 9.974517 8.727411 7.666571 6.773722 6.030168 5.417399 4.917597 4.514018 4.191254 3.935393 3.734083 3.576507 3.453312 3.356479 3.279170 3.215553 3.160635 3.110083 3.060081 3.007188 2.948236 2.880249 2.800408 2.706034 2.594626 2.463923 2.312005 2.137415 1.939302 1.717561 1.472958 1.207212 0.923027 0.624040 0.314689 0.000000 
50.000000 46.067213 42.176803 38.369777 34.684478 31.155428 27.812376 24.679587 21.775394 19.112037 16.695756 14.527129 12.601615 10.910240 9.440392 8.176664 7.101697 6.196978 5.443564 4.822709 4.316367 3.907589 3.580782 3.321882 3.118409 2.959457 2.835620 2.738862 2.662368 2.600377 2.548008 2.501095 2.456035 2.409659 2.359123 2.301830 2.235384 2.157571 2.066374 1.960014 1.837022 1.696323 1.537335 1.360067 1.165196 0.954123 0.728978 0.492574 0.248309 0.000000 
50.000000 46.026299 42.095415 38.248784 34.525146 30.959384 27.581555 24.416177 21.481775 18.790714 16.349301 14.158120 12.212583 10.503623 9.018498 7.741643 6.655520 5.741427 4.980229 4.352992 3.841494 3.428620 3.098636 2.837356 2.632203 2.472205 2.347913 2.251282 2.175522 2.114930 2.064718 2.020855 1.979913 1.938939 1.895345 1.846832 1.791332 1.726986 1.652139 1.565372 1.465541 1.351838 1.223859 1.081667 0.925846 0.757528 0.578394 0.390633 0.196860 0.000000 
50.000000 45.995081 42.033316 38.156466 34.403576 30.809802 27.405439 24.215195 21.257743 18.545545 16.084956 13.876567 11.915753 10.193376 8.696596 7.409726 6.315093 5.393849 4.626715 3.994612 3.479184 3.063193 2.730796 2.467713 2.261299 2.100529 1.975924 1.879436 1.804293 1.744841 1.696367 1.654945 1.617282 1.580591 1.542481 1.500875 1.453954 1.400119 1.337984 1.266385 1.184409 1.091433 0.987166 0.871694 0.745514 0.609548 0.465137 0.314006 0.158202 0.000000 
50.000000 45.972569 41.988536 38.089894 34.315909 30.701935 27.278438 24.070263 21.096190 18.368749 15.894333 13.673535 11.701704 9.969652 8.464468 7.170377 6.069607 5.143209 4.371795 3.736187 3.217928 2.799693 2.465561 2.201188 1.993876 1.832563 1.707753 1.611394 1.536731 1.478144 1.430977 1.391380 1.356160 1.322649 1.288599 1.252092 1.211484 1.165361 1.112521 1.051980 0.982980 0.905017 0.817873 0.721641 0.616746 0.503955 0.384368 0.259384 0.130652 0.000000 
50.000000 45.957997 41.959549 38.046801 34.259162 30.632113 27.196229 23.976448 20.991615 18.254308 15.770941 13.542111 11.563149 9.824835 8.314211 7.015446 5.910704 4.980970 4.206787 3.568910 3.048821 2.629136 2.293885 2.028680 1.820791 1.659135 1.534201 1.437938 1.363602 1.305595 1.259300 1.220916 1.187314 1.155905 1.124532 1.091380 1.054917 1.013846 0.967083 0.913754 0.853197 0.784982 0.708931 0.625137 0.533977 0.436117 0.332500 0.224318 0.112970 0.000000 
50.000000 45.950843 41.945318 38.025646 34.231303 30.597834 27.155869 23.930391 20.940275 18.198124 15.710363 13.477590 11.495127 9.753739 8.240444 6.939384 5.832693 4.901321 4.125779 3.486789 2.965801 2.545405 2.209605 1.943993 1.735824 1.574001 1.449010 1.352797 1.278626 1.220911 1.175050 1.137271 1.104474 1.074110 1.044066 1.012578 0.978167 0.939594 0.895832 0.846059 0.789660 0.726239 0.655637 0.577945 0.493515 0.402964 0.307157 0.207188 0.104332 0.000000 
50.000000 45.950843 41.945318 38.025646 34.231303 30.597834 27.155869 23.930391 20.940275 18.198124 15.710363 13.477590 11.495127 9.753739 8.240444 6.939384 5.832693 4.901321 4.125779 3.486789 2.965801 2.545405 2.209605 1.943993 1.735824 1.574001 1.449010 1.352797 1.278626 1.220911 1.175050 1.137271 1.104474 1.074110 1.044066 1.012578 0.978167 0.939594 0.895832 0.846059 0.789660 0.726239 0.655637 0.577945 0.493515 0.402964 0.307157 0.207188 0.104332 0.000000 
50.000000 45.957997 41.959549 38.046801 34.259162 30.632113 27.196229 23.976448 20.991615 18.254308 15.770941 13.542111 11.563149 9.824835 8.314211 7.015446 5.910704 4.980970 4.206787 3.568910 3.048821 2.629136 2.293885 2.028680 1.820791 1.659135 1.534201 1.437938 1.363602 1.305595 1.259300 1.220916 1.187314 1.155905 1.124532 1.091380 1.054917 1.013846 0.967083 0.913754 0.853197 0.784982 0.708931 0.625137 0.533977 0.436117 0.332500 0.224318 0.112970 0.000000 
50.000000 45.972569 41.988536 38.089894 34.315909 30.701935 27.278438 24.070263 21.096190 18.368749 15.894333 13.673535 11.701704 9.969652 8.464468 7.170377 6.069607 5.143209 4.371795 3.736187 3.217928 2.799693 2.465561 2.201188 1.993876 1.832563 1.707753 1.611394 1.536731 1.478144 1.430977 1.391380 1.356160 1.322649 1.288599 1.252092 1.211484 1.165361 1.112521 1.051980 0.982980 0.905017 0.817873 0.721641 0.616746 0.503955 0.384368 0.259384 0.130652 0.000000 
50.000000 45.995081 42.033316 38.156466 34.403576 30.809802 27.405439 24.215195 21.257743 18.545545 16.084956 13.876567 11.915753 10.193376 8.696596 7.409726 6.315093 5.393849 4.626715 3.994612 3.479184 3.063193 2.730796 2.467713 2.261299 2.100529 1.975924 1.879436 1.804293 1.744841 1.696367 1.654945 1.617282 1.580591 1.542481 1.500875 1.453954 1.400119 1.337984 1.266385 1.184409 1.091433 0.987166 0.871694 0.745514 0.609548 0.465137 0.314006 0.158202 0.000000 
50.000000 46.026299 42.095415 38.248784 34.525146 30.959384 27.581555 24.416177 21.481775 18.790714 16.349301 14.158120 12.212583 10.503623 9.018498 7.741643 6.655520 5.741427 4.980229 4.352992 3.841494 3.428620 3.098636 2.837356 2.632203 2.472205 2.347913 2.251282 2.175522 2.114930 2.064718 2.020855 1.979913 1.938939 1.895345 1.846832 1.791332 1.726986 1.652139 1.565372 1.465541 1.351838 1.223859 1.081667 0.925846 0.757528 0.578394 0.390633 0.196860 0.000000 
50.000000 46.067213 42.176803 38.369777 34.684478 31.155428 27.812376 24.679587 21.775394 19.112037 16.695756 14.527129 12.601615 10.910240 9.440392 8.176664 7.101697 6.196978 5.443564 4.822709 4.316367 3.907589 3.580782 3.321882 3.118409 2.959457 2.835620 2.738862 2.662368 2.600377 2.548008 2.501095 2.456035 2.409659 2.359123 2.301830 2.235384 2.157571 2.066374 1.960014 1.837022 1.696323 1.537335 1.360067 1.165196 0.954123 0.728978 0.492574 0.248309 0.000000 
50.000000 46.119010 42.279839 38.522954 34.886192 31.403621 28.104597 25.013065 22.147119 19.518835 17.134371 14.994299 13.094135 11.425023 9.974517 8.727411 7.666571 6.773722 6.030168 5.417399 4.917597 4.514018 4.191254 3.935393 3.734083 3.576507 3.453312 3.356479 3.279170 3.215553 3.160635 3.110083 3.060081 3.007188 2.948236 2.880249 2.800408 2.706034 2.594626 2.463923 2.312005 2.137415 1.939302 1.717561 1.472958 1.207212 0.923027 0.624040 0.314689 0.000000 
50.000000 46.183037 42.407203 38.712297 35.135531 31.710412 28.465812 25.425279 22.606609 20.021680 17.676547 15.571772 13.702945 12.061355 10.634759 9.408201 8.364826 7.486657 6.755297 6.152534 5.660829 5.263696 4.945956 4.693891 4.495304 4.339497 4.217188 4.120385 4.042225 3.976801 3.918986 3.864256 3.808532 3.748047 3.679233 3.598645 3.502927 3.388808 3.253158 3.093074 2.906022 2.690008 2.443773 2.167004 1.860519 1.526402 1.168067 0.790211 0.398643 0.000000 
50.000000 46.260753 42.561798 38.942122 35.438181 32.082798 28.904257 25.925628 23.164344 20.632039 18.334646 16.272716 14.441928 12.833746 11.436176 10.234563 9.212392 8.352047 7.635498 7.044892 6.563034 6.173751 5.862144 5.614735 5.419522 5.265952 5.144841 5.048234 4.969252 4.901907 4.840922 4.781551 4.719413 4.650354 4.570324 4.475311 4.361293 4.224257 4.060265 3.865576 3.636827 3.371271 3.067048 2.723484 2.341364 1.923156 1.473133 0.997336 0.503368 0.000000 
50.000000 46.353678 42.746645 39.216921 35.800056 32.528055 29.428502 26.523891 23.831223 21.361842 19.121534 17.110835 15.325530 13.757296 12.394435 11.222653 10.225841 9.386816 8.687988 8.111935 7.641873 7.262007 6.957777 6.715997 6.524902 6.374124 6.254599 6.158434 6.078741 6.009452 5.945130 5.880780 5.811680 5.733227 5.640812 5.529740 5.395189 5.232227 5.035897 4.801371 4.524185 4.200547 3.827715 3.404408 2.931224 2.410987 1.848969 1.252897 0.632705 0.000000 
50.000000 46.463325 42.964758 39.541175 36.227055 33.053444 30.047093 27.229822 24.618118 22.222986 20.050037 18.099790 16.368157 14.847064 13.525161 12.388583 11.421701 10.607843 9.929938 9.371076 8.914960 8.546245 8.250774 8.015711 7.829579 7.682236 7.564777 7.469392 7.389203 7.318067 7.250381 7.180889 7.104489 7.016076 6.910401 6.781977 6.625028 6.433509 6.201197 5.921877 5.589629 5.199230 4.746652 4.229640 3.648323 3.005760 2.308334 1.565857 0.791284 0.000000 
50.000000 46.591135 43.219001 39.919140 36.724786 33.665863 30.768154 28.052690 25.535364 23.226782 21.132351 19.252573 17.583505 16.117363 14.843209 13.747672 12.815686 12.031174 11.377674 10.838874 10.399046 10.043374 9.758178 9.531033 9.350811 9.207645 9.092826 8.998665 8.918315 8.845577 8.774689 8.700120 8.616370 8.517787 8.398412 8.251856 8.071240 7.849193 7.577947 7.249540 6.856160 6.390635 5.847087 5.221731 4.513750 3.726160 2.866483 1.947054 0.984743 0.000000 
50.000000 46.738398 43.511939 40.354631 37.298272 34.371491 31.598959 29.000799 26.592216 24.383358 22.379398 20.580815 18.983837 17.581015 16.361879 15.313638 14.421868 13.671181 13.045819 12.530159 12.109135 11.768544 11.495260 11.277343 11.104077 10.965923 10.854422 10.762045 10.682012 10.608094 10.534386 10.455095 10.364314 10.255819 10.122888 9.958141 9.753452 9.499912 9.187905 8.807313 8.347889 7.799849 7.154692 6.406270 5.552048 4.594432 3.541929 2.409839 1.220093 0.000000 
50.000000 46.906173 43.845681 40.850783 37.951641 35.175410 32.545494 30.080978 27.796286 25.701044 23.800159 22.094084 20.579241 19.248562 18.092116 17.097763 16.251822 15.539687 14.946401 14.457133 14.057574 13.734224 13.474595 13.267311 13.102135 12.969924 12.862521 12.772610 12.693525 12.619045 12.543162 12.459844 12.362797 12.245229 12.099630 11.917574 11.689570 11.404980 11.052037 10.618015 10.089606 9.453572 8.697746 7.812412 6.792082 5.637505 4.357644 2.971097 1.506306 0.000000 
50.000000 47.095216 44.221730 41.409829 38.687832 36.081236 33.612013 31.298084 29.152989 27.185767 25.401025 23.799187 22.376893 21.127508 20.041702 19.108078 18.313784 17.645103 17.087982 16.628484 16.253156 15.949297 15.705147 15.509975 15.354100 15.228843 15.126418 15.039778 14.962432 14.888223 14.811091 14.724824 14.622789 14.497666 14.341180 14.143851 13.894767 13.581416 13.189612 12.703572 12.106229 11.379887 10.507342 9.473608 8.268315 6.888713 5.342958 3.652912 1.855308 0.000000 
50.000000 47.305902 44.640832 42.032880 39.508311 37.090772 34.800642 32.654540 30.665027 28.840483 27.185183 25.699519 24.380375 23.221593 22.214523 21.348588 20.611867 19.991631 19.474838 19.048552 18.700276 18.418211 18.191412 18.009881 17.864574 17.747352 17.650868 17.568420 17.493758 17.420865 17.343709 17.255976 17.150782 17.020368 16.855784 16.646560 16.380393 16.042849 15.617147 15.084063 14.422075 13.607892 12.617579 11.428540 10.022608 8.390389 6.536585 4.485350 2.283660 0.000000 
50.000000 47.538167 45.102860 42.719747 40.412826 38.203709 36.111014 34.149931 32.331935 30.664686 29.152088 27.794500 26.589072 25.530180 24.609915 23.818611 23.145370 22.578558 22.106248 21.716610 21.398209 21.140241 20.932676 20.766334 20.632892 20.524828 20.435318 20.358079 20.287189 20.216858 20.141183 20.053863 19.947895 19.815228 19.646398 19.430116 19.152838 18.798317 18.347170 17.776518 17.059814 16.167039 15.065572 13.722170 12.106631 10.197710 7.991474 5.511176 2.815566 0.000000 
50.000000 47.791458 45.606712 43.468790 41.399221 39.417391 37.540006 35.780691 34.149740 32.654025 31.297048 30.079132 28.997720 28.047763 27.222166 26.512257 25.908256 25.399719 24.975944 24.626307 24.340537 24.108922 23.922439 23.772815 23.652532 23.554769 23.473303 23.402361 23.336439 23.270081 23.197636 23.112964 23.009116 22.877964 22.709778 22.492738 22.212379 21.850962 21.386766 20.793367 20.038954 19.085905 17.890954 16.406612 14.584818 12.384248 9.782615 6.794147 3.488456 0.000000 
50.000000 48.064700 46.150251 44.276833 42.463311 40.726673 39.081558 37.539904 36.110732 34.800065 33.610970 32.543729 31.596103 30.763667 30.040202 29.418106 28.888809 28.443156 28.071762 27.765310 27.514791 27.311679 27.148045 27.016609 26.910741 26.824403 26.752059 26.688533 26.628841 26.567981 26.500693 26.421173 26.322746 26.197480 26.035720 25.825541 25.552067 25.196656 24.735901 24.140443 23.373603 22.389974 21.134259 19.541113 17.537416 15.049564 12.019605 8.434035 4.364067 0.000000 
50.000000 48.356289 46.730287 45.139134 43.598853 42.123871 40.726622 39.417245 38.203403 37.090209 36.080270 35.173826 34.368972 33.661951 33.047481 32.519104 32.069538 31.691005 31.375531 31.115198 30.902345 30.729720 30.590570 30.478691 30.388416 30.314573 30.252392 30.197387 30.145198 30.091399 30.031276 29.959557 29.870094 29.755473 29.606544 29.411824 29.156739 28.822647 28.385565 27.814502 27.069298 26.097907 24.833190 23.189723 21.062111 18.328455 14.866475 10.594826 5.552125 0.000000 
50.000000 48.664106 47.342605 46.049426 44.797592 43.598829 42.463241 41.399069 40.412541 39.507813 38.687003 37.950306 37.296173 36.721551 36.222146 35.792710 35.427321 35.119659 34.863238 34.651620 34.478573 34.338193 34.224983 34.133883 34.060263 33.999887 33.948832 33.903387 33.859915 33.814693 33.763709 33.702425 33.625485 33.526359 33.396878 33.226655 33.002297 32.706356 32.315868 31.800322 31.118768 30.215720 29.015411 27.414070 25.270636 22.398883 18.571012 13.558957 7.265837 0.000000 
50.000000 48.985554 47.982038 47.000029 46.049416 45.139104 44.276765 43.468658 42.719512 42.032482 41.409178 40.849746 40.353011 39.916654 39.537415 39.211306 38.933831 38.700189 38.505453 38.344733 38.213291 38.106640 38.020598 37.951313 37.895253 37.849182 37.810091 37.775122 37.741454 37.706180 37.666137 37.617718 37.556624 37.477561 37.373843 37.236868 37.055401 36.814568 36.494412 36.067744 35.496899 34.728696 33.686475 32.257445 30.272816 27.478526 23.500054 17.831274 9.965899 0.000000 
50.000000 49.317621 48.642594 47.982035 47.342594 46.730262 46.150200 45.606617 45.102695 44.640556 44.221282 43.844973 43.510838 43.217316 42.962214 42.742851 42.556201 42.399033 42.268035 42.159912 42.071480 41.999715 41.941802 41.895144 41.857358 41.826257 41.799803 41.776051 41.753077 41.728882 41.701281 41.667765 41.625321 41.570215 41.497694 41.401592 41.273774 41.103337 40.875423 40.569388 40.155873 39.591954 38.812754 37.716350 36.135556 33.783715 30.150811 24.321312 14.777105 0.000000 
50.000000 49.656962 49.317621 48.985551 48.664099 48.356274 48.064672 47.791408 47.538082 47.305761 47.094988 46.905814 46.737841 46.590285 46.462042 46.351766 46.257934 46.178923 46.113066 46.058709 46.014248 45.978164 45.949039 45.925567 45.906549 45.890880 45.877532 45.865521 45.853870 45.841562 45.827480 45.810337 45.788579 45.760274 45.722952 45.673389 45.607305 45.518922 45.400283 45.240190 45.022434 44.722733 44.303093 43.700697 42.804209 41.398300 39.019677 34.540530 24.828484 0.000000 
50.000000 50.000000 50.000000 50.000000 50.000000 50.000000 50.000000 50.000000 50.000000 50.000000 50.000000 50.000000 50.000000 50.000000 50.000000 50.000000 50.000000 50.000000 50.000000 50.000000 50.000000 50.000000 50.000000 50.000000 50.000000 50.000000 50.000000 50.000000 50.000000 50.000000 50.000000 50.000000 50.000000 50.000000 50.000000 50.000000 50.000000 50.000000 50.000000 50.000000 50.000000 50.000000 50.000000 50.000000 50.000000 50.000000 50.000000 50.000000 50.000000 50.000000 
