50.000000 50.000000 50.000000 50.000000 50.000000 50.000000 50.000000 50.000000 50.000000 50.000000 50.000000 50.000000 50.000000 50.000000 50.000000 50.000000 50.000000 50.000000 50.000000 50.000000 50.000000 50.000000 50.000000 50.000000 50.000000 50.000000 50.000000 50.000000 50.000000 50.000000 50.000000 50.000000 50.000000 50.000000 50.000000 50.000000 50.000000 50.000000 50.000000 50.000000 50.000000 50.000000 50.000000 50.000000 50.000000 50.000000 50.000000 50.000000 50.000000 50.000000 
50.000000 49.832651 49.666179 49.501450 49.339299 49.180520 49.025855 48.875980 48.731498 48.592931 48.460711 48.335182 48.216592 48.105093 48.000748 47.903522 47.813297 47.729867 47.652948 47.582179 47.517126 47.457290 47.402101 47.350925 47.303060 47.257727 47.214068 47.171128 47.127836 47.082980 47.035167 46.982774 46.923873 46.856141 46.776712 46.681990 46.567357 46.426747 46.251981 46.031714 45.749677 45.381621 44.889678 44.211260 43.235351 41.747035 39.283508 34.717521 24.917315 0.000000 
50.000000 49.666225 49.334201 49.005652 48.682245 48.365565 48.057089 47.758168 47.470004 47.193636 46.929931 46.679571 46.443052 46.220680 46.012577 45.818680 45.638749 45.472378 45.319001 45.177900 45.048216 44.928952 44.818980 44.717042 44.621743 44.531544 44.444746 44.359464 44.273588 44.184733 44.090167 43.986716 43.870625 43.737381 43.581454 43.395936 43.172021 42.898237 42.559284 42.134225 41.593583 40.894494 39.972334 38.725627 36.987822 34.473071 30.672329 24.671172 14.952697 0.000000 
50.000000 49.501633 49.005882 48.515320 48.032436 47.559596 47.099007 46.652686 46.222427 45.809784 45.416051 45.042247 44.689113 44.357110 44.046418 43.756947 43.488342 43.240000 43.011079 42.800515 42.607030 42.429148 42.265196 42.113310 41.971428 41.837280 41.708363 41.581907 41.454824 41.323635 41.184370 41.032438 40.862445 40.667945 40.441102 40.172219 39.849069 39.455935 38.972204 38.370256 37.612245 36.645075 35.392456 33.742250 31.526598 28.492627 24.267238 18.345932 10.224200 0.000000 
50.000000 49.339763 48.682992 48.033095 47.393370 46.766954 46.156770 45.565489 44.995491 44.448834 43.927233 43.432042 42.964242 42.524447 42.112900 41.729482 41.373731 41.044853 40.741742 40.462997 40.206940 39.971631 39.754877 39.554237 39.367015 39.190251 39.020693 38.854750 38.688440 38.517294 38.336249 38.139484 37.920211 37.670393 37.380361 37.038297 36.629510 36.135449 35.532293 34.788963 33.864264 32.702819 31.229331 29.340872 26.897581 23.714769 19.566480 14.226745 7.600988 0.000000 
50.000000 49.181464 48.367224 47.561508 46.768405 45.991802 45.235326 44.502289 43.795642 43.117939 42.471307 41.857425 41.277516 40.732343 40.222210 39.746979 39.306083 38.898549 38.523017 38.177766 37.860738 37.569553 37.301525 37.053671 36.822707 36.605033 36.396710 36.193411 35.990357 35.782223 35.563014 35.325895 35.062975 34.765009 34.421016 34.017768 33.539112 32.965061 32.270582 31.423986 30.384808 29.101120 27.506344 25.516061 23.026316 19.917055 16.068213 11.400969 5.956709 0.000000 
50.000000 49.027539 48.060183 47.102954 46.160712 45.238075 44.339355 43.468485 42.628974 41.823858 41.055667 40.326398 39.637510 38.989912 38.383973 37.819538 37.295945 36.812049 36.366253 35.956537 35.580481 35.235296 34.917838 34.624620 34.351818 34.095255 33.850376 33.612207 33.375285 33.133567 32.880306 32.607885 32.307602 31.969392 31.581475 31.129893 30.597933 29.965383 29.207613 28.294440 27.188820 25.845466 24.209712 22.217354 19.796914 16.876898 13.401887 9.361264 4.829413 0.000000 
50.000000 48.878736 47.763359 46.659660 45.573243 44.509436 43.473208 42.469100 41.501157 40.572883 39.687197 38.846409 38.052203 37.305635 36.607141 35.956552 35.353117 34.795536 34.281991 33.810179 33.377350 32.980332 32.615561 32.279093 31.966615 31.673436 31.394464 31.124170 30.856524 30.584909 30.302003 29.999628 29.668556 29.298263 28.876622 28.389531 27.820454 27.149880 26.354705 25.407568 24.276230 22.923180 21.305834 19.377950 17.093274 14.412800 11.317036 7.823397 4.004994 0.000000 
50.000000 48.735740 47.478118 46.233667 45.008704 43.809238 42.640875 41.508735 40.417384 39.370773 38.372200 37.424273 36.528898 35.687274 34.899904 34.166609 33.486563 32.858319 32.279857 31.748616 31.261538 30.815106 30.405372 30.027983 29.678191 29.350856 29.040429 28.740919 28.445841 28.148141 27.840089 27.513154 27.157831 26.763445 26.317902 25.807408 25.216144 24.525917 23.715813 22.761914 21.637179 20.311686 18.753521 16.930767 14.815144 12.387890 9.648062 6.622329 3.373194 0.000000 
50.000000 48.599168 47.205692 45.826811 44.469528 43.140502 41.845945 40.591533 39.382328 38.222714 37.116347 36.066124 35.074165 34.141809 33.269625 32.457432 31.704333 31.008754 30.368487 29.780736 29.242167 28.748949 28.296791 27.880976 27.496378 27.137472 26.798326 26.472578 26.153393 25.833405 25.504628 25.158351 24.785006 24.374011 23.913591 23.390582 22.790231 22.096005 21.289467 20.350256 19.256294 17.984358 16.511231 14.815682 12.881545 10.702014 8.284920 5.657989 2.872130 0.000000 
50.000000 48.469564 46.947166 45.440716 43.957866 42.505893 41.091587 39.721150 38.400118 37.133282 35.924644 34.777376 33.693803 32.675399 31.722799 30.835826 30.013522 29.254197 28.555476 27.914353 27.327242 26.790034 26.298135 25.846508 25.429705 25.041875 24.676774 24.327752 23.987719 23.649105 23.303795 22.943044 22.557384 22.136511 21.669164 21.143012 20.544547 19.859030 19.070509 18.161977 17.115750 15.914162 14.540712 12.981793 11.229068 9.282437 7.153255 4.867048 2.464583 0.000000 
50.000000 48.347400 46.703481 45.076785 43.475579 41.907720 40.380544 38.900752 37.474323 36.106437 34.801422 33.562711 32.392823 31.293364 30.265036 29.307666 28.420249 27.600989 26.847364 26.156180 25.523629 24.945355 24.416499 23.931751 23.485386 23.071287 22.682962 22.313543 21.955770 21.601960 21.243970 20.873134 20.480204 20.055275 19.587721 19.066141 18.478333 17.811323 17.051486 16.184797 15.197266 14.075639 12.808420 11.387257 9.808690 8.076125 6.201743 4.207831 2.126900 0.000000 
50.000000 48.233073 46.475431 44.736206 43.024238 41.347933 39.715134 38.133010 36.607958 35.145523 33.750337 32.426079 31.175454 30.000192 28.901062 27.877902 26.929661 26.054459 25.249639 24.511843 23.837068 23.220743 22.657779 22.142633 21.669350 21.231599 20.822695 20.435615 20.062994 19.697115 19.329881 18.952786 18.556881 18.132734 17.670408 17.159454 16.588940 15.947541 15.223705 14.405945 13.483272 12.445830 11.285743 9.998181 8.582602 7.044030 5.394158 3.651945 1.843358 0.000000 
50.000000 48.126913 46.263669 44.419953 42.605137 40.828134 39.097262 37.420123 35.803504 34.253287 32.774391 31.370724 30.045167 28.799566 27.634756 26.550586 25.545974 24.618961 23.766778 22.985920 22.272218 21.620911 21.026717 20.483896 19.986305 19.527440 19.100475 18.698283 18.313450 17.938276 17.564769 17.184636 16.789271 16.369746 15.916819 15.420960 14.872420 14.261345 13.577970 12.812902 11.957528 11.004543 9.948632 8.787264 7.521543 6.157033 4.704363 3.179448 1.603109 0.000000 
50.000000 48.029179 46.068716 44.128804 42.219306 40.349600 38.528444 36.763839 35.062931 33.431915 31.875973 30.399227 29.004719 27.694408 26.469189 25.328929 24.272518 23.297932 22.402305 21.582006 20.832719 20.149527 19.526981 18.959178 18.439822 17.962277 17.519614 17.104645 16.709946 16.327875 15.950583 15.570017 15.177934 14.765907 14.325362 13.847621 13.323995 12.745907 12.105087 11.393837 10.605378 9.734291 8.777034 7.732525 6.602720 5.393124 4.113114 2.775958 1.398435 0.000000 
50.000000 47.940071 45.890971 43.863354 41.867530 39.913308 38.009840 36.165496 34.387748 32.683077 31.056906 29.513554 28.056213 26.686943 25.406701 24.215369 23.111819 22.093971 21.158875 20.302795 19.521290 18.809308 18.161262 17.571117 17.032454 16.538536 16.082365 15.656721 15.254203 14.867252 14.488182 14.109191 13.722394 13.319845 12.893584 12.435702 11.938431 11.394276 10.796197 10.137835 9.413811 8.620071 7.754278 6.816227 5.808233 4.735440 3.605972 2.430861 1.223700 0.000000 
50.000000 47.859734 45.730721 43.624033 41.550384 39.519966 37.542293 35.626064 33.779047 32.007982 30.318511 28.715130 27.201167 25.778778 24.448974 23.211657 22.065684 21.008928 20.038372 19.150187 18.339829 17.602133 16.931399 16.321481 15.765867 15.257745 14.790071 14.355620 13.947030 13.556844 13.177541 12.801571 12.421385 12.029482 11.618455 11.181062 10.710325 10.199647 9.642977 9.035005 8.371401 7.649086 6.866522 6.024005 5.123916 4.170901 3.171927 2.136167 1.074697 0.000000 
50.000000 47.788267 45.588163 43.411133 41.268252 39.170052 37.126369 35.146196 33.237565 31.407445 29.661675 28.004910 26.440598 24.970984 23.597129 22.318954 21.135305 20.044019 19.042019 18.125403 17.289539 16.529169 15.838500 15.211300 14.640982 14.120681 13.643327 13.201704 12.788503 12.396372 12.017956 11.645937 11.273081 10.892279 10.496607 10.079398 9.634332 9.155546 8.637774 8.076512 7.468211 6.810475 6.102285 5.344191 4.538477 3.689257 2.802473 1.885768 0.948231 0.000000 
50.000000 47.725727 45.463415 43.224831 41.021367 38.863855 36.762411 34.726286 32.763743 30.881954 29.086929 27.383462 25.775111 24.264196 22.851824 21.537936 20.321369 19.199932 18.170500 17.229109 16.371055 15.591005 14.883091 14.241012 13.658125 13.127529 12.642140 12.194762 11.778144 11.385036 11.008239 10.640648 10.275303 9.905441 9.524550 9.126444 8.705341 8.255968 7.773676 7.254573 6.695678 6.095074 5.452061 4.767294 4.042879 3.282416 2.490969 1.674939 0.841841 0.000000 
50.000000 47.672144 45.356532 43.065211 40.809841 38.601513 36.450582 34.366522 32.357792 30.431740 28.594522 26.851053 25.204984 23.658701 22.213353 20.868898 19.624168 18.476949 17.424078 16.461540 15.584575 14.787787 14.065250 13.410610 12.817182 12.278039 11.786095 11.334178 10.915095 10.521691 10.146905 9.783820 9.425714 9.066114 8.698852 8.318134 7.918615 7.495484 7.044567 6.562434 6.046513 5.495212 4.908023 4.285615 3.629885 2.943974 2.232211 1.499998 0.753622 0.000000 
50.000000 47.627524 45.267528 42.932291 40.633698 38.383054 36.190917 34.066941 32.019754 30.056847 28.184499 26.407728 24.730260 23.154540 21.681750 20.311864 19.043710 17.875060 16.802717 15.822627 14.929986 14.119351 13.384747 12.719782 12.117739 11.571676 11.074509 10.619092 10.198283 9.805014 9.432341 9.073506 8.721985 8.371542 8.016288 7.650743 7.269901 6.869312 6.445159 5.994350 5.514607 5.004554 4.463791 3.892951 3.293732 2.668876 2.022121 1.358082 0.682094 0.000000 
50.000000 47.591859 45.196386 42.826046 40.492905 38.208438 35.983364 33.827485 31.749560 29.757197 27.856775 26.053389 24.350832 22.751591 21.256878 19.866680 18.579824 17.394067 16.306191 15.312112 14.406990 13.585345 12.841170 12.168041 11.559221 11.007758 10.506572 10.048540 9.626568 9.233656 8.862959 8.507844 8.161945 7.819214 7.473978 7.120998 6.755527 6.373381 5.971009 5.545561 5.094961 4.617975 4.114258 3.584391 3.029891 2.453183 1.857540 1.246980 0.626119 0.000000 
50.000000 47.565132 45.143073 42.746429 40.387398 38.077586 35.827830 33.648045 31.547087 29.532652 27.611193 25.787867 24.066512 22.449651 20.938518 19.533107 18.232247 17.033686 15.934189 14.929649 14.015203 13.185344 12.434041 11.754847 11.141013 10.585579 10.081473 9.621591 9.198873 8.806373 8.437322 8.085182 7.743703 7.406977 7.069488 6.726171 6.372466 6.004380 5.618544 5.212275 4.783633 4.331471 3.855468 3.356155 2.834905 2.293903 1.736083 1.165027 0.584843 0.000000 
50.000000 47.547326 45.107556 42.693387 40.317108 37.990411 35.724213 33.528501 31.412199 29.383061 27.447588 25.610979 23.877104 22.248507 20.726436 19.310896 18.000712 16.793628 15.686398 14.674901 13.754257 12.918942 12.162911 11.479703 10.862559 10.304517 9.798509 9.337445 8.914290 8.522135 8.154260 7.804190 7.465753 7.133132 6.800916 6.464153 6.118402 5.759792 5.385069 4.991656 4.577694 4.142087 3.684523 3.205493 2.706270 2.188880 1.656033 1.111032 0.557653 0.000000 
50.000000 47.538427 45.089806 42.666878 40.281979 37.946843 35.672428 33.468756 31.344786 29.308300 27.365824 25.522577 23.782444 22.147982 20.620447 19.199845 17.885004 16.673662 15.562570 14.547599 13.623862 12.785826 12.027438 11.342231 10.723442 10.164108 9.657163 9.195524 8.772169 8.380207 8.012943 7.663934 7.327047 6.996509 6.666962 6.333507 5.991766 5.637923 5.268784 4.881818 4.475208 4.047878 3.599522 3.130606 2.642354 2.136713 1.616281 1.084224 0.544155 0.000000 
50.000000 47.538427 45.089806 42.666878 40.281979 37.946843 35.672428 33.468756 31.344786 29.308300 27.365824 25.522577 23.782444 22.147982 20.620447 19.199845 17.885004 16.673662 15.562570 14.547599 13.623862 12.785826 12.027438 11.342231 10.723442 10.164108 9.657163 9.195524 8.772169 8.380207 8.012943 7.663934 7.327047 6.996509 6.666962 6.333507 5.991766 5.637923 5.268784 4.881818 4.475208 4.047878 3.599522 3.130606 2.642354 2.136713 1.616281 1.084224 0.544155 0.000000 
50.000000 47.547326 45.107556 42.693387 40.317108 37.990411 35.724213 33.528501 31.412199 29.383061 27.447588 25.610979 23.877104 22.248507 20.726436 19.310896 18.000712 16.793628 15.686398 14.674901 13.754257 12.918942 12.162911 11.479703 10.862559 10.304517 9.798509 9.337445 8.914290 8.522135 8.154260 7.804190 7.465753 7.133132 6.800916 6.464153 6.118402 5.759792 5.385069 4.991656 4.577694 4.142087 3.684523 3.205493 2.706270 2.188880 1.656033 1.111032 0.557653 0.000000 
50.000000 47.565132 45.143073 42.746429 40.387398 38.077586 35.827830 33.648045 31.547087 29.532652 27.611193 25.787867 24.066512 22.449651 20.938518 19.533107 18.232247 17.033686 15.934189 14.929649 14.015203 13.185344 12.434041 11.754847 11.141013 10.585579 10.081473 9.621591 9.198873 8.806373 8.437322 8.085182 7.743703 7.406977 7.069488 6.726171 6.372466 6.004380 5.618544 5.212275 4.783633 4.331471 3.855468 3.356155 2.834905 2.293903 1.736083 1.165027 0.584843 0.000000 
50.000000 47.591859 45.196386 42.826046 40.492905 38.208438 35.983364 33.827485 31.749560 29.757197 27.856775 26.053389 24.350832 22.751591 21.256878 19.866680 18.579824 17.394067 16.306191 15.312112 14.406990 13.585345 12.841170 12.168041 11.559221 11.007758 10.506572 10.048540 9.626568 9.233656 8.862959 8.507844 8.161945 7.819214 7.473978 7.120998 6.755527 6.373381 5.971009 5.545561 5.094961 4.617975 4.114258 3.584391 3.029891 2.453183 1.857540 1.246980 0.626119 0.000000 
50.000000 47.627524 45.267528 42.932291 40.633698 38.383054 36.190917 34.066941 32.019754 30.056847 28.184499 26.407728 24.730260 23.154540 21.681750 20.311864 19.043710 17.875060 16.802717 15.822627 14.929986 14.119351 13.384747 12.719782 12.117739 11.571676 11.074509 10.619092 10.198283 9.805014 9.432341 9.073506 8.721985 8.371542 8.016288 7.650743 7.269901 6.869312 6.445159 5.994350 5.514607 5.004554 4.463791 3.892951 3.293732 2.668876 2.022121 1.358082 0.682094 0.000000 
50.000000 47.672144 45.356532 43.065211 40.809841 38.601513 36.450582 34.366522 32.357792 30.431740 28.594522 26.851053 25.204984 23.658701 22.213353 20.868898 19.624168 18.476949 17.424078 16.461540 15.584575 14.787787 14.065250 13.410610 12.817182 12.278039 11.786095 11.334178 10.915095 10.521691 10.146905 9.783820 9.425714 9.066114 8.698852 8.318134 7.918615 7.495484 7.044567 6.562434 6.046513 5.495212 4.908023 4.285615 3.629885 2.943974 2.232211 1.499998 0.753622 0.000000 
50.000000 47.725727 45.463415 43.224831 41.021367 38.863855 36.762411 34.726286 32.763743 30.881954 29.086929 27.383462 25.775111 24.264196 22.851824 21.537936 20.321369 19.199932 18.170500 17.229109 16.371055 15.591005 14.883091 14.241012 13.658125 13.127529 12.642140 12.194762 11.778144 11.385036 11.008239 10.640648 10.275303 9.905441 9.524550 9.126444 8.705341 8.255968 7.773676 7.254573 6.695678 6.095074 5.452061 4.767294 4.042879 3.282416 2.490969 1.674939 0.841841 0.000000 
50.000000 47.788267 45.588163 43.411133 41.268252 39.170052 37.126369 35.146196 33.237565 31.407445 29.661675 28.004910 26.440598 24.970984 23.597129 22.318954 21.135305 20.044019 19.042019 18.125403 17.289539 16.529169 15.838500 15.211300 14.640982 14.120681 13.643327 13.201704 12.788503 12.396372 12.017956 11.645937 11.273081 10.892279 10.496607 10.079398 9.634332 9.155546 8.637774 8.076512 7.468211 6.810475 6.102285 5.344191 4.538477 3.689257 2.802473 1.885768 0.948231 0.000000 
50.000000 47.859734 45.730721 43.624033 41.550384 39.519966 37.542293 35.626064 33.779047 32.007982 30.318511 28.715130 27.201167 25.778778 24.448974 23.211657 22.065684 21.008928 20.038372 19.150187 18.339829 17.602133 16.931399 16.321481 15.765867 15.257745 14.790071 14.355620 13.947030 13.556844 13.177541 12.801571 12.421385 12.029482 11.618455 11.181062 10.710325 10.199647 9.642977 9.035005 8.371401 7.649086 6.866522 6.024005 5.123916 4.170901 3.171927 2.136167 1.074697 0.000000 
50.000000 47.940071 45.890971 43.863354 41.867530 39.913308 38.009840 36.165496 34.387748 32.683077 31.056906 29.513554 28.056213 26.686943 25.406701 24.215369 23.111819 22.093971 21.158875 20.302795 19.521290 18.809308 18.161262 17.571117 17.032454 16.538536 16.082365 15.656721 15.254203 14.867252 14.488182 14.109191 13.722394 13.319845 12.893584 12.435702 11.938431 11.394276 10.796197 10.137835 9.413811 8.620071 7.754278 6.816227 5.808233 4.735440 3.605972 2.430861 1.223700 0.000000 
50.000000 48.029179 46.068716 44.128804 42.219306 40.349600 38.528444 36.763839 35.062931 33.431915 31.875973 30.399227 29.004719 27.694408 26.469189 25.328929 24.272518 23.297932 22.402305 21.582006 20.832719 20.149527 19.526981 18.959178 18.439822 17.962277 17.519614 17.104645 16.709946 16.327875 15.950583 15.570017 15.177934 14.765907 14.325362 13.847621 13.323995 12.745907 12.105087 11.393837 10.605378 9.734291 8.777034 7.732525 6.602720 5.393124 4.113114 2.775958 1.398435 0.000000 
50.000000 48.126913 46.263669 44.419953 42.605137 40.828134 39.097262 37.420123 35.803504 34.253287 32.774391 31.370724 30.045167 28.799566 27.634756 26.550586 25.545974 24.618961 23.766778 22.985920 22.272218 21.620911 21.026717 20.483896 19.986305 19.527440 19.100475 18.698283 18.313450 17.938276 17.564769 17.184636 16.789271 16.369746 15.916819 15.420960 14.872420 14.261345 13.577970 12.812902 11.957528 11.004543 9.948632 8.787264 7.521543 6.157033 4.704363 3.179448 1.603109 0.000000 
50.000000 48.233073 46.475431 44.736206 43.024238 41.347933 39.715134 38.133010 36.607958 35.145523 33.750337 32.426079 31.175454 30.000192 28.901062 27.877902 26.929661 26.054459 25.249639 24.511843 23.837068 23.220743 22.657779 22.142633 21.669350 21.231599 20.822695 20.435615 20.062994 19.697115 19.329881 18.952786 18.556881 18.132734 17.670408 17.159454 16.588940 15.947541 15.223705 14.405945 13.483272 12.445830 11.285743 9.998181 8.582602 7.044030 5.394158 3.651945 1.843358 0.000000 
50.000000 48.347400 46.703481 45.076785 43.475579 41.907720 40.380544 38.900752 37.474323 36.106437 34.801422 33.562711 32.392823 31.293364 30.265036 29.307666 28.420249 27.600989 26.847364 26.156180 25.523629 24.945355 24.416499 23.931751 23.485386 23.071287 22.682962 22.313543 21.955770 21.601960 21.243970 20.873134 20.480204 20.055275 19.587721 19.066141 18.478333 17.811323 17.051486 16.184797 15.197266 14.075639 12.808420 11.387257 9.808690 8.076125 6.201743 4.207831 2.126900 0.000000 
50.000000 48.469564 46.947166 45.440716 43.957866 42.505893 41.091587 39.721150 38.400118 37.133282 35.924644 34.777376 33.693803 32.675399 31.722799 30.835826 30.013522 29.254197 28.555476 27.914353 27.327242 26.790034 26.298135 25.846508 25.429705 25.041875 24.676774 24.327752 23.987719 23.649105 23.303795 22.943044 22.557384 22.136511 21.669164 21.143012 20.544547 19.859030 19.070509 18.161977 17.115750 15.914162 14.540712 12.981793 11.229068 9.282437 7.153255 4.867048 2.464583 0.000000 
50.000000 48.599168 47.205692 45.826811 44.469528 43.140502 41.845945 40.591533 39.382328 38.222714 37.116347 36.066124 35.074165 34.141809 33.269625 32.457432 31.704333 31.008754 30.368487 29.780736 29.242167 28.748949 28.296791 27.880976 27.496378 27.137472 26.798326 26.472578 26.153393 25.833405 25.504628 25.158351 24.785006 24.374011 23.913591 23.390582 22.790231 22.096005 21.289467 20.350256 19.256294 17.984358 16.511231 14.815682 12.881545 10.702014 8.284920 5.657989 2.872130 0.000000 
50.000000 48.735740 47.478118 46.233667 45.008704 43.809238 42.640875 41.508735 40.417384 39.370773 38.372200 37.424273 36.528898 35.687274 34.899904 34.166609 33.486563 32.858319 32.279857 31.748616 31.261538 30.815106 30.405372 30.027983 29.678191 29.350856 29.040429 28.740919 28.445841 28.148141 27.840089 27.513154 27.157831 26.763445 26.317902 25.807408 25.216144 24.525917 23.715813 22.761914 21.637179 20.311686 18.753521 16.930767 14.815144 12.387890 9.648062 6.622329 3.373194 0.000000 
50.000000 48.878736 47.763359 46.659660 45.573243 44.509436 43.473208 42.469100 41.501157 40.572883 39.687197 38.846409 38.052203 37.305635 36.607141 35.956552 35.353117 34.795536 34.281991 33.810179 33.377350 32.980332 32.615561 32.279093 31.966615 31.673436 31.394464 31.124170 30.856524 30.584909 30.302003 29.999628 29.668556 29.298263 28.876622 28.389531 27.820454 27.149880 26.354705 25.407568 24.276230 22.923180 21.305834 19.377950 17.093274 14.412800 11.317036 7.823397 4.004994 0.000000 
50.000000 49.027539 48.060183 47.102954 46.160712 45.238075 44.339355 43.468485 42.628974 41.823858 41.055667 40.326398 39.637510 38.989912 38.383973 37.819538 37.295945 36.812049 36.366253 35.956537 35.580481 35.235296 34.917838 34.624620 34.351818 34.095255 33.850376 33.612207 33.375285 33.133567 32.880306 32.607885 32.307602 31.969392 31.581475 31.129893 30.597933 29.965383 29.207613 28.294440 27.188820 25.845466 24.209712 22.217354 19.796914 16.876898 13.401887 9.361264 4.829413 0.000000 
50.000000 49.181464 48.367224 47.561508 46.768405 45.991802 45.235326 44.502289 43.795642 43.117939 42.471307 41.857425 41.277516 40.732343 40.222210 39.746979 39.306083 38.898549 38.523017 38.177766 37.860738 37.569553 37.301525 37.053671 36.822707 36.605033 36.396710 36.193411 35.990357 35.782223 35.563014 35.325895 35.062975 34.765009 34.421016 34.017768 33.539112 32.965061 32.270582 31.423986 30.384808 29.101120 27.506344 25.516061 23.026316 19.917055 16.068213 11.400969 5.956709 0.000000 
50.000000 49.339763 48.682992 48.033095 47.393370 46.766954 46.156770 45.565489 44.995491 44.448834 43.927233 43.432042 42.964242 42.524447 42.112900 41.729482 41.373731 41.044853 40.741742 40.462997 40.206940 39.971631 39.754877 39.554237 39.367015 39.190251 39.020693 38.854750 38.688440 38.517294 38.336249 38.139484 37.920211 37.670393 37.380361 37.038297 36.629510 36.135449 35.532293 34.788963 33.864264 32.702819 31.229331 29.340872 26.897581 23.714769 19.566480 14.226745 7.600988 0.000000 
50.000000 49.501633 49.005882 48.515320 48.032436 47.559596 47.099007 46.652686 46.222427 45.809784 45.416051 45.042247 44.689113 44.357110 44.046418 43.756947 43.488342 43.240000 43.011079 42.800515 42.607030 42.429148 42.265196 42.113310 41.971428 41.837280 41.708363 41.581907 41.454824 41.323635 41.184370 41.032438 40.862445 40.667945 40.441102 40.172219 39.849069 39.455935 38.972204 38.370256 37.612245 36.645075 35.392456 33.742250 31.526598 28.492627 24.267238 18.345932 10.224200 0.000000 
50.000000 49.666225 49.334201 49.005652 48.682245 48.365565 48.057089 47.758168 47.470004 47.193636 46.929931 46.679571 46.443052 46.220680 46.012577 45.818680 45.638749 45.472378 45.319001 45.177900 45.048216 44.928952 44.818980 44.717042 44.621743 44.531544 44.444746 44.359464 44.273588 44.184733 44.090167 43.986716 43.870625 43.737381 43.581454 43.395936 43.172021 42.898237 42.559284 42.134225 41.593583 40.894494 39.972334 38.725627 36.987822 34.473071 30.672329 24.671172 14.952697 0.000000 
50.000000 49.832651 49.666179 49.501450 49.339299 49.180520 49.025855 48.875980 48.731498 48.592931 48.460711 48.335182 48.216592 48.105093 48.000748 47.903522 47.813297 47.729867 47.652948 47.582179 47.517126 47.457290 47.402101 47.350925 47.303060 47.257727 47.214068 47.171128 47.127836 47.082980 47.035167 46.982774 46.923873 46.856141 46.776712 46.681990 46.567357 46.426747 46.251981 46.031714 45.749677 45.381621 44.889678 44.211260 43.235351 41.747035 39.283508 34.717521 24.917315 0.000000 
50.000000 50.000000 50.000000 50.000000 50.000000 50.000000 50.000000 50.000000 50.000000 50.000000 50.000000 50.000000 50.000000 50.000000 50.000000 50.000000 50.000000 50.000000 50.000000 50.000000 50.000000 50.000000 50.000000 50.000000 50.000000 50.000000 50.000000 50.000000 50.000000 50.000000 50.000000 50.000000 50.000000 50.000000 50.000000 50.000000 50.000000 50.000000 50.000000 50.000000 50.000000 50.000000 50.000000 50.000000 50.000000 50.000000 50.000000 50.000000 50.000000 50.000000 
