50.000000 50.000000 50.000000 50.000000 50.000000 50.000000 50.000000 50.000000 50.000000 50.000000 50.000000 50.000000 50.000000 50.000000 50.000000 50.000000 50.000000 50.000000 50.000000 50.000000 50.000000 50.000000 50.000000 50.000000 50.000000 50.000000 50.000000 50.000000 50.000000 50.000000 50.000000 50.000000 50.000000 50.000000 50.000000 50.000000 50.000000 50.000000 50.000000 50.000000 50.000000 50.000000 50.000000 50.000000 50.000000 50.000000 50.000000 50.000000 50.000000 50.000000 
50.000000 49.821748 49.644494 49.469216 49.296862 49.128327 48.964446 48.805974 48.653582 48.507841 48.369223 48.238091 48.114701 47.999201 47.891632 47.791933 47.699945 47.615418 47.538016 47.467327 47.402861 47.344064 47.290315 47.240932 47.195166 47.152202 47.111147 47.071018 47.030723 46.989033 46.944544 46.895625 46.840346 46.776381 46.700869 46.610215 46.499805 46.363574 46.193347 45.977778 45.700595 45.337545 44.850753 44.177621 43.207119 41.724315 39.266388 34.706070 24.911578 0.000000 
50.000000 49.644530 49.291048 48.941509 48.597800 48.261709 47.934897 47.618874 47.314973 47.024339 46.747909 46.486411 46.240353 46.010031 45.795528 45.596721 45.413297 45.244758 45.090437 44.949510 44.821008 44.703827 44.596735 44.498377 44.407268 44.321794 44.240187 44.160506 44.080599 43.998048 43.910098 43.813560 43.704674 43.578925 43.430787 43.253356 43.037835 42.772755 42.442821 42.027096 41.496097 40.806954 39.895026 38.658817 36.931751 34.427949 30.638330 24.648429 14.941302 0.000000 
50.000000 49.469363 48.941694 48.419910 47.906830 47.405122 46.917267 46.445518 45.991867 45.558021 45.145381 44.755034 44.387740 44.043941 43.723763 43.427025 43.153261 42.901732 42.671446 42.461178 42.269490 42.094742 41.935108 41.788578 41.652959 41.525864 41.404690 41.286586 41.168396 41.046593 40.917173 40.775526 40.616245 40.432885 40.217614 39.960743 39.650055 39.269842 38.799496 38.211397 37.467693 36.515274 35.277831 33.643193 31.443466 28.425729 24.216831 18.312215 10.207307 0.000000 
50.000000 49.297234 48.598399 47.907359 47.227846 46.563396 45.917293 45.292523 44.691724 44.117157 43.570680 43.053731 42.567322 42.112039 41.688050 41.295121 40.932639 40.599631 40.294790 40.016506 39.762885 39.531774 39.320773 39.127250 38.948335 38.780915 38.621601 38.466698 38.312133 38.153376 37.985316 37.802105 37.596941 37.361788 37.086982 36.760715 36.368311 35.891229 35.305656 34.580513 33.674599 32.532518 31.078947 29.210918 26.788522 23.627009 19.500355 14.182515 7.578828 0.000000 
50.000000 49.129086 48.263044 47.406663 46.564568 45.741141 44.940454 44.166206 43.421668 42.709644 42.032437 41.391833 40.789086 40.224926 39.699568 39.212726 38.763648 38.351135 37.973584 37.629011 37.315091 37.029179 36.768336 36.529340 36.308690 36.102596 35.906955 35.717304 35.528757 35.335907 35.132704 34.912280 34.666725 34.386793 34.061512 33.677668 33.219124 32.665906 31.992992 31.168695 30.152540 28.892580 27.322203 25.356944 22.892788 19.809609 15.987257 11.346819 5.929579 0.000000 
50.000000 48.965805 47.937395 46.920459 45.920488 44.942687 43.991893 43.072499 42.188390 41.342898 40.538760 39.778098 39.062408 38.392559 37.768812 37.190839 36.657752 36.168145 35.720128 35.311367 34.939128 34.600307 34.291457 34.008811 33.748285 33.505477 33.275636 33.053628 32.833861 32.610197 32.375823 32.123080 31.843247 31.526257 31.160338 30.731551 30.223202 29.615097 28.882617 27.995582 26.916940 25.601380 23.994199 22.031140 19.640654 16.751165 13.307155 9.297901 4.797668 0.000000 
50.000000 48.808207 47.623083 46.451181 45.298831 44.172033 43.076361 42.016879 40.998066 40.023764 39.097130 38.220613 37.395940 36.624122 35.905466 35.239604 34.625526 34.061629 33.545755 33.075245 32.646981 32.257431 31.902682 31.578466 31.280172 31.002848 30.741178 30.489447 30.241477 29.990540 29.729239 29.449348 29.141616 28.795516 28.398934 27.937787 27.395560 26.752766 25.986315 25.068849 23.968120 22.646595 21.061647 19.166975 16.916245 14.270362 11.209723 7.751620 3.969034 0.000000 
50.000000 48.657034 47.321583 46.001034 44.702519 43.432800 42.198161 41.004307 39.856291 38.758443 37.714324 36.726699 35.797521 34.927934 34.118296 33.368203 32.676536 32.041507 31.460712 30.931187 30.449464 30.011616 29.613304 29.249807 28.916045 28.606582 28.315616 28.036947 27.763924 27.489366 27.205460 26.903618 26.574312 26.206863 25.789190 25.307521 24.746065 24.086652 23.308386 22.387357 21.296514 20.005911 18.483589 16.697566 14.619480 12.230466 9.529462 6.543006 3.333455 0.000000 
50.000000 48.512943 47.034209 45.571976 44.134145 42.728204 41.361111 40.039188 38.768032 37.552439 36.396358 35.302856 34.274101 33.311372 32.415074 31.584777 30.819260 30.116566 29.474067 28.888518 28.356131 27.872621 27.433264 27.032937 26.666145 26.327035 26.009396 25.706633 25.411727 25.117174 24.814892 24.496109 24.151230 23.769670 23.339668 22.848086 22.280199 21.619505 20.847586 19.944091 18.886935 17.652869 16.218631 14.562921 12.669485 10.531409 8.156396 5.572031 2.829067 0.000000 
50.000000 48.376505 46.762096 45.165705 43.595958 42.061032 40.568526 39.125342 37.737594 36.410524 35.148447 33.954716 32.831709 31.780831 30.802538 29.896376 29.061035 28.294408 27.593657 26.955289 26.375220 25.848847 25.371102 24.936507 24.539208 24.172998 23.831329 23.507293 23.193603 22.882536 22.565870 22.234798 21.879819 21.490625 21.055973 20.563559 19.999909 19.350315 18.598851 17.728521 16.721637 15.560506 14.228582 12.712189 11.002896 9.100491 7.016194 4.775384 2.418663 0.000000 
50.000000 48.248200 46.506206 44.783657 43.089861 41.433642 39.823203 38.265996 36.768617 35.336730 33.974995 32.687038 31.475432 30.341706 29.286367 28.308944 27.408046 26.581431 25.826077 25.138260 24.513639 23.947323 23.433942 22.967709 22.542463 22.151702 21.788604 21.446026 21.116492 20.792155 20.464758 20.125563 19.765290 19.374030 18.941175 18.455355 17.904403 17.275383 16.554699 15.728338 14.782310 13.703338 12.479878 11.103508 9.570674 7.884665 6.057524 4.111383 2.078585 0.000000 
50.000000 48.128425 46.267327 44.427006 42.617408 40.847963 39.127436 37.463790 35.864079 34.334355 32.879605 31.503710 30.209430 28.998408 27.871203 26.827332 25.865336 24.982851 24.176688 23.442925 22.776985 22.173727 21.627519 21.132305 20.681665 20.268857 19.886843 19.528308 19.185654 18.850987 18.516090 18.172380 17.810873 17.422133 16.996241 16.522783 15.990867 15.389207 14.706286 13.930632 13.051259 12.058289 10.943801 9.702895 8.334933 6.844820 5.244110 3.551603 1.793093 0.000000 
50.000000 48.017489 46.046078 44.096678 42.179826 40.305514 38.483027 36.720804 35.026322 33.405995 31.865113 30.407794 29.036972 27.754401 26.560689 25.455347 24.436856 23.502744 22.649680 21.873559 21.169604 20.532452 19.956245 19.434699 18.961179 18.528747 18.130201 17.758104 17.404795 17.062389 16.722763 16.377545 16.018090 15.635466 15.220451 14.763552 14.255064 13.685176 13.044160 12.322646 11.512023 10.604969 9.596127 8.482894 7.266283 5.951735 4.549740 3.076051 1.551315 0.000000 
50.000000 47.915626 45.842923 43.793364 41.778030 39.807429 37.891324 36.038592 34.257097 32.553589 30.933634 29.401571 27.960496 26.612266 25.357538 24.195818 23.125537 22.144132 21.248143 20.433310 19.694679 19.026697 18.423309 17.878044 17.384086 16.934343 16.521491 16.138015 15.776232 15.428304 15.086245 14.741919 14.387040 14.013178 13.611780 13.174208 12.691820 12.156086 11.558777 10.892222 10.149648 9.325622 8.416563 7.421319 6.341755 5.183257 3.955060 2.670273 1.345496 0.000000 
50.000000 47.822995 45.658182 43.517544 41.412657 39.354497 37.353264 35.418233 33.557619 31.778480 30.086634 28.486624 26.981690 25.573787 24.263618 23.050691 21.933392 20.909080 19.974183 19.124308 18.354347 17.658586 17.030804 16.464371 15.952327 15.487457 15.062351 14.669449 14.301077 13.949472 13.606804 13.265183 12.916681 12.553348 12.167247 11.750509 11.295418 10.794530 10.240850 9.628049 8.950760 8.204917 7.388146 6.500178 5.543238 4.522352 3.445503 2.323566 1.169957 0.000000 
50.000000 47.739698 45.492055 43.269515 41.084099 38.947203 36.869422 34.860388 32.928634 31.081493 29.325014 27.663918 26.101582 24.640049 23.280066 22.021141 20.861628 19.798817 18.829042 17.947795 17.149837 16.429315 15.779873 15.194747 14.666862 14.188911 13.753421 13.352813 12.979444 12.625643 12.283739 11.946091 11.605106 11.253276 10.883219 10.487738 10.059907 9.593186 9.081572 8.519788 7.903521 7.229683 6.496705 5.704821 4.856323 3.955744 3.009913 2.027844 1.020441 0.000000 
50.000000 47.665780 45.344635 43.049417 40.792541 38.585778 36.440071 34.365371 32.370495 30.463018 28.649193 26.933905 25.320651 23.811554 22.407399 21.107700 19.910783 18.813880 17.813247 16.904276 16.081619 15.339309 14.670874 14.069443 13.527850 13.038717 12.594532 12.187713 11.810660 11.455799 11.115621 10.782713 10.449794 10.109750 9.755684 9.380974 8.979355 8.545025 8.072768 7.558121 6.997552 6.388664 5.730406 5.023272 4.269461 3.472976 2.639623 1.776892 0.893699 0.000000 
50.000000 47.601249 45.215935 42.857268 40.538006 38.270249 36.065245 33.933220 31.883241 29.923095 28.059216 26.296629 24.638939 23.088337 21.645646 20.310387 19.080861 17.954254 16.926754 15.993673 15.149572 14.388387 13.703553 13.088114 12.534831 12.036274 11.584907 11.173157 10.793473 10.438378 10.100512 9.772674 9.447856 9.119289 8.780488 8.425314 8.048046 7.643471 7.206996 6.734771 6.223840 5.672284 5.079380 4.445727 3.773350 3.065742 2.327835 1.565878 0.787218 0.000000 
50.000000 47.546079 45.105905 42.692993 40.320397 38.000495 35.744796 33.563766 31.466680 29.461512 27.554847 25.751832 24.056163 22.470094 20.994480 19.628846 18.371476 17.219518 16.169107 15.215486 14.353142 13.575934 12.877220 12.249976 11.686910 11.180553 10.723355 10.307759 9.926264 9.571483 9.236192 8.913373 8.596255 8.278359 7.953546 7.616070 7.260649 6.882535 6.477613 6.042499 5.574648 5.072473 4.535442 3.964175 3.360492 2.727427 2.069184 1.391014 0.699039 0.000000 
50.000000 47.500226 45.014457 42.556461 40.139537 37.776297 35.478466 33.256707 31.120473 29.077889 27.135668 25.299059 23.571835 21.956300 20.453337 19.062478 17.781992 16.608998 15.539586 14.568946 13.691505 12.901061 12.190912 11.553983 10.982936 10.470280 10.008458 9.589928 9.207239 8.853083 8.520351 8.202181 7.891999 7.583564 7.271016 6.948925 6.612349 6.256904 5.878836 5.475100 5.043449 4.582514 4.091877 3.572124 3.024877 2.452779 1.859442 1.249335 0.627631 0.000000 
50.000000 47.463635 44.941481 42.447508 39.995210 37.597387 35.265935 33.011677 30.844204 28.771765 26.801173 24.937761 23.185361 21.546320 20.021544 18.610568 17.311653 16.121894 15.037347 14.053161 13.163717 12.362766 11.643560 10.998984 10.421670 9.904109 9.438742 9.018046 8.634608 8.281187 7.950771 7.636621 7.332320 7.031816 6.729463 6.420075 6.098970 5.762033 5.405776 5.027400 4.624865 4.196943 3.743275 3.264399 2.761758 2.237680 1.695316 1.138541 0.571812 0.000000 
50.000000 47.436251 44.886866 42.365969 39.887199 37.463494 35.106882 32.828302 30.637452 28.542670 26.550849 24.667381 22.896144 21.239516 19.698421 18.272398 16.959702 15.757409 14.661552 13.667250 12.768849 11.960066 11.234122 10.583872 10.001929 9.480769 9.012834 8.590618 8.206739 7.854008 7.525483 7.214521 6.914821 6.620469 6.325979 6.026339 5.717054 5.394202 5.054480 4.695258 4.314631 3.911464 3.485423 3.036996 2.567488 2.078987 1.574306 1.056890 0.530688 0.000000 
50.000000 47.418025 44.850517 42.311700 39.815311 37.374381 35.001023 32.706255 30.499847 28.390196 26.384246 24.487430 22.703658 21.035327 19.483374 18.047341 16.725477 15.514849 14.411472 13.410446 12.506097 11.692118 10.961708 10.307706 9.722709 9.199188 8.729586 8.306407 7.922292 7.570086 7.242895 6.934140 6.637596 6.347441 6.058293 5.765253 5.463948 5.150578 4.821957 4.475561 4.109568 3.722895 3.315220 2.886990 2.439415 1.974423 1.494607 1.003132 0.503617 0.000000 
50.000000 47.408921 44.832361 42.284594 39.779405 37.329870 34.948148 32.645296 30.431116 28.314039 26.301032 24.397550 22.607517 20.933342 19.375966 17.934934 16.608492 15.393703 14.286573 13.282192 12.374875 11.558305 10.825671 10.169801 9.583288 9.058599 8.588177 8.164531 7.780315 7.428390 7.101889 6.794261 6.499322 6.211294 5.924846 5.635136 5.337850 5.029247 4.706199 4.366232 4.007563 3.629134 3.230624 2.812462 2.375806 1.922506 1.455046 0.976452 0.490183 0.000000 
50.000000 47.408921 44.832361 42.284594 39.779405 37.329870 34.948148 32.645296 30.431116 28.314039 26.301032 24.397550 22.607517 20.933342 19.375966 17.934934 16.608492 15.393703 14.286573 13.282192 12.374875 11.558305 10.825671 10.169801 9.583288 9.058599 8.588177 8.164531 7.780315 7.428390 7.101889 6.794261 6.499322 6.211294 5.924846 5.635136 5.337850 5.029247 4.706199 4.366232 4.007563 3.629134 3.230624 2.812462 2.375806 1.922506 1.455046 0.976452 0.490183 0.000000 
50.000000 47.418025 44.850517 42.311700 39.815311 37.374381 35.001023 32.706255 30.499847 28.390196 26.384246 24.487430 22.703658 21.035327 19.483374 18.047341 16.725477 15.514849 14.411472 13.410446 12.506097 11.692118 10.961708 10.307706 9.722709 9.199188 8.729586 8.306407 7.922292 7.570086 7.242895 6.934140 6.637596 6.347441 6.058293 5.765253 5.463948 5.150578 4.821957 4.475561 4.109568 3.722895 3.315220 2.886990 2.439415 1.974423 1.494607 1.003132 0.503617 0.000000 
50.000000 47.436251 44.886866 42.365969 39.887199 37.463494 35.106882 32.828302 30.637452 28.542670 26.550849 24.667381 22.896144 21.239516 19.698421 18.272398 16.959702 15.757409 14.661552 13.667250 12.768849 11.960066 11.234122 10.583872 10.001929 9.480769 9.012834 8.590618 8.206739 7.854008 7.525483 7.214521 6.914821 6.620469 6.325979 6.026339 5.717054 5.394202 5.054480 4.695258 4.314631 3.911464 3.485423 3.036996 2.567488 2.078987 1.574306 1.056890 0.530688 0.000000 
50.000000 47.463635 44.941481 42.447508 39.995210 37.597387 35.265935 33.011677 30.844204 28.771765 26.801173 24.937761 23.185361 21.546320 20.021544 18.610568 17.311653 16.121894 15.037347 14.053161 13.163717 12.362766 11.643560 10.998984 10.421670 9.904109 9.438742 9.018046 8.634608 8.281187 7.950771 7.636621 7.332320 7.031816 6.729463 6.420075 6.098970 5.762033 5.405776 5.027400 4.624865 4.196943 3.743275 3.264399 2.761758 2.237680 1.695316 1.138541 0.571812 0.000000 
50.000000 47.500226 45.014457 42.556461 40.139537 37.776297 35.478466 33.256707 31.120473 29.077889 27.135668 25.299059 23.571835 21.956300 20.453337 19.062478 17.781992 16.608998 15.539586 14.568946 13.691505 12.901061 12.190912 11.553983 10.982936 10.470280 10.008458 9.589928 9.207239 8.853083 8.520351 8.202181 7.891999 7.583564 7.271016 6.948925 6.612349 6.256904 5.878836 5.475100 5.043449 4.582514 4.091877 3.572124 3.024877 2.452779 1.859442 1.249335 0.627631 0.000000 
50.000000 47.546079 45.105905 42.692993 40.320397 38.000495 35.744796 33.563766 31.466680 29.461512 27.554847 25.751832 24.056163 22.470094 20.994480 19.628846 18.371476 17.219518 16.169107 15.215486 14.353142 13.575934 12.877220 12.249976 11.686910 11.180553 10.723355 10.307759 9.926264 9.571483 9.236192 8.913373 8.596255 8.278359 7.953546 7.616070 7.260649 6.882535 6.477613 6.042499 5.574648 5.072473 4.535442 3.964175 3.360492 2.727427 2.069184 1.391014 0.699039 0.000000 
50.000000 47.601249 45.215935 42.857268 40.538006 38.270249 36.065245 33.933220 31.883241 29.923095 28.059216 26.296629 24.638939 23.088337 21.645646 20.310387 19.080861 17.954254 16.926754 15.993673 15.149572 14.388387 13.703553 13.088114 12.534831 12.036274 11.584907 11.173157 10.793473 10.438378 10.100512 9.772674 9.447856 9.119289 8.780488 8.425314 8.048046 7.643471 7.206996 6.734771 6.223840 5.672284 5.079380 4.445727 3.773350 3.065742 2.327835 1.565878 0.787218 0.000000 
50.000000 47.665780 45.344635 43.049417 40.792541 38.585778 36.440071 34.365371 32.370495 30.463018 28.649193 26.933905 25.320651 23.811554 22.407399 21.107700 19.910783 18.813880 17.813247 16.904276 16.081619 15.339309 14.670874 14.069443 13.527850 13.038717 12.594532 12.187713 11.810660 11.455799 11.115621 10.782713 10.449794 10.109750 9.755684 9.380974 8.979355 8.545025 8.072768 7.558121 6.997552 6.388664 5.730406 5.023272 4.269461 3.472976 2.639623 1.776892 0.893699 0.000000 
50.000000 47.739698 45.492055 43.269515 41.084099 38.947203 36.869422 34.860388 32.928634 31.081493 29.325014 27.663918 26.101582 24.640049 23.280066 22.021141 20.861628 19.798817 18.829042 17.947795 17.149837 16.429315 15.779873 15.194747 14.666862 14.188911 13.753421 13.352813 12.979444 12.625643 12.283739 11.946091 11.605106 11.253276 10.883219 10.487738 10.059907 9.593186 9.081572 8.519788 7.903521 7.229683 6.496705 5.704821 4.856323 3.955744 3.009913 2.027844 1.020441 0.000000 
50.000000 47.822995 45.658182 43.517544 41.412657 39.354497 37.353264 35.418233 33.557619 31.778480 30.086634 28.486624 26.981690 25.573787 24.263618 23.050691 21.933392 20.909080 19.974183 19.124308 18.354347 17.658586 17.030804 16.464371 15.952327 15.487457 15.062351 14.669449 14.301077 13.949472 13.606804 13.265183 12.916681 12.553348 12.167247 11.750509 11.295418 10.794530 10.240850 9.628049 8.950760 8.204917 7.388146 6.500178 5.543238 4.522352 3.445503 2.323566 1.169957 0.000000 
50.000000 47.915626 45.842923 43.793364 41.778030 39.807429 37.891324 36.038592 34.257097 32.553589 30.933634 29.401571 27.960496 26.612266 25.357538 24.195818 23.125537 22.144132 21.248143 20.433310 19.694679 19.026697 18.423309 17.878044 17.384086 16.934343 16.521491 16.138015 15.776232 15.428304 15.086245 14.741919 14.387040 14.013178 13.611780 13.174208 12.691820 12.156086 11.558777 10.892222 10.149648 9.325622 8.416563 7.421319 6.341755 5.183257 3.955060 2.670273 1.345496 0.000000 
50.000000 48.017489 46.046078 44.096678 42.179826 40.305514 38.483027 36.720804 35.026322 33.405995 31.865113 30.407794 29.036972 27.754401 26.560689 25.455347 24.436856 23.502744 22.649680 21.873559 21.169604 20.532452 19.956245 19.434699 18.961179 18.528747 18.130201 17.758104 17.404795 17.062389 16.722763 16.377545 16.018090 15.635466 15.220451 14.763552 14.255064 13.685176 13.044160 12.322646 11.512023 10.604969 9.596127 8.482894 7.266283 5.951735 4.549740 3.076051 1.551315 0.000000 
50.000000 48.128425 46.267327 44.427006 42.617408 40.847963 39.127436 37.463790 35.864079 34.334355 32.879605 31.503710 30.209430 28.998408 27.871203 26.827332 25.865336 24.982851 24.176688 23.442925 22.776985 22.173727 21.627519 21.132305 20.681665 20.268857 19.886843 19.528308 19.185654 18.850987 18.516090 18.172380 17.810873 17.422133 16.996241 16.522783 15.990867 15.389207 14.706286 13.930632 13.051259 12.058289 10.943801 9.702895 8.334933 6.844820 5.244110 3.551603 1.793093 0.000000 
50.000000 48.248200 46.506206 44.783657 43.089861 41.433642 39.823203 38.265996 36.768617 35.336730 33.974995 32.687038 31.475432 30.341706 29.286367 28.308944 27.408046 26.581431 25.826077 25.138260 24.513639 23.947323 23.433942 22.967709 22.542463 22.151702 21.788604 21.446026 21.116492 20.792155 20.464758 20.125563 19.765290 19.374030 18.941175 18.455355 17.904403 17.275383 16.554699 15.728338 14.782310 13.703338 12.479878 11.103508 9.570674 7.884665 6.057524 4.111383 2.078585 0.000000 
50.000000 48.376505 46.762096 45.165705 43.595958 42.061032 40.568526 39.125342 37.737594 36.410524 35.148447 33.954716 32.831709 31.780831 30.802538 29.896376 29.061035 28.294408 27.593657 26.955289 26.375220 25.848847 25.371102 24.936507 24.539208 24.172998 23.831329 23.507293 23.193603 22.882536 22.565870 22.234798 21.879819 21.490625 21.055973 20.563559 19.999909 19.350315 18.598851 17.728521 16.721637 15.560506 14.228582 12.712189 11.002896 9.100491 7.016194 4.775384 2.418663 0.000000 
50.000000 48.512943 47.034209 45.571976 44.134145 42.728204 41.361111 40.039188 38.768032 37.552439 36.396358 35.302856 34.274101 33.311372 32.415074 31.584777 30.819260 30.116566 29.474067 28.888518 28.356131 27.872621 27.433264 27.032937 26.666145 26.327035 26.009396 25.706633 25.411727 25.117174 24.814892 24.496109 24.151230 23.769670 23.339668 22.848086 22.280199 21.619505 20.847586 19.944091 18.886935 17.652869 16.218631 14.562921 12.669485 10.531409 8.156396 5.572031 2.829067 0.000000 
50.000000 48.657034 47.321583 46.001034 44.702519 43.432800 42.198161 41.004307 39.856291 38.758443 37.714324 36.726699 35.797521 34.927934 34.118296 33.368203 32.676536 32.041507 31.460712 30.931187 30.449464 30.011616 29.613304 29.249807 28.916045 28.606582 28.315616 28.036947 27.763924 27.489366 27.205460 26.903618 26.574312 26.206863 25.789190 25.307521 24.746065 24.086652 23.308386 22.387357 21.296514 20.005911 18.483589 16.697566 14.619480 12.230466 9.529462 6.543006 3.333455 0.000000 
50.000000 48.808207 47.623083 46.451181 45.298831 44.172033 43.076361 42.016879 40.998066 40.023764 39.097130 38.220613 37.395940 36.624122 35.905466 35.239604 34.625526 34.061629 33.545755 33.075245 32.646981 32.257431 31.902682 31.578466 31.280172 31.002848 30.741178 30.489447 30.241477 29.990540 29.729239 29.449348 29.141616 28.795516 28.398934 27.937787 27.395560 26.752766 25.986315 25.068849 23.968120 22.646595 21.061647 19.166975 16.916245 14.270362 11.209723 7.751620 3.969034 0.000000 
50.000000 48.965805 47.937395 46.920459 45.920488 44.942687 43.991893 43.072499 42.188390 41.342898 40.538760 39.778098 39.062408 38.392559 37.768812 37.190839 36.657752 36.168145 35.720128 35.311367 34.939128 34.600307 34.291457 34.008811 33.748285 33.505477 33.275636 33.053628 32.833861 32.610197 32.375823 32.123080 31.843247 31.526257 31.160338 30.731551 30.223202 29.615097 28.882617 27.995582 26.916940 25.601380 23.994199 22.031140 19.640654 16.751165 13.307155 9.297901 4.797668 0.000000 
50.000000 49.129086 48.263044 47.406663 46.564568 45.741141 44.940454 44.166206 43.421668 42.709644 42.032437 41.391833 40.789086 40.224926 39.699568 39.212726 38.763648 38.351135 37.973584 37.629011 37.315091 37.029179 36.768336 36.529340 36.308690 36.102596 35.906955 35.717304 35.528757 35.335907 35.132704 34.912280 34.666725 34.386793 34.061512 33.677668 33.219124 32.665906 31.992992 31.168695 30.152540 28.892580 27.322203 25.356944 22.892788 19.809609 15.987257 11.346819 5.929579 0.000000 
50.000000 49.297234 48.598399 47.907359 47.227846 46.563396 45.917293 45.292523 44.691724 44.117157 43.570680 43.053731 42.567322 42.112039 41.688050 41.295121 40.932639 40.599631 40.294790 40.016506 39.762885 39.531774 39.320773 39.127250 38.948335 38.780915 38.621601 38.466698 38.312133 38.153376 37.985316 37.802105 37.596941 37.361788 37.086982 36.760715 36.368311 35.891229 35.305656 34.580513 33.674599 32.532518 31.078947 29.210918 26.788522 23.627009 19.500355 14.182515 7.578828 0.000000 
50.000000 49.469363 48.941694 48.419910 47.906830 47.405122 46.917267 46.445518 45.991867 45.558021 45.145381 44.755034 44.387740 44.043941 43.723763 43.427025 43.153261 42.901732 42.671446 42.461178 42.269490 42.094742 41.935108 41.788578 41.652959 41.525864 41.404690 41.286586 41.168396 41.046593 40.917173 40.775526 40.616245 40.432885 40.217614 39.960743 39.650055 39.269842 38.799496 38.211397 37.467693 36.515274 35.277831 33.643193 31.443466 28.425729 24.216831 18.312215 10.207307 0.000000 
50.000000 49.644530 49.291048 48.941509 48.597800 48.261709 47.934897 47.618874 47.314973 47.024339 46.747909 46.486411 46.240353 46.010031 45.795528 45.596721 45.413297 45.244758 45.090437 44.949510 44.821008 44.703827 44.596735 44.498377 44.407268 44.321794 44.240187 44.160506 44.080599 43.998048 43.910098 43.813560 43.704674 43.578925 43.430787 43.253356 43.037835 42.772755 42.442821 42.027096 41.496097 40.806954 39.895026 38.658817 36.931751 34.427949 30.638330 24.648429 14.941302 0.000000 
50.000000 49.821748 49.644494 49.469216 49.296862 49.128327 48.964446 48.805974 48.653582 48.507841 48.369223 48.238091 48.114701 47.999201 47.891632 47.791933 47.699945 47.615418 47.538016 47.467327 47.402861 47.344064 47.290315 47.240932 47.195166 47.152202 47.111147 47.071018 47.030723 46.989033 46.944544 46.895625 46.840346 46.776381 46.700869 46.610215 46.499805 46.363574 46.193347 45.977778 45.700595 45.337545 44.850753 44.177621 43.207119 41.724315 39.266388 34.706070 24.911578 0.000000 
50.000000 50.000000 50.000000 50.000000 50.000000 50.000000 50.000000 50.000000 50.000000 50.000000 50.000000 50.000000 50.000000 50.000000 50.000000 50.000000 50.000000 50.000000 50.000000 50.000000 50.000000 50.000000 50.000000 50.000000 50.000000 50.000000 50.000000 50.000000 50.000000 50.000000 50.000000 50.000000 50.000000 50.000000 50.000000 50.000000 50.000000 50.000000 50.000000 50.000000 50.000000 50.000000 50.000000 50.000000 50.000000 50.000000 50.000000 50.000000 50.000000 50.000000 
