50.000000 50.000000 50.000000 50.000000 50.000000 50.000000 50.000000 50.000000 50.000000 50.000000 50.000000 50.000000 50.000000 50.000000 50.000000 50.000000 50.000000 50.000000 50.000000 50.000000 50.000000 50.000000 50.000000 50.000000 50.000000 50.000000 50.000000 50.000000 50.000000 50.000000 50.000000 50.000000 50.000000 50.000000 50.000000 50.000000 50.000000 50.000000 50.000000 50.000000 50.000000 50.000000 50.000000 50.000000 50.000000 50.000000 50.000000 50.000000 50.000000 50.000000 
50.000000 49.336742 48.687298 48.064620 47.480021 46.942577 46.458731 46.032153 45.663829 45.352351 45.094350 44.885014 44.718621 44.589044 44.490172 44.416243 44.362069 44.323158 44.295761 44.276848 44.264044 44.255538 44.249989 44.246422 44.244145 44.242669 44.241646 44.240808 44.239925 44.238752 44.236984 44.234189 44.229734 44.222666 44.211564 44.194308 44.167760 44.127278 44.066000 43.973710 43.835012 43.626186 43.309482 42.821951 42.051701 40.782404 38.549329 34.222832 24.668371 0.000000 
50.000000 48.687298 47.401937 46.169548 45.012528 43.948834 42.991220 42.146950 41.417976 40.801509 40.290883 39.876573 39.547255 39.290800 39.095117 38.948801 38.841582 38.764572 38.710349 38.672918 38.647576 38.630743 38.619761 38.612704 38.608201 38.605287 38.603272 38.601634 38.599919 38.597655 38.594254 38.588889 38.580347 38.566817 38.545599 38.512685 38.462166 38.385365 38.269555 38.096013 37.836960 37.450568 36.872436 36.000380 34.666129 32.581071 29.232389 23.700968 14.464466 0.000000 
50.000000 48.064620 46.169548 44.352578 42.646728 41.078475 39.666621 38.421876 37.347118 36.438236 35.685400 35.074566 34.589041 34.210942 33.922441 33.706724 33.548648 33.435110 33.355169 33.299984 33.262623 33.237808 33.221619 33.211218 33.204588 33.200306 33.197362 33.194992 33.192543 33.189342 33.184559 33.177039 33.165095 33.146222 33.116701 33.071049 33.001242 32.895615 32.737278 32.501809 32.153814 31.641685 30.889443 29.783915 28.154746 25.745057 22.176289 16.937159 9.515291 0.000000 
50.000000 47.480021 45.012528 42.646728 40.425615 38.383660 36.545349 34.924626 33.525236 32.341827 31.361599 30.566267 29.934094 29.441794 29.066155 28.785285 28.579466 28.431638 28.327553 28.255702 28.207059 28.174751 28.153677 28.140143 28.131524 28.125974 28.122186 28.119178 28.116126 28.112194 28.106364 28.097240 28.082798 28.060047 28.024583 27.969963 27.886851 27.761842 27.575841 27.301815 26.901668 26.321890 25.487561 24.294421 22.599428 20.212807 16.901672 12.431457 6.697617 0.000000 
50.000000 46.942577 43.948834 41.078475 38.383660 35.906218 33.675853 31.709482 30.011651 28.575866 27.386595 26.421653 25.654666 25.057384 24.601641 24.260877 24.011171 23.831820 23.705543 23.618371 23.559359 23.520166 23.494605 23.478196 23.467759 23.461063 23.456531 23.452997 23.449492 23.445060 23.438560 23.428448 23.412508 23.387495 23.348666 23.289148 23.199098 23.064583 22.866113 22.576738 22.159603 21.564944 20.726595 19.558553 17.953109 15.784233 12.923729 9.282705 4.890876 0.000000 
50.000000 46.458731 42.991220 39.666621 36.545349 33.675853 31.092536 28.814996 26.848494 25.185508 23.808049 22.690419 21.802072 21.110283 20.582431 20.187752 19.898539 19.690814 19.544559 19.443598 19.375253 19.329864 19.300267 19.281277 19.269216 19.261508 19.256344 19.252398 19.248594 19.243896 19.237102 19.226612 19.210159 19.184453 19.144735 19.084178 18.993124 18.858113 18.660675 18.375879 17.970665 17.402113 16.615981 15.546268 14.117299 12.250929 9.882705 6.990840 3.636780 0.000000 
50.000000 46.032153 42.146950 38.421876 34.924626 31.709482 28.814996 26.263121 24.059756 22.196469 20.653104 19.400867 18.405531 17.630429 17.039009 16.596802 16.272762 16.040025 15.876161 15.763045 15.686474 15.635626 15.602476 15.581217 15.567735 15.559156 15.553470 15.549224 15.545265 15.540516 15.533766 15.523442 15.507342 15.482314 15.443837 15.385502 15.298358 15.170126 14.984279 14.719039 14.346383 13.831284 13.131561 12.199014 10.982887 9.437065 7.532433 5.274514 2.722671 0.000000 
50.000000 45.663829 41.417976 37.347118 33.525236 30.011651 26.848494 24.059756 21.651881 19.615655 17.929049 16.560595 15.472888 14.625857 13.979557 13.496317 13.142212 12.887882 12.708816 12.585209 12.501538 12.445979 12.409765 12.386554 12.371857 12.362545 12.356444 12.351999 12.348006 12.343384 12.336954 12.327232 12.312174 12.288890 12.253285 12.199615 12.119968 12.003654 11.836558 11.600505 11.272769 10.825941 10.228473 9.446381 8.446708 7.203346 5.705433 3.967408 2.037643 0.000000 
50.000000 45.352351 40.801510 36.438236 32.341827 28.575866 25.185508 22.196469 19.615655 17.433189 15.625457 14.158731 12.992917 12.085065 11.392361 10.874427 10.494901 10.222314 10.030396 9.897919 9.808246 9.748706 9.709905 9.685049 9.669335 9.659422 9.653000 9.648440 9.644511 9.640147 9.634238 9.625426 9.611885 9.591071 9.559414 9.511975 9.442031 9.340639 9.196204 8.994117 8.716595 8.342887 7.850088 7.214844 6.416264 5.440159 4.284422 2.964550 1.517339 0.000000 
50.000000 45.094350 40.290884 35.685400 31.361600 27.386596 23.808050 20.653105 17.929050 15.625458 13.717404 12.169285 10.938781 9.980557 9.249422 8.702755 8.302176 8.014471 7.811911 7.672089 7.577447 7.514612 7.473671 7.447457 7.430910 7.420514 7.413855 7.409246 7.405448 7.401427 7.396158 7.388437 7.376682 7.358726 7.331570 7.291109 7.231831 7.146507 7.025923 6.858704 6.631343 6.328547 5.934068 5.432173 4.809859 4.059786 3.183592 2.194872 1.120640 0.000000 
50.000000 44.885014 39.876574 35.074567 30.566269 26.421655 22.690421 19.400870 16.560598 14.158733 12.169287 10.555134 9.272148 8.273060 7.510747 6.940772 6.523115 6.223146 6.011953 5.866174 5.767502 5.701996 5.659321 5.632012 5.614795 5.604022 5.597192 5.592582 5.588954 5.585317 5.580740 5.574174 5.564289 5.549293 5.526745 5.493339 5.444694 5.375142 5.277572 5.143370 4.962533 4.724043 4.416593 4.029749 3.555543 2.990430 2.337291 1.607019 0.819015 0.000000 
50.000000 44.718622 39.547257 34.589044 29.934097 25.654670 21.802076 18.405536 15.472893 12.992922 10.938786 9.272152 7.947456 6.915891 6.128801 5.540302 5.109075 4.799360 4.581307 4.430795 4.328922 4.261294 4.217244 4.189067 4.171325 4.160262 4.153315 4.148735 4.145293 4.142046 4.138152 4.132716 4.124640 4.112486 4.094318 4.067551 4.028799 3.973739 3.897024 3.792289 3.652291 3.469246 3.235416 2.943969 2.590092 2.172259 1.693432 1.161894 0.591345 0.000000 
50.000000 44.589046 39.290804 34.210948 29.441802 25.057393 21.110293 17.630440 14.625869 12.085078 9.980570 8.273071 6.915898 5.859046 5.052665 4.449745 4.007952 3.690651 3.467257 3.313061 3.208696 3.139418 3.094299 3.065449 3.047303 3.036023 3.028998 3.024466 3.021209 3.018328 3.015068 3.010670 3.004246 2.994664 2.980430 2.959574 2.929546 2.887128 2.828398 2.748756 2.643062 2.505914 2.332094 2.117180 1.858304 1.554958 1.209712 0.828642 0.421288 0.000000 
50.000000 44.490176 39.095125 33.922452 29.066170 24.601659 20.582452 17.039032 13.979582 11.392387 9.249448 7.510773 6.128823 5.052680 4.231583 3.617662 3.167809 2.844720 2.617254 2.460247 2.353983 2.283446 2.237513 2.208152 2.189702 2.178262 2.171189 2.166711 2.163625 2.161072 2.158371 2.154880 2.149891 2.142529 2.131667 2.115839 2.093168 2.061317 2.017470 1.958371 1.880441 1.779992 1.653554 1.498295 1.312529 1.096222 0.851415 0.582448 0.295871 0.000000 
50.000000 44.416251 38.948817 33.706747 28.785315 24.260914 20.187794 16.596848 13.496368 10.874481 8.702811 6.940828 5.540356 4.449792 3.617693 2.995549 2.539672 2.212258 1.981747 1.822641 1.714956 1.643480 1.596940 1.567198 1.548523 1.536968 1.529868 1.525443 1.522506 1.520232 1.518002 1.515272 1.511479 1.505957 1.497871 1.486154 1.469456 1.446114 1.414150 1.371302 1.315122 1.243134 1.153058 1.043101 0.912284 0.760762 0.590069 0.403234 0.204695 0.000000 
50.000000 44.362085 38.841613 33.548694 28.579526 24.011243 19.898622 16.272854 13.142312 10.495008 8.302288 6.523229 5.109188 4.008060 3.167902 2.539734 2.079444 1.748862 1.516122 1.355477 1.246753 1.174589 1.127604 1.097585 1.078748 1.067112 1.059997 1.055621 1.052808 1.050763 1.048916 1.046800 1.043967 1.039914 1.034034 1.025563 1.013551 0.996839 0.974061 0.943679 0.904046 0.853524 0.790633 0.714252 0.623820 0.519539 0.402517 0.274827 0.139435 0.000000 
50.000000 44.323189 38.764633 33.435200 28.431754 23.831961 19.690976 16.040206 12.888079 10.222524 8.014691 6.223373 4.799589 3.690877 2.844934 2.212441 1.748983 1.416127 1.181786 1.020038 0.910568 0.837910 0.790607 0.760390 0.741437 0.729746 0.722624 0.718290 0.715576 0.713712 0.712165 0.710528 0.708441 0.705525 0.701341 0.695353 0.686904 0.675201 0.659321 0.638233 0.610850 0.576103 0.533045 0.480980 0.419593 0.349073 0.270194 0.184347 0.093486 0.000000 
50.000000 44.295820 38.710466 33.355341 28.327776 23.705812 19.544870 15.876508 12.709194 10.030799 7.812333 6.012390 4.581753 3.467705 2.617692 1.982158 1.516472 1.182016 0.946550 0.784025 0.674031 0.601026 0.553500 0.523143 0.504110 0.492382 0.485258 0.480957 0.478320 0.476594 0.475275 0.474001 0.472475 0.470410 0.467492 0.463348 0.457530 0.449507 0.438664 0.424324 0.405779 0.382341 0.353414 0.318570 0.277634 0.230759 0.178474 0.121694 0.061690 0.000000 
50.000000 44.276960 38.673138 33.300308 28.256123 23.618881 19.444186 15.763701 12.585923 9.898680 7.672888 5.867002 4.431643 3.313919 2.461102 1.823472 1.356251 1.020694 0.784452 0.621393 0.511037 0.437794 0.390114 0.359662 0.340574 0.328822 0.321698 0.317422 0.314843 0.313219 0.312068 0.311060 0.309944 0.308499 0.306498 0.303684 0.299756 0.294362 0.287101 0.277534 0.265206 0.249683 0.230591 0.207672 0.180831 0.150181 0.116074 0.079105 0.040087 0.000000 
50.000000 44.264251 38.647986 33.263226 28.207842 23.560305 19.376344 15.687691 12.502862 9.809659 7.578930 5.769041 4.330501 3.210300 2.355595 1.716553 1.248298 0.911999 0.675235 0.511816 0.401217 0.327813 0.280029 0.249514 0.230389 0.218621 0.211498 0.207242 0.204705 0.203154 0.202123 0.201303 0.200478 0.199471 0.198115 0.196232 0.193623 0.190056 0.185273 0.178992 0.170927 0.160804 0.148394 0.133540 0.116192 0.096431 0.074487 0.050740 0.025706 0.000000 
50.000000 44.255917 38.631492 33.238909 28.176181 23.521893 19.331856 15.637848 12.448395 9.751283 7.517318 5.704803 4.264178 3.142354 2.286410 1.646443 1.177511 0.840724 0.603619 0.439963 0.329205 0.255696 0.207844 0.177287 0.158139 0.146361 0.139240 0.134997 0.132489 0.130989 0.130040 0.129350 0.128724 0.128015 0.127098 0.125847 0.124128 0.121791 0.118668 0.114582 0.109351 0.102806 0.094805 0.085255 0.074129 0.061484 0.047468 0.032322 0.016371 0.000000 
50.000000 44.250669 38.621106 33.223597 28.156244 23.497706 19.303843 15.606462 12.414099 9.714526 7.478523 5.664356 4.222417 3.099571 2.242848 1.602298 1.132939 0.795847 0.558525 0.394721 0.283863 0.210287 0.162394 0.131810 0.112648 0.100863 0.093743 0.089510 0.087021 0.085554 0.084659 0.084055 0.083558 0.083044 0.082411 0.081568 0.080424 0.078877 0.076819 0.074135 0.070709 0.066435 0.061225 0.055021 0.047811 0.039633 0.030583 0.020817 0.010541 0.000000 
50.000000 44.247624 38.615078 33.214710 28.144674 23.483669 19.287586 15.588248 12.394195 9.693194 7.456009 5.640882 4.198181 3.074742 2.217567 1.576679 1.107073 0.769803 0.532356 0.368466 0.257550 0.183936 0.136017 0.105419 0.086248 0.074459 0.067341 0.063113 0.060636 0.059189 0.058326 0.057772 0.057353 0.056954 0.056490 0.055890 0.055085 0.054004 0.052572 0.050710 0.048341 0.045393 0.041808 0.037550 0.032611 0.027019 0.020840 0.014181 0.007179 0.000000 
50.000000 44.246232 38.612324 33.210649 28.139386 23.477254 19.280155 15.579923 12.385098 9.683445 7.445719 5.630154 4.187105 3.063395 2.206013 1.564971 1.095251 0.757900 0.520397 0.356467 0.245524 0.171893 0.123963 0.093357 0.074183 0.062393 0.055275 0.051050 0.048577 0.047140 0.046293 0.045762 0.045379 0.045034 0.044648 0.044160 0.043512 0.042646 0.041502 0.040019 0.038136 0.035796 0.032955 0.029587 0.025685 0.021273 0.016404 0.011160 0.005649 0.000000 
50.000000 44.246232 38.612324 33.210649 28.139386 23.477254 19.280155 15.579923 12.385098 9.683445 7.445719 5.630154 4.187105 3.063395 2.206013 1.564971 1.095251 0.757900 0.520397 0.356467 0.245524 0.171893 0.123963 0.093357 0.074183 0.062393 0.055275 0.051050 0.048577 0.047140 0.046293 0.045762 0.045379 0.045034 0.044648 0.044160 0.043512 0.042646 0.041502 0.040019 0.038136 0.035796 0.032955 0.029587 0.025685 0.021273 0.016404 0.011160 0.005649 0.000000 
50.000000 44.247624 38.615078 33.214710 28.144674 23.483669 19.287586 15.588248 12.394195 9.693194 7.456009 5.640882 4.198181 3.074742 2.217567 1.576679 1.107073 0.769803 0.532356 0.368466 0.257550 0.183936 0.136017 0.105419 0.086248 0.074459 0.067341 0.063113 0.060636 0.059189 0.058326 0.057772 0.057353 0.056954 0.056490 0.055890 0.055085 0.054004 0.052572 0.050710 0.048341 0.045393 0.041808 0.037550 0.032611 0.027019 0.020840 0.014181 0.007179 0.000000 
50.000000 44.250669 38.621106 33.223597 28.156244 23.497706 19.303843 15.606462 12.414099 9.714526 7.478523 5.664356 4.222417 3.099571 2.242848 1.602298 1.132939 0.795847 0.558525 0.394721 0.283863 0.210287 0.162394 0.131810 0.112648 0.100863 0.093743 0.089510 0.087021 0.085554 0.084659 0.084055 0.083558 0.083044 0.082411 0.081568 0.080424 0.078877 0.076819 0.074135 0.070709 0.066435 0.061225 0.055021 0.047811 0.039633 0.030583 0.020817 0.010541 0.000000 
50.000000 44.255917 38.631492 33.238909 28.176181 23.521893 19.331856 15.637848 12.448395 9.751283 7.517318 5.704803 4.264178 3.142354 2.286410 1.646443 1.177511 0.840724 0.603619 0.439963 0.329205 0.255696 0.207844 0.177287 0.158139 0.146361 0.139240 0.134997 0.132489 0.130989 0.130040 0.129350 0.128724 0.128015 0.127098 0.125847 0.124128 0.121791 0.118668 0.114582 0.109351 0.102806 0.094805 0.085255 0.074129 0.061484 0.047468 0.032322 0.016371 0.000000 
50.000000 44.264251 38.647986 33.263226 28.207842 23.560305 19.376344 15.687691 12.502862 9.809659 7.578930 5.769041 4.330501 3.210300 2.355595 1.716553 1.248298 0.911999 0.675235 0.511816 0.401217 0.327813 0.280029 0.249514 0.230389 0.218621 0.211498 0.207242 0.204705 0.203154 0.202123 0.201303 0.200478 0.199471 0.198115 0.196232 0.193623 0.190056 0.185273 0.178992 0.170927 0.160804 0.148394 0.133540 0.116192 0.096431 0.074487 0.050740 0.025706 0.000000 
50.000000 44.276960 38.673138 33.300308 28.256123 23.618881 19.444186 15.763701 12.585923 9.898680 7.672888 5.867002 4.431643 3.313919 2.461102 1.823472 1.356251 1.020694 0.784452 0.621393 0.511037 0.437794 0.390114 0.359662 0.340574 0.328822 0.321698 0.317422 0.314843 0.313219 0.312068 0.311060 0.309944 0.308499 0.306498 0.303684 0.299756 0.294362 0.287101 0.277534 0.265206 0.249683 0.230591 0.207672 0.180831 0.150181 0.116074 0.079105 0.040087 0.000000 
50.000000 44.295820 38.710466 33.355341 28.327776 23.705812 19.544870 15.876508 12.709194 10.030799 7.812333 6.012390 4.581753 3.467705 2.617692 1.982158 1.516472 1.182016 0.946550 0.784025 0.674031 0.601026 0.553500 0.523143 0.504110 0.492382 0.485258 0.480957 0.478320 0.476594 0.475275 0.474001 0.472475 0.470410 0.467492 0.463348 0.457530 0.449507 0.438664 0.424324 0.405779 0.382341 0.353414 0.318570 0.277634 0.230759 0.178474 0.121694 0.061690 0.000000 
50.000000 44.323189 38.764633 33.435200 28.431754 23.831961 19.690976 16.040206 12.888079 10.222524 8.014691 6.223373 4.799589 3.690877 2.844934 2.212441 1.748983 1.416127 1.181786 1.020038 0.910568 0.837910 0.790607 0.760390 0.741437 0.729746 0.722624 0.718290 0.715576 0.713712 0.712165 0.710528 0.708441 0.705525 0.701341 0.695353 0.686904 0.675201 0.659321 0.638233 0.610850 0.576103 0.533045 0.480980 0.419593 0.349073 0.270194 0.184347 0.093486 0.000000 
50.000000 44.362085 38.841613 33.548694 28.579526 24.011243 19.898622 16.272854 13.142312 10.495008 8.302288 6.523229 5.109188 4.008060 3.167902 2.539734 2.079444 1.748862 1.516122 1.355477 1.246753 1.174589 1.127604 1.097585 1.078748 1.067112 1.059997 1.055621 1.052808 1.050763 1.048916 1.046800 1.043967 1.039914 1.034034 1.025563 1.013551 0.996839 0.974061 0.943679 0.904046 0.853524 0.790633 0.714252 0.623820 0.519539 0.402517 0.274827 0.139435 0.000000 
50.000000 44.416251 38.948817 33.706747 28.785315 24.260914 20.187794 16.596848 13.496368 10.874481 8.702811 6.940828 5.540356 4.449792 3.617693 2.995549 2.539672 2.212258 1.981747 1.822641 1.714956 1.643480 1.596940 1.567198 1.548523 1.536968 1.529868 1.525443 1.522506 1.520232 1.518002 1.515272 1.511479 1.505957 1.497871 1.486154 1.469456 1.446114 1.414150 1.371302 1.315122 1.243134 1.153058 1.043101 0.912284 0.760762 0.590069 0.403234 0.204695 0.000000 
50.000000 44.490176 39.095125 33.922452 29.066170 24.601659 20.582452 17.039032 13.979582 11.392387 9.249448 7.510773 6.128823 5.052680 4.231583 3.617662 3.167809 2.844720 2.617254 2.460247 2.353983 2.283446 2.237513 2.208152 2.189702 2.178262 2.171189 2.166711 2.163625 2.161072 2.158371 2.154880 2.149891 2.142529 2.131667 2.115839 2.093168 2.061317 2.017470 1.958371 1.880441 1.779992 1.653554 1.498295 1.312529 1.096222 0.851415 0.582448 0.295871 0.000000 
50.000000 44.589046 39.290804 34.210948 29.441802 25.057393 21.110293 17.630440 14.625869 12.085078 9.980570 8.273071 6.915898 5.859046 5.052665 4.449745 4.007952 3.690651 3.467257 3.313061 3.208696 3.139418 3.094299 3.065449 3.047303 3.036023 3.028998 3.024466 3.021209 3.018328 3.015068 3.010670 3.004246 2.994664 2.980430 2.959574 2.929546 2.887128 2.828398 2.748756 2.643062 2.505914 2.332094 2.117180 1.858304 1.554958 1.209712 0.828642 0.421288 0.000000 
50.000000 44.718622 39.547257 34.589044 29.934097 25.654670 21.802076 18.405536 15.472893 12.992922 10.938786 9.272152 7.947456 6.915891 6.128801 5.540302 5.109075 4.799360 4.581307 4.430795 4.328922 4.261294 4.217244 4.189067 4.171325 4.160262 4.153315 4.148735 4.145293 4.142046 4.138152 4.132716 4.124640 4.112486 4.094318 4.067551 4.028799 3.973739 3.897024 3.792289 3.652291 3.469246 3.235416 2.943969 2.590092 2.172259 1.693432 1.161894 0.591345 0.000000 
50.000000 44.885014 39.876574 35.074567 30.566269 26.421655 22.690421 19.400870 16.560598 14.158733 12.169287 10.555134 9.272148 8.273060 7.510747 6.940772 6.523115 6.223146 6.011953 5.866174 5.767502 5.701996 5.659321 5.632012 5.614795 5.604022 5.597192 5.592582 5.588954 5.585317 5.580740 5.574174 5.564289 5.549293 5.526745 5.493339 5.444694 5.375142 5.277572 5.143370 4.962533 4.724043 4.416593 4.029749 3.555543 2.990430 2.337291 1.607019 0.819015 0.000000 
50.000000 45.094350 40.290884 35.685400 31.361600 27.386596 23.808050 20.653105 17.929050 15.625458 13.717404 12.169285 10.938781 9.980557 9.249422 8.702755 8.302176 8.014471 7.811911 7.672089 7.577447 7.514612 7.473671 7.447457 7.430910 7.420514 7.413855 7.409246 7.405448 7.401427 7.396158 7.388437 7.376682 7.358726 7.331570 7.291109 7.231831 7.146507 7.025923 6.858704 6.631343 6.328547 5.934068 5.432173 4.809859 4.059786 3.183592 2.194872 1.120640 0.000000 
50.000000 45.352351 40.801510 36.438236 32.341827 28.575866 25.185508 22.196469 19.615655 17.433189 15.625457 14.158731 12.992917 12.085065 11.392361 10.874427 10.494901 10.222314 10.030396 9.897919 9.808246 9.748706 9.709905 9.685049 9.669335 9.659422 9.653000 9.648440 9.644511 9.640147 9.634238 9.625426 9.611885 9.591071 9.559414 9.511975 9.442031 9.340639 9.196204 8.994117 8.716595 8.342887 7.850088 7.214844 6.416264 5.440159 4.284422 2.964550 1.517339 0.000000 
50.000000 45.663829 41.417976 37.347118 33.525236 30.011651 26.848494 24.059756 21.651881 19.615655 17.929049 16.560595 15.472888 14.625857 13.979557 13.496317 13.142212 12.887882 12.708816 12.585209 12.501538 12.445979 12.409765 12.386554 12.371857 12.362545 12.356444 12.351999 12.348006 12.343384 12.336954 12.327232 12.312174 12.288890 12.253285 12.199615 12.119968 12.003654 11.836558 11.600505 11.272769 10.825941 10.228473 9.446381 8.446708 7.203346 5.705433 3.967408 2.037643 0.000000 
50.000000 46.032153 42.146950 38.421876 34.924626 31.709482 28.814996 26.263121 24.059756 22.196469 20.653104 19.400867 18.405531 17.630429 17.039009 16.596802 16.272762 16.040025 15.876161 15.763045 15.686474 15.635626 15.602476 15.581217 15.567735 15.559156 15.553470 15.549224 15.545265 15.540516 15.533766 15.523442 15.507342 15.482314 15.443837 15.385502 15.298358 15.170126 14.984279 14.719039 14.346383 13.831284 13.131561 12.199014 10.982887 9.437065 7.532433 5.274514 2.722671 0.000000 
50.000000 46.458731 42.991220 39.666621 36.545349 33.675853 31.092536 28.814996 26.848494 25.185508 23.808049 22.690419 21.802072 21.110283 20.582431 20.187752 19.898539 19.690814 19.544559 19.443598 19.375253 19.329864 19.300267 19.281277 19.269216 19.261508 19.256344 19.252398 19.248594 19.243896 19.237102 19.226612 19.210159 19.184453 19.144735 19.084178 18.993124 18.858113 18.660675 18.375879 17.970665 17.402113 16.615981 15.546268 14.117299 12.250929 9.882705 6.990840 3.636780 0.000000 
50.000000 46.942577 43.948834 41.078475 38.383660 35.906218 33.675853 31.709482 30.011651 28.575866 27.386595 26.421653 25.654666 25.057384 24.601641 24.260877 24.011171 23.831820 23.705543 23.618371 23.559359 23.520166 23.494605 23.478196 23.467759 23.461063 23.456531 23.452997 23.449492 23.445060 23.438560 23.428448 23.412508 23.387495 23.348666 23.289148 23.199098 23.064583 22.866113 22.576738 22.159603 21.564944 20.726595 19.558553 17.953109 15.784233 12.923729 9.282705 4.890876 0.000000 
50.000000 47.480021 45.012528 42.646728 40.425615 38.383660 36.545349 34.924626 33.525236 32.341827 31.361599 30.566267 29.934094 29.441794 29.066155 28.785285 28.579466 28.431638 28.327553 28.255702 28.207059 28.174751 28.153677 28.140143 28.131524 28.125974 28.122186 28.119178 28.116126 28.112194 28.106364 28.097240 28.082798 28.060047 28.024583 27.969963 27.886851 27.761842 27.575841 27.301815 26.901668 26.321890 25.487561 24.294421 22.599428 20.212807 16.901672 12.431457 6.697617 0.000000 
50.000000 48.064620 46.169548 44.352578 42.646728 41.078475 39.666621 38.421876 37.347118 36.438236 35.685400 35.074566 34.589041 34.210942 33.922441 33.706724 33.548648 33.435110 33.355169 33.299984 33.262623 33.237808 33.221619 33.211218 33.204588 33.200306 33.197362 33.194992 33.192543 33.189342 33.184559 33.177039 33.165095 33.146222 33.116701 33.071049 33.001242 32.895615 32.737278 32.501809 32.153814 31.641685 30.889443 29.783915 28.154746 25.745057 22.176289 16.937159 9.515291 0.000000 
50.000000 48.687298 47.401937 46.169548 45.012528 43.948834 42.991220 42.146950 41.417976 40.801509 40.290883 39.876573 39.547255 39.290800 39.095117 38.948801 38.841582 38.764572 38.710349 38.672918 38.647576 38.630743 38.619761 38.612704 38.608201 38.605287 38.603272 38.601634 38.599919 38.597655 38.594254 38.588889 38.580347 38.566817 38.545599 38.512685 38.462166 38.385365 38.269555 38.096013 37.836960 37.450568 36.872436 36.000380 34.666129 32.581071 29.232389 23.700968 14.464466 0.000000 
50.000000 49.336742 48.687298 48.064620 47.480021 46.942577 46.458731 46.032153 45.663829 45.352351 45.094350 44.885014 44.718621 44.589044 44.490172 44.416243 44.362069 44.323158 44.295761 44.276848 44.264044 44.255538 44.249989 44.246422 44.244145 44.242669 44.241646 44.240808 44.239925 44.238752 44.236984 44.234189 44.229734 44.222666 44.211564 44.194308 44.167760 44.127278 44.066000 43.973710 43.835012 43.626186 43.309482 42.821951 42.051701 40.782404 38.549329 34.222832 24.668371 0.000000 
50.000000 50.000000 50.000000 50.000000 50.000000 50.000000 50.000000 50.000000 50.000000 50.000000 50.000000 50.000000 50.000000 50.000000 50.000000 50.000000 50.000000 50.000000 50.000000 50.000000 50.000000 50.000000 50.000000 50.000000 50.000000 50.000000 50.000000 50.000000 50.000000 50.000000 50.000000 50.000000 50.000000 50.000000 50.000000 50.000000 50.000000 50.000000 50.000000 50.000000 50.000000 50.000000 50.000000 50.000000 50.000000 50.000000 50.000000 50.000000 50.000000 50.000000 
