50.000000 50.000000 50.000000 50.000000 50.000000 50.000000 50.000000 50.000000 50.000000 50.000000 50.000000 50.000000 50.000000 50.000000 50.000000 50.000000 50.000000 50.000000 50.000000 50.000000 50.000000 50.000000 50.000000 50.000000 50.000000 50.000000 50.000000 50.000000 50.000000 50.000000 50.000000 50.000000 50.000000 50.000000 50.000000 50.000000 50.000000 50.000000 50.000000 50.000000 50.000000 50.000000 50.000000 50.000000 50.000000 50.000000 50.000000 50.000000 50.000000 50.000000 
50.000000 49.840589 49.681974 49.524940 49.370245 49.218612 49.070719 48.927185 48.788565 48.655343 48.527924 48.406632 48.291706 48.183302 48.081489 47.986251 47.897492 47.815034 47.738627 47.667943 47.602587 47.542095 47.485933 47.433502 47.384130 47.337069 47.291485 47.246445 47.200897 47.153643 47.103300 47.048254 46.986583 46.915966 46.833540 46.735709 46.617856 46.473915 46.295707 46.071889 45.786194 45.414377 44.918577 44.236213 43.256277 41.763863 39.296181 34.725996 24.921560 0.000000 
50.000000 49.682028 49.365643 49.052411 48.743846 48.441390 48.146393 47.860091 47.583593 47.317861 47.063706 46.821774 46.592544 46.376324 46.173254 45.983304 45.806281 45.641837 45.489468 45.348529 45.218230 45.097651 44.985733 44.881288 44.782982 44.689337 44.598702 44.509235 44.418863 44.325231 44.225628 44.116895 43.995291 43.856307 43.694417 43.502715 43.272396 42.991987 42.646189 42.214070 41.666156 40.959593 40.029766 38.775215 37.029407 34.506513 30.697515 24.688012 14.961132 0.000000 
50.000000 49.525154 49.052680 48.584914 48.124117 47.672444 47.231911 46.804366 46.391461 45.994638 45.615105 45.253830 44.911528 44.588661 44.285439 44.001821 43.737522 43.492023 43.264580 43.054231 42.859809 42.679945 42.513075 42.357436 42.211061 42.071766 41.937123 41.804428 41.670645 41.532338 41.385571 41.225779 41.047581 40.844543 40.608833 40.330758 39.998089 39.595111 39.101213 38.488779 37.719969 36.741701 35.477700 33.815850 31.588318 28.542261 24.304618 18.370926 10.236719 0.000000 
50.000000 49.370786 48.744716 48.124884 47.514289 46.915785 46.332044 45.765515 45.218389 44.692578 44.189683 43.710988 43.257443 42.829664 42.427931 42.052193 41.702079 41.376907 41.075700 40.797195 40.539858 40.301894 40.081251 39.875623 39.682441 39.498857 39.321720 39.147525 38.972360 38.791815 38.600869 38.393733 38.163642 37.902572 37.600861 37.246692 36.825377 36.318363 35.701833 34.944712 34.005815 32.829780 31.341333 29.437571 26.978668 23.779977 19.615587 14.259580 7.617435 0.000000 
50.000000 49.219711 48.443320 47.674667 46.917469 46.175268 45.451378 44.748835 44.070361 43.418324 42.794715 42.201127 41.638742 41.108327 40.610235 40.144408 39.710396 39.307362 38.934108 38.589083 38.270408 37.975883 37.702998 37.448936 37.210569 36.984439 36.766731 36.553223 36.339225 36.119484 35.888057 35.638152 35.361901 35.050078 34.691709 34.273571 33.779510 33.189539 32.478628 31.615093 30.558481 29.256883 27.643745 25.634684 23.125784 19.997042 16.128448 11.441244 5.976882 0.000000 
50.000000 49.072675 48.149983 47.236488 46.336609 45.454556 44.594268 43.759357 42.953056 42.178183 41.437107 40.731724 40.063445 39.433185 38.841370 38.287942 37.772376 37.293694 36.850488 36.440939 36.062843 35.713622 35.390340 35.089713 34.808099 34.541487 34.285473 34.035206 33.785331 33.529887 33.262194 32.974680 32.658674 32.304133 31.899285 31.430176 30.880093 30.228826 29.451744 28.518672 27.392579 26.028197 24.370892 22.356498 19.913584 16.970714 13.472534 9.408500 4.853073 0.000000 
50.000000 48.930377 47.866100 46.812432 45.774472 44.757078 43.764794 42.801787 41.871790 40.978057 40.123322 39.309778 38.539056 37.812221 37.129772 36.491656 35.897280 35.345535 34.834820 34.363069 33.927775 33.526013 33.154461 32.809403 32.486740 32.181972 31.890180 31.605980 31.323462 31.036107 30.736667 30.417019 30.067971 29.679022 29.238055 28.730973 28.141238 27.449341 26.632177 25.662394 24.507764 23.130802 21.488955 19.536024 17.225809 14.519369 11.397284 7.877050 4.031868 0.000000 
50.000000 48.793463 47.592958 46.404422 45.233608 44.085997 42.966717 41.880471 40.831472 39.823393 38.859324 37.941744 37.072499 36.252799 35.483221 34.763716 34.093635 33.471750 32.896285 32.364944 31.874947 31.423054 31.005589 30.618456 30.257149 29.916746 29.591888 29.276751 28.964984 28.649644 28.323086 27.976838 27.601438 27.186234 26.719146 26.186383 25.572126 24.858180 24.023633 23.044572 21.893972 20.541933 18.956579 17.106037 14.962088 12.506038 9.737026 6.681809 3.402986 0.000000 
50.000000 48.662521 47.331728 46.014207 44.716335 43.444191 42.203459 40.999358 39.836559 38.719140 37.650531 36.633485 35.670059 34.761605 33.908774 33.111530 32.369175 31.680375 31.043194 30.455132 29.913161 29.413755 28.952928 28.526247 28.128854 27.755465 27.400359 27.057358 26.719778 26.380374 26.031254 25.663774 25.268412 24.834613 24.350616 23.803261 23.177792 22.457676 21.624475 20.657833 19.535687 18.234841 16.732112 15.006320 13.041361 10.830505 8.381668 5.722671 2.904526 0.000000 
50.000000 48.538073 47.083458 45.643351 44.224726 42.834230 41.478079 40.161977 38.891039 37.669723 36.501785 35.390243 34.337354 33.344608 32.412733 31.541708 30.730796 29.978567 29.282946 28.641248 28.050224 27.506099 27.004609 26.541031 26.110206 25.706548 25.324046 24.956247 24.596229 24.236554 23.869207 23.485520 23.076073 22.630591 22.137830 21.585459 20.959971 20.246623 19.429460 18.491482 17.415019 16.182427 14.777247 13.185923 11.400181 9.420002 7.256829 4.936292 2.499263 0.000000 
50.000000 48.420583 46.849066 45.293227 43.760603 42.258375 40.793262 39.371432 37.998412 36.679027 35.417339 34.216618 33.079313 32.007047 31.000624 30.060043 29.184534 28.372588 27.622004 26.929935 26.292938 25.707017 25.167670 24.669925 24.208371 23.777176 23.370100 22.980489 22.601261 22.224879 21.843307 21.447961 21.029646 20.578488 20.083879 19.534418 18.917900 18.221349 17.431137 16.533240 15.513683 14.359237 13.058444 11.603005 9.989526 8.221497 6.311189 4.280997 2.163544 0.000000 
50.000000 48.310447 46.629347 44.965022 43.325536 41.718573 40.151326 38.630395 37.161697 35.750398 34.400854 33.116569 31.900177 30.753427 29.677198 28.671512 27.735575 26.867808 26.065903 25.326871 24.647099 24.022403 23.448074 22.918932 22.429357 21.973322 21.544412 21.135833 20.740413 20.350586 19.958373 19.555356 19.132640 18.680828 18.189999 17.649707 17.049017 16.376595 15.620887 14.770407 13.814179 12.742370 11.547142 10.223719 8.771627 7.195972 5.508545 3.728411 1.881654 0.000000 
50.000000 48.208001 46.424969 44.659733 42.920849 41.216469 39.554225 37.941120 36.383437 34.886661 33.455418 32.093437 30.803520 29.587542 28.446451 27.380298 26.388268 25.468727 24.619272 23.836795 23.117535 22.457145 21.850745 21.292980 20.778061 20.299809 19.851682 19.426797 19.017942 18.617581 18.217846 17.810535 17.387102 16.938655 16.455968 15.929514 15.349539 14.706179 13.989665 13.190605 12.300393 11.311750 10.219397 9.020855 7.717298 6.314372 4.822806 3.258622 1.642760 0.000000 
50.000000 48.113521 46.236484 44.378186 42.547635 40.753416 39.003567 37.305465 35.665729 34.090138 32.583572 31.149964 29.792280 28.512507 27.311664 26.189829 25.146175 24.179022 23.285888 22.463560 21.708154 21.015186 20.379632 19.795993 19.258347 18.760398 18.295516 17.856771 17.436951 17.028588 16.623962 16.215117 15.793871 15.351836 14.880454 14.371051 13.814928 13.203500 12.528490 11.782197 10.957851 10.050054 9.055299 7.972557 6.803852 5.554772 4.234792 2.857291 1.439166 0.000000 
50.000000 48.027230 46.064335 44.121040 42.206768 40.330500 38.500644 36.724919 35.010250 33.362690 31.787348 30.288348 28.868804 27.530810 26.275451 25.102835 24.012128 23.001609 22.068735 21.210203 20.422025 19.699603 19.037793 18.430981 17.873140 17.357890 16.878544 16.428152 15.999536 15.585318 15.177945 14.769719 14.352818 13.919336 13.461331 12.970894 12.440248 11.861890 11.228766 10.534516 9.773766 8.942481 8.038358 7.061244 6.013521 4.900415 3.730146 2.513858 1.265264 0.000000 
50.000000 47.949298 45.908865 43.888809 41.898929 39.948563 38.046456 36.200634 34.418302 32.705758 31.068321 29.510288 28.034907 26.644372 25.339830 24.121418 22.988299 21.938722 20.970090 20.079028 19.261461 18.512694 17.827490 17.200142 16.624542 16.094251 15.602547 15.142486 14.706938 14.288633 13.880191 13.474167 13.063081 12.639469 12.195943 11.725263 11.220439 10.674864 10.082472 9.437949 8.736967 7.976466 7.154939 6.272731 5.332289 4.338341 3.297948 2.220395 1.116876 0.000000 
50.000000 47.879856 45.770330 43.681875 41.624624 39.608235 37.641750 35.733472 33.890856 32.120417 30.427663 28.817046 27.291937 25.854617 24.506293 23.247128 22.076287 20.991995 19.991612 19.071701 18.228119 17.456093 16.750307 16.104983 15.513954 14.970738 14.468599 14.000611 13.559706 13.138723 12.730454 12.327691 11.923267 11.510116 11.081331 10.630245 10.150528 9.636300 9.082283 8.483966 7.837797 7.141400 6.393782 5.595542 4.749027 3.858432 2.929792 1.970860 0.990841 0.000000 
50.000000 47.818994 45.648913 43.500511 41.384216 39.309963 37.287058 35.324046 33.428601 31.607430 29.866206 28.209519 26.640846 25.162550 23.775888 22.481051 21.277205 20.162559 19.134437 18.189355 17.323111 16.530872 15.807259 15.146439 14.542201 13.988035 13.477206 13.002812 12.557851 12.135270 11.728022 11.329111 10.931652 10.528921 10.114426 9.681978 9.225785 8.740557 8.221627 7.665096 7.067981 6.428376 5.745612 5.020386 4.254866 3.452732 2.619139 1.760595 0.884733 0.000000 
50.000000 47.766774 45.544736 43.344901 41.177945 39.054046 36.982735 34.972765 33.031996 31.167304 29.384502 27.688298 26.082264 24.568831 23.149302 21.823892 20.591771 19.451137 18.399284 17.432692 16.547111 15.737660 14.998914 14.324995 13.709662 13.146390 12.628447 12.148965 11.701003 11.277610 10.871879 10.477007 10.086346 9.693464 9.292212 8.876795 8.441854 7.982561 7.494723 6.974898 6.420512 5.829983 5.202829 4.539760 3.842735 3.114970 2.360885 1.585988 0.796680 0.000000 
50.000000 47.723234 45.457875 43.215155 41.005960 38.840668 36.728999 34.679878 32.701323 30.800348 28.982886 27.253743 25.616570 24.073855 22.626942 21.276065 20.020402 18.858139 17.786551 16.802085 15.900460 15.076754 14.325506 13.640808 13.016397 12.445738 11.922110 11.438674 10.988550 10.564874 10.160861 9.769868 9.385445 9.001400 8.611863 8.211350 7.794843 7.357871 6.896599 6.407919 5.889551 5.340125 4.759266 4.147649 3.507026 2.840218 2.151049 1.444238 0.725234 0.000000 
50.000000 47.688394 45.388371 43.111336 40.868342 38.669929 36.525966 34.445520 32.436732 30.506727 28.661535 26.906042 25.243959 23.677824 22.209012 20.837775 19.563296 18.383753 17.296406 16.297681 15.383269 14.548220 13.787047 13.093819 12.462257 11.885824 11.357809 10.871402 10.419771 9.996125 9.593782 9.206224 8.827161 8.450589 8.070853 7.682711 7.281402 6.862723 6.423099 5.959665 5.470342 4.953899 4.410014 3.839309 3.243355 2.624651 1.986558 1.333193 0.669287 0.000000 
50.000000 47.662263 45.336241 43.033468 40.765125 38.541871 36.373688 34.269748 32.238286 30.286510 28.420523 26.645269 24.964508 23.380814 21.895585 20.509088 19.220507 18.028020 16.928874 15.919480 14.995508 14.151991 13.383419 12.683849 12.046991 11.466309 10.935099 10.446575 9.993945 9.570473 9.169552 8.784762 8.409931 8.039194 7.667054 7.288442 6.898785 6.494065 6.070893 5.626570 5.159148 4.667484 4.151281 3.611105 3.048384 2.465376 1.865099 1.251238 0.628009 0.000000 
50.000000 47.644843 45.301489 42.981560 40.696318 38.456504 36.272176 34.152573 32.105997 30.139709 28.259860 26.471435 24.778226 23.182828 21.686659 20.289994 18.992020 17.790912 16.683910 15.667415 14.737086 13.887940 13.114459 12.410688 11.770333 11.186856 10.653561 10.163681 9.710446 9.287161 8.887270 8.504417 8.132507 7.765768 7.398805 7.026664 6.644890 6.249587 5.837481 5.405976 4.953205 4.478076 3.980299 3.460399 2.919704 2.360311 1.785015 1.197218 0.600806 0.000000 
50.000000 47.636134 45.284115 42.955607 40.661916 38.413823 36.221423 34.093990 32.039857 30.066314 28.179535 26.384525 24.685093 23.083845 21.582208 20.180460 18.877791 17.672375 16.561449 15.541407 14.607904 13.755950 12.980021 12.274158 11.632064 11.047201 10.512879 10.022336 9.568817 9.145648 8.746296 8.364438 7.994018 7.629310 7.264970 6.896099 6.518300 6.127738 5.721193 5.296119 4.850687 4.383829 3.895255 3.385470 2.855749 2.308109 1.745236 1.170391 0.587299 0.000000 
50.000000 47.636134 45.284115 42.955607 40.661916 38.413823 36.221423 34.093990 32.039857 30.066314 28.179535 26.384525 24.685093 23.083845 21.582208 20.180460 18.877791 17.672375 16.561449 15.541407 14.607904 13.755950 12.980021 12.274158 11.632064 11.047201 10.512879 10.022336 9.568817 9.145648 8.746296 8.364438 7.994018 7.629310 7.264970 6.896099 6.518300 6.127738 5.721193 5.296119 4.850687 4.383829 3.895255 3.385470 2.855749 2.308109 1.745236 1.170391 0.587299 0.000000 
50.000000 47.644843 45.301489 42.981560 40.696318 38.456504 36.272176 34.152573 32.105997 30.139709 28.259860 26.471435 24.778226 23.182828 21.686659 20.289994 18.992020 17.790912 16.683910 15.667415 14.737086 13.887940 13.114459 12.410688 11.770333 11.186856 10.653561 10.163681 9.710446 9.287161 8.887270 8.504417 8.132507 7.765768 7.398805 7.026664 6.644890 6.249587 5.837481 5.405976 4.953205 4.478076 3.980299 3.460399 2.919704 2.360311 1.785015 1.197218 0.600806 0.000000 
50.000000 47.662263 45.336241 43.033468 40.765125 38.541871 36.373688 34.269748 32.238286 30.286510 28.420523 26.645269 24.964508 23.380814 21.895585 20.509088 19.220507 18.028020 16.928874 15.919480 14.995508 14.151991 13.383419 12.683849 12.046991 11.466309 10.935099 10.446575 9.993945 9.570473 9.169552 8.784762 8.409931 8.039194 7.667054 7.288442 6.898785 6.494065 6.070893 5.626570 5.159148 4.667484 4.151281 3.611105 3.048384 2.465376 1.865099 1.251238 0.628009 0.000000 
50.000000 47.688394 45.388371 43.111336 40.868342 38.669929 36.525966 34.445520 32.436732 30.506727 28.661535 26.906042 25.243959 23.677824 22.209012 20.837775 19.563296 18.383753 17.296406 16.297681 15.383269 14.548220 13.787047 13.093819 12.462257 11.885824 11.357809 10.871402 10.419771 9.996125 9.593782 9.206224 8.827161 8.450589 8.070853 7.682711 7.281402 6.862723 6.423099 5.959665 5.470342 4.953899 4.410014 3.839309 3.243355 2.624651 1.986558 1.333193 0.669287 0.000000 
50.000000 47.723234 45.457875 43.215155 41.005960 38.840668 36.728999 34.679878 32.701323 30.800348 28.982886 27.253743 25.616570 24.073855 22.626942 21.276065 20.020402 18.858139 17.786551 16.802085 15.900460 15.076754 14.325506 13.640808 13.016397 12.445738 11.922110 11.438674 10.988550 10.564874 10.160861 9.769868 9.385445 9.001400 8.611863 8.211350 7.794843 7.357871 6.896599 6.407919 5.889551 5.340125 4.759266 4.147649 3.507026 2.840218 2.151049 1.444238 0.725234 0.000000 
50.000000 47.766774 45.544736 43.344901 41.177945 39.054046 36.982735 34.972765 33.031996 31.167304 29.384502 27.688298 26.082264 24.568831 23.149302 21.823892 20.591771 19.451137 18.399284 17.432692 16.547111 15.737660 14.998914 14.324995 13.709662 13.146390 12.628447 12.148965 11.701003 11.277610 10.871879 10.477007 10.086346 9.693464 9.292212 8.876795 8.441854 7.982561 7.494723 6.974898 6.420512 5.829983 5.202829 4.539760 3.842735 3.114970 2.360885 1.585988 0.796680 0.000000 
50.000000 47.818994 45.648913 43.500511 41.384216 39.309963 37.287058 35.324046 33.428601 31.607430 29.866206 28.209519 26.640846 25.162550 23.775888 22.481051 21.277205 20.162559 19.134437 18.189355 17.323111 16.530872 15.807259 15.146439 14.542201 13.988035 13.477206 13.002812 12.557851 12.135270 11.728022 11.329111 10.931652 10.528921 10.114426 9.681978 9.225785 8.740557 8.221627 7.665096 7.067981 6.428376 5.745612 5.020386 4.254866 3.452732 2.619139 1.760595 0.884733 0.000000 
50.000000 47.879856 45.770330 43.681875 41.624624 39.608235 37.641750 35.733472 33.890856 32.120417 30.427663 28.817046 27.291937 25.854617 24.506293 23.247128 22.076287 20.991995 19.991612 19.071701 18.228119 17.456093 16.750307 16.104983 15.513954 14.970738 14.468599 14.000611 13.559706 13.138723 12.730454 12.327691 11.923267 11.510116 11.081331 10.630245 10.150528 9.636300 9.082283 8.483966 7.837797 7.141400 6.393782 5.595542 4.749027 3.858432 2.929792 1.970860 0.990841 0.000000 
50.000000 47.949298 45.908865 43.888809 41.898929 39.948563 38.046456 36.200634 34.418302 32.705758 31.068321 29.510288 28.034907 26.644372 25.339830 24.121418 22.988299 21.938722 20.970090 20.079028 19.261461 18.512694 17.827490 17.200142 16.624542 16.094251 15.602547 15.142486 14.706938 14.288633 13.880191 13.474167 13.063081 12.639469 12.195943 11.725263 11.220439 10.674864 10.082472 9.437949 8.736967 7.976466 7.154939 6.272731 5.332289 4.338341 3.297948 2.220395 1.116876 0.000000 
50.000000 48.027230 46.064335 44.121040 42.206768 40.330500 38.500644 36.724919 35.010250 33.362690 31.787348 30.288348 28.868804 27.530810 26.275451 25.102835 24.012128 23.001609 22.068735 21.210203 20.422025 19.699603 19.037793 18.430981 17.873140 17.357890 16.878544 16.428152 15.999536 15.585318 15.177945 14.769719 14.352818 13.919336 13.461331 12.970894 12.440248 11.861890 11.228766 10.534516 9.773766 8.942481 8.038358 7.061244 6.013521 4.900415 3.730146 2.513858 1.265264 0.000000 
50.000000 48.113521 46.236484 44.378186 42.547635 40.753416 39.003567 37.305465 35.665729 34.090138 32.583572 31.149964 29.792280 28.512507 27.311664 26.189829 25.146175 24.179022 23.285888 22.463560 21.708154 21.015186 20.379632 19.795993 19.258347 18.760398 18.295516 17.856771 17.436951 17.028588 16.623962 16.215117 15.793871 15.351836 14.880454 14.371051 13.814928 13.203500 12.528490 11.782197 10.957851 10.050054 9.055299 7.972557 6.803852 5.554772 4.234792 2.857291 1.439166 0.000000 
50.000000 48.208001 46.424969 44.659733 42.920849 41.216469 39.554225 37.941120 36.383437 34.886661 33.455418 32.093437 30.803520 29.587542 28.446451 27.380298 26.388268 25.468727 24.619272 23.836795 23.117535 22.457145 21.850745 21.292980 20.778061 20.299809 19.851682 19.426797 19.017942 18.617581 18.217846 17.810535 17.387102 16.938655 16.455968 15.929514 15.349539 14.706179 13.989665 13.190605 12.300393 11.311750 10.219397 9.020855 7.717298 6.314372 4.822806 3.258622 1.642760 0.000000 
50.000000 48.310447 46.629347 44.965022 43.325536 41.718573 40.151326 38.630395 37.161697 35.750398 34.400854 33.116569 31.900177 30.753427 29.677198 28.671512 27.735575 26.867808 26.065903 25.326871 24.647099 24.022403 23.448074 22.918932 22.429357 21.973322 21.544412 21.135833 20.740413 20.350586 19.958373 19.555356 19.132640 18.680828 18.189999 17.649707 17.049017 16.376595 15.620887 14.770407 13.814179 12.742370 11.547142 10.223719 8.771627 7.195972 5.508545 3.728411 1.881654 0.000000 
50.000000 48.420583 46.849066 45.293227 43.760603 42.258375 40.793262 39.371432 37.998412 36.679027 35.417339 34.216618 33.079313 32.007047 31.000624 30.060043 29.184534 28.372588 27.622004 26.929935 26.292938 25.707017 25.167670 24.669925 24.208371 23.777176 23.370100 22.980489 22.601261 22.224879 21.843307 21.447961 21.029646 20.578488 20.083879 19.534418 18.917900 18.221349 17.431137 16.533240 15.513683 14.359237 13.058444 11.603005 9.989526 8.221497 6.311189 4.280997 2.163544 0.000000 
50.000000 48.538073 47.083458 45.643351 44.224726 42.834230 41.478079 40.161977 38.891039 37.669723 36.501785 35.390243 34.337354 33.344608 32.412733 31.541708 30.730796 29.978567 29.282946 28.641248 28.050224 27.506099 27.004609 26.541031 26.110206 25.706548 25.324046 24.956247 24.596229 24.236554 23.869207 23.485520 23.076073 22.630591 22.137830 21.585459 20.959971 20.246623 19.429460 18.491482 17.415019 16.182427 14.777247 13.185923 11.400181 9.420002 7.256829 4.936292 2.499263 0.000000 
50.000000 48.662521 47.331728 46.014207 44.716335 43.444191 42.203459 40.999358 39.836559 38.719140 37.650531 36.633485 35.670059 34.761605 33.908774 33.111530 32.369175 31.680375 31.043194 30.455132 29.913161 29.413755 28.952928 28.526247 28.128854 27.755465 27.400359 27.057358 26.719778 26.380374 26.031254 25.663774 25.268412 24.834613 24.350616 23.803261 23.177792 22.457676 21.624475 20.657833 19.535687 18.234841 16.732112 15.006320 13.041361 10.830505 8.381668 5.722671 2.904526 0.000000 
50.000000 48.793463 47.592958 46.404422 45.233608 44.085997 42.966717 41.880471 40.831472 39.823393 38.859324 37.941744 37.072499 36.252799 35.483221 34.763716 34.093635 33.471750 32.896285 32.364944 31.874947 31.423054 31.005589 30.618456 30.257149 29.916746 29.591888 29.276751 28.964984 28.649644 28.323086 27.976838 27.601438 27.186234 26.719146 26.186383 25.572126 24.858180 24.023633 23.044572 21.893972 20.541933 18.956579 17.106037 14.962088 12.506038 9.737026 6.681809 3.402986 0.000000 
50.000000 48.930377 47.866100 46.812432 45.774472 44.757078 43.764794 42.801787 41.871790 40.978057 40.123322 39.309778 38.539056 37.812221 37.129772 36.491656 35.897280 35.345535 34.834820 34.363069 33.927775 33.526013 33.154461 32.809403 32.486740 32.181972 31.890180 31.605980 31.323462 31.036107 30.736667 30.417019 30.067971 29.679022 29.238055 28.730973 28.141238 27.449341 26.632177 25.662394 24.507764 23.130802 21.488955 19.536024 17.225809 14.519369 11.397284 7.877050 4.031868 0.000000 
50.000000 49.072675 48.149983 47.236488 46.336609 45.454556 44.594268 43.759357 42.953056 42.178183 41.437107 40.731724 40.063445 39.433185 38.841370 38.287942 37.772376 37.293694 36.850488 36.440939 36.062843 35.713622 35.390340 35.089713 34.808099 34.541487 34.285473 34.035206 33.785331 33.529887 33.262194 32.974680 32.658674 32.304133 31.899285 31.430176 30.880093 30.228826 29.451744 28.518672 27.392579 26.028197 24.370892 22.356498 19.913584 16.970714 13.472534 9.408500 4.853073 0.000000 
50.000000 49.219711 48.443320 47.674667 46.917469 46.175268 45.451378 44.748835 44.070361 43.418324 42.794715 42.201127 41.638742 41.108327 40.610235 40.144408 39.710396 39.307362 38.934108 38.589083 38.270408 37.975883 37.702998 37.448936 37.210569 36.984439 36.766731 36.553223 36.339225 36.119484 35.888057 35.638152 35.361901 35.050078 34.691709 34.273571 33.779510 33.189539 32.478628 31.615093 30.558481 29.256883 27.643745 25.634684 23.125784 19.997042 16.128448 11.441244 5.976882 0.000000 
50.000000 49.370786 48.744716 48.124884 47.514289 46.915785 46.332044 45.765515 45.218389 44.692578 44.189683 43.710988 43.257443 42.829664 42.427931 42.052193 41.702079 41.376907 41.075700 40.797195 40.539858 40.301894 40.081251 39.875623 39.682441 39.498857 39.321720 39.147525 38.972360 38.791815 38.600869 38.393733 38.163642 37.902572 37.600861 37.246692 36.825377 36.318363 35.701833 34.944712 34.005815 32.829780 31.341333 29.437571 26.978668 23.779977 19.615587 14.259580 7.617435 0.000000 
50.000000 49.525154 49.052680 48.584914 48.124117 47.672444 47.231911 46.804366 46.391461 45.994638 45.615105 45.253830 44.911528 44.588661 44.285439 44.001821 43.737522 43.492023 43.264580 43.054231 42.859809 42.679945 42.513075 42.357436 42.211061 42.071766 41.937123 41.804428 41.670645 41.532338 41.385571 41.225779 41.047581 40.844543 40.608833 40.330758 39.998089 39.595111 39.101213 38.488779 37.719969 36.741701 35.477700 33.815850 31.588318 28.542261 24.304618 18.370926 10.236719 0.000000 
50.000000 49.682028 49.365643 49.052411 48.743846 48.441390 48.146393 47.860091 47.583593 47.317861 47.063706 46.821774 46.592544 46.376324 46.173254 45.983304 45.806281 45.641837 45.489468 45.348529 45.218230 45.097651 44.985733 44.881288 44.782982 44.689337 44.598702 44.509235 44.418863 44.325231 44.225628 44.116895 43.995291 43.856307 43.694417 43.502715 43.272396 42.991987 42.646189 42.214070 41.666156 40.959593 40.029766 38.775215 37.029407 34.506513 30.697515 24.688012 14.961132 0.000000 
50.000000 49.840589 49.681974 49.524940 49.370245 49.218612 49.070719 48.927185 48.788565 48.655343 48.527924 48.406632 48.291706 48.183302 48.081489 47.986251 47.897492 47.815034 47.738627 47.667943 47.602587 47.542095 47.485933 47.433502 47.384130 47.337069 47.291485 47.246445 47.200897 47.153643 47.103300 47.048254 46.986583 46.915966 46.833540 46.735709 46.617856 46.473915 46.295707 46.071889 45.786194 45.414377 44.918577 44.236213 43.256277 41.763863 39.296181 34.725996 24.921560 0.000000 
50.000000 50.000000 50.000000 50.000000 50.000000 50.000000 50.000000 50.000000 50.000000 50.000000 50.000000 50.000000 50.000000 50.000000 50.000000 50.000000 50.000000 50.000000 50.000000 50.000000 50.000000 50.000000 50.000000 50.000000 50.000000 50.000000 50.000000 50.000000 50.000000 50.000000 50.000000 50.000000 50.000000 50.000000 50.000000 50.000000 50.000000 50.000000 50.000000 50.000000 50.000000 50.000000 50.000000 50.000000 50.000000 50.000000 50.000000 50.000000 50.000000 50.000000 
